# HJD mag err
2457439.824650 19.425 0.156
2457439.870200 19.738 0.137
2457440.830750 19.591 0.130
2457440.857380 19.760 0.129
2457441.820480 19.568 0.134
2457441.836510 19.717 0.140
2457441.890510 19.656 0.112
2457444.818990 19.708 0.131
2457444.882530 19.624 0.098
2457445.818950 19.746 0.116
2457445.873400 19.587 0.093
2457446.811270 19.567 0.110
2457446.839720 19.557 0.102
2457446.884440 19.748 0.083
2457447.805990 19.628 0.131
2457447.865640 19.621 0.088
2457448.799810 19.645 0.151
2457448.831120 19.552 0.108
2457448.876670 19.663 0.111
2457449.800330 19.602 0.161
2457449.865240 19.638 0.127
2457450.794430 19.593 0.194
2457450.826420 19.608 0.143
2457451.791100 19.427 0.106
2457451.809330 19.497 0.113
2457451.853320 19.715 0.107
2457452.806450 19.646 0.091
2457452.826400 19.584 0.083
2457452.885410 19.708 0.079
2457453.791830 19.667 0.106
2457453.846230 19.698 0.078
2457454.791520 19.565 0.092
2457454.818670 19.645 0.097
2457454.866410 19.705 0.077
2457455.785030 19.725 0.129
2457455.804050 19.910 0.156
2457455.856790 19.541 0.089
2457455.902010 19.677 0.098
2457456.779440 19.721 0.107
2457456.797460 19.559 0.088
2457456.842220 19.628 0.074
2457457.773470 19.651 0.126
2457457.799990 19.727 0.129
2457457.846660 19.629 0.095
2457457.897290 19.625 0.086
2457458.769810 19.630 0.113
2457458.820820 19.520 0.098
2457458.865950 19.667 0.074
2457460.770030 19.668 0.120
2457460.797010 19.554 0.095
2457460.839440 19.626 0.091
2457460.884420 19.556 0.064
2457461.768270 19.483 0.106
2457461.811570 19.692 0.099
2457461.855440 19.612 0.083
2457462.766240 19.564 0.114
2457462.786340 19.557 0.115
2457462.834580 19.712 0.098
2457462.882370 19.801 0.109
2457465.750400 19.522 0.139
2457465.808820 19.520 0.105
2457466.748920 19.697 0.165
2457466.767200 19.549 0.116
2457466.808300 19.627 0.121
2457466.856290 19.525 0.102
2457466.901940 19.655 0.094
2457469.759630 19.569 0.159
2457469.813340 19.587 0.133
2457469.874210 19.574 0.097
2457470.747410 19.406 0.286
2457470.751000 19.452 0.161
2457470.753060 19.699 0.248
2457470.787410 19.447 0.218
2457470.834400 19.604 0.159
2457472.769420 19.298 0.131
2457472.832280 19.696 0.102
2457472.874930 19.477 0.080
2457473.730690 19.533 0.133
2457473.759240 19.583 0.127
2457473.806320 19.367 0.246
2457473.846910 19.490 0.254
2457473.912350 19.688 0.088
2457474.728000 19.415 0.112
2457474.758150 19.544 0.109
2457474.800690 19.555 0.101
2457474.841220 19.419 0.094
2457474.894690 19.561 0.087
2457475.730470 19.716 0.164
2457475.797360 19.557 0.108
2457475.854300 19.546 0.111
2457475.910620 19.649 0.120
2457476.734950 19.526 0.137
2457476.751120 19.371 0.126
2457476.789070 19.637 0.128
2457476.842470 19.652 0.115
2457476.886130 19.563 0.143
2457477.731880 19.371 0.196
2457477.771260 19.286 0.148
2457477.830110 19.508 0.174
2457478.727830 19.493 0.121
2457478.729930 19.456 0.130
2457478.775370 19.504 0.106
2457478.819160 19.587 0.105
2457478.867340 19.587 0.091
2457479.727030 19.714 0.141
2457479.751130 19.530 0.106
2457479.786680 19.612 0.110
2457479.829570 19.504 0.104
2457479.836300 19.538 0.106
2457479.877350 19.520 0.090
2457479.915660 19.549 0.091
2457480.778470 19.554 0.105
2457480.815960 19.451 0.104
2457480.851580 19.495 0.116
2457480.898320 19.535 0.094
2457481.712800 19.491 0.105
2457481.714230 19.507 0.108
2457481.757630 19.472 0.083
2457481.807070 19.567 0.092
2457481.847610 19.564 0.077
2457481.884250 19.486 0.077
2457482.722360 19.240 0.127
2457482.776430 19.547 0.172
2457482.840720 19.442 0.112
2457482.885500 19.757 0.203
2457484.703250 19.877 0.298
2457484.704730 19.402 0.126
2457484.745460 19.614 0.132
2457484.783400 19.439 0.104
2457484.836550 19.427 0.083
2457484.875770 19.496 0.077
2457484.915150 19.568 0.094
2457485.705810 19.507 0.127
2457485.747760 19.456 0.101
2457485.807430 19.448 0.090
2457485.864720 19.553 0.092
2457486.903860 19.503 0.086
2457486.701620 19.623 0.143
2457486.730790 19.518 0.116
2457486.792580 19.518 0.090
2457486.847370 19.576 0.091
2457487.706400 19.554 0.124
2457487.721080 19.544 0.134
2457487.773910 19.522 0.095
2457487.815120 19.509 0.074
2457487.859820 19.514 0.105
2457487.904310 19.497 0.074
2457488.692480 19.553 0.114
2457488.735680 19.610 0.117
2457488.788140 19.502 0.081
2457488.827350 19.535 0.074
2457488.862450 19.545 0.077
2457488.917700 19.484 0.074
2457489.880310 19.737 0.123
2457491.709890 19.631 0.115
2457491.755870 19.595 0.082
2457491.796160 19.466 0.079
2457491.832700 19.533 0.093
2457491.897480 19.491 0.074
2457494.685730 19.734 0.146
2457494.709220 19.643 0.102
2457494.744550 19.551 0.185
2457494.805010 19.621 0.116
2457494.841250 19.587 0.097
2457494.889450 19.579 0.070
2457495.711650 19.452 0.105
2457495.748950 19.506 0.092
2457495.795760 19.475 0.079
2457495.834210 19.535 0.077
2457495.875240 19.584 0.088
2457495.925170 19.461 0.095
2457497.816270 19.607 0.111
2457497.832340 19.468 0.094
2457497.872570 19.423 0.101
2457497.917950 19.527 0.105
2457498.713750 19.514 0.128
2457498.754310 19.750 0.156
2457498.805850 19.410 0.103
2457498.844840 19.667 0.159
2457498.899040 19.605 0.107
2457499.665870 19.583 0.101
2457499.720030 19.421 0.071
2457499.760810 19.555 0.075
2457499.807200 19.643 0.082
2457499.842320 19.604 0.084
2457499.883920 19.513 0.081
2457500.663280 19.440 0.123
2457500.687040 19.660 0.117
2457500.725120 19.552 0.094
2457500.777880 19.295 0.173
2457500.811440 19.568 0.136
2457500.851900 19.586 0.092
2457500.890050 19.612 0.119
2457504.802870 19.470 0.248
2457504.852060 19.525 0.268
2457505.659660 19.519 0.167
2457505.677120 19.512 0.140
2457505.713630 19.473 0.137
2457505.748590 19.280 0.119
2457505.835940 19.520 0.205
2457508.637070 19.507 0.087
2457508.664340 19.535 0.091
2457508.703140 19.498 0.072
2457508.740910 19.430 0.079
2457508.786350 19.532 0.074
2457508.822300 19.643 0.163
2457508.865600 19.508 0.078
2457508.911300 19.407 0.077
2457509.638960 19.336 0.102
2457509.662230 19.492 0.095
2457509.720740 19.497 0.074
2457509.763550 19.477 0.084
2457509.801260 19.460 0.081
2457511.634720 19.459 0.095
2457511.725090 19.468 0.068
2457511.759560 19.513 0.075
2457511.805930 19.499 0.080
2457511.845630 19.477 0.068
2457511.892960 19.525 0.093
2457512.653940 19.775 0.170
2457512.691740 19.653 0.162
2457512.740980 19.562 0.090
2457512.784640 19.455 0.089
2457512.822470 19.575 0.103
2457512.875080 19.640 0.258
2457512.909770 19.563 0.126
2457514.721250 19.412 0.111
2457515.815490 19.662 0.117
2457515.840480 19.287 0.153
2457516.657620 19.345 0.074
2457516.712110 19.454 0.076
2457517.653010 19.246 0.212
2457517.738650 19.304 0.079
2457517.775560 19.517 0.131
2457520.659940 19.425 0.179
2457520.715290 19.594 0.136
2457520.749930 19.102 0.128
2457520.806560 19.332 0.113
2457520.864540 19.470 0.101
2457520.905360 19.519 0.135
2457522.670390 19.130 0.147
2457522.708440 19.389 0.097
2457522.761400 19.482 0.107
2457522.796260 19.488 0.093
2457522.849420 19.161 0.215
2457523.602880 19.401 0.122
2457523.653430 19.241 0.103
2457523.692180 19.241 0.104
2457523.738370 19.302 0.098
2457523.773380 19.273 0.072
2457523.823330 19.423 0.069
2457523.865890 19.349 0.082
2457523.907710 19.289 0.086
2457524.900240 19.323 0.096
2457526.592440 19.365 0.130
2457526.630560 19.394 0.209
2457526.666810 19.103 0.121
2457526.717300 19.148 0.097
2457526.806700 19.295 0.076
2457526.857070 19.317 0.087
2457526.908580 19.305 0.107
2457528.710710 19.271 0.088
2457528.842830 19.271 0.111
2457528.905350 19.238 0.107
2457528.942140 19.371 0.121
2457529.589770 19.210 0.156
2457529.639640 19.150 0.134
2457529.688520 19.503 0.181
2457529.728360 19.106 0.121
2457530.585360 19.302 0.226
2457530.606960 19.134 0.150
2457530.645380 19.133 0.123
2457530.680870 19.445 0.189
2457530.728520 19.340 0.126
2457530.767830 19.165 0.108
2457530.807160 19.161 0.161
2457530.858220 19.137 0.136
2457530.893210 19.228 0.148
2457533.586070 19.320 0.260
2457533.742900 19.485 0.228
2457534.626910 19.119 0.134
2457534.673890 19.254 0.064
2457534.709560 19.227 0.073
2457534.754340 19.209 0.063
2457534.801310 19.164 0.068
2457534.840390 19.280 0.068
2457534.888850 19.160 0.082
2457534.924470 19.272 0.103
2457536.568370 19.178 0.075
2457536.601970 19.206 0.123
2457536.656790 19.192 0.082
2457536.698840 19.217 0.055
2457536.764780 19.182 0.104
2457536.803580 19.294 0.054
2457536.837980 19.146 0.055
2457536.883970 19.065 0.076
2457536.920650 19.184 0.085
2457545.703130 18.453 0.038
2457545.705150 18.550 0.045
2457545.906730 18.483 0.054
2457546.746310 18.477 0.029
2457546.807390 18.400 0.030
2457546.852020 18.489 0.038
2457546.906540 18.437 0.059
2457547.549330 18.368 0.040
2457547.587860 18.456 0.039
2457547.625070 18.458 0.036
2457547.674200 18.462 0.032
2457547.709490 18.474 0.038
2457547.760160 18.416 0.039
2457547.800860 18.491 0.041
2457547.835400 18.447 0.037
2457547.882540 18.429 0.040
2457548.623520 18.453 0.032
2457548.659800 18.447 0.032
2457548.716160 18.436 0.030
2457548.756140 18.408 0.029
2457548.800560 18.426 0.031
2457548.839070 18.429 0.036
2457549.634020 18.465 0.116
2457549.690040 18.391 0.026
2457549.729450 18.394 0.031
2457549.765350 18.416 0.029
2457549.813390 18.430 0.032
2457549.850170 18.403 0.033
2457549.894750 18.460 0.050
2457550.552400 18.423 0.046
2457550.583360 18.321 0.045
2457550.616790 18.416 0.043
2457550.662040 18.390 0.043
2457550.698340 18.319 0.223
2457550.805880 18.389 0.049
2457550.852010 18.377 0.046
2457551.649250 18.328 0.030
2457551.693990 18.315 0.040
2457551.735340 18.327 0.030
2457551.770080 18.313 0.034
2457554.542200 18.266 0.106
2457554.567260 18.093 0.043
2457554.605570 18.121 0.032
2457554.647790 18.126 0.030
2457554.694770 18.050 0.061
2457554.781400 18.119 0.034
2457554.816250 18.105 0.035
2457555.529130 18.028 0.038
2457555.579020 18.037 0.027
2457555.616470 18.065 0.028
2457555.667470 18.057 0.027
2457555.707910 18.021 0.027
2457555.753110 18.014 0.027
2457555.800960 18.028 0.026
2457555.837460 18.028 0.027
2457556.673340 17.857 0.037
2457556.697210 17.873 0.092
2457556.737340 17.935 0.062
2457557.514230 17.563 0.025
2457557.560710 17.565 0.021
2457557.607570 17.519 0.020
2457557.642690 17.481 0.019
2457557.690260 17.439 0.017
2457557.729610 17.384 0.018
2457557.764870 17.342 0.018
2457557.813000 17.223 0.017
2457557.848610 17.108 0.019
2457558.510680 17.302 0.033
2457558.541820 17.095 0.026
2457558.582810 16.529 0.022
2457558.619220 16.919 0.050
2457558.665770 19.049 0.091
2457558.702980 18.958 0.108
2457558.740430 19.038 0.134
2457558.832850 18.971 0.296
2457559.563980 18.954 0.247
2457559.609650 18.819 0.159
2457559.645090 19.057 0.184
2457559.712660 18.994 0.193
2457559.748890 18.935 0.208
2457559.783590 19.035 0.259
2457560.514340 18.981 0.152
2457560.528810 18.954 0.132
2457560.571470 18.960 0.119
2457560.611290 18.884 0.102
2457560.654100 18.880 0.104
2457560.700970 18.906 0.090
2457560.739680 18.972 0.098
2457560.774340 18.977 0.111
2457560.819170 18.916 0.118
2457560.859560 19.007 0.155
2457561.512370 18.932 0.096
2457561.568730 19.029 0.082
2457561.606140 19.038 0.086
2457561.644120 18.929 0.077
2457561.646900 18.927 0.074
2457561.693430 19.094 0.067
2457561.749100 18.947 0.063
2457561.791240 18.924 0.097
2457561.798960 18.939 0.074
2457561.838120 19.005 0.099
2457562.504360 19.061 0.078
2457562.519310 18.931 0.082
2457562.569010 19.105 0.153
2457562.704820 19.147 0.181
2457562.792130 18.901 0.215
2457566.544920 19.457 0.110
2457566.589260 19.139 0.095
2457566.628960 19.213 0.073
2457566.680860 19.094 0.051
2457566.700000 19.124 0.048
2457566.740300 19.152 0.055
2457566.775240 19.083 0.071
2457566.825710 19.182 0.101
2457568.497830 19.408 0.131
2457568.542990 19.108 0.071
2457568.588220 19.128 0.064
2457568.626040 19.194 0.071
2457568.661150 19.245 0.071
2457568.712450 19.122 0.065
2457568.748190 19.289 0.092
2457568.799220 19.255 0.098
2457568.841080 19.393 0.136
2457569.492630 19.497 0.140
2457569.507230 19.524 0.151
2457569.546620 19.120 0.072
2457569.604680 19.241 0.073
2457569.641460 19.227 0.066
2457569.679040 19.225 0.079
2457569.725230 19.290 0.079
2457569.760990 19.168 0.080
2457569.804260 19.320 0.119
2457570.538380 19.261 0.106
2457570.586920 19.354 0.106
2457570.688250 19.213 0.114
2457570.722800 19.201 0.111
2457570.808530 19.219 0.070
2457575.472660 19.721 0.181
2457575.552250 19.269 0.083
2457575.587230 19.389 0.077
2457575.622450 19.382 0.196
2457575.694340 19.237 0.067
2457575.739570 19.281 0.076
2457575.783770 19.276 0.062
2457575.825850 19.323 0.075
2457576.464850 19.057 0.151
2457576.498020 19.203 0.076
2457576.547230 19.291 0.089
2457576.583340 19.230 0.095
2457576.675200 19.231 0.055
2457576.723320 19.316 0.083
2457576.758570 19.287 0.074
2457576.800590 19.484 0.109
2457584.490700 19.355 0.135
2457584.533500 19.205 0.113
2457584.568900 19.245 0.110
2457584.616520 19.322 0.108
2457584.656490 19.302 0.089
2457584.691790 19.538 0.136
2457584.747050 19.349 0.122
2457584.784460 19.796 0.221
2457585.462540 19.274 0.175
2457585.503190 19.167 0.118
2457585.539380 19.392 0.122
2457585.576290 19.258 0.119
2457585.624840 19.421 0.141
2457585.667130 19.404 0.157
2457585.712330 19.431 0.145
2457586.714010 19.321 0.238
2457586.758020 19.351 0.241
2457587.539470 19.495 0.272
2457587.580860 19.431 0.188
2457587.695100 19.445 0.212
2457589.644900 19.636 0.168
2457589.754190 19.620 0.185
2457590.472210 19.513 0.139
2457590.496310 19.471 0.096
2457590.555110 19.419 0.089
2457590.590740 19.407 0.100
2457590.630300 19.546 0.089
2457590.676640 19.243 0.091
2457590.759300 19.509 0.139
2457591.479220 19.363 0.077
2457591.521450 19.508 0.081
2457591.558030 19.489 0.069
2457591.605030 19.492 0.101
2457591.650560 19.372 0.083
2457591.685620 19.482 0.079
2457591.733560 19.364 0.129
2457591.768930 19.869 0.276
2457593.482300 19.568 0.127
2457593.534290 19.500 0.084
2457593.570480 19.707 0.096
2457593.607260 19.318 0.129
2457593.655860 19.342 0.111
2457593.690810 19.522 0.091
2457595.544340 19.512 0.143
2457595.585410 19.359 0.108
2457595.628120 19.628 0.129
2457595.675830 19.510 0.139
2457595.711730 19.686 0.141
2457595.748820 19.448 0.132
2457596.490030 19.393 0.103
2457596.513690 19.549 0.107
2457596.548830 19.405 0.117
2457596.593900 19.334 0.217
2457597.467880 19.387 0.147
2457597.537770 19.449 0.092
2457597.573480 19.470 0.087
2457597.621470 19.387 0.087
2457597.656510 19.465 0.107
2457597.695930 19.429 0.083
2457597.744160 19.512 0.113
2457598.477580 19.836 0.143
2457598.511820 19.495 0.107
2457598.559830 19.507 0.088
2457598.599960 19.626 0.092
2457598.635260 19.418 0.113
2457598.686170 19.397 0.078
2457598.722370 19.306 0.160
2457598.771550 19.553 0.144
2457599.469680 19.377 0.090
2457599.491730 19.506 0.079
2457599.533420 19.590 0.071
2457599.568080 19.460 0.078
2457599.619640 19.498 0.061
2457599.656540 19.595 0.078
2457599.695280 19.488 0.090
2457599.744040 19.542 0.093
2457600.476190 19.465 0.073
2457600.519390 19.509 0.062
2457600.564210 19.637 0.098
2457600.609950 19.534 0.073
2457600.651860 19.394 0.112
2457601.488590 19.583 0.111
2457601.503050 19.583 0.110
2457601.538550 19.603 0.088
2457601.594740 19.402 0.155
2457601.631200 19.585 0.112
2457601.673900 19.263 0.086
2457601.712890 19.566 0.119
2457602.476380 19.457 0.107
2457602.491060 19.681 0.128
2457602.537170 19.493 0.086
2457602.572660 19.524 0.082
2457602.613360 19.522 0.106
2457602.660370 19.460 0.077
2457602.669110 19.514 0.075
2457602.705980 19.516 0.088
2457603.493460 19.480 0.081
2457603.528830 19.526 0.063
2457603.564170 19.507 0.064
2457603.611730 19.526 0.065
2457603.647010 19.439 0.064
2457603.691060 19.486 0.066
2457603.729680 19.547 0.086
2457605.478780 19.433 0.075
2457605.519300 19.538 0.061
2457605.554090 19.509 0.070
2457605.605210 19.468 0.065
2457605.640990 19.457 0.074
2457605.676440 19.496 0.073
2457606.493140 19.412 0.079
2457606.540770 19.430 0.088
2457606.579590 19.495 0.080
2457606.626110 19.421 0.082
2457606.673080 19.495 0.093
2457606.708160 19.462 0.089
2457607.482500 19.501 0.066
2457607.523010 19.482 0.072
2457607.559160 19.607 0.082
2457607.615220 19.461 0.068
2457607.651480 19.536 0.079
2457607.687470 19.480 0.089
2457608.475020 19.582 0.083
2457608.512850 19.525 0.080
2457608.559490 19.580 0.078
2457608.604540 19.508 0.071
2457608.641620 19.482 0.078
2457608.703090 19.559 0.086
2457608.740620 19.361 0.091
2457609.476000 19.449 0.073
2457609.515060 19.507 0.067
2457609.576230 19.525 0.065
2457609.611620 19.502 0.074
2457609.662170 19.445 0.071
2457609.701270 19.513 0.081
2457610.480070 19.672 0.168
2457610.527470 19.591 0.090
2457610.567870 19.527 0.062
2457610.615520 19.569 0.079
2457610.665250 19.530 0.099
2457610.700570 19.551 0.102
2457611.494950 19.457 0.130
2457611.608730 19.595 0.113
2457611.645080 19.794 0.157
2457611.696790 19.497 0.116
2457612.478820 19.448 0.097
2457612.521190 19.514 0.100
2457612.562360 19.424 0.086
2457612.600950 19.485 0.093
2457612.648530 19.448 0.100
2457612.683800 19.446 0.118
2457612.720140 19.390 0.108
2457613.469640 19.435 0.147
2457613.517350 19.641 0.124
2457613.559920 19.433 0.118
2457613.644340 19.352 0.148
2457613.679590 19.436 0.162
2457613.725770 19.379 0.162
2457614.472790 19.549 0.217
2457614.547270 19.780 0.244
2457614.604710 19.519 0.216
2457614.655760 19.123 0.164
2457615.493570 19.357 0.130
2457615.530550 19.113 0.199
2457615.658580 19.446 0.147
2457615.703820 19.386 0.196
2457616.472980 19.507 0.125
2457616.512660 19.430 0.117
2457616.559500 19.622 0.098
2457616.605220 19.454 0.088
2457616.640530 19.664 0.113
2457616.688840 19.640 0.130
2457617.501670 19.649 0.186
2457617.544330 19.488 0.080
2457617.583470 19.419 0.081
2457617.620330 19.512 0.084
2457617.682190 19.418 0.103
2457618.497520 19.556 0.092
2457618.533440 19.563 0.085
2457618.581460 19.388 0.080
2457618.616520 19.519 0.088
2457618.660080 19.676 0.121
2457619.470660 19.354 0.109
2457619.507740 19.407 0.105
2457619.560420 19.558 0.157
2457619.596530 19.848 0.209
2457619.632210 19.474 0.146
2457619.680760 19.701 0.164
2457620.489090 19.520 0.137
2457620.536650 19.767 0.189
2457620.661170 19.590 0.159
2457621.472010 19.505 0.109
2457621.514850 19.750 0.137
2457621.556690 19.405 0.083
2457621.593580 19.386 0.109
2457621.642650 19.607 0.105
2457621.680280 19.544 0.104
2457622.506060 19.630 0.080
2457622.559130 19.591 0.096
2457622.594650 19.562 0.103
2457622.637230 19.567 0.113
2457622.677410 19.667 0.148
2457623.500470 19.585 0.075
2457623.550660 19.525 0.084
2457623.587280 19.454 0.079
2457623.622800 19.482 0.094
2457623.669470 19.764 0.154
2457624.500370 19.438 0.136
2457624.552760 19.573 0.108
2457624.590440 19.514 0.097
2457624.626080 19.614 0.113
2457624.676720 19.980 0.185
2457625.499440 19.545 0.090
2457625.548670 19.473 0.093
2457625.589690 19.395 0.091
2457625.626160 19.396 0.081
2457625.672960 19.572 0.101
2457626.498160 19.608 0.095
2457626.534840 19.526 0.079
2457626.582140 19.473 0.080
2457626.629370 19.642 0.116
2457626.673240 19.665 0.115
2457628.517020 19.083 0.169
2457628.518580 19.159 0.190
2457629.504470 19.573 0.135
2457629.613610 19.354 0.106
2457629.650240 19.554 0.117
2457630.494770 19.523 0.081
2457630.542000 19.495 0.068
2457630.585290 19.512 0.065
2457630.630410 19.452 0.066
2457631.483580 19.599 0.074
2457631.523890 19.525 0.070
2457631.577070 19.429 0.098
2457631.612380 19.700 0.123
2457631.653100 19.507 0.108
2457632.586830 19.621 0.077
2457632.625340 19.537 0.093
2457632.674930 19.601 0.108
2457632.677070 19.588 0.095
2457633.511270 19.740 0.137
2457633.549760 19.678 0.117
2457633.595940 19.756 0.123
2457633.633930 19.623 0.122
2457635.490720 19.426 0.131
2457635.530870 19.662 0.139
2457635.567470 19.381 0.114
2457635.618130 19.418 0.107
2457635.654620 19.387 0.116
2457636.512570 19.466 0.101
2457636.560540 19.414 0.103
2457636.606440 19.692 0.148
2457636.649810 20.010 0.201
2457637.509610 19.546 0.073
2457637.545170 19.528 0.073
2457637.592940 19.497 0.099
2457637.627970 19.520 0.119
2457638.516900 19.617 0.142
2457638.581550 19.494 0.088
2457638.624470 19.596 0.126
2457639.476490 19.607 0.136
2457639.513320 19.414 0.087
2457639.549010 19.547 0.090
2457639.595160 19.535 0.085
2457639.630180 19.707 0.104
2457640.475160 19.575 0.157
2457640.518710 19.552 0.112
2457640.594600 19.747 0.147
2457641.476680 19.757 0.217
2457641.513330 19.317 0.136
2457641.525050 19.535 0.156
2457641.560750 19.654 0.184
2457641.607590 19.623 0.204
2457642.486260 19.447 0.115
2457642.529190 19.734 0.199
2457642.569690 19.335 0.123
2457642.608030 19.346 0.179
2457642.609500 19.321 0.168
2457643.519480 19.392 0.104
2457643.555030 19.667 0.154
2457643.590510 19.441 0.131
2457644.486030 19.468 0.152
2457644.522090 19.264 0.147
2457644.568080 19.461 0.169
2457645.493210 19.566 0.185
2457645.539870 19.578 0.150
2457645.575480 19.547 0.145
2457645.611060 19.721 0.192
2457647.513570 19.590 0.108
2457647.548570 19.409 0.101
2457647.597000 19.694 0.161
2457648.505780 19.437 0.085
2457648.542910 19.520 0.088
2457648.589730 19.425 0.098
2457649.506440 19.560 0.095
2457649.549280 19.357 0.104
2457649.593520 19.925 0.203
2457650.502150 19.684 0.126
2457650.563210 19.524 0.151
2457650.600770 19.848 0.200
2457651.508550 19.619 0.132
2457651.557030 19.508 0.111
2457651.593390 19.444 0.122
2457653.504070 19.443 0.087
2457653.549200 19.704 0.123
2457653.588830 19.701 0.134
2457654.528020 19.555 0.104
2457654.576480 19.540 0.098
2457655.507410 19.449 0.091
2457655.555390 19.445 0.088
2457655.591140 19.633 0.118
2457656.493830 19.594 0.103
2457656.529590 19.373 0.092
2457656.577630 19.605 0.112
2457657.523590 19.456 0.082
2457657.570940 19.597 0.096
2457658.512020 19.628 0.096
2457658.554560 19.581 0.103
2457659.537480 19.551 0.099
2457660.553050 19.479 0.097
2457661.499380 19.549 0.096
2457661.542290 19.490 0.088
2457662.490490 19.477 0.097
2457662.527040 19.678 0.117
2457662.537340 19.542 0.094
2457663.504430 19.530 0.083
2457663.543180 19.513 0.074
2457663.554940 19.541 0.096
2457664.513060 19.472 0.113
2457664.560790 19.591 0.135
2457666.522550 19.560 0.103
2457667.503450 19.575 0.094
2457667.545170 19.576 0.103
2457668.517640 19.641 0.136
2457669.507400 19.552 0.118
2457669.542550 19.453 0.116
2457670.531100 19.480 0.105
2457671.537200 19.370 0.104
2457673.515000 19.596 0.105
2457675.487610 19.575 0.136
2457675.531180 19.627 0.161
2457676.529480 19.620 0.183
