# HJD mag err
2457440.641250 19.542 0.217
2457441.619650 19.454 0.150
2457442.568660 19.545 0.166
2457442.630230 19.469 0.138
2457443.563130 19.450 0.142
2457443.623610 19.448 0.110
2457444.605200 19.658 0.205
2457446.552500 19.837 0.223
2457446.586840 19.551 0.167
2457446.642100 19.514 0.175
2457447.585120 19.380 0.122
2457447.640180 19.585 0.124
2457448.551990 19.432 0.162
2457448.606150 19.587 0.124
2457449.557570 19.767 0.219
2457449.579040 19.411 0.164
2457450.540170 19.570 0.239
2457450.584620 19.470 0.205
2457451.538980 19.485 0.178
2457451.620250 19.581 0.182
2457452.547680 19.491 0.128
2457452.589580 19.614 0.135
2457452.636830 19.478 0.104
2457454.580400 19.636 0.182
2457457.528240 19.587 0.118
2457457.558470 19.450 0.092
2457457.619020 19.407 0.133
2457459.561180 19.868 0.219
2457459.588990 19.575 0.179
2457459.634130 19.617 0.160
2457460.522470 19.712 0.195
2457460.571540 19.799 0.169
2457460.613590 19.603 0.127
2457462.519160 19.584 0.142
2457462.562070 19.848 0.176
2457462.603970 19.589 0.121
2457462.646250 19.468 0.104
2457464.512710 19.461 0.137
2457464.546570 19.549 0.109
2457464.594760 19.593 0.105
2457464.650520 19.567 0.092
2457465.510970 19.388 0.118
2457465.535940 19.627 0.141
2457465.584690 19.595 0.103
2457465.629370 19.401 0.100
2457466.503160 19.322 0.131
2457466.531640 19.524 0.131
2457467.502050 20.130 0.262
2457467.531710 19.504 0.135
2457467.582330 19.650 0.126
2457467.650290 19.573 0.110
2457473.554970 19.392 0.151
2457476.476450 19.952 0.281
2457476.547860 19.428 0.139
2457476.648000 19.649 0.168
2457479.464740 19.439 0.150
2457479.517640 19.557 0.176
2457479.561220 19.542 0.162
2457480.623020 19.767 0.203
2457481.461190 19.655 0.143
2457481.509130 19.674 0.165
2457481.544340 19.840 0.181
2457481.580970 19.654 0.121
2457481.618550 19.507 0.084
2457481.656700 19.725 0.128
2457482.458400 19.315 0.109
2457482.509530 19.435 0.097
2457482.553240 19.768 0.155
2457482.589030 19.798 0.144
2457482.623550 19.487 0.126
2457483.510790 19.861 0.194
2457486.444290 19.429 0.105
2457486.488300 19.369 0.099
2457488.439430 19.788 0.176
2457488.468940 19.531 0.122
2457488.513950 19.376 0.110
2457488.561130 19.467 0.135
2457488.599730 19.662 0.150
2457488.648890 19.469 0.137
2457489.442250 19.665 0.157
2457489.489400 19.504 0.117
2457489.526260 19.494 0.097
2457489.576660 19.464 0.117
2457489.613590 19.479 0.100
2457489.660480 19.885 0.180
2457490.434320 19.910 0.245
2457490.524450 19.471 0.107
2457490.570800 19.492 0.105
2457490.605790 19.588 0.117
2457491.488820 19.596 0.109
2457491.527220 19.574 0.129
2457491.571170 19.687 0.117
2457491.614860 19.477 0.107
2457491.656500 19.520 0.091
2457492.440860 19.559 0.105
2457492.483950 19.572 0.097
2457492.522850 19.654 0.094
2457492.565800 19.544 0.080
2457492.622720 19.499 0.080
2457492.673040 19.509 0.123
2457493.439620 19.572 0.115
2457493.486360 19.538 0.111
2457493.523830 19.572 0.094
2457493.561810 19.500 0.088
2457493.611250 19.605 0.127
2457493.657370 19.415 0.117
2457494.431500 19.578 0.134
2457494.456970 19.518 0.108
2457494.533620 19.422 0.139
2457494.588400 19.559 0.109
2457494.629460 19.473 0.090
2457494.670270 19.587 0.134
2457496.452360 19.286 0.214
2457496.495810 19.667 0.118
2457497.467650 19.321 0.088
2457496.532870 19.465 0.081
2457496.612520 19.510 0.083
2457496.656500 19.442 0.113
2457497.505230 19.586 0.136
2457497.589370 19.532 0.130
2457497.641390 19.615 0.118
2457498.421140 19.423 0.123
2457498.448320 19.508 0.112
2457498.490020 19.528 0.103
2457498.540270 19.643 0.111
2457498.577030 19.541 0.099
2457498.644620 19.384 0.124
2457502.416290 19.834 0.230
2457502.457450 19.535 0.164
2457502.506490 19.408 0.135
2457502.558960 19.618 0.146
2457503.403120 19.494 0.212
2457503.433050 19.616 0.202
2457503.488510 19.296 0.164
2457503.556460 19.291 0.138
2457503.610910 19.659 0.275
2457504.482770 19.470 0.232
2457504.533880 19.514 0.210
2457505.400190 19.618 0.275
2457505.498760 19.370 0.188
2457505.551790 19.442 0.296
2457506.393080 19.650 0.195
2457506.410240 19.349 0.176
2457506.459850 19.357 0.162
2457506.517110 19.565 0.178
2457506.566680 19.530 0.157
2457506.626090 19.572 0.128
2457507.392100 19.443 0.132
2457509.384330 19.257 0.100
2457509.403610 19.589 0.117
2457509.461260 19.530 0.090
2457509.527560 19.394 0.104
2457509.577310 19.578 0.102
2457509.630990 19.390 0.089
2457510.381200 19.539 0.110
2457510.437080 19.577 0.089
2457510.490070 19.502 0.090
2457510.552410 19.533 0.079
2457510.606290 19.453 0.111
2457510.657980 19.609 0.121
2457511.378890 19.448 0.086
2457511.448840 19.454 0.072
2457511.499320 19.654 0.115
2457511.562430 19.580 0.102
2457511.619580 19.648 0.142
2457512.380100 19.582 0.140
2457512.400720 19.518 0.127
2457512.472050 19.369 0.098
2457512.518100 19.451 0.101
2457512.592670 19.380 0.111
2457513.377830 19.375 0.107
2457513.395620 19.587 0.097
2457513.448580 19.452 0.076
2457513.513210 19.595 0.101
2457513.572540 19.568 0.086
2457513.638660 19.479 0.085
2457514.375820 19.561 0.114
2457514.423700 19.594 0.264
2457514.479260 19.467 0.069
2457514.540900 19.530 0.074
2457514.608890 19.473 0.080
2457514.666480 19.436 0.105
2457518.371670 19.446 0.116
2457518.388800 19.463 0.101
2457518.446550 19.456 0.100
2457519.360780 19.434 0.079
2457519.411220 19.405 0.061
2457519.467370 19.397 0.069
2457519.530190 19.380 0.072
2457519.606550 19.393 0.092
2457520.355830 19.341 0.110
2457520.374520 19.224 0.093
2457520.427880 19.081 0.095
2457520.481680 19.643 0.165
2457520.536290 19.776 0.230
2457520.646030 19.722 0.281
2457523.442500 19.412 0.091
2457523.501310 19.395 0.088
2457523.561270 19.209 0.076
2457523.564260 19.361 0.091
2457523.619880 19.394 0.108
2457523.666610 19.330 0.094
2457524.347660 19.302 0.079
2457524.402750 19.370 0.066
2457524.462870 19.282 0.078
2457524.514170 19.392 0.065
2457524.572290 19.465 0.079
2457524.620890 19.365 0.085
2457524.670380 19.319 0.094
2457525.342330 19.278 0.103
2457525.362940 19.271 0.096
2457525.424900 19.332 0.084
2457525.475930 19.246 0.083
2457526.342880 19.232 0.133
2457526.374200 19.396 0.135
2457526.427970 19.496 0.130
2457526.477220 19.262 0.117
2457525.546370 19.320 0.082
2457525.598110 19.253 0.091
2457526.548920 19.190 0.094
2457526.602770 19.151 0.095
2457526.677750 19.489 0.170
2457529.337900 18.992 0.141
2457529.388390 19.346 0.156
2457529.437410 19.359 0.163
2457529.487430 19.214 0.133
2457529.550370 19.350 0.242
2457529.601970 19.069 0.199
2457529.662940 19.768 0.284
2457531.371730 19.187 0.293
2457534.455150 19.202 0.120
2457534.486080 19.093 0.088
2457534.542030 19.240 0.085
2457534.589960 19.153 0.091
2457534.663480 19.232 0.115
2457535.318020 19.044 0.094
2457535.360730 19.242 0.122
2457535.418020 19.162 0.100
2457535.561000 19.156 0.092
2457535.614360 19.207 0.125
2457536.315890 19.264 0.127
2457536.378810 19.210 0.085
2457536.428030 19.187 0.078
2457536.487190 19.170 0.064
2457536.542990 19.212 0.087
2457536.593990 19.196 0.089
2457536.663110 19.504 0.165
2457537.312160 19.364 0.137
2457537.364700 19.182 0.095
2457537.418830 19.165 0.089
2457537.470630 19.292 0.093
2457537.527130 19.197 0.086
2457537.583380 19.233 0.101
2457537.638930 19.223 0.114
2457538.310800 19.130 0.120
2457538.331420 19.103 0.091
2457538.380860 19.030 0.078
2457538.437590 19.061 0.073
2457538.493020 19.158 0.082
2457538.554180 19.166 0.099
2457538.600640 19.214 0.119
2457538.664020 19.004 0.100
2457539.307120 19.296 0.115
2457539.355040 19.153 0.085
2457539.410150 19.104 0.071
2457539.462030 19.133 0.079
2457539.513220 19.056 0.097
2457540.382850 19.168 0.100
2457540.431020 19.130 0.076
2457541.307850 17.573 0.024
2457541.361380 17.675 0.023
2457541.424010 17.740 0.022
2457541.478600 17.837 0.036
2457541.536360 17.804 0.023
2457541.602870 17.865 0.022
2457542.311940 18.147 0.045
2457542.372600 18.107 0.031
2457542.422360 18.116 0.030
2457542.474040 18.101 0.029
2457542.535580 18.187 0.033
2457542.592790 18.247 0.034
2457542.657320 18.187 0.038
2457544.311310 18.438 0.067
2457545.300630 18.381 0.040
2457545.329750 18.293 0.035
2457545.382210 18.318 0.033
2457545.441480 18.306 0.029
2457545.492240 18.383 0.033
2457545.555460 18.367 0.040
2457545.604690 18.423 0.050
2457545.658370 18.445 0.062
2457546.297280 18.292 0.045
2457546.358260 18.378 0.035
2457546.411550 18.322 0.030
2457546.467060 18.351 0.031
2457546.528540 18.287 0.035
2457546.580400 18.397 0.042
2457546.644070 18.424 0.049
2457547.296330 18.345 0.044
2457547.337280 18.403 0.042
2457547.386730 18.360 0.033
2457547.443000 18.366 0.033
2457547.500860 18.330 0.045
2457547.561560 18.382 0.044
2457547.620620 18.331 0.045
2457547.623540 18.355 0.048
2457548.296590 18.417 0.063
2457548.313670 18.318 0.055
2457548.367610 18.369 0.045
2457548.414970 18.340 0.044
2457548.471540 18.298 0.047
2457548.526670 18.409 0.052
2457548.574520 18.336 0.045
2457551.356960 18.288 0.065
2457551.407730 18.184 0.040
2457551.491120 18.248 0.047
2457552.297990 18.169 0.047
2457552.356440 18.156 0.039
2457552.413950 18.142 0.032
2457552.463770 18.229 0.046
2457552.518880 18.189 0.043
2457552.574100 18.254 0.052
2457556.304880 17.874 0.043
2457556.374330 17.797 0.037
2457556.424180 17.793 0.032
2457556.483460 17.722 0.035
2457556.539270 17.827 0.043
2457556.616500 17.804 0.032
2457557.259430 17.588 0.039
2457557.295160 17.656 0.041
2457557.331640 17.582 0.035
2457557.369510 17.602 0.038
2457557.405930 17.478 0.030
2457557.445920 17.502 0.031
2457557.492910 17.467 0.038
2457557.536100 17.497 0.035
2457557.576290 17.408 0.028
2457557.613640 17.431 0.051
2457558.258880 17.718 0.065
2457558.302810 17.620 0.087
2457558.340330 17.545 0.045
2457558.393970 17.373 0.032
2457558.431580 17.335 0.032
2457558.472150 17.250 0.041
2457558.514040 17.102 0.037
2457558.550990 16.868 0.030
2457561.254360 18.906 0.138
2457561.269530 18.805 0.142
2457561.304780 19.063 0.117
2457561.342720 18.926 0.117
2457561.379870 19.083 0.156
2457561.427290 19.001 0.078
2457561.466630 18.924 0.093
2457561.502340 18.777 0.097
2457561.547160 18.901 0.116
2457562.246770 18.825 0.077
2457562.266800 19.040 0.095
2457562.304960 18.916 0.065
2457562.340120 18.954 0.072
2457562.375390 18.919 0.119
2457562.410440 18.882 0.086
2457562.449780 18.979 0.071
2457562.498490 18.982 0.075
2457562.538410 18.970 0.102
2457562.579430 19.060 0.095
2457563.391470 18.731 0.169
2457563.425630 19.030 0.125
2457563.535020 18.819 0.148
2457563.571070 19.178 0.193
2457564.328360 19.006 0.123
2457564.410630 19.165 0.091
2457564.448910 19.121 0.093
2457564.489160 19.121 0.096
2457564.528180 19.096 0.092
2457564.571110 19.108 0.101
2457565.254660 19.398 0.139
2457565.292950 19.037 0.091
2457565.329350 19.192 0.101
2457565.366460 19.143 0.083
2457565.433210 19.103 0.094
2457565.481310 19.005 0.087
2457568.239610 19.531 0.155
2457568.281480 19.287 0.120
2457568.318380 19.176 0.087
2457568.356250 19.133 0.073
2457568.398110 19.083 0.065
2457568.450740 19.206 0.078
2457568.487300 19.156 0.072
2457568.524060 19.142 0.075
2457568.564740 19.093 0.085
2457569.243790 19.235 0.094
2457569.268430 19.239 0.095
2457569.338640 19.130 0.065
2457569.375410 19.149 0.071
2457569.412120 19.061 0.064
2457569.449420 19.186 0.065
2457569.486600 19.113 0.082
2457569.531510 19.183 0.092
2457569.579190 19.058 0.085
2457572.230540 18.971 0.095
2457572.245520 19.213 0.094
2457572.287130 19.191 0.070
2457572.323540 19.207 0.070
2457572.363740 19.262 0.059
2457572.401640 19.265 0.056
2457572.450020 19.274 0.078
2457572.491840 19.167 0.068
2457572.530320 19.188 0.077
2457573.221120 19.536 0.149
2457573.263490 19.206 0.080
2457573.312500 19.310 0.075
2457573.348940 19.277 0.079
2457573.388060 19.255 0.065
2457573.428770 19.305 0.074
2457573.467320 19.266 0.077
2457573.515080 19.275 0.090
2457573.551390 19.290 0.118
2457574.216150 19.283 0.132
2457574.258490 19.306 0.089
2457574.295190 19.256 0.091
2457574.337290 19.075 0.086
2457574.383540 19.244 0.085
2457574.433530 19.169 0.084
2457574.473790 19.237 0.088
2457574.510490 19.338 0.140
2457576.213550 19.476 0.180
2457576.250280 19.929 0.245
2457576.286730 19.339 0.109
2457576.334020 19.333 0.103
2457576.370760 19.262 0.113
2457576.410440 19.289 0.110
2457576.447780 19.499 0.140
2457576.485050 19.363 0.127
2457577.265260 19.324 0.106
2457577.301570 19.366 0.096
2457577.337430 19.327 0.079
2457577.376750 19.384 0.083
2457577.414610 19.251 0.071
2457577.460330 19.277 0.070
2457577.498430 19.416 0.105
2457577.541450 19.299 0.088
2457578.204130 19.151 0.155
2457578.228020 19.174 0.099
2457578.262870 19.380 0.087
2457578.355500 19.378 0.069
2457578.393140 19.322 0.066
2457578.441070 19.254 0.060
2457578.475560 19.368 0.069
2457578.512240 19.335 0.070
2457578.515660 19.289 0.073
2457578.562060 19.378 0.089
2457579.204380 19.188 0.139
2457579.218900 19.324 0.103
2457579.259390 19.352 0.079
2457579.294850 19.243 0.070
2457579.331250 19.370 0.078
2457579.369250 19.366 0.075
2457579.420400 19.326 0.073
2457579.458040 19.267 0.074
2457579.501130 19.287 0.100
2457579.536230 19.358 0.133
2457579.539160 19.435 0.135
2457580.202250 19.262 0.166
2457580.237530 19.545 0.150
2457580.282080 19.407 0.099
2457580.329830 19.416 0.112
2457580.367450 19.424 0.084
2457580.408860 19.317 0.084
2457580.445700 19.553 0.107
2457580.481980 19.340 0.099
2457580.529640 19.281 0.100
2457581.237280 19.677 0.203
2457581.272380 19.420 0.166
2457581.309310 19.626 0.184
2457581.345770 19.444 0.128
2457581.399900 19.124 0.164
2457581.437270 19.396 0.102
2457581.475950 19.281 0.097
2457581.511340 19.363 0.093
2457581.547550 19.710 0.164
2457582.209960 19.371 0.117
2457582.262180 19.552 0.171
2457582.297260 19.431 0.103
2457582.332520 19.395 0.092
2457582.369960 19.492 0.104
2457582.372910 19.381 0.095
2457582.412770 19.405 0.120
2457582.458120 19.376 0.135
2457582.500960 19.375 0.116
2457582.546600 19.847 0.222
2457583.211930 19.252 0.139
2457583.264530 19.541 0.152
2457583.341610 19.417 0.167
2457583.402180 19.009 0.158
2457583.440370 19.266 0.109
2457583.478740 19.310 0.116
2457583.519680 19.222 0.120
2457584.207410 19.390 0.160
2457584.241190 19.501 0.138
2457584.289700 19.443 0.112
2457584.327430 19.523 0.107
2457584.365670 19.377 0.094
2457584.404810 19.445 0.129
2457584.441810 19.352 0.125
2457584.495820 19.452 0.148
2457584.532440 19.353 0.140
2457586.252110 19.432 0.287
2457586.288070 18.997 0.201
2457586.490350 19.220 0.225
2457588.208860 19.356 0.208
2457592.221340 19.531 0.160
2457592.244560 19.605 0.177
2457593.252860 19.333 0.112
2457594.211300 19.447 0.175
2457594.226370 19.811 0.191
2457594.262780 19.376 0.119
2457594.299450 19.554 0.120
2457594.341420 19.435 0.106
2457594.382330 19.452 0.125
2457594.418810 19.542 0.158
2457594.454210 19.436 0.213
2457604.244490 19.732 0.192
2457604.282640 19.697 0.155
2457604.333750 19.664 0.133
2457605.243110 19.424 0.088
2457605.288640 19.601 0.095
2457605.332610 19.431 0.085
2457605.368080 19.573 0.092
2457605.426570 19.640 0.114
2457605.462030 19.562 0.130
2457606.225600 19.334 0.083
2457606.263060 19.419 0.077
2457606.299890 19.408 0.101
2457606.350490 19.465 0.085
2457606.388980 19.429 0.091
2457606.426530 19.732 0.127
2457606.461870 19.546 0.106
2457607.242200 19.744 0.126
2457607.278100 19.302 0.172
2457607.328620 19.473 0.110
2457607.364630 19.551 0.122
2457607.401610 19.586 0.116
2457607.439660 19.716 0.193
2457608.249420 19.527 0.164
2457608.295410 19.785 0.215
2457608.336650 19.266 0.133
2457609.230960 19.484 0.084
2457609.267310 19.619 0.087
2457609.304190 19.479 0.084
2457609.355500 19.554 0.088
2457609.394870 19.544 0.102
2457609.434280 19.783 0.176
2457610.228740 19.681 0.141
2457610.266510 19.723 0.152
2457610.351030 19.486 0.108
2457610.352830 19.606 0.100
2457610.391730 19.516 0.108
2457610.427150 19.566 0.102
2457610.466410 19.513 0.114
2457611.217790 19.497 0.099
2457611.255890 19.442 0.091
2457611.293070 19.516 0.108
2457611.344300 19.320 0.096
2457611.383130 19.479 0.096
2457611.420060 19.611 0.146
2457611.458840 19.542 0.161
2457612.245240 19.457 0.126
2457612.293060 19.484 0.118
2457612.330660 19.532 0.151
2457612.367680 19.805 0.218
2457612.405460 19.752 0.192
2457612.442020 19.443 0.139
2457616.239900 19.504 0.235
2457616.280220 19.759 0.193
2457616.321720 19.974 0.257
2457616.358710 19.874 0.281
2457616.395880 19.436 0.205
2457617.293110 19.556 0.181
2457617.330190 19.304 0.164
2457617.368300 19.539 0.264
2457619.308470 19.562 0.219
2457620.239850 19.537 0.151
2457621.250130 19.558 0.098
2457621.292370 19.497 0.107
2457621.328460 19.763 0.164
2457621.380840 19.578 0.143
2457621.418620 19.661 0.164
2457624.244040 19.883 0.202
2457624.347520 19.587 0.097
2457624.394650 19.525 0.100
2457624.429730 19.588 0.132
2457625.218290 19.417 0.100
2457625.255300 19.467 0.104
2457625.296750 19.579 0.107
2457625.333480 19.530 0.074
2457625.378460 19.570 0.081
2457625.419340 19.637 0.129
2457626.252800 19.547 0.080
2457626.292480 19.439 0.070
2457626.334180 19.557 0.080
2457626.370380 19.629 0.087
2457626.417790 19.606 0.107
2457627.239560 19.553 0.077
2457627.279630 19.541 0.074
2457627.317230 19.512 0.105
2457627.353200 19.520 0.095
2457627.402150 19.405 0.120
2457628.241830 19.547 0.092
2457628.280860 19.626 0.108
2457628.318330 19.581 0.096
2457628.354730 19.447 0.097
2457628.404110 19.636 0.136
2457629.246880 19.535 0.110
2457629.287870 19.876 0.143
2457629.324480 19.579 0.124
2457629.361100 19.566 0.131
2457629.407700 19.485 0.130
2457630.259940 19.620 0.088
2457631.287440 19.745 0.138
2457631.335380 19.711 0.163
2457631.370950 19.666 0.152
2457631.405470 19.646 0.153
2457632.276670 19.527 0.123
2457633.252850 20.077 0.230
2457633.312970 19.982 0.209
2457633.353720 19.966 0.209
2457635.335370 19.349 0.141
2457636.270580 19.826 0.167
2457636.312690 19.440 0.194
2457638.229790 20.176 0.258
2457638.272860 19.558 0.147
2457638.308730 19.784 0.170
2457638.355410 19.162 0.239
2457639.228390 19.407 0.126
2457639.305330 19.562 0.112
2457639.344830 19.618 0.130
2457641.227810 19.517 0.225
2457641.301320 19.124 0.225
2457642.230650 19.521 0.212
2457642.283320 19.877 0.281
2457643.269020 19.434 0.216
2457644.250960 19.702 0.165
2457644.306630 19.658 0.176
2457644.342380 19.592 0.188
2457645.233120 19.548 0.117
2457645.269500 19.251 0.122
2457646.256030 19.586 0.120
2457646.293450 19.653 0.124
2457646.328850 19.623 0.154
2457647.292080 19.629 0.168
2457647.327150 19.604 0.183
2457649.232910 19.835 0.224
2457649.273630 20.064 0.261
2457650.265270 19.691 0.166
2457650.268170 20.141 0.283
2457650.303860 19.341 0.112
2457650.338570 19.820 0.220
2457651.255750 19.587 0.101
2457651.291630 19.529 0.094
2457651.334240 19.524 0.122
2457652.268360 19.656 0.111
2457652.305480 19.789 0.131
2457652.343920 19.564 0.133
2457653.266910 19.455 0.091
2457653.307550 19.545 0.127
2457654.234840 19.564 0.151
2457654.271700 19.913 0.218
2457655.234970 19.489 0.113
2457655.272390 19.656 0.136
2457655.321320 19.557 0.108
2457657.253370 19.509 0.084
2457657.300580 19.649 0.161
2457660.252000 19.539 0.108
2457660.290720 19.533 0.107
2457660.326090 19.465 0.120
2457662.261290 19.545 0.093
2457662.304280 19.822 0.149
2457663.261910 19.376 0.133
2457663.298130 19.866 0.190
2457664.248170 20.002 0.236
2457664.293750 19.436 0.140
2457665.256230 19.445 0.111
2457665.290450 19.387 0.129
2457666.253210 19.645 0.121
2457666.289290 19.700 0.169
2457667.272710 19.482 0.154
2457667.308890 19.976 0.216
2457671.250560 19.497 0.105
2457671.288000 19.824 0.191
2457672.279780 19.464 0.155
2457672.282740 19.698 0.185
2457674.262840 19.369 0.150
2457676.244610 19.427 0.282
