# HJD mag err
2457064.139792 20.000 0.239
2457065.141096 19.844 0.240
2457070.131998 19.910 0.211
2457071.127956 20.272 0.275
2457071.197272 19.707 0.216
2457076.114191 19.817 0.177
2457076.187038 19.691 0.147
2457078.107257 19.773 0.249
2457078.141320 19.695 0.292
2457080.107636 19.693 0.179
2457080.145220 19.529 0.123
2457080.180483 19.611 0.121
2457084.130263 19.882 0.293
2457084.203180 19.912 0.236
2457090.134361 19.898 0.179
2457090.167735 19.514 0.134
2457090.226330 19.523 0.249
2457091.070444 19.775 0.231
2457091.208027 19.736 0.246
2457093.155191 19.846 0.201
2457093.220987 19.879 0.199
2457094.202485 19.491 0.282
2457096.054779 19.796 0.287
2457096.187162 19.547 0.124
2457096.216685 19.575 0.144
2457097.182921 19.693 0.154
2457097.225855 19.790 0.169
2457099.075080 19.760 0.237
2457101.177809 20.119 0.276
2457102.105881 19.709 0.134
2457102.201710 19.729 0.140
2457102.236254 20.167 0.275
2457105.228010 19.597 0.116
2457106.044080 19.795 0.265
2457106.077473 19.624 0.114
2457106.192235 19.729 0.151
2457108.049177 19.694 0.125
2457108.082570 19.537 0.108
2457108.162748 19.786 0.120
2457108.198411 19.806 0.126
2457108.232965 19.547 0.097
2457109.241323 19.884 0.155
2457111.252418 19.551 0.156
2457112.031704 19.823 0.219
2457112.065087 19.674 0.159
2457112.153415 20.001 0.207
2457112.228043 19.831 0.140
2457113.022569 19.919 0.198
2457113.057112 19.520 0.113
2457113.152361 19.842 0.174
2457113.189195 19.861 0.237
2457113.225818 19.863 0.219
2457114.085601 19.486 0.204
2457114.118994 19.753 0.264
2457114.222524 19.721 0.115
2457114.249016 19.464 0.139
2457117.172523 19.809 0.222
2457117.205956 19.952 0.192
2457117.221467 19.953 0.192
2457127.169737 20.031 0.180
2457127.203110 19.438 0.168
2457128.001399 19.446 0.161
2457128.154112 20.134 0.203
2457128.187495 19.673 0.087
2457128.220887 19.727 0.131
2457128.255550 19.876 0.216
2457128.989483 19.540 0.219
2457129.022896 19.751 0.134
2457129.102323 19.761 0.262
2457129.140326 19.534 0.140
2457129.173719 19.726 0.138
2457129.241795 19.824 0.135
2457131.165746 19.623 0.140
2457131.233812 19.474 0.268
2457136.152339 19.709 0.170
2457136.220444 19.745 0.131
2457136.245856 19.940 0.169
2457137.034427 19.643 0.222
2457137.067810 19.722 0.271
2457137.152646 19.856 0.243
2457140.994615 19.714 0.175
2457141.028007 19.708 0.247
2457141.121174 19.951 0.284
2457141.154566 19.430 0.186
2457142.097054 19.886 0.263
2457142.131617 19.677 0.211
2457143.052392 19.606 0.239
2457143.137118 19.702 0.167
2457143.170511 19.761 0.170
2457143.246806 19.553 0.156
2457143.978987 19.850 0.266
2457144.066073 19.858 0.196
2457144.102926 19.855 0.231
2457144.141798 19.732 0.212
2457144.177491 19.790 0.208
2457144.215924 19.720 0.169
2457144.986106 19.486 0.206
2457145.021489 19.662 0.226
2457145.054881 19.873 0.248
2457145.139107 19.917 0.208
2457145.261355 19.890 0.208
2457156.987281 19.438 0.154
2457157.174911 20.223 0.253
2457158.929450 19.590 0.208
2457159.113939 20.128 0.243
2457159.148611 19.710 0.168
2457161.108454 19.572 0.263
2457161.181557 19.874 0.166
2457161.248910 19.992 0.178
2457161.925711 19.837 0.185
2457162.168902 19.829 0.118
2457162.239965 19.596 0.297
2457164.142087 19.672 0.244
2457164.920429 19.873 0.163
2457165.887188 19.782 0.144
2457165.920589 19.802 0.133
2457166.155318 19.893 0.237
2457166.227021 19.647 0.229
2457169.879351 19.647 0.220
2457170.982447 19.832 0.284
2457171.140632 19.903 0.274
2457171.216104 19.521 0.183
2457172.889343 20.129 0.259
2457172.991156 19.654 0.203
2457173.032187 19.967 0.176
2457173.065568 19.623 0.130
2457178.236590 19.639 0.268
2457179.128297 19.863 0.260
2457180.875416 19.747 0.233
2457180.990488 19.964 0.189
2457181.136070 20.062 0.195
2457184.267808 19.945 0.300
2457188.965235 19.799 0.237
2457189.039975 19.943 0.160
2457189.924236 19.774 0.191
2457189.957646 19.721 0.139
2457189.991036 19.734 0.119
2457190.033666 19.799 0.106
2457190.070626 19.874 0.132
2457190.188666 19.538 0.215
2457190.225306 19.526 0.204
2457193.198758 19.937 0.137
2457193.232408 19.884 0.245
2457193.261438 20.170 0.247
2457195.873349 19.509 0.262
2457196.785089 19.881 0.292
2457196.847498 19.727 0.185
2457196.880888 19.670 0.118
2457196.915408 19.889 0.185
2457196.948777 19.826 0.184
2457196.982127 19.688 0.161
2457197.017787 19.696 0.191
2457197.052456 19.728 0.208
2457197.088446 19.771 0.174
2457197.149445 20.109 0.200
2457197.182805 19.860 0.244
2457197.922406 19.788 0.143
2457197.956905 19.878 0.236
2457197.997155 19.716 0.140
2457198.033964 19.910 0.186
2457198.151933 19.688 0.124
2457198.219112 19.789 0.263
2457198.878783 19.762 0.296
2457198.945482 19.805 0.158
2457198.978831 19.720 0.126
2457200.176692 20.028 0.267
2457200.213512 19.485 0.182
2457207.055290 19.499 0.184
2457207.082860 20.134 0.290
2457207.169177 19.647 0.207
2457207.236205 19.389 0.184
2457210.194186 19.610 0.200
2457210.790856 19.889 0.258
2457212.961790 19.756 0.108
2457212.996979 19.679 0.148
2457213.119364 19.906 0.190
2457213.219451 19.789 0.152
2457213.801829 20.068 0.203
2457213.838657 19.860 0.140
2457213.872336 19.786 0.133
2457214.076758 19.636 0.203
2457214.120297 19.431 0.238
2457214.171175 19.671 0.156
2457214.204693 19.988 0.206
2457214.787911 19.737 0.205
2457214.821289 19.946 0.197
2457214.854658 19.875 0.195
2457215.074539 19.800 0.259
2457215.107908 19.934 0.164
2457215.141257 19.737 0.178
2457215.174625 19.701 0.170
2457215.208064 20.118 0.167
2457215.825019 19.696 0.127
2457215.862977 19.952 0.165
2457215.896376 20.043 0.210
2457215.929734 19.757 0.198
2457215.963103 19.782 0.252
2457216.045480 19.819 0.116
2457216.078828 19.785 0.120
2457216.112167 19.859 0.145
2457216.145536 19.926 0.159
2457216.178894 19.672 0.184
2457216.212703 20.215 0.298
2457216.927573 19.748 0.208
2457216.960941 19.672 0.176
2457216.995590 20.226 0.215
2457218.915565 19.539 0.199
2457220.924290 19.700 0.118
2457220.992287 19.584 0.141
2457221.028325 19.719 0.127
2457221.061683 19.542 0.133
2457221.095032 20.178 0.267
2457222.111111 19.413 0.186
2457222.790647 20.100 0.281
2457222.857364 19.654 0.147
2457222.890722 19.920 0.272
2457222.972328 19.811 0.147
2457223.008306 19.674 0.115
2457223.041664 20.000 0.141
2457223.075022 19.691 0.156
2457223.108391 19.890 0.117
2457223.141739 19.885 0.166
2457223.890370 19.891 0.218
2457223.923748 19.789 0.174
2457223.991884 19.661 0.099
2457224.072440 19.982 0.180
2457224.108088 19.834 0.185
2457224.174825 19.559 0.256
2457224.800941 20.031 0.264
2457224.834309 19.870 0.195
2457224.914875 19.841 0.141
2457224.948223 19.778 0.111
2457224.982891 19.769 0.114
2457225.018949 19.908 0.134
2457225.052308 19.840 0.135
2457225.085656 19.817 0.136
2457225.152362 19.463 0.142
2457225.185740 19.568 0.282
2457225.795667 20.158 0.267
2457225.829055 19.990 0.169
2457225.868293 19.993 0.136
2457225.901661 19.913 0.123
2457225.981207 20.024 0.193
2457226.017235 19.595 0.114
2457226.050583 19.837 0.145
2457226.083951 19.983 0.167
2457226.117319 19.681 0.160
2457227.806903 19.891 0.176
2457227.847150 19.460 0.132
2457227.930466 19.831 0.150
2457227.969733 19.742 0.115
2457228.005711 19.940 0.119
2457228.039059 19.759 0.131
2457228.105795 19.934 0.197
2457233.912054 19.560 0.249
2457233.998268 19.477 0.183
2457234.031626 19.678 0.218
2457234.098492 19.767 0.267
2457239.003023 20.045 0.177
2457239.040970 19.764 0.281
2457239.808375 19.468 0.255
2457239.841713 19.557 0.159
2457239.913067 19.959 0.195
2457240.906984 19.648 0.167
2457240.943322 19.726 0.163
2457242.866697 19.639 0.240
2457242.918473 19.899 0.239
2457244.032018 19.827 0.123
2457244.065385 19.601 0.122
2457244.810007 19.901 0.177
2457244.843355 20.053 0.211
2457245.003312 19.879 0.153
2457245.038960 19.888 0.190
2457245.072327 19.800 0.189
2457245.105674 20.068 0.235
2457245.816188 19.576 0.217
2457245.849546 19.763 0.139
2457245.886793 19.700 0.131
2457245.921470 19.756 0.147
2457245.960257 19.766 0.133
2457250.818121 20.076 0.204
2457250.892105 19.695 0.114
2457250.934781 19.954 0.141
2457250.969568 19.951 0.147
2457251.005205 19.757 0.116
2457251.084969 19.873 0.222
2457253.887560 19.558 0.174
2457253.928146 19.428 0.186
2457254.007170 19.605 0.171
2457254.041687 19.930 0.163
2457254.075304 19.561 0.125
2457254.924300 19.754 0.189
2457254.957757 19.895 0.194
2457254.991124 19.706 0.133
2457255.814862 19.486 0.260
2457255.882946 19.713 0.142
2457255.918893 19.790 0.145
2457255.952370 19.853 0.140
2457255.985767 19.799 0.141
2457256.924694 19.727 0.125
2457256.958061 19.855 0.157
2457256.992548 19.618 0.143
2457257.025945 19.936 0.226
2457257.059312 19.879 0.209
2457257.828944 19.822 0.176
2457257.862321 19.794 0.142
2457257.900617 19.733 0.184
2457257.936474 19.675 0.227
2457260.926344 19.669 0.193
2457260.954842 19.511 0.178
2457260.981529 19.690 0.219
2457261.819232 19.809 0.203
2457261.896335 19.780 0.184
2457261.924853 19.750 0.156
2457261.951660 19.567 0.143
2457263.863763 19.663 0.291
2457265.864606 19.647 0.293
2457268.812697 19.864 0.183
2457269.854757 19.591 0.113
2457269.891394 20.113 0.168
2457269.933030 19.725 0.161
2457270.866910 19.861 0.159
2457270.901387 19.739 0.127
2457270.935003 19.581 0.179
2457270.970660 19.908 0.151
2457271.930288 19.696 0.238
2457272.854328 19.765 0.135
2457272.892564 19.937 0.171
2457272.925921 19.824 0.117
2457272.959268 19.760 0.131
2457272.992605 19.794 0.136
2457273.862230 19.594 0.114
2457273.895627 19.964 0.177
2457273.931294 19.842 0.182
2457278.827445 19.790 0.192
2457278.860792 19.594 0.150
2457278.894189 19.998 0.208
2457278.927525 19.972 0.147
2457279.007638 19.623 0.158
2457281.852408 19.587 0.184
2457285.828866 19.792 0.188
2457285.855354 20.048 0.274
2457285.888710 19.812 0.194
2457285.922057 19.750 0.192
2457285.955404 19.996 0.226
2457286.882543 19.838 0.198
2457286.915879 19.552 0.214
2457287.000761 19.305 0.208
2457287.839729 19.884 0.179
2457287.873065 20.028 0.190
2457287.906762 19.760 0.166
2457289.832963 19.861 0.282
2457291.935018 19.824 0.254
2457292.869987 20.122 0.236
2457292.949909 19.520 0.164
2457292.984416 19.374 0.191
2457294.835386 19.718 0.169
2457294.869893 19.877 0.236
2457294.948025 19.376 0.243
2457297.836628 19.949 0.162
2457303.843742 19.499 0.120
2457303.872529 19.892 0.193
2457303.905876 20.319 0.289
2457304.848299 19.953 0.290
2457304.881656 19.634 0.135
2457305.843988 19.437 0.153
2457309.856247 19.784 0.201
2457309.889614 20.151 0.249
2457326.874819 19.590 0.296
2457327.876497 19.399 0.227
2457421.168042 19.820 0.262
2457424.172831 19.974 0.267
2457426.177710 19.657 0.199
2457430.170608 19.692 0.141
2457432.112712 19.882 0.242
2457432.126704 20.144 0.272
2457432.157786 19.862 0.167
2457440.204724 19.696 0.263
2457449.088105 19.591 0.268
2457449.127218 19.755 0.219
2457452.116920 19.531 0.279
2457459.120092 19.360 0.217
2457459.205160 20.049 0.219
2457461.043963 19.938 0.169
2457461.104959 20.103 0.202
2457461.158564 20.045 0.235
2457461.225431 19.746 0.236
2457465.062463 20.061 0.237
2457465.101587 19.660 0.115
2457465.192366 19.946 0.179
2457465.229180 19.908 0.162
2457469.117125 19.814 0.277
2457470.185461 19.786 0.153
2457474.062531 19.755 0.189
2457474.155040 19.897 0.173
2457474.246179 19.720 0.187
2457475.151558 20.049 0.297
2457475.213064 19.898 0.247
2457476.024272 19.672 0.274
2457476.115061 19.934 0.212
2457476.150734 19.723 0.196
2457477.219688 19.738 0.186
2457478.198182 19.650 0.292
2457478.231545 19.631 0.224
2457482.044327 19.740 0.201
2457482.157268 19.717 0.138
2457482.994046 20.066 0.215
2457483.023969 19.717 0.135
2457483.096446 20.014 0.194
2457483.129809 19.941 0.201
2457483.189034 19.662 0.101
2457483.224688 19.660 0.127
2457484.106000 19.822 0.129
2457484.139383 19.712 0.140
2457484.195088 19.884 0.174
2457484.228461 19.695 0.138
2457486.992265 19.845 0.182
2457487.023327 19.723 0.107
2457487.155869 19.704 0.145
2457487.245098 19.779 0.156
2457488.004896 19.844 0.162
2457488.037129 19.627 0.128
2457488.131588 19.715 0.199
2457488.188653 19.700 0.141
2457488.220866 19.821 0.223
2457488.255549 19.625 0.178
2457491.010494 19.636 0.141
2457491.161247 19.907 0.168
2457491.193600 19.520 0.159
2457491.226983 19.533 0.114
2457491.262766 19.829 0.216
2457493.016498 19.598 0.141
2457493.112347 19.612 0.122
2457493.168151 19.773 0.164
2457493.200604 19.625 0.119
2457493.235227 19.602 0.087
2457493.270020 19.915 0.261
2457493.980591 19.839 0.178
2457494.092621 19.820 0.137
2457494.124813 19.641 0.152
2457494.226182 19.710 0.131
2457494.260965 19.655 0.153
2457496.063977 19.866 0.254
2457497.003945 19.724 0.194
2457497.151027 19.753 0.142
2457497.183240 19.818 0.136
2457497.218133 19.767 0.160
2457497.252915 19.514 0.115
2457498.241406 19.721 0.136
2457498.997498 19.934 0.190
2457499.067703 19.812 0.184
2457499.180412 19.730 0.192
2457499.215025 19.827 0.167
2457499.249848 19.726 0.129
2457499.978946 19.450 0.200
2457500.006289 19.660 0.196
2457500.159561 19.769 0.162
2457500.191823 19.785 0.197
2457500.226836 19.629 0.133
2457500.261659 19.837 0.170
2457502.182799 19.621 0.276
2457502.240014 19.575 0.258
2457505.964284 19.567 0.216
2457506.133247 19.797 0.247
2457506.185620 19.987 0.284
2457506.212612 19.784 0.231
2457514.018355 19.742 0.205
2457514.050577 19.571 0.161
2457514.132383 19.405 0.122
2457514.166915 19.617 0.129
2457514.254370 19.657 0.144
2457515.018488 19.959 0.198
2457515.050700 19.517 0.145
2457515.131955 19.728 0.133
2457515.164167 19.563 0.108
2457515.199289 19.454 0.097
2457515.234021 19.651 0.137
2457515.267453 19.721 0.123
2457515.960436 19.392 0.169
2457516.029490 19.651 0.151
2457516.142677 19.623 0.146
2457516.212151 19.778 0.143
2457516.245513 19.822 0.172
2457516.278875 19.392 0.177
2457518.184168 19.742 0.215
2457525.266663 19.491 0.105
2457527.926885 19.787 0.191
2457534.905434 19.279 0.141
2457534.938915 19.518 0.188
2457535.039518 19.522 0.123
2457538.187714 19.310 0.111
2457538.221085 19.464 0.101
2457538.286737 19.270 0.132
2457539.167241 19.346 0.170
2457540.042724 19.349 0.120
2457540.065724 19.620 0.110
2457540.077235 19.567 0.124
2457540.110715 19.224 0.081
2457540.146826 19.458 0.145
2457540.179037 19.275 0.088
2457540.921605 17.870 0.028
2457540.953846 17.766 0.020
2457541.083099 18.386 0.038
2457541.152630 17.280 0.017
2457541.184841 17.580 0.020
2457541.218202 17.739 0.020
2457541.250413 17.885 0.027
2457541.284944 17.933 0.028
2457541.857116 18.463 0.069
2457541.890467 18.373 0.042
2457541.922668 18.392 0.053
2457542.035690 18.460 0.047
2457542.069051 18.476 0.030
2457542.102512 18.466 0.038
2457542.138483 18.452 0.043
2457542.170703 18.452 0.043
2457542.204134 18.463 0.050
2457543.968200 18.661 0.076
2457544.000400 18.670 0.063
2457544.033761 18.672 0.070
2457544.065991 18.672 0.055
2457544.100642 18.631 0.060
2457544.236834 18.734 0.074
2457544.821725 18.781 0.095
2457544.861986 18.691 0.067
2457544.895356 18.606 0.064
2457544.993168 18.705 0.044
2457545.026548 18.707 0.050
2457545.059909 18.634 0.049
2457545.094530 18.686 0.042
2457545.129360 18.713 0.045
2457545.231762 18.765 0.100
2457545.830742 18.714 0.082
2457545.859532 18.641 0.050
2457545.892952 18.629 0.043
2457545.996594 18.770 0.047
2457546.032895 18.737 0.059
2457546.065105 18.704 0.072
2457546.101176 18.711 0.058
2457546.135996 18.754 0.054
2457546.890347 18.687 0.053
2457546.958138 18.826 0.105
2457547.024969 18.666 0.057
2457547.057209 18.595 0.072
2457547.093250 18.667 0.064
2457547.128090 18.756 0.058
2457547.229902 18.659 0.073
2457551.855926 18.586 0.112
2457551.921656 18.583 0.053
2457551.953857 18.595 0.058
2457551.989567 18.618 0.046
2457552.025427 18.577 0.047
2457552.067527 18.567 0.060
2457552.116398 18.555 0.046
2457552.163368 18.543 0.033
2457552.199148 18.525 0.061
2457552.275518 18.583 0.106
2457554.883656 18.351 0.094
2457554.960346 18.402 0.059
2457555.032836 18.283 0.082
2457555.069856 18.366 0.076
2457555.991386 18.267 0.045
2457556.025006 18.270 0.051
2457556.057206 18.219 0.035
2457556.160156 18.279 0.090
2457563.797887 19.239 0.174
2457563.863456 19.151 0.089
2457563.929035 19.440 0.119
2457564.043764 19.223 0.107
2457564.116853 19.392 0.170
2457564.152532 19.225 0.104
2457564.204831 19.373 0.139
2457564.240501 19.352 0.157
2457567.801669 19.593 0.186
2457567.833888 19.640 0.179
2457567.933106 19.388 0.091
2457567.965315 19.321 0.087
2457568.047363 19.385 0.079
2457568.082203 19.462 0.173
2457568.147791 19.299 0.176
2457568.213870 19.534 0.200
2457568.798097 19.532 0.129
2457568.830347 19.342 0.114
2457568.863756 19.533 0.118
2457568.963864 19.399 0.109
2457569.078421 19.400 0.107
2457569.110640 19.514 0.125
2457569.144000 19.574 0.115
2457569.185419 19.506 0.110
2457569.223378 19.675 0.145
2457569.871983 19.307 0.185
2457569.970931 19.467 0.120
2457570.004290 19.465 0.109
2457570.037789 19.458 0.096
2457570.120677 19.310 0.085
2457570.152896 19.258 0.100
2457570.186265 19.442 0.128
2457570.218485 19.359 0.096
2457570.794920 19.356 0.120
2457570.827149 19.420 0.125
2457570.860539 19.641 0.290
2457570.926117 19.466 0.091
2457570.958336 19.543 0.092
2457571.059594 19.521 0.100
2457571.091793 19.294 0.089
2457571.125152 19.513 0.100
2457571.157361 19.588 0.114
2457571.190810 19.355 0.089
2457571.223039 19.317 0.143
2457572.959612 19.493 0.161
2457572.992991 19.312 0.221
2457574.825046 19.308 0.142
2457574.859565 19.481 0.134
2457574.892924 19.541 0.090
2457574.960802 19.474 0.111
2457574.996471 19.451 0.083
2457575.032319 19.382 0.102
2457575.185055 19.537 0.119
2457575.952099 19.584 0.112
2457575.988438 19.620 0.123
2457576.148803 19.500 0.106
2457576.182222 19.413 0.085
2457576.215611 19.351 0.104
2457576.790881 19.413 0.166
2457576.824290 19.472 0.111
2457576.857669 19.723 0.168
2457576.965785 19.584 0.110
2457577.002844 19.533 0.130
2457577.052272 19.568 0.136
2457577.089091 19.550 0.110
2457577.181667 19.287 0.211
2457577.835954 19.538 0.176
2457577.869313 19.482 0.087
2457577.902682 19.641 0.125
2457577.969409 19.499 0.103
2457578.004068 19.425 0.095
2457578.143633 19.436 0.183
2457578.792559 19.548 0.194
2457578.825967 19.724 0.200
2457578.859326 19.720 0.162
2457578.892695 19.299 0.193
2457578.926054 19.523 0.106
2457578.961712 19.558 0.137
2457578.997651 19.678 0.139
2457579.033630 19.539 0.170
2457579.068058 19.584 0.098
2457579.101417 19.545 0.137
2457579.160875 19.465 0.114
2457579.194243 19.524 0.182
2457579.790770 19.579 0.152
2457579.824139 19.646 0.116
2457579.857518 19.653 0.137
2457579.924225 19.612 0.203
2457579.959924 19.720 0.187
2457579.994912 19.895 0.237
2457580.030911 19.498 0.139
2457580.097918 19.579 0.167
2457580.131287 19.612 0.131
2457580.164666 19.602 0.146
2457580.826399 19.392 0.111
2457581.019091 19.724 0.173
2457581.055000 19.570 0.129
2457581.089638 19.540 0.112
2457581.103438 19.790 0.182
2457581.131536 19.783 0.139
2457581.164905 19.714 0.226
2457585.133890 19.858 0.265
2457590.795901 19.625 0.176
2457590.829269 19.606 0.166
2457590.895985 19.818 0.172
2457590.929683 19.599 0.187
2457591.050567 19.554 0.243
2457591.089694 19.627 0.175
2457591.125362 19.584 0.233
2457591.830183 19.568 0.221
2457594.899863 19.556 0.146
2457594.933241 19.764 0.137
2457595.022976 19.617 0.222
2457595.147268 19.889 0.158
2457595.798089 19.680 0.208
2457595.831457 19.663 0.161
2457597.920795 19.479 0.214
2457597.960942 19.871 0.222
2457598.799158 19.862 0.196
2457598.834356 19.710 0.153
2457598.868123 19.548 0.156
2457598.969937 19.739 0.121
2457600.873760 19.751 0.154
2457600.959604 19.694 0.144
2457601.022529 19.703 0.197
2457602.036240 19.641 0.130
2457602.136323 19.844 0.249
2457607.082315 19.685 0.145
2457607.115673 19.827 0.167
2457607.862927 19.760 0.183
2457607.930981 19.750 0.141
2457607.970638 19.545 0.131
2457608.004016 19.696 0.194
2457608.952323 19.457 0.164
2457609.909959 19.851 0.174
2457609.946026 19.764 0.163
2457609.979364 19.713 0.145
2457610.107614 19.409 0.162
2457610.996264 20.017 0.213
2457613.990533 19.354 0.206
2457616.870423 19.427 0.263
2457616.905071 19.583 0.135
2457616.941228 19.813 0.170
2457616.976895 19.452 0.135
2457617.890567 19.544 0.248
2457617.926554 19.814 0.228
2457619.809742 19.830 0.230
2457619.843089 19.664 0.155
2457619.876456 19.558 0.242
2457619.911053 19.523 0.151
2457619.947000 19.552 0.154
2457622.874552 20.056 0.225
2457622.910629 19.827 0.155
2457622.946286 19.740 0.121
2457623.984943 19.737 0.223
2457625.809118 19.804 0.158
2457625.844764 19.598 0.206
2457625.879931 19.623 0.124
2457625.909539 20.011 0.167
2457625.942885 19.955 0.200
2457627.848181 20.033 0.228
2457627.925474 19.886 0.168
2457628.011466 19.804 0.148
2457629.815198 19.775 0.176
2457629.848585 19.671 0.132
2457629.923248 19.719 0.148
2457630.012520 19.825 0.155
2457630.045906 19.478 0.130
2457630.960831 19.457 0.235
2457631.845817 19.548 0.150
2457631.884124 19.715 0.159
2457631.991234 19.887 0.216
2457636.826312 19.633 0.129
2457636.860898 19.761 0.117
2457636.968758 19.493 0.236
2457641.824376 19.795 0.293
2457642.015087 19.584 0.274
2457642.852505 19.580 0.231
2457642.879903 19.905 0.279
2457646.827305 19.590 0.154
2457646.894048 19.471 0.171
2457650.828741 19.570 0.238
2457652.945683 19.473 0.217
2457654.931288 19.735 0.129
