# HJD mag err
2456687.870340 19.716 0.117
2456688.868640 19.647 0.090
2456689.870550 19.780 0.113
2456691.863320 19.455 0.075
2456691.884980 19.869 0.134
2456693.857690 19.833 0.125
2456693.876050 19.802 0.086
2456694.855880 19.651 0.101
2456694.892350 19.996 0.160
2456695.861110 19.467 0.071
2456696.854120 19.652 0.070
2456697.851940 19.854 0.099
2456699.859760 19.469 0.061
2456699.889640 19.680 0.096
2456700.882010 19.605 0.074
2456701.885540 19.633 0.070
2456703.845200 19.668 0.132
2456705.859420 20.270 0.225
2456705.890930 19.736 0.118
2456707.856950 19.525 0.092
2456708.832730 19.841 0.091
2456708.877450 19.715 0.086
2456709.845700 19.933 0.106
2456710.861960 19.550 0.071
2456714.870960 19.619 0.100
2456715.830260 19.840 0.074
2456715.875570 19.618 0.066
2456716.822370 19.685 0.080
2456716.865630 19.859 0.077
2456717.824740 19.688 0.090
2456717.878040 19.686 0.117
2456719.840210 19.844 0.104
2456720.816060 19.816 0.092
2456720.864610 19.690 0.069
2456721.799560 19.934 0.146
2456721.843510 19.773 0.093
2456722.823460 19.613 0.091
2456723.794420 19.800 0.097
2456723.848940 19.752 0.077
2456724.876230 19.431 0.093
2456725.803650 19.528 0.081
2456726.815810 19.541 0.069
2456726.867240 19.430 0.067
2456727.821620 19.593 0.055
2456728.786400 19.658 0.077
2456728.839410 19.614 0.061
2456729.791900 19.576 0.069
2456729.887630 19.458 0.053
2456730.790590 19.852 0.136
2456730.841800 19.652 0.113
2456732.850150 19.435 0.083
2456732.893500 19.432 0.072
2456733.786470 19.797 0.101
2456733.835570 19.614 0.073
2456733.879140 19.532 0.062
2456734.768320 19.408 0.074
2456734.817360 19.740 0.095
2456734.909500 19.461 0.059
2456735.794560 19.554 0.104
2456735.858920 19.543 0.087
2456736.775820 19.744 0.127
2456736.824770 19.646 0.114
2456736.879100 19.571 0.088
2456737.785680 19.676 0.087
2456737.832670 19.519 0.052
2456737.910210 19.546 0.071
2456741.828880 19.810 0.083
2456741.860870 19.662 0.079
2456741.877010 19.665 0.065
2456741.897460 19.613 0.054
2456741.913640 19.742 0.078
2456742.836730 19.571 0.052
2456742.879730 19.584 0.047
2456743.878080 19.780 0.085
2456744.798780 19.555 0.064
2456744.845860 19.623 0.064
2456744.889360 19.515 0.047
2456745.729430 19.449 0.075
2456745.764810 19.878 0.096
2456745.826250 19.643 0.068
2456745.869390 19.667 0.057
2456745.913050 19.536 0.071
2456746.772930 19.681 0.086
2456746.819610 19.555 0.061
2456746.862950 19.528 0.055
2456747.826700 19.455 0.057
2456747.876350 19.616 0.055
2456748.804480 19.662 0.066
2456748.861880 19.523 0.054
2456748.915960 19.553 0.077
2456749.768680 19.899 0.107
2456749.815210 19.606 0.059
2456749.858190 19.655 0.059
2456749.911540 19.519 0.068
2456750.793230 19.861 0.123
2456751.739260 19.550 0.088
2456751.807600 19.497 0.048
2456751.858040 19.599 0.048
2456752.714660 19.694 0.090
2456752.844370 19.694 0.068
2456752.919240 19.594 0.068
2456754.708850 19.452 0.106
2456754.859960 19.473 0.065
2456755.790770 19.513 0.090
2456755.840770 19.760 0.078
2456756.696140 19.456 0.064
2456756.760840 19.700 0.059
2456756.863630 19.557 0.061
2456757.895110 19.481 0.055
2456758.714900 19.899 0.144
2456758.835030 19.420 0.084
2456758.891810 19.939 0.130
2456759.741180 19.598 0.064
2456759.800290 19.672 0.062
2456759.901370 19.614 0.045
2456760.693470 19.628 0.079
2456760.746370 19.569 0.063
2456760.805310 19.537 0.055
2456760.850920 19.760 0.058
2456761.759010 19.759 0.097
2456761.802510 19.439 0.060
2456761.846620 19.505 0.058
2456761.897910 19.700 0.092
2456762.718970 19.520 0.078
2456762.766620 19.731 0.076
2456762.862540 19.491 0.042
2456762.908040 19.471 0.060
2456763.706880 19.878 0.104
2456763.754700 19.437 0.064
2456763.801210 19.504 0.066
2456763.858370 19.604 0.095
2456763.904040 19.532 0.069
2456764.702240 19.868 0.127
2456764.803540 19.565 0.074
2456764.846560 19.716 0.065
2456764.892110 19.875 0.096
2456765.912510 19.472 0.088
2456765.931990 19.699 0.139
2456768.758040 19.632 0.060
2456768.861880 19.453 0.093
2456768.914030 19.716 0.058
2456769.689100 19.464 0.065
2456769.736340 19.709 0.066
2456769.782150 19.797 0.082
2456769.826100 19.470 0.057
2456770.697660 19.766 0.065
2456770.741890 19.565 0.072
2456770.785560 19.675 0.062
2456770.829440 19.473 0.052
2456771.669890 19.590 0.064
2456771.688190 19.560 0.059
2456771.734100 19.718 0.067
2456771.793990 19.652 0.064
2456771.852860 19.482 0.064
2456771.897960 19.642 0.065
2456772.673370 19.611 0.071
2456772.719100 19.815 0.076
2456772.781790 19.576 0.068
2456772.825370 19.544 0.054
2456773.713920 19.716 0.101
2456774.696880 19.872 0.123
2456774.790210 19.739 0.117
2456774.833620 19.791 0.136
2456775.677260 19.650 0.057
2456775.725810 19.503 0.046
2456775.786190 19.506 0.054
2456775.840670 19.485 0.055
2456776.659020 19.875 0.097
2456776.717070 19.782 0.087
2456776.826700 19.481 0.066
2456777.725150 19.455 0.054
2456777.777030 19.482 0.052
2456777.822800 19.538 0.070
2456784.648260 19.883 0.107
2456784.706310 19.849 0.108
2456784.757000 19.414 0.071
2456784.806010 19.467 0.056
2456785.634180 19.650 0.069
2456785.683220 19.505 0.056
2456785.730580 19.473 0.052
2456785.785350 19.503 0.048
2456786.645050 19.613 0.061
2456786.691350 19.498 0.058
2456786.804660 19.609 0.050
2456786.830410 19.662 0.078
2456787.726410 19.788 0.082
2456787.789720 19.553 0.060
2456788.808590 19.622 0.091
2456789.635980 19.545 0.092
2456789.679980 19.798 0.124
2456789.723790 19.612 0.083
2456789.767060 19.492 0.066
2456789.815310 19.616 0.076
2456789.869100 19.389 0.081
2456790.637680 20.147 0.185
2456790.681470 19.527 0.092
2456790.724960 19.594 0.085
2456790.769040 19.525 0.082
2456790.821610 19.659 0.091
2456790.867290 19.889 0.140
2456790.920850 19.771 0.127
2456791.630140 20.077 0.191
2456791.674130 19.522 0.109
2456791.723200 19.639 0.104
2456791.767380 19.540 0.077
2456791.816560 19.739 0.106
2456791.863160 19.549 0.094
2456791.908690 19.764 0.112
2456792.618420 19.606 0.137
2456792.664520 19.463 0.093
2456792.705980 19.705 0.106
2456792.753850 19.682 0.100
2456792.833080 19.810 0.113
2456792.866280 19.660 0.123
2456796.604820 19.623 0.109
2456796.648960 19.798 0.099
2456796.697150 19.629 0.098
2456796.740830 19.516 0.082
2456796.788440 19.523 0.090
2456796.837760 19.678 0.091
2456796.882580 19.441 0.068
2456796.926940 19.437 0.093
2456797.626060 19.959 0.125
2456797.662450 19.787 0.122
2456797.765930 19.501 0.073
2456797.812380 19.888 0.155
2456797.855890 19.924 0.146
2456797.895220 19.777 0.140
2456797.934010 19.291 0.115
2456798.671050 19.747 0.118
2456798.756540 20.185 0.246
2456798.817420 19.975 0.217
2456798.862140 20.038 0.232
2456799.783050 19.721 0.162
2456799.857570 19.505 0.141
2456799.915330 19.406 0.118
2456803.690770 19.435 0.067
2456803.739030 19.761 0.065
2456803.789330 19.567 0.062
2456803.837610 19.447 0.067
2456803.879160 19.650 0.081
2456803.917180 19.530 0.078
2456804.571690 20.025 0.178
2456804.615720 19.648 0.075
2456804.664020 19.729 0.078
2456804.717500 19.647 0.062
2456804.766370 19.508 0.069
2456804.821460 19.848 0.108
2456804.865940 19.756 0.093
2456804.907540 19.574 0.107
2456805.619360 19.734 0.104
2456805.669010 19.730 0.116
2456805.715560 19.482 0.072
2456805.782990 19.453 0.071
2456805.826780 19.547 0.088
2456805.870240 19.656 0.118
2456806.849130 19.679 0.100
2456806.896110 19.473 0.112
2456807.636470 19.838 0.152
2456807.697960 19.878 0.144
2456807.747820 19.708 0.123
2456807.795180 19.668 0.103
2456807.839960 19.812 0.124
2456807.883870 19.717 0.133
2456808.597380 19.868 0.137
2456808.643230 19.716 0.097
2456808.689880 19.584 0.064
2456808.757420 19.596 0.063
2456808.802800 19.780 0.087
2456808.848300 19.559 0.073
2456808.892620 19.787 0.093
2456808.931960 19.587 0.125
2456809.587930 19.852 0.092
2456809.646250 19.591 0.062
2456809.703750 19.626 0.045
2456809.816840 19.599 0.074
2456809.871170 19.565 0.095
2456809.913180 19.601 0.114
2456810.583700 19.700 0.102
2456810.630890 19.504 0.072
2456810.676630 19.616 0.074
2456810.733360 19.621 0.064
2456810.788720 19.688 0.071
2456810.842750 19.734 0.089
2456810.888080 19.816 0.112
2456810.928420 19.489 0.125
2456811.582580 19.558 0.116
2456811.626770 19.470 0.090
2456811.674120 19.505 0.074
2456811.792580 19.837 0.112
2456811.838790 19.859 0.119
2456811.887240 19.647 0.122
2456811.928600 19.821 0.228
2456813.619460 19.406 0.107
2456813.720880 19.509 0.068
2456813.885820 19.749 0.107
2456813.927860 19.679 0.120
2456814.614830 19.841 0.118
2456814.673460 19.638 0.060
2456814.750990 19.626 0.064
2456814.796420 19.752 0.089
2456814.840730 19.621 0.089
2456814.886440 19.735 0.124
2456815.595580 19.496 0.094
2456815.642450 19.982 0.139
2456815.690440 19.674 0.089
2456815.769120 19.525 0.076
2456815.822720 19.615 0.080
2456815.873290 19.588 0.077
2456815.917980 19.734 0.115
2456816.583970 19.991 0.171
2456816.646020 19.982 0.149
2456816.711810 19.559 0.087
2456816.768000 19.692 0.098
2456816.822550 19.696 0.089
2456816.872360 19.475 0.089
2456817.586960 19.476 0.095
2456817.634140 19.697 0.087
2456817.683430 19.505 0.085
2456817.733930 19.533 0.084
2456817.778850 19.472 0.079
2456817.832580 20.000 0.153
2456817.886300 19.425 0.106
2456818.573070 19.651 0.094
2456818.853910 19.724 0.158
2456819.603910 19.547 0.113
2456819.641230 19.532 0.114
2456819.681010 19.662 0.103
2456819.730820 19.671 0.123
2456819.770680 19.584 0.117
2456819.820960 19.772 0.192
2456819.866170 19.567 0.162
2456823.700640 19.653 0.118
2456823.739110 19.678 0.093
2456823.785070 19.567 0.083
2456823.830050 19.569 0.096
2456823.871040 19.680 0.112
2456824.545490 19.376 0.106
2456824.593790 19.624 0.136
2456824.646620 19.502 0.113
2456824.697750 19.686 0.102
2456824.765820 19.894 0.112
2456824.810530 19.636 0.104
2456824.855410 19.890 0.148
2456825.562430 19.807 0.097
2456825.606220 19.781 0.097
2456825.650860 19.635 0.079
2456825.707370 19.748 0.088
2456825.763270 19.570 0.075
2456825.808050 19.553 0.089
2456825.852830 19.426 0.114
2456826.529400 19.937 0.148
2456826.574550 19.757 0.115
2456826.618190 19.815 0.106
2456826.662620 19.540 0.065
2456826.775110 19.871 0.102
2456826.832440 19.626 0.093
2456826.885100 19.668 0.114
2456827.544720 19.687 0.086
2456827.589620 19.838 0.095
2456827.634680 19.675 0.072
2456827.702650 19.763 0.077
2456827.769290 19.490 0.061
2456827.814280 19.701 0.093
2456827.858850 19.522 0.091
2456828.544240 19.672 0.100
2456828.590120 19.567 0.066
2456828.635640 19.647 0.066
2456828.691570 19.703 0.072
2456828.760400 19.707 0.075
2456828.813880 19.896 0.097
2456829.544000 19.673 0.117
2456829.588510 19.490 0.101
2456829.642530 19.698 0.100
2456829.744210 19.455 0.078
2456829.788340 19.746 0.096
2456829.831720 20.031 0.136
2456830.549020 19.514 0.090
2456830.596140 19.501 0.076
2456830.649990 19.654 0.055
2456830.707940 19.729 0.056
2456830.752910 19.473 0.055
2456830.797050 19.815 0.090
2456830.848960 19.703 0.085
2456831.527500 19.719 0.075
2456831.615630 19.549 0.053
2456831.659200 19.605 0.056
2456831.727920 19.693 0.068
2456831.772660 19.672 0.077
2456831.821550 19.545 0.080
2456831.863300 19.399 0.112
2456832.520710 19.659 0.083
2456832.730440 19.436 0.063
2456832.775450 19.669 0.101
2456832.821020 19.397 0.088
2456833.525270 19.892 0.160
2456833.570590 19.518 0.102
2456833.620710 19.500 0.084
2456833.734210 19.728 0.094
2456833.778030 19.768 0.110
2456833.822180 19.476 0.122
2456833.861640 19.694 0.174
2456834.512170 19.478 0.106
2456834.557060 19.561 0.089
2456834.600630 19.601 0.096
2456834.710240 19.716 0.083
2456834.754890 19.819 0.102
2456834.799260 19.786 0.170
2456835.534240 19.843 0.138
2456835.579750 19.631 0.093
2456835.688780 19.704 0.097
2456835.733040 19.484 0.071
2456835.777310 19.665 0.106
2456835.821410 19.552 0.107
2456835.862990 19.917 0.173
2456836.532320 19.837 0.173
2456836.589360 19.850 0.146
2456836.629730 19.690 0.097
2456836.736720 19.719 0.140
2456836.781110 19.405 0.098
2456836.825200 19.659 0.109
2456837.492440 19.539 0.080
2456837.536260 19.847 0.088
2456837.579550 19.518 0.061
2456837.622940 19.499 0.060
2456837.688080 19.764 0.083
2456837.731630 19.506 0.071
2456837.820120 19.515 0.097
2456837.856650 19.804 0.146
2456838.562960 19.361 0.088
2456838.608180 19.468 0.068
2456838.761500 19.566 0.084
2456838.805750 19.472 0.086
2456838.845960 19.958 0.198
2456839.515020 19.538 0.073
2456839.561430 19.617 0.086
2456839.651270 19.689 0.080
2456839.718700 19.614 0.099
2456839.762590 19.512 0.091
2456839.807490 19.512 0.099
2456839.844500 19.348 0.107
2456840.545170 19.925 0.169
2456840.709580 19.693 0.150
2456840.753090 19.605 0.078
2456840.796900 19.797 0.137
2456841.536350 19.481 0.079
2456841.591170 19.583 0.064
2456841.702660 19.900 0.111
2456841.745760 19.928 0.118
2456841.790000 19.806 0.131
2456841.829710 19.399 0.109
2456842.562480 19.644 0.113
2456842.605770 19.391 0.076
2456842.714600 19.724 0.103
2456842.760190 19.858 0.115
2456842.803890 19.597 0.119
2456844.473700 20.048 0.198
2456844.517250 19.669 0.091
2456844.562080 19.725 0.081
2456844.605640 19.547 0.068
2456844.663590 19.676 0.075
2456844.719910 19.762 0.092
2456844.765370 19.908 0.111
2456844.808760 19.397 0.087
2456844.845550 19.363 0.113
2456845.480370 19.667 0.105
2456845.523650 19.526 0.066
2456845.566710 19.712 0.080
2456845.609860 19.588 0.072
2456845.663890 19.668 0.064
2456845.717650 19.521 0.068
2456845.761550 19.551 0.076
2456845.805860 19.448 0.077
2456846.813400 19.666 0.100
2456847.495100 19.735 0.136
2456847.532330 19.641 0.093
2456847.571140 19.622 0.088
2456847.608210 19.696 0.081
2456847.649840 19.669 0.104
2456847.688720 19.512 0.095
2456847.726180 19.584 0.082
2456847.763360 19.485 0.087
2456847.800670 19.721 0.133
2456850.627550 19.491 0.103
2456850.649980 19.708 0.150
2456851.499730 20.045 0.160
2456851.549520 19.672 0.097
2456851.596050 19.489 0.080
2456851.645570 19.666 0.093
2456851.691820 19.457 0.080
2456851.738570 19.759 0.149
2456852.476740 19.692 0.156
2456852.524770 20.153 0.225
2456852.631360 19.516 0.105
2456852.692190 19.581 0.154
2456852.742490 20.158 0.231
2456853.746530 19.650 0.159
2456854.506360 19.535 0.071
2456854.514520 19.974 0.120
2456854.530560 19.663 0.075
2456854.547630 19.494 0.052
2456854.675790 19.431 0.064
2456855.470080 19.666 0.115
2456855.516040 19.677 0.102
2456855.563530 19.826 0.115
2456855.607620 19.544 0.073
2456855.674820 19.562 0.066
2456855.719280 19.553 0.074
2456855.800080 19.458 0.079
2456856.485440 19.515 0.085
2456856.530730 19.835 0.093
2456856.641330 19.621 0.069
2456856.775520 19.522 0.087
2456857.470120 19.528 0.077
2456857.514030 19.591 0.072
2456857.558610 19.575 0.075
2456857.613670 19.651 0.059
2456857.671670 19.570 0.061
2456857.715480 19.451 0.057
2456857.767040 19.478 0.072
2456858.469970 19.806 0.089
2456858.514250 19.577 0.065
2456858.558860 19.697 0.065
2456858.624250 19.538 0.052
2456858.670070 19.509 0.057
2456858.714400 19.564 0.067
2456858.760690 19.531 0.078
2456859.572770 19.342 0.093
2456859.632730 19.911 0.109
2456859.687270 19.607 0.095
2456859.737030 19.993 0.155
2456862.559190 19.723 0.124
2456862.626790 19.672 0.096
2456862.670680 19.565 0.091
2456862.717410 19.703 0.105
2456862.759340 19.431 0.081
2456863.484710 19.717 0.085
2456863.529280 19.670 0.066
2456863.599050 19.678 0.059
2456863.644570 19.673 0.079
2456863.689680 19.497 0.064
2456863.736980 19.512 0.084
2456863.774860 19.476 0.085
2456864.501370 19.484 0.091
2456864.546700 19.859 0.121
2456864.613140 19.511 0.074
2456864.658230 19.565 0.070
2456864.704220 19.426 0.067
2456865.545980 19.594 0.077
2456865.651310 19.606 0.090
2456867.642980 19.642 0.093
2456870.527450 19.418 0.100
2456870.671550 19.620 0.084
2456870.723070 19.693 0.101
2456871.537020 19.557 0.076
2456871.607550 19.533 0.090
2456872.514160 19.475 0.094
2456872.590660 19.868 0.112
2456872.647730 19.656 0.085
2456872.716150 19.416 0.081
2456873.497590 19.457 0.113
2456873.573650 19.782 0.136
2456874.552630 19.591 0.107
2456874.641140 19.489 0.071
2456878.573720 19.592 0.174
2456879.518720 19.417 0.121
2456879.578140 19.783 0.178
2456879.647080 19.611 0.128
2456879.709240 19.598 0.155
2456880.561170 19.589 0.126
2456880.620990 19.320 0.118
2456880.675260 19.830 0.200
2456880.721270 19.774 0.190
2456881.483140 19.509 0.105
2456881.556730 19.517 0.100
2456881.624770 19.698 0.112
2456881.694060 20.047 0.191
2456882.476430 19.725 0.120
2456882.625430 19.527 0.067
2456882.673880 19.586 0.085
2456882.722020 19.443 0.090
2456883.475970 19.649 0.120
2456883.509050 19.546 0.085
2456883.553710 19.425 0.072
2456883.597440 19.471 0.079
2456883.627660 19.513 0.086
2456883.649570 19.453 0.101
2456883.666440 19.744 0.126
2456883.683960 19.729 0.131
2456883.728770 19.632 0.134
2456884.677200 19.831 0.108
2456884.719540 19.700 0.124
2456885.489450 19.504 0.085
2456885.557560 19.630 0.080
2456885.603150 19.613 0.069
2456885.699060 19.630 0.099
2456886.474900 19.688 0.139
2456886.534010 19.497 0.081
2456886.591460 19.622 0.068
2456886.637750 19.465 0.067
2456886.683800 19.974 0.177
2456887.475240 19.868 0.113
2456887.541450 19.696 0.086
2456887.590730 19.656 0.060
2456887.637740 19.671 0.079
2456888.473320 19.643 0.083
2456888.539880 19.456 0.057
2456888.586190 19.518 0.074
2456888.637420 19.631 0.085
2456888.689000 19.539 0.105
2456889.489880 19.603 0.082
2456889.556520 19.656 0.082
2456889.603880 19.925 0.117
2456889.651130 19.761 0.097
2456890.500580 19.821 0.106
2456890.560270 19.545 0.078
2456890.606890 19.599 0.084
2456890.651500 19.420 0.067
2456890.693650 19.469 0.104
2456891.503420 19.705 0.106
2456891.562130 19.699 0.081
2456891.611160 19.610 0.093
2456891.656730 19.763 0.123
2456891.699400 19.782 0.137
2456895.498380 19.786 0.089
2456895.568110 19.640 0.073
2456895.612720 19.559 0.068
2456895.661690 19.475 0.072
2456896.551310 19.526 0.093
2456896.595820 19.668 0.083
2456896.639830 19.785 0.118
2456898.513920 19.597 0.088
2456898.611190 19.571 0.109
2456900.496260 19.398 0.083
2456907.557520 19.525 0.092
2456907.600850 19.604 0.101
2456907.644620 19.642 0.133
2456908.482250 19.645 0.138
2456908.513170 19.376 0.103
2456908.551130 19.542 0.095
2456908.603210 19.835 0.155
2456909.524570 19.381 0.120
2456909.581290 19.517 0.119
2456909.625330 19.411 0.119
2456910.579010 19.331 0.124
2456912.478970 19.558 0.125
2456912.495060 19.476 0.090
2456912.547940 19.668 0.108
2456912.598320 19.740 0.121
2456915.518090 19.498 0.078
2456915.561130 19.915 0.130
2456915.605320 19.671 0.139
2456916.531790 19.571 0.087
2456918.531710 20.090 0.182
2456918.575640 19.734 0.127
2456918.622120 19.472 0.135
2456919.559990 19.676 0.096
2456920.509430 19.452 0.130
2456922.496550 19.727 0.135
2456922.539880 19.865 0.136
2456922.585210 19.798 0.131
2456923.532360 19.756 0.158
2456923.582660 19.819 0.180
2456924.498820 19.581 0.095
2456924.542070 19.663 0.117
2456924.587930 19.380 0.101
2456925.508540 19.584 0.136
2456925.553400 19.989 0.163
2456925.599090 19.817 0.153
2456926.497790 19.541 0.126
2456926.548650 19.564 0.096
2456926.592310 19.805 0.118
2456927.524840 19.942 0.217
2456927.568670 19.377 0.099
2456927.612280 19.736 0.152
2456928.529190 19.443 0.126
2456928.574120 19.825 0.167
2456929.506410 19.750 0.135
2456929.562500 19.646 0.130
2456929.605630 19.918 0.208
2456930.528170 19.583 0.154
2456936.500230 19.538 0.107
2456936.546680 19.272 0.118
2456937.499970 19.541 0.106
2456937.544260 19.731 0.149
2456938.529080 19.323 0.123
2456940.533760 19.638 0.152
2456941.497630 19.591 0.155
2456942.503490 19.532 0.111
2456942.546960 19.313 0.106
2456943.502090 19.452 0.128
2456944.486700 19.605 0.124
2456947.500350 19.456 0.126
2456949.525020 19.425 0.129
2456950.535550 19.513 0.147
2456951.488800 20.150 0.266
2456953.494230 19.537 0.153
2456954.520500 19.542 0.139
2456955.510290 19.681 0.132
2456956.524260 19.503 0.132
2457059.873190 19.375 0.119
2457060.865910 19.476 0.113
2457060.882000 19.603 0.103
2457061.861890 20.079 0.168
2457061.877930 19.787 0.101
2457062.859820 19.597 0.099
2457063.875660 19.467 0.102
2457064.872420 19.485 0.090
2457065.864300 19.880 0.139
2457066.857170 19.565 0.182
2457069.841080 19.724 0.112
2457069.880330 19.770 0.095
2457070.891750 19.732 0.091
2457071.866190 19.851 0.085
2457072.836000 20.039 0.137
2457072.873870 19.719 0.086
2457074.849760 19.566 0.123
2457074.889900 19.639 0.098
2457075.828010 19.753 0.129
2457075.867150 19.667 0.101
2457077.827490 20.069 0.188
2457077.865090 19.485 0.089
2457078.816640 19.872 0.140
2457078.856050 19.719 0.091
2457078.893780 19.669 0.073
2457079.893070 19.755 0.156
2457080.839140 19.669 0.091
2457080.889370 19.563 0.072
2457081.890330 19.651 0.122
2457082.809020 19.423 0.089
2457082.857840 19.873 0.083
2457082.897320 19.428 0.064
2457083.835960 20.099 0.183
2457083.879960 19.389 0.077
2457084.801320 19.561 0.108
2457084.860250 19.810 0.091
2457085.800460 19.652 0.095
2457085.878420 19.801 0.086
2457086.803340 20.056 0.156
2457086.855140 19.736 0.088
2457086.899130 19.473 0.062
2457087.801790 19.702 0.111
2457087.866650 19.784 0.107
2457088.792120 19.629 0.096
2457088.837750 19.601 0.081
2457088.882310 19.621 0.081
2457089.788780 19.723 0.109
2457089.848100 19.735 0.099
2457089.891830 19.526 0.075
2457090.787540 19.615 0.113
2457090.847460 19.728 0.086
2457090.891610 19.836 0.085
2457091.845460 19.828 0.111
2457091.890100 19.540 0.081
2457092.782110 19.506 0.078
2457092.875960 19.590 0.075
2457097.765730 19.494 0.066
2457097.828410 19.587 0.056
2457097.872370 19.533 0.051
2457098.777430 19.863 0.102
2457098.822240 19.578 0.067
2457098.876090 19.538 0.054
2457099.769110 19.517 0.069
2457099.817840 19.632 0.085
2457099.865790 19.604 0.076
2457100.794630 19.669 0.080
2457100.840430 19.602 0.065
2457100.885450 19.684 0.075
2457101.783530 19.703 0.153
2457101.867590 19.747 0.126
2457102.877120 19.730 0.115
2457108.805780 19.638 0.111
2457108.852740 19.971 0.139
2457109.741090 19.704 0.089
2457109.856790 19.867 0.098
2457109.906760 19.605 0.067
2457110.766100 19.638 0.064
2457110.811230 19.601 0.051
2457111.741180 19.787 0.100
2457111.787020 19.672 0.076
2457111.843210 19.668 0.066
2457111.898620 19.609 0.060
2457112.735310 19.381 0.108
2457112.794680 19.518 0.088
2457112.858030 19.675 0.076
2457112.905630 19.579 0.069
2457113.734690 19.881 0.101
2457113.781420 19.548 0.058
2457113.825530 19.634 0.067
2457113.880940 19.679 0.061
2457114.738280 19.869 0.170
2457114.792010 19.578 0.074
2457114.847910 19.557 0.065
2457114.893900 19.631 0.064
2457115.716930 19.826 0.125
2457115.763250 19.782 0.111
2457115.806570 19.588 0.082
2457115.888290 19.610 0.064
2457116.717340 19.558 0.113
2457116.769480 19.489 0.089
2457116.813650 19.779 0.112
2457116.876620 19.637 0.079
2457116.921660 19.774 0.116
2457117.751620 19.689 0.088
2457117.796580 19.796 0.079
2457117.841410 19.700 0.074
2457117.898310 19.563 0.059
2457118.755350 19.560 0.090
2457118.810180 19.554 0.070
2457118.861690 19.603 0.069
2457118.910040 19.543 0.066
2457119.765470 19.706 0.124
2457119.773300 19.971 0.135
2457119.816880 19.641 0.108
2457119.860820 19.691 0.098
2457119.910930 19.767 0.104
2457120.758420 19.704 0.126
2457120.781810 19.471 0.100
2457120.814370 19.442 0.074
2457120.853340 19.492 0.066
2457125.718510 19.512 0.075
2457125.765740 19.593 0.100
2457125.814710 19.535 0.060
2457125.872370 19.648 0.063
2457125.920540 19.491 0.068
2457126.728810 19.506 0.070
2457126.781360 19.617 0.071
2457126.846160 19.531 0.054
2457126.913110 19.505 0.056
2457127.734800 19.588 0.064
2457129.720510 19.484 0.072
2457129.764910 19.608 0.077
2457129.817930 19.645 0.065
2457129.877860 19.652 0.065
2457129.917420 19.698 0.095
2457130.702130 19.397 0.074
2457130.745800 19.611 0.071
2457130.798690 19.736 0.084
2457130.853100 19.588 0.068
2457130.899050 19.695 0.093
2457131.688810 20.088 0.153
2457131.775930 19.664 0.064
2457131.832840 19.553 0.050
2457131.889730 19.565 0.055
2457132.680940 19.616 0.127
2457132.724730 19.525 0.070
2457132.768060 19.617 0.077
2457133.820920 19.785 0.090
2457133.868930 19.669 0.089
2457134.686570 19.919 0.129
2457134.723380 19.676 0.095
2457134.767810 19.830 0.096
2457134.822230 19.798 0.094
2457134.879370 19.767 0.086
2457134.923810 19.682 0.075
2457135.710640 19.542 0.056
2457135.754190 19.651 0.056
2457135.798580 19.716 0.058
2457135.866780 19.592 0.052
2457135.911280 19.593 0.055
2457136.731540 19.534 0.073
2457136.774970 19.698 0.078
2457136.828470 19.733 0.089
2457136.885130 19.585 0.076
2457136.929490 20.174 0.199
2457137.696730 19.557 0.054
2457137.741050 19.582 0.051
2457137.851650 19.744 0.084
2457137.897450 19.739 0.099
2457138.696510 19.610 0.087
2457138.741800 19.607 0.078
2457138.785920 19.544 0.061
2457138.852540 19.624 0.056
2457138.897900 19.591 0.069
2457139.663220 19.411 0.093
2457139.736620 19.859 0.098
2457139.779400 19.580 0.077
2457139.842880 19.637 0.080
2457139.890450 19.533 0.064
2457139.935290 19.975 0.188
2457140.686080 19.631 0.081
2457140.726140 19.653 0.094
2457140.769470 19.835 0.088
2457140.832940 19.959 0.136
2457140.922160 19.825 0.102
2457141.685740 19.440 0.059
2457141.729740 19.514 0.051
2457141.774110 19.585 0.049
2457141.835950 19.541 0.053
2457141.886950 19.620 0.066
2457141.931420 19.627 0.091
2457142.680130 19.557 0.056
2457142.726010 19.561 0.057
2457142.770730 19.504 0.058
2457142.825720 19.487 0.061
2457142.881290 19.648 0.070
2457142.925250 19.738 0.084
2457143.679870 19.648 0.086
2457143.722860 19.825 0.108
2457143.766980 19.715 0.093
2457143.813460 19.716 0.081
2457143.867960 19.719 0.087
2457143.931890 19.976 0.148
2457144.671390 20.007 0.159
2457144.713840 19.786 0.137
2457144.768680 19.727 0.086
2457144.840140 19.661 0.113
2457145.688710 19.856 0.141
2457145.764670 19.574 0.093
2457145.809680 19.556 0.075
2457145.856110 19.554 0.090
2457145.901800 19.731 0.100
2457146.638460 19.636 0.143
2457146.676470 19.373 0.084
2457146.713440 19.519 0.082
2457146.750470 19.602 0.089
2457146.787780 19.571 0.078
2457146.828410 19.491 0.068
2457146.867220 19.682 0.086
2457146.904600 19.562 0.089
2457147.644990 20.002 0.238
2457147.682670 19.657 0.131
2457147.720610 19.703 0.125
2457147.757980 19.717 0.115
2457147.795380 19.569 0.112
2457147.835290 19.596 0.107
2457147.914100 19.763 0.127
2457148.876900 19.704 0.141
2457151.844010 19.633 0.107
2457152.785980 19.679 0.080
2457152.832880 19.427 0.078
2457152.878040 19.511 0.076
2457153.641160 19.741 0.096
2457153.729970 19.640 0.064
2457153.819360 19.690 0.062
2457153.910020 19.727 0.101
2457154.664110 19.677 0.057
2457154.713380 19.550 0.056
2457154.757200 19.520 0.057
2457154.820490 19.562 0.071
2457154.873610 19.505 0.063
2457154.916970 19.532 0.063
2457155.632890 19.516 0.081
2457155.680550 19.700 0.077
2457155.724970 19.485 0.055
2457155.771610 19.615 0.063
2457155.838590 19.593 0.075
2457155.881870 19.420 0.066
2457155.925440 19.754 0.085
2457156.634410 19.695 0.065
2457156.675260 19.505 0.059
2457156.720780 19.542 0.050
2457156.798350 19.575 0.053
2457157.614340 19.792 0.085
2457157.658500 19.709 0.072
2457157.707980 19.465 0.055
2457157.767900 19.594 0.056
2457157.869960 19.713 0.101
2457157.914510 19.806 0.094
2457158.650030 19.820 0.101
2457158.694270 19.599 0.069
2457158.737950 19.537 0.065
2457158.793150 19.767 0.091
2457158.849030 19.604 0.087
2457158.892570 19.513 0.089
2457158.936740 19.846 0.133
2457159.636680 19.690 0.079
2457159.680260 19.630 0.069
2457159.724050 19.562 0.071
2457159.779590 19.724 0.076
2457159.835070 19.613 0.068
2457159.878900 19.432 0.071
2457159.923510 19.863 0.104
2457160.643580 19.788 0.105
2457160.688460 19.738 0.086
2457160.731790 19.553 0.064
2457160.799870 19.588 0.067
2457160.934820 19.418 0.088
2457161.638710 19.872 0.113
2457161.701410 19.531 0.049
2457161.754510 19.731 0.069
2457161.810960 19.517 0.056
2457161.855320 19.551 0.054
2457161.901200 19.507 0.068
2457162.599800 19.603 0.077
2457162.644420 19.911 0.120
2457162.689070 19.528 0.068
2457162.732570 19.452 0.070
2457162.799430 19.757 0.088
2457162.843460 19.578 0.077
2457162.890380 19.622 0.089
2457162.933930 19.724 0.104
2457163.638920 19.656 0.115
2457163.683550 19.533 0.093
2457163.727880 19.424 0.071
2457163.792630 19.576 0.080
2457163.837060 19.663 0.082
2457163.924810 19.966 0.165
2457164.742050 19.432 0.070
2457164.789380 19.738 0.070
2457164.852200 19.471 0.076
2457164.895470 19.756 0.112
2457164.939080 19.973 0.193
2457165.901860 19.580 0.104
2457166.630610 19.453 0.091
2457166.673910 19.689 0.093
2457166.727270 19.658 0.085
2457166.785400 19.594 0.074
2457166.873900 19.396 0.109
2457166.917970 19.790 0.114
2457168.807540 19.680 0.083
2457169.617340 19.591 0.068
2457169.661710 19.531 0.053
2457169.706420 19.609 0.059
2457169.772390 19.550 0.051
2457169.817020 19.642 0.059
2457169.871590 19.470 0.055
2457169.914920 19.509 0.074
2457170.590380 19.670 0.087
2457170.634300 19.449 0.061
2457170.678320 19.541 0.064
2457170.722710 19.756 0.091
2457170.792250 19.691 0.085
2457170.839160 19.565 0.070
2457171.843450 19.773 0.098
2457172.576620 19.833 0.159
2457172.619970 19.971 0.147
2457172.664500 19.462 0.080
2457172.708850 19.465 0.069
2457172.774900 19.623 0.095
2457172.818680 19.430 0.081
2457172.869920 19.960 0.145
2457172.913790 19.735 0.108
2457173.572530 19.685 0.182
2457173.625090 19.888 0.151
2457173.670790 19.453 0.076
2457173.725470 19.471 0.065
2457173.790250 19.749 0.104
2457173.837070 19.514 0.082
2457173.880950 19.541 0.090
2457173.925080 19.618 0.102
2457174.578930 19.733 0.152
2457174.620540 19.650 0.100
2457174.664810 19.802 0.101
2457174.708610 19.482 0.074
2457174.762410 19.635 0.083
2457174.807380 19.552 0.096
2457174.850910 19.876 0.138
2457174.897730 19.327 0.101
2457174.941330 19.637 0.122
2457175.602260 19.389 0.100
2457175.693290 19.799 0.118
2457175.887650 19.648 0.143
2457178.668480 19.435 0.083
2457178.839940 19.783 0.116
2457179.560660 19.504 0.103
2457179.604650 19.483 0.115
2457179.647710 19.531 0.116
2457179.691490 19.506 0.087
2457179.739020 19.565 0.086
2457179.783630 19.713 0.102
2457179.876250 19.694 0.117
2457179.920760 19.459 0.098
2457180.571440 19.970 0.135
2457180.657320 19.749 0.113
2457180.701380 19.615 0.079
2457180.748900 19.968 0.125
2457180.800100 19.500 0.072
2457180.847040 19.801 0.102
2457180.892190 19.712 0.103
2457181.581080 19.627 0.075
2457181.624220 19.500 0.061
2457181.692940 19.532 0.068
2457181.785640 19.685 0.093
2457181.830230 19.509 0.082
2457181.877770 19.838 0.128
2457182.569540 19.961 0.127
2457182.656390 19.655 0.070
2457182.720040 19.543 0.086
2457182.776140 19.704 0.083
2457182.819610 19.452 0.066
2457182.866580 19.929 0.099
2457182.911600 19.654 0.105
2457183.546370 19.933 0.147
2457183.595290 19.591 0.077
2457183.638990 19.643 0.081
2457183.692200 19.535 0.089
2457183.750600 19.902 0.122
2457183.793880 19.737 0.090
2457183.841460 19.703 0.095
2457183.886290 19.516 0.094
2457184.602360 19.569 0.097
2457184.645520 19.707 0.131
2457184.689400 19.394 0.077
2457184.756350 19.591 0.089
2457184.800180 19.852 0.130
2457184.847070 19.578 0.088
2457184.891480 19.657 0.099
2457185.581210 19.696 0.093
2457185.676940 19.541 0.108
2457185.734210 19.602 0.079
2457185.821320 19.724 0.110
2457185.866740 19.480 0.104
2457186.585610 19.503 0.087
2457186.629310 19.682 0.151
2457186.697430 19.668 0.129
2457186.827890 19.759 0.111
2457186.871390 19.569 0.101
2457187.579480 19.923 0.125
2457187.623510 19.587 0.090
2457187.686170 19.777 0.073
2457187.733160 19.644 0.070
2457187.777820 19.436 0.073
2457187.826890 19.429 0.067
2457188.578760 19.700 0.095
2457188.736190 19.440 0.072
2457188.780690 19.443 0.095
2457188.826690 19.395 0.093
2457189.552540 19.628 0.103
2457189.597910 19.666 0.082
2457189.662510 19.783 0.081
2457189.710390 19.635 0.080
2457189.755890 19.584 0.078
2457189.805060 19.742 0.086
2457189.848560 19.683 0.092
2457189.892160 20.033 0.174
2457190.531200 19.652 0.119
2457190.609190 19.467 0.075
2457190.655080 19.592 0.066
2457190.724700 19.911 0.110
2457190.771180 19.772 0.099
2457190.822430 19.583 0.091
2457191.606560 19.530 0.084
2457191.650540 19.690 0.084
2457191.790410 19.689 0.121
2457191.835920 19.431 0.098
2457192.824250 19.492 0.057
2457192.853890 19.658 0.095
2457193.580000 19.493 0.055
2457193.614270 19.640 0.066
2457193.660030 19.681 0.053
2457193.700840 19.599 0.049
2457193.747430 19.548 0.058
2457193.800810 19.500 0.053
2457193.850690 19.547 0.068
2457194.535040 19.701 0.076
2457194.583400 19.583 0.068
2457194.627920 19.716 0.075
2457194.697670 19.546 0.058
2457194.744780 19.778 0.083
2457194.789210 19.665 0.108
2457195.592380 19.819 0.078
2457196.849070 19.615 0.142
2457196.863940 19.482 0.097
2457197.526210 19.651 0.122
2457197.569000 19.738 0.091
2457197.615640 19.740 0.077
2457197.716380 19.809 0.089
2457197.814310 19.994 0.143
2457198.537200 19.715 0.111
2457198.580000 19.875 0.113
2457198.625290 19.709 0.082
2457198.680120 19.630 0.076
2457198.737250 19.757 0.091
2457198.780520 19.959 0.127
2457198.826280 19.784 0.215
2457199.527990 19.640 0.094
2457199.571100 19.675 0.081
2457199.614510 19.534 0.063
2457199.659030 19.619 0.057
2457199.724670 19.545 0.063
2457199.768250 19.643 0.069
2457199.811290 19.660 0.071
2457199.856860 19.519 0.077
2457200.494580 19.831 0.133
2457200.540620 19.744 0.076
2457200.571070 19.506 0.062
2457200.596070 19.598 0.062
2457200.640440 19.676 0.058
2457200.688080 19.621 0.060
2457200.733130 19.714 0.081
2457200.780360 19.487 0.078
2457200.826730 19.460 0.078
2457200.880350 19.780 0.097
2457202.584300 19.926 0.152
2457202.690960 19.512 0.117
2457202.741390 19.547 0.124
2457202.787380 20.028 0.230
2457202.848860 19.652 0.157
2457206.558070 19.843 0.166
2457206.602540 20.087 0.198
2457206.648970 19.706 0.130
2457206.704090 19.813 0.152
2457206.747080 19.570 0.107
2457206.792200 19.713 0.124
2457206.835000 19.881 0.193
2457207.525980 19.582 0.100
2457207.613900 19.845 0.103
2457207.660050 19.775 0.103
2457207.705950 19.425 0.079
2457207.749810 19.554 0.139
2457207.797310 19.747 0.173
2457207.817760 19.610 0.120
2457207.863990 19.337 0.123
2457208.490280 19.793 0.108
2457209.620220 19.669 0.101
2457209.652290 19.497 0.096
2457209.695800 19.586 0.086
2457209.739420 19.426 0.081
2457209.783270 19.491 0.089
2457209.825430 19.714 0.145
2457210.837240 19.401 0.132
2457211.474700 19.681 0.134
2457211.517530 19.803 0.136
2457211.603110 19.492 0.060
2457211.714510 19.698 0.077
2457211.757730 19.602 0.086
2457212.573810 19.730 0.080
2457214.513970 19.641 0.112
2457214.565600 19.922 0.111
2457214.728960 19.829 0.127
2457217.566780 19.734 0.111
2457217.619810 19.758 0.119
2457217.748800 19.537 0.115
2457219.494810 19.375 0.099
2457219.557340 19.294 0.110
2457219.606760 19.812 0.079
2457219.672670 19.592 0.072
2457219.716720 19.656 0.088
2457220.470160 19.906 0.176
2457220.483370 19.621 0.101
2457220.526320 19.708 0.090
2457220.569230 19.693 0.076
2457220.625080 19.585 0.052
2457220.680500 19.723 0.057
2457220.724590 19.562 0.054
2457220.768590 19.824 0.092
2457221.485860 19.754 0.111
2457221.529930 19.852 0.122
2457221.573090 19.551 0.077
2457221.628510 19.732 0.081
2457221.682790 19.998 0.124
2457221.726460 19.623 0.070
2457222.488340 19.834 0.128
2457222.541130 19.501 0.081
2457222.591080 19.707 0.079
2457222.645620 19.678 0.089
2457222.662100 19.433 0.076
2457222.721200 19.629 0.111
2457222.775690 19.573 0.095
2457223.499790 19.842 0.157
2457223.545560 19.527 0.100
2457223.653930 19.619 0.090
2457223.740640 19.689 0.127
2457224.465740 19.877 0.121
2457224.509830 19.790 0.095
2457224.627870 19.766 0.130
2457224.677020 19.815 0.118
2457224.730060 19.704 0.126
2457224.772930 19.790 0.128
2457225.481650 20.016 0.137
2457225.525420 19.596 0.067
2457225.568830 19.600 0.082
2457226.513590 19.738 0.108
2457226.557390 19.743 0.098
2457226.615890 19.498 0.068
2457226.669330 19.761 0.074
2457226.713020 19.540 0.070
2457226.755900 19.670 0.107
2457226.793880 19.585 0.102
2457227.496560 19.591 0.130
2457227.539860 19.667 0.069
2457227.592780 19.569 0.055
2457227.694920 19.561 0.061
2457227.737690 19.827 0.103
2457227.781900 19.998 0.170
2457228.483640 19.736 0.111
2457228.528120 19.882 0.127
2457228.571850 19.797 0.093
2457228.638540 19.578 0.072
2457228.688590 20.066 0.171
2457228.734720 19.794 0.111
2457229.497580 19.517 0.069
2457229.540770 19.645 0.075
2457229.584170 19.560 0.056
2457229.629510 19.629 0.077
2457229.676580 19.576 0.075
2457229.719970 19.625 0.079
2457233.495900 19.858 0.175
2457233.677870 20.084 0.190
2457234.641490 19.318 0.151
2457235.647840 19.606 0.114
2457235.746370 19.899 0.153
2457236.475850 20.061 0.172
2457236.523810 19.760 0.131
2457236.571590 19.564 0.104
2457236.610300 20.000 0.143
2457248.478900 19.895 0.151
2457249.529780 19.665 0.121
2457249.584060 19.611 0.088
2457249.660600 19.510 0.089
2457249.699550 19.614 0.133
2457250.555810 19.696 0.091
2457250.615450 19.418 0.073
2457252.533390 19.927 0.135
2457252.601070 19.604 0.092
2457253.502870 19.868 0.132
2457253.571020 19.575 0.067
2457253.616840 19.754 0.088
2457253.665660 19.871 0.110
2457255.489710 19.623 0.083
2457255.554360 19.523 0.094
2457255.604400 19.468 0.088
2457255.648080 19.686 0.096
2457256.508730 19.714 0.096
2457256.577580 19.581 0.140
2457256.621670 19.749 0.121
2457256.665630 19.493 0.118
2457257.571800 19.827 0.143
2457257.641180 19.886 0.119
2457257.682380 19.512 0.080
2457261.511160 19.481 0.170
2457261.557240 19.638 0.150
2457261.594650 20.054 0.225
2457261.647360 19.858 0.177
2457263.481260 19.994 0.126
2457263.529180 19.663 0.089
2457263.574200 19.633 0.086
2457263.618400 19.687 0.101
2457263.663170 19.675 0.107
2457264.478960 19.921 0.163
2457264.536020 20.073 0.160
2457264.580890 19.715 0.104
2457264.625230 19.621 0.092
2457264.687160 20.279 0.224
2457265.513010 19.546 0.069
2457265.559130 19.462 0.072
2457265.604200 19.728 0.091
2457265.676080 19.665 0.108
2457266.482540 19.279 0.115
2457267.477200 19.842 0.157
2457267.534830 19.948 0.133
2457267.591290 19.694 0.097
2457268.478340 19.731 0.099
2457268.533640 19.651 0.062
2457268.606390 19.681 0.062
2457268.649990 19.604 0.068
2457269.502120 19.439 0.072
2457269.556580 19.785 0.089
2457269.624820 19.449 0.065
2457269.663660 19.620 0.099
2457270.477830 19.942 0.124
2457270.524200 19.461 0.065
2457270.577980 19.839 0.091
2457270.617670 19.963 0.121
2457271.515360 19.777 0.170
2457271.563300 19.461 0.085
2457271.630110 19.531 0.085
2457272.515600 19.824 0.152
2457272.559280 19.456 0.103
2457273.534120 20.029 0.195
2457273.579910 19.484 0.109
2457273.634820 19.626 0.099
2457275.536880 19.589 0.169
2457275.591260 19.683 0.154
2457277.496960 19.529 0.121
2457277.541210 19.793 0.126
2457277.606730 19.558 0.110
2457277.652250 20.022 0.183
2457278.524400 19.579 0.140
2457278.596140 19.891 0.132
2457278.639070 19.778 0.150
2457281.488590 19.541 0.145
2457281.537280 20.084 0.201
2457283.573080 20.139 0.237
2457284.480010 19.860 0.135
2457284.546600 19.478 0.080
2457291.542830 19.426 0.153
2457292.573750 19.828 0.207
2457293.482270 19.782 0.222
2457293.531220 19.714 0.124
2457294.542470 19.465 0.136
2457295.502730 20.158 0.218
2457295.576010 19.887 0.132
2457299.492210 19.870 0.149
2457307.529310 19.480 0.132
2457311.531420 19.659 0.096
2457317.507500 20.024 0.205
2457318.506620 19.834 0.129
2457320.506820 19.275 0.137
2457424.854320 19.638 0.074
2457425.849360 20.105 0.189
2457426.848720 19.473 0.129
2457427.843220 19.705 0.118
2457427.886620 19.883 0.191
2457428.838940 19.619 0.076
2457428.879050 19.596 0.078
2457430.859700 19.903 0.111
2457432.837360 19.395 0.072
2457434.891440 19.482 0.099
2457435.838520 19.635 0.146
2457437.830960 19.696 0.079
2457437.871110 19.655 0.072
2457438.825630 19.687 0.109
2457438.864440 19.595 0.083
2457439.823670 19.755 0.150
2457439.864730 19.581 0.100
2457440.863140 19.434 0.073
2457441.820280 19.598 0.131
2457442.857760 19.488 0.091
2457443.812400 20.068 0.208
2457444.811120 19.807 0.145
2457445.809890 19.582 0.121
2457445.847210 19.568 0.084
2457446.831580 19.633 0.075
2457446.871510 19.578 0.057
2457447.843350 19.584 0.075
2457447.881130 19.589 0.077
2457448.821120 19.506 0.082
2457448.863690 19.489 0.075
2457451.811040 19.676 0.095
2457451.869520 19.566 0.103
2457452.796420 19.627 0.075
2457452.841590 19.585 0.056
2457452.888380 19.577 0.056
2457453.808960 19.523 0.056
2457453.863040 19.450 0.050
2457453.906980 19.694 0.114
2457454.888670 19.477 0.072
2457455.817000 19.451 0.068
2457456.790460 19.719 0.121
2457456.837020 19.422 0.073
2457456.891630 19.494 0.072
2457457.798730 19.405 0.066
2457457.848110 19.479 0.079
2457457.902850 19.935 0.125
2457458.812420 19.716 0.106
2457458.867060 19.504 0.077
2457460.780620 19.761 0.106
2457460.826450 19.615 0.075
2457460.882190 19.437 0.054
2457461.783940 19.749 0.071
2457461.828490 19.535 0.052
2457461.892290 19.561 0.053
2457462.781650 19.561 0.081
2457462.889640 19.565 0.054
2457463.889450 19.651 0.064
2457465.784500 19.763 0.091
2457465.829230 19.476 0.067
2457465.883310 19.455 0.064
2457466.855130 19.631 0.071
2457466.904930 19.519 0.061
2457467.874750 19.644 0.065
2457470.753940 19.483 0.135
2457470.800850 19.425 0.073
2457470.845450 19.549 0.100
2457470.899690 19.521 0.066
2457471.767050 19.794 0.138
2457471.811060 19.391 0.081
2457471.867980 19.755 0.103
2457471.911960 19.382 0.072
2457472.776720 19.637 0.099
2457472.821430 19.417 0.072
2457472.876550 19.785 0.101
2457473.749380 19.671 0.134
2457474.768340 19.792 0.129
2457474.807580 19.386 0.074
2457474.845550 19.735 0.096
2457475.741580 19.611 0.153
2457475.865570 19.368 0.155
2457475.907880 19.364 0.073
2457484.756370 19.528 0.085
2457485.774810 19.368 0.075
2457485.880400 19.461 0.065
2457486.781250 19.444 0.079
2457486.890960 19.409 0.087
2457487.774920 19.686 0.091
2457487.894990 19.630 0.084
2457488.900190 19.560 0.064
2457492.776180 19.482 0.061
2457493.763790 19.495 0.061
2457493.884280 19.536 0.059
2457494.745390 19.710 0.079
2457494.869800 19.621 0.062
2457495.716490 19.444 0.080
2457497.858250 19.581 0.078
2457498.718140 19.696 0.110
2457498.855270 19.569 0.099
2457499.708850 19.621 0.099
2457507.759300 19.370 0.069
2457508.684770 19.642 0.060
2457508.698880 19.460 0.051
2457508.807740 19.592 0.050
2457508.910510 19.459 0.066
2457511.755610 19.381 0.046
2457511.877140 19.461 0.064
2457519.814930 19.565 0.093
2457526.651100 19.228 0.069
2457526.774960 19.538 0.080
2457526.895220 19.618 0.118
2457528.886720 19.571 0.122
2457530.744940 19.319 0.079
2457534.727740 19.112 0.057
2457534.841580 19.387 0.072
2457536.612510 19.179 0.078
2457536.737940 19.171 0.053
2457536.838090 19.135 0.055
2457546.671400 18.358 0.031
2457546.806020 18.476 0.033
2457546.904570 18.399 0.043
2457547.549130 18.442 0.043
2457547.657950 18.497 0.027
2457547.799630 18.384 0.028
2457548.794590 18.341 0.024
2457549.810670 18.389 0.026
2457549.908740 18.471 0.037
2457550.663580 18.296 0.040
2457550.803200 18.340 0.026
2457554.564750 18.222 0.043
2457555.599700 18.013 0.023
2457555.707070 18.025 0.020
2457557.648130 17.503 0.014
2457557.700920 17.325 0.014
2457557.771760 17.291 0.013
2457561.519630 19.201 0.103
2457561.655620 18.870 0.059
2457561.772850 18.999 0.057
2457562.533150 18.982 0.085
2457566.614560 18.973 0.076
2457566.727000 19.011 0.047
2457567.534440 19.240 0.070
2457567.653720 19.173 0.052
2457567.756030 19.179 0.064
2457567.854350 19.245 0.090
2457568.628450 19.034 0.052
2457568.754850 19.026 0.071
2457569.523110 19.159 0.085
2457569.656420 19.158 0.052
2457569.772350 19.347 0.076
2457570.596500 19.393 0.055
2457570.693990 19.221 0.063
2457570.784080 19.237 0.065
2457570.845230 19.157 0.083
2457573.655470 19.253 0.057
2457573.709350 19.161 0.062
2457575.537080 19.254 0.079
2457575.638930 19.218 0.063
2457575.689040 19.303 0.046
2457576.505180 19.363 0.067
2457576.630570 19.339 0.042
2457576.672560 19.464 0.063
2457576.711150 19.213 0.054
2457576.787620 19.602 0.093
2457576.826100 19.452 0.087
2457577.544170 19.674 0.128
2457577.588280 19.319 0.062
2457579.671750 19.583 0.068
2457579.725780 19.250 0.081
2457579.766380 19.586 0.081
2457581.806720 19.475 0.091
2457582.657830 19.806 0.143
2457582.729910 19.506 0.082
2457583.756450 19.607 0.097
2457584.539050 19.650 0.104
2457584.577730 19.224 0.083
2457584.656530 19.548 0.091
2457584.694470 19.362 0.088
2457584.783140 19.401 0.088
2457589.498760 19.954 0.191
2457589.627530 19.212 0.084
2457589.672440 19.633 0.135
2457589.710610 19.248 0.089
2457589.795290 19.645 0.153
2457590.509770 19.493 0.081
2457590.547540 19.463 0.069
2457590.586050 19.617 0.074
2457590.629180 19.544 0.078
2457590.670150 19.492 0.082
2457591.504760 19.798 0.110
2457593.579280 19.398 0.062
2457593.663430 19.588 0.069
2457593.700600 19.636 0.073
2457593.739280 19.389 0.059
2457595.709450 19.379 0.112
2457596.505620 19.582 0.067
2457596.555080 19.459 0.047
2457597.584460 19.405 0.068
2457599.593200 19.393 0.089
2457599.636090 19.650 0.098
2457599.717000 19.651 0.100
2457599.758660 19.464 0.080
2457600.520170 19.497 0.112
2457600.585940 19.368 0.082
2457600.677860 19.552 0.084
2457601.741320 19.456 0.084
2457602.497410 19.426 0.098
2457602.542960 19.852 0.133
2457602.582270 19.631 0.094
2457602.677300 19.813 0.099
2457602.714620 19.344 0.081
2457602.754380 19.421 0.092
2457603.556910 19.411 0.063
2457603.680130 19.411 0.059
2457604.480050 19.383 0.085
2457604.520880 19.288 0.079
2457604.558230 19.487 0.060
2457604.636340 19.664 0.081
2457604.674770 19.466 0.076
2457604.712240 19.633 0.082
2457604.750460 19.619 0.087
2457605.487260 19.360 0.066
2457605.529510 19.759 0.092
2457605.581270 19.549 0.079
2457605.665970 19.590 0.088
2457605.740790 19.777 0.108
2457606.689470 19.536 0.096
2457606.740060 19.258 0.107
2457607.502380 19.667 0.100
2457608.488590 19.326 0.076
2457608.546770 19.611 0.068
2457608.619750 19.403 0.054
2457608.664080 19.774 0.082
2457608.708470 19.695 0.089
2457609.489570 19.950 0.140
2457609.533840 19.406 0.085
2457609.600450 19.358 0.062
2457609.693920 19.740 0.113
2457610.662530 19.388 0.060
2457611.523900 19.712 0.125
2457612.521570 19.505 0.118
2457612.637530 19.621 0.132
2457616.529440 19.265 0.104
2457616.675510 19.801 0.114
2457617.603840 19.353 0.098
2457617.647590 19.338 0.081
2457617.691340 19.608 0.131
2457618.473990 19.951 0.180
2457618.564610 19.401 0.079
2457618.693740 19.355 0.098
2457619.554880 19.562 0.118
2457621.486500 19.948 0.137
2457621.550260 19.905 0.113
2457621.600540 19.944 0.127
2457621.649750 19.464 0.089
2457621.696440 19.550 0.122
2457622.507530 19.549 0.077
2457622.556750 19.702 0.086
2457622.611100 19.759 0.095
2457622.664730 19.770 0.086
2457622.700710 19.888 0.103
2457623.532410 19.756 0.096
2457623.595760 19.503 0.067
2457623.639950 19.535 0.077
2457624.472320 19.716 0.123
2457624.519800 19.623 0.081
2457624.583480 19.504 0.085
2457624.678320 19.509 0.083
2457625.505000 19.731 0.090
2457625.576810 19.799 0.091
2457625.620670 19.617 0.091
2457625.674840 19.760 0.118
2457626.507630 19.578 0.084
2457626.561640 19.716 0.103
2457626.628250 19.641 0.088
2457626.672970 19.574 0.084
2457630.526770 19.649 0.082
2457630.571570 19.908 0.111
2457630.616120 19.724 0.095
2457631.518030 19.525 0.064
2457631.563130 19.655 0.069
2457631.607740 19.811 0.075
2457631.651290 19.706 0.078
2457632.517370 19.625 0.074
2457632.562320 19.511 0.073
2457632.607260 19.779 0.092
2457632.649960 19.510 0.094
2457633.574390 19.509 0.108
2457633.619830 19.823 0.125
2457634.505190 19.875 0.164
2457634.550750 19.662 0.122
2457635.476580 19.483 0.113
2457635.535730 19.647 0.116
2457635.587680 19.912 0.126
2457636.491260 20.197 0.222
2457636.543190 19.724 0.129
2457636.588360 20.104 0.184
2457636.630240 19.714 0.108
2457637.499770 19.750 0.129
2457637.548470 19.888 0.111
2457637.592320 19.601 0.078
2457637.634260 19.625 0.108
2457638.514950 20.050 0.177
2457639.473720 19.844 0.180
2457639.527990 19.414 0.093
2457639.582850 19.702 0.081
2457639.626730 19.692 0.087
2457643.574690 19.762 0.211
2457644.492910 19.567 0.159
2457644.530490 19.284 0.114
2457644.573540 19.934 0.196
2457645.472740 19.257 0.129
2457647.508770 19.251 0.121
2457648.519210 19.597 0.124
2457648.606450 19.762 0.133
2457649.513500 19.679 0.087
2457649.558400 19.860 0.111
2457649.602430 19.471 0.084
2457650.470220 19.861 0.116
2457651.524770 19.680 0.095
2457652.552700 19.729 0.089
2457653.589450 19.466 0.072
2457656.470920 20.231 0.212
2457657.577230 19.772 0.100
2457660.526210 19.661 0.128
2457662.471940 19.644 0.141
2457671.530010 19.723 0.149
