2.453577152660000138e+06 1.159845121190166992e+03 1.175082517943114624e+01
2.453577234399999958e+06 1.158777356155126199e+03 1.238037128401176545e+01
2.453577988940000068e+06 1.254295892302318634e+03 1.340089083052008689e+01
2.453578080420000013e+06 1.263572018522653934e+03 1.280172121260850204e+01
2.453578170200000051e+06 1.298972628897855884e+03 1.316037805063295529e+01
2.453579052290000021e+06 1.402167833705761041e+03 1.498075388819720644e+01
2.453581963750000112e+06 1.778279410038922833e+03 1.801641450722902960e+01
2.453582014500000048e+06 1.809672554788791103e+03 1.750108520099990983e+01
2.453582041160000023e+06 1.803017740859569813e+03 1.743672744452960188e+01
2.453582057070000097e+06 1.814679779396930144e+03 1.754950935610780149e+01
2.453582083159999922e+06 1.821377637104780206e+03 1.761428338282278361e+01
2.453582105299999937e+06 1.816351931176511243e+03 1.756568049750352856e+01
2.453582132249999791e+06 1.806342083169977059e+03 1.746887668493100065e+01
2.453582158220000099e+06 1.819700858609984380e+03 1.759806749712403118e+01
2.453582180019999854e+06 1.839924489796673925e+03 1.779364735025009026e+01
2.453582947860000189e+06 1.845015419179473611e+03 1.869254200240599673e+01
2.453582993019999936e+06 1.823055960681067745e+03 1.763051421078429826e+01
2.453583020380000118e+06 1.829784734295415774e+03 1.769558722082212299e+01
2.453583040000000037e+06 1.845015419179473611e+03 1.716315220220914384e+01
2.453583062469999772e+06 1.813009167017022719e+03 1.753335310202679054e+01
2.453583141350000165e+06 1.816351931176511243e+03 1.756568049750352856e+01
2.453583163209999911e+06 1.841619903524671372e+03 1.781004345463157534e+01
2.453583182539999951e+06 1.823055960681067745e+03 1.763051421078429826e+01
2.453583204179999884e+06 1.838230636883531361e+03 1.777726634028647723e+01
2.453583223470000084e+06 1.814679779396930144e+03 1.754950935610780149e+01
2.453583252820000052e+06 1.819700858609984380e+03 1.843607071127279085e+01
2.453588054219999816e+06 1.173815932483220422e+03 1.189236869944098274e+01
2.453588097240000032e+06 1.184677117581484936e+03 1.200240743219884010e+01
2.453588978519999888e+06 1.079443709984454017e+03 1.212929365724159503e+01
2.453589027160000056e+06 1.097488555098948837e+03 1.172556205029920129e+01
2.453589110840000212e+06 1.071519305237605977e+03 1.144810671900287957e+01
2.453589169199999887e+06 1.068562674599961156e+03 1.141651809255165162e+01
2.453589208209999837e+06 1.071519305237605977e+03 1.144810671900287957e+01
2.453589972289999947e+06 1.005541501856043624e+03 1.194717954241254709e+01
2.453590032670000102e+06 1.000000000000000000e+03 1.068399483149237383e+01
2.453590083779999986e+06 9.763375665826425802e+02 1.097072959353118193e+01
2.453590120509999804e+06 1.007395484811250071e+03 1.076300815299214975e+01
2.453590164259999990e+06 9.990793899844628640e+02 1.067415903884455375e+01
2.453590211060000118e+06 1.005541501856043624e+03 1.129888297809558573e+01
2.453590241469999775e+06 9.935735005868451708e+02 1.244556416997378179e+01
2.453590993120000232e+06 9.323951375406327315e+02 1.047696542506822937e+01
2.453591137939999811e+06 9.255502447634360124e+02 1.432138307987035120e+01
2.453591240499999840e+06 9.341142557364794357e+02 1.238905474797338258e+01
2.453591990420000162e+06 8.912509381337458763e+02 1.001464388640696335e+01
2.453592044989999849e+06 8.887917198848207363e+02 9.987010597118640476e+00
2.453592092350000050e+06 9.028175649662568958e+02 1.014461362190829519e+01
2.453592961149999872e+06 9.523574861919189516e+02 1.131528221867906581e+01
2.453593018790000118e+06 9.204495717531722221e+02 1.034273769832544687e+01
2.453593068310000002e+06 9.179097860573371008e+02 1.031419910363421621e+01
2.453593105279999785e+06 8.765970403212793371e+02 9.849983674719616999e+00
2.453593163970000111e+06 8.487895030072437521e+02 9.537521076765806072e+00
2.453593219440000132e+06 8.348337537236507160e+02 9.918942903294079017e+00
2.453593966800000053e+06 8.143291852092449972e+02 9.675321172088423793e+00
2.453594021960000042e+06 8.218640803889062454e+02 9.234970462257289014e+00
2.453594055370000191e+06 8.356030182312482566e+02 9.389349620787710293e+00
2.453594096109999809e+06 7.935969681957702733e+02 1.052538940116201971e+01
2.453594141319999937e+06 8.173348179780717828e+02 1.023798734516552678e+01
2.453594201549999882e+06 8.379150674384096646e+02 1.165339929061184776e+01
2.453600978449999820e+06 6.823386941416704303e+02 1.055808032498442195e+01
2.453601050979999825e+06 7.014552984199714274e+02 9.755569501802838772e+00
2.453601114459999837e+06 6.886522963442769196e+02 1.065577303941998544e+01
2.453601982460000087e+06 6.698846094165264731e+02 1.085896286230717500e+01
2.453602058679999784e+06 6.767059576741917226e+02 9.411365224904356452e+00
2.453602098060000222e+06 6.711197196984218181e+02 9.828173267540668334e+00
2.453602154509999789e+06 6.668067692136226015e+02 1.523096292085217840e+01
