2.453576769780000206e+06 2.224333998485113170e+03 3.462281575364123398e+01
2.453579771730000153e+06 3.162277660168379498e+03 4.922235458543178055e+01
2.453579772950000130e+06 3.098846042012060934e+03 4.823501130430706496e+01
2.453579811770000029e+06 3.093143010948966548e+03 4.615201791906356021e+01
2.453579812990000006e+06 3.107420310388586131e+03 5.065810576532324916e+01
2.453579880619999953e+06 3.159366435682519295e+03 4.917703999281211225e+01
2.453579881839999929e+06 3.124640085806111983e+03 4.863650785402981569e+01
2.453579942629999947e+06 3.179801427691527351e+03 5.183808463187256166e+01
2.453579943849999923e+06 3.241902878227871042e+03 5.285048126162126891e+01
2.453581813719999976e+06 3.784425847170935413e+03 6.169485479195908795e+01
2.453581814699999988e+06 3.794897062076350267e+03 6.186555970445404284e+01
2.453581816649999935e+06 3.729065399621526922e+03 5.804467510378646011e+01
2.453581833740000147e+06 3.760105236684963529e+03 5.852782491869839987e+01
2.453581834720000159e+06 3.798393901545071458e+03 5.667489113411129864e+01
2.453581858399999794e+06 3.729065399621526922e+03 5.804467510378646011e+01
2.453581859619999770e+06 3.805397250027092468e+03 5.677938635579730686e+01
2.453581875239999965e+06 3.746277983440597836e+03 5.589728247595610355e+01
2.453581876219999976e+06 3.815926491189340595e+03 5.939670927291788871e+01
2.453581896970000118e+06 3.770509158333933556e+03 5.625882981273252881e+01
2.453581897950000130e+06 3.746277983440597836e+03 5.589728247595610355e+01
2.453581915279999841e+06 3.773983525365861169e+03 5.874384707737682731e+01
2.453581916259999853e+06 3.767037989839089278e+03 5.620703737054441262e+01
2.453581941159999929e+06 3.760105236684963529e+03 5.610359548419610576e+01
2.453581942139999941e+06 3.819442708400468291e+03 5.945144086481619894e+01
2.453582851069999859e+06 3.940941607322862183e+03 5.880181001503288485e+01
2.453582852289999835e+06 3.966431879468585976e+03 6.173939716595528182e+01
2.453582865970000159e+06 3.812413511042990649e+03 5.688407424219130348e+01
2.453582867190000135e+06 3.833540007590440837e+03 5.719929744518372416e+01
2.453583760499999858e+06 3.879716572936906687e+03 6.324831302487620377e+01
2.453583761469999794e+06 3.865449465982840138e+03 6.586389475389472636e+01
2.453583850099999923e+06 3.858335599053512851e+03 6.574268065270163675e+01
2.453583851069999859e+06 3.897624530977199356e+03 6.354025397326135050e+01
2.453594800780000165e+06 1.487304870046529459e+03 2.534238056654873006e+01
2.453594801760000177e+06 1.481835517516430627e+03 3.166384602053473785e+01
2.453594806400000118e+06 1.416445927238514287e+03 2.648327668998324214e+01
2.453594807370000053e+06 1.483200967181877104e+03 2.650192435071136998e+01
2.453594829830000177e+06 1.485935642287007568e+03 3.038286014061793594e+01
2.453594830810000189e+06 1.499684835502373971e+03 2.942085458347278859e+01
2.453594850589999929e+06 1.481835517516430627e+03 3.029902507137376233e+01
2.453594851809999906e+06 1.488675359492365942e+03 3.180999969317297271e+01
2.453594868410000112e+06 1.479108388168208648e+03 2.901718532541820039e+01
2.453594869380000047e+06 1.475027101759760853e+03 3.015981369651522925e+01
2.453594880369999912e+06 1.476386277753862714e+03 2.896378289527773475e+01
2.453594881589999888e+06 1.461503972006166123e+03 3.257549666995610238e+01
2.453594893800000194e+06 1.536031068385027083e+03 3.720758036941913360e+01
2.453594894780000206e+06 1.507995341801789209e+03 3.361174391318468935e+01
2.453594906010000035e+06 1.517749155861249392e+03 3.382914690592316731e+01
2.453594907230000012e+06 1.502449902998914467e+03 3.639413724595664945e+01
2.453594919679999817e+06 1.576158904963837358e+03 3.817960478695047755e+01
2.453594920650000218e+06 1.494169957406702224e+03 3.619357050781081142e+01
2.453596764400000218e+06 1.231402412206218514e+03 1.085394503118624527e+02
2.453596765380000230e+06 1.334135682903106726e+03 5.541817527613361705e+01
