2.453576567540000193e+06 6.498303634842379324e+03 6.284416773321577665e+01
2.453576569139999803e+06 6.474407045688157268e+03 6.261306722738412844e+01
2.453576588190000039e+06 6.480372941922913924e+03 6.267076255907742421e+01
2.453576621689999942e+06 6.522288424656394454e+03 6.307612121505002278e+01
2.453576622560000047e+06 6.492321231432135392e+03 6.278631276298241914e+01
2.453576640629999805e+06 6.522288424656394454e+03 6.307612121505002278e+01
2.453576641489999834e+06 6.552393940159816339e+03 6.336726736215336331e+01
2.453577576960000210e+06 7.131813866797394439e+03 6.897075484192281181e+01
2.453577577839999925e+06 7.144963260755134797e+03 6.646561901258780836e+01
2.453577638350000139e+06 7.204436204152845676e+03 6.701886272472016515e+01
2.453577639229999855e+06 7.177942912713622718e+03 6.677241037067366847e+01
2.453577700060000177e+06 7.184557087925972155e+03 6.683393836370915153e+01
2.453577700939999893e+06 7.217719496687000174e+03 6.714242980667525273e+01
2.453577752230000217e+06 7.177942912713622718e+03 6.941686226654194058e+01
2.453577753099999856e+06 7.144963260755134797e+03 6.909792075566059566e+01
2.453577778839999810e+06 7.184557087925972155e+03 6.948082701177683873e+01
2.453577779719999991e+06 7.257716502674277763e+03 7.018834127858563932e+01
2.453578553489999846e+06 7.827084095906119728e+03 7.281100972981060693e+01
2.453578554200000130e+06 7.928663748785476855e+03 7.375594873947555641e+01
2.453578612170000095e+06 7.914072053994859743e+03 7.362021031909371516e+01
2.453578612860000227e+06 7.965260797837789141e+03 7.409639073064106185e+01
2.453578643889999948e+06 7.892234847899734632e+03 7.341707093717552368e+01
2.453578644600000232e+06 7.921364541528510927e+03 7.368804827436046878e+01
2.453578763199999928e+06 8.061205638638912205e+03 7.498891221776160876e+01
2.453578763910000212e+06 7.950601750844195521e+03 7.396002577017786450e+01
2.453578796050000004e+06 7.914072053994859743e+03 7.653586221291921277e+01
2.453578796740000136e+06 8.016780633876789580e+03 7.752914224174583069e+01
2.453579554940000176e+06 8.806432284180647912e+03 8.192134118806410470e+01
2.453579555629999842e+06 8.782132798980061125e+03 8.169529659320727433e+01
2.453579592439999804e+06 8.685603503487771377e+03 8.079733824918271523e+01
2.453579593140000012e+06 8.798324994418671849e+03 8.184592358088004005e+01
2.453580553689999972e+06 9.691700839472903681e+03 9.015650215006189683e+01
2.453580554330000188e+06 9.745407417663062006e+03 9.065610457406084777e+01
2.453580573909999803e+06 9.602846792093816475e+03 8.932994237007490312e+01
2.453580574550000019e+06 9.629417129715558985e+03 8.957711144190241725e+01
2.453580596950000152e+06 9.664958643142133951e+03 8.990773437225628584e+01
2.453581495550000109e+06 1.037528415818012581e+04 9.651549753833945999e+01
2.453581496179999784e+06 1.035618977044986423e+04 9.633787307004736533e+01
2.453581528299999889e+06 1.043277881459965101e+04 9.705033834708504514e+01
2.453581528950000182e+06 1.041357861528436297e+04 9.687172957247241811e+01
2.453581549480000045e+06 1.047128548050900645e+04 9.740854444169633553e+01
2.453581550129999872e+06 1.050025872110885211e+04 9.767806638337611957e+01
2.453581566709999926e+06 1.053901445069160582e+04 9.803858937880575297e+01
2.453581567360000219e+06 1.050993427186217559e+04 9.776807265025780680e+01
2.453581628709999844e+06 1.052931212843439789e+04 9.794833407151439530e+01
2.453581629350000061e+06 1.061695557198724237e+04 9.876363227747310702e+01
2.453581691959999967e+06 1.060718149635314694e+04 9.867270948842754308e+01
2.453581692590000108e+06 1.060718149635314694e+04 9.867270948842754308e+01
2.453581719349999912e+06 1.056817509213658559e+04 9.830985460631090689e+01
2.453581719990000129e+06 1.059741641883099510e+04 9.858187040381241673e+01
2.453581736909999978e+06 1.053901445069160582e+04 9.803858937880575297e+01
2.453581737550000194e+06 1.053901445069160582e+04 9.803858937880575297e+01
2.453581755630000029e+06 1.053901445069160582e+04 9.803858937880575297e+01
2.453581756279999856e+06 1.051961873823223505e+04 9.785816185416288704e+01
2.453581795450000092e+06 1.060718149635314694e+04 9.867270948842754308e+01
2.453581796099999920e+06 1.058766033113696903e+04 9.849111494656796140e+01
2.453582493480000179e+06 1.073494935805235946e+04 9.986126283822535754e+01
2.453582494119999930e+06 1.086425623617066594e+04 1.010641328017316738e+02
2.453582514330000151e+06 1.089431679659133806e+04 1.013437694749108715e+02
2.453582514969999902e+06 1.082430447609132170e+04 1.006924837998534770e+02
2.453582550739999861e+06 1.083427862150138390e+04 1.007852677267412105e+02
2.453582551380000077e+06 1.084426195767073477e+04 1.008781371501504651e+02
2.453582605940000154e+06 1.071519305237607114e+04 9.967748091545621492e+01
2.453582606589999981e+06 1.087426719546242566e+04 1.011572591876840477e+02
2.453582649340000004e+06 1.092446053226792901e+04 1.016241798812318251e+02
2.453582649920000229e+06 1.098499845058375467e+04 1.021873304626624588e+02
2.453582661789999809e+06 1.080438372371229707e+04 1.005071721208780389e+02
2.453582662370000035e+06 1.085425449306827613e+04 1.009710921488627378e+02
2.453582704369999934e+06 1.084426195767073477e+04 1.008781371501504651e+02
2.453582705070000142e+06 1.086425623617066594e+04 1.010641328017316738e+02
2.453582732580000069e+06 1.082430447609132170e+04 1.006924837998534770e+02
2.453582733150000218e+06 1.085425449306827613e+04 1.009710921488627378e+02
2.453582766189999878e+06 1.069547310566161286e+04 9.949403721988525717e+01
2.453582766880000010e+06 1.079443709984453017e+04 1.004146442115901436e+02
2.453582787810000125e+06 1.076465213629834943e+04 1.001375712628406518e+02
2.453582788499999791e+06 1.076465213629834943e+04 1.001375712628406518e+02
2.453583544660000131e+06 1.068562674599959973e+04 9.940244201273409885e+01
2.453583545189999975e+06 1.086425623617066594e+04 1.010641328017316738e+02
2.453583576770000160e+06 1.069547310566161286e+04 9.949403721988525717e+01
2.453583577300000004e+06 1.072506665615704333e+04 9.976932955949222048e+01
2.453583591479999945e+06 1.072506665615704333e+04 9.976932955949222048e+01
2.453583592009999789e+06 1.078449963293833935e+04 1.003222014844224645e+02
2.453583607799999882e+06 1.054872571323437478e+04 9.812892785260089568e+01
2.453583608330000192e+06 1.069547310566161286e+04 9.949403721988525717e+01
2.453583653349999804e+06 1.071519305237607114e+04 9.967748091545621492e+01
2.453583653899999801e+06 1.078449963293833935e+04 1.003222014844224645e+02
2.453583729989999905e+06 1.084426195767073477e+04 1.008781371501504651e+02
2.453583730510000139e+06 1.066596121230258905e+04 9.921950449119860593e+01
2.453583778289999813e+06 1.053901445069160582e+04 9.803858937880575297e+01
2.453583778820000123e+06 1.062673865402466436e+04 9.885463884807924728e+01
2.453584572230000049e+06 9.935735005868451481e+03 9.242661626230528782e+01
2.453584572759999894e+06 9.944890371547928225e+03 9.251178353678456290e+01
2.453584594670000020e+06 9.826525828295316387e+03 9.141070402814119689e+01
2.453584595189999789e+06 9.890084450210657451e+03 9.200195453496939990e+01
2.453584617209999822e+06 9.890084450210657451e+03 9.200195453496939990e+01
2.453584617750000209e+06 9.954054173515263756e+03 9.259702928935732302e+01
2.453584648790000007e+06 9.862794856312099000e+03 9.174809462206647481e+01
2.453584649309999775e+06 9.917449552314130415e+03 9.225651685870312235e+01
2.453584677079999819e+06 9.754387404403005348e+03 9.073964039581566965e+01
2.453584677620000206e+06 9.944890371547928225e+03 9.251178353678456290e+01
2.453584719049999956e+06 9.763375665826426484e+03 9.082325319234830374e+01
2.453584719579999801e+06 9.817479430199853596e+03 9.132655041848560984e+01
2.453584776730000041e+06 9.611695415159323602e+03 8.941225618863410318e+01
2.453584777249999810e+06 9.647171518961684342e+03 8.974227064963632472e+01
2.453585565320000052e+06 8.994975815300354952e+03 8.367525678557635160e+01
2.453585565859999973e+06 9.053155916484844056e+03 8.421647390570936409e+01
2.453585649780000094e+06 8.937169608501977564e+03 8.313751779694820243e+01
2.453585650299999863e+06 8.920721887252693705e+03 8.298451379478841261e+01
2.453585733310000040e+06 8.896107044092288561e+03 8.275553560024117417e+01
2.453585733829999808e+06 8.896107044092288561e+03 8.275553560024117417e+01
2.453586537669999991e+06 8.128305161640994811e+03 7.561310175786449861e+01
2.453586538209999911e+06 8.165823713585922633e+03 7.596211597787771552e+01
2.453586669449999928e+06 8.031561699226573182e+03 7.471315113808819319e+01
2.453586670870000031e+06 8.002026771193326567e+03 7.443840413063968242e+01
2.453586671409999952e+06 7.979946872679776789e+03 7.423300711614432146e+01
2.453586760879999958e+06 7.972600453665317218e+03 7.416466746630960927e+01
2.453586761440000031e+06 7.899507213358167974e+03 7.348472170796891589e+01
2.453587495819999836e+06 7.331620890272116412e+03 7.090306007158211798e+01
2.453587629310000222e+06 7.191177357825090439e+03 6.954485069785833673e+01
2.453589549660000019e+06 6.086953723349014581e+03 5.886606140153779165e+01
2.453589551649999805e+06 6.075751461057411689e+03 5.875772592046388354e+01
2.453589688500000164e+06 6.086953723349014581e+03 5.886606140153779165e+01
2.453590521699999925e+06 5.791619210831201599e+03 5.600992344846303439e+01
2.453590644609999843e+06 5.680675741067722811e+03 5.493700497396486071e+01
2.453590767860000022e+06 5.659785862426965650e+03 5.473498193672368473e+01
2.453591524480000138e+06 5.405053537086696451e+03 5.227150194558839047e+01
2.453591689369999804e+06 5.365373995198518060e+03 5.188776675466447585e+01
2.453592560320000164e+06 5.450043893417611798e+03 5.270659726561582659e+01
2.453592696169999894e+06 5.722687092228431538e+03 5.534329075982545021e+01
2.453593481920000166e+06 4.861832584649842829e+03 4.925704622980873637e+01
2.453593527160000056e+06 4.866312560731991653e+03 4.930243454484113386e+01
2.453593569759999868e+06 4.870796664925366713e+03 4.934786468331395781e+01
2.453593615060000215e+06 4.830588020397733089e+03 4.671592785788644875e+01
2.453593659059999976e+06 4.848417387084467919e+03 4.912113184050089387e+01
2.453593703499999829e+06 4.870796664925366713e+03 4.710477992498151423e+01
2.453593748699999880e+06 4.808393484497290046e+03 4.871563469807389168e+01
2.453594562760000117e+06 4.673045396315099424e+03 4.519235560744633062e+01
2.453594731339999940e+06 4.668743343920187726e+03 4.730078683759350611e+01
2.453596756539999973e+06 4.389347855347174118e+03 4.689576980015134211e+01
2.453600525559999980e+06 4.051352202292639504e+03 5.373263915981355154e+01
2.453601552990000229e+06 3.937313537008506046e+03 3.989039760974156934e+01
2.453601635350000113e+06 3.981071705534973262e+03 4.253374952573618373e+01
2.453601686009999830e+06 4.014209182043212877e+03 4.288779015347891033e+01
2.453602516530000139e+06 3.970086781121842250e+03 4.241638665008196085e+01
2.453602518720000051e+06 3.951845889284369605e+03 4.222150105596858793e+01
2.453602568049999885e+06 3.948207780378827010e+03 4.218263151922536025e+01
2.453602570019999985e+06 4.025316189742122333e+03 4.300645736632740324e+01
2.453602641689999960e+06 4.006821541822113431e+03 4.280886064353975939e+01
2.453602643569999840e+06 3.988411869090531582e+03 4.261217179522606813e+01
2.453602714050000068e+06 3.999447497610977734e+03 4.751879185117071103e+01
2.453602716349999886e+06 4.017908108489400092e+03 4.773812862863839968e+01
