2.452125569720000029e+06 3.770509158333933328e+02 3.820043999629986420e+00
2.452129651539999992e+06 3.833540007590440837e+02 3.566129038249108429e+00
2.452132594049999956e+06 3.787913037851569129e+02 3.663236679696222353e+00
2.452135731620000210e+06 3.844147117595778127e+02 3.575996242693836091e+00
2.452140694000000134e+06 3.812413511042990422e+02 3.686930737919806411e+00
2.452144576150000095e+06 3.735940922587999466e+02 3.612975188196172027e+00
2.452160563029999845e+06 3.815926491189340481e+02 3.690328090920933946e+00
2.452168630799999926e+06 3.780941866832968685e+02 3.830613767220536037e+00
2.452175604509999976e+06 3.879716572936906687e+02 4.145087181291321698e+00
2.452187539900000207e+06 3.753185242379141755e+02 3.802492491752881065e+00
2.452206535350000020e+06 3.784425847170935526e+02 4.043278619134041740e+00
2.452331876110000070e+06 3.819442708400468405e+02 3.693728574441244472e+00
2.452345904569999781e+06 3.732501577957206109e+02 3.609649047052027271e+00
2.452355850509999786e+06 3.777461093882191108e+02 3.653128753738009049e+00
2.452364907999999821e+06 3.808903764981351401e+02 3.683536512555882325e+00
2.452372808670000173e+06 3.760105236684963756e+02 3.497816755496177432e+00
2.452403863289999776e+06 3.753185242379141755e+02 3.491379469700372606e+00
2.452411811890000012e+06 3.777461093882191108e+02 3.513961944071798627e+00
2.452414743520000018e+06 3.767037989839089391e+02 3.643048718461212587e+00
2.452416781959999818e+06 3.826484865951101142e+02 3.700538944580656686e+00
2.452424876339999959e+06 3.833540007590440837e+02 3.883902912944573682e+00
2.452428776769999880e+06 3.798393901545071571e+02 3.673372573507214245e+00
2.452432821270000190e+06 3.767037989839089391e+02 3.816527228864126986e+00
2.452434687160000205e+06 3.770509158333933328e+02 3.646405636010441764e+00
2.452436735479999799e+06 3.777461093882191108e+02 3.653128753738009049e+00
2.452438712999999989e+06 3.801893963205612863e+02 3.676757433224945526e+00
2.452440743009999860e+06 3.801893963205612863e+02 3.676757433224945526e+00
2.452443715909999795e+06 3.742829122408052740e+02 3.619636668009923230e+00
2.452445596859999932e+06 3.722202530178502116e+02 3.599688984819371385e+00
2.452446694920000155e+06 3.777461093882191108e+02 3.653128753738009049e+00
2.452448589420000091e+06 3.732501577957206109e+02 4.194068416574736169e+00
2.452453836560000200e+06 3.798393901545071571e+02 3.673372573507214245e+00
2.452456548059999943e+06 3.794897062076350380e+02 3.669990829925239950e+00
2.452458685000000056e+06 3.773983525365861169e+02 3.649765646819270959e+00
2.452460757350000087e+06 3.819442708400468405e+02 3.693728574441244472e+00
2.452463506539999973e+06 3.760105236684963756e+02 3.636344151753451825e+00
2.452468585510000121e+06 3.794897062076350380e+02 3.530181655451897882e+00
2.452470588769999798e+06 3.801893963205612863e+02 3.676757433224945526e+00
2.452472589190000203e+06 3.763570016936730553e+02 3.501039847844896968e+00
2.452481487430000212e+06 3.735940922587999466e+02 3.991477350769103261e+00
2.452484586730000097e+06 3.725632384666042753e+02 3.774577659999470924e+00
2.452486679469999857e+06 3.725632384666042753e+02 3.980463714181260659e+00
2.452490645980000030e+06 3.808903764981351401e+02 3.858943013153780299e+00
2.452493608140000142e+06 3.777461093882191108e+02 3.653128753738009049e+00
2.452495679539999925e+06 3.794897062076350380e+02 3.669990829925239950e+00
2.452497763499999885e+06 3.746277983440597836e+02 3.622972012330488933e+00
2.452498472889999859e+06 3.732501577957206109e+02 3.609649047052027271e+00
2.452500497680000030e+06 3.694877122539326706e+02 3.573262972777591528e+00
2.452502530449999962e+06 3.735940922587999466e+02 3.612975188196172027e+00
2.452508629749999847e+06 3.760105236684963756e+02 3.636344151753451825e+00
2.452512577169999946e+06 3.725632384666042753e+02 3.603005948181314366e+00
2.452517619039999787e+06 3.801893963205612863e+02 3.536690483387804562e+00
2.452520543860000093e+06 3.833540007590440837e+02 3.707361871447093282e+00
2.452526634870000184e+06 3.753185242379141755e+02 3.629651923945932168e+00
2.452537614519999828e+06 3.777461093882191108e+02 4.035837480320084936e+00
2.452542481879999861e+06 3.805397250027092468e+02 3.855390431566484644e+00
2.452547549310000148e+06 3.780941866832968685e+02 3.656494959619603247e+00
2.452551586769999936e+06 3.698281797802662823e+02 3.951242361312596874e+00
2.452556540219999850e+06 3.735940922587999466e+02 3.612975188196172027e+00
2.452564497400000226e+06 3.812413511042990422e+02 3.862498868296939669e+00
2.452575495540000033e+06 3.749730022454837695e+02 3.798991879080964917e+00
2.452706882590000052e+06 3.777461093882191108e+02 3.653128753738009049e+00
2.452714866839999799e+06 3.735940922587999466e+02 3.612975188196172027e+00
2.452728896110000089e+06 3.767037989839089391e+02 3.816527228864126986e+00
2.452733879209999926e+06 3.777461093882191108e+02 3.653128753738009049e+00
2.452744867000000086e+06 3.746277983440597836e+02 3.622972012330488933e+00
2.452753852640000172e+06 3.819442708400468405e+02 3.693728574441244472e+00
2.452756922040000092e+06 3.798393901545071571e+02 3.673372573507214245e+00
2.452760865050000139e+06 3.739383436431519954e+02 3.616304394240748454e+00
2.452766918169999961e+06 3.763570016936730553e+02 3.639694891323904002e+00
2.452770788970000111e+06 3.830010812264487186e+02 3.703948836977015713e+00
2.452783733550000004e+06 3.729065399621526922e+02 3.606325967986733882e+00
2.452785838469999842e+06 3.732501577957206109e+02 3.609649047052027271e+00
2.452786898920000065e+06 3.763570016936730553e+02 3.813013695672660575e+00
2.452789709119999781e+06 3.756643646144586342e+02 3.632996496907396455e+00
2.452791688329999801e+06 3.798393901545071571e+02 3.673372573507214245e+00
2.452794894590000156e+06 3.773983525365861169e+02 3.649765646819270959e+00
2.452796776120000053e+06 3.732501577957206109e+02 3.609649047052027271e+00
2.452797938769999892e+06 3.833540007590440837e+02 3.707361871447093282e+00
2.452809682239999995e+06 3.767037989839089391e+02 3.643048718461212587e+00
2.452810849119999912e+06 3.791403441833062402e+02 3.666612199610273848e+00
2.452811880880000070e+06 3.801893963205612863e+02 3.676757433224945526e+00
2.452813677660000045e+06 3.756643646144586342e+02 3.632996496907396455e+00
2.452814699899999890e+06 3.801893963205612863e+02 3.676757433224945526e+00
2.452816562950000167e+06 3.808903764981351401e+02 3.683536512555882325e+00
2.452818550449999981e+06 3.801893963205612863e+02 3.851841120521370954e+00
2.452820709019999951e+06 3.780941866832968685e+02 3.656494959619603247e+00
2.452826716020000167e+06 3.760105236684963756e+02 3.636344151753451825e+00
2.452836696959999856e+06 3.872576449216176684e+02 3.745113457446893168e+00
2.452837594229999930e+06 3.767037989839089391e+02 3.816527228864126986e+00
2.452839642430000007e+06 3.763570016936730553e+02 3.813013695672660575e+00
2.452841655809999909e+06 3.753185242379141755e+02 3.629651923945932168e+00
2.452843588589999825e+06 3.732501577957206109e+02 3.472138607164330981e+00
2.452845616700000130e+06 3.763570016936730553e+02 3.813013695672660575e+00
2.452849796050000004e+06 3.787913037851569129e+02 4.047004331854873627e+00
2.452849802319999784e+06 3.729065399621526922e+02 3.984131545585343659e+00
2.452852492970000021e+06 3.794897062076350380e+02 3.844752298016917536e+00
2.452852505260000005e+06 3.718775833249358129e+02 3.767631031043652712e+00
2.452852518329999875e+06 3.760105236684963756e+02 3.809503397075043818e+00
2.452852564350000117e+06 3.798393901545071571e+02 3.848295077007557907e+00
2.452854487209999934e+06 3.787913037851569129e+02 3.837676521586518508e+00
2.452856680240000132e+06 3.815926491189340481e+02 3.866058000012405849e+00
2.452858645610000007e+06 3.801893963205612863e+02 3.676757433224945526e+00
2.452862572180000134e+06 3.798393901545071571e+02 3.848295077007557907e+00
2.452865681489999872e+06 3.777461093882191108e+02 3.653128753738009049e+00
2.452868561249999795e+06 3.794897062076350380e+02 3.669990829925239950e+00
2.452871668500000145e+06 3.735940922587999466e+02 3.612975188196172027e+00
2.452876552060000133e+06 3.746277983440597836e+02 3.622972012330488933e+00
2.452879596239999868e+06 3.798393901545071571e+02 3.673372573507214245e+00
2.452885491109999828e+06 3.801893963205612863e+02 3.851841120521370954e+00
2.452894598950000014e+06 3.756643646144586342e+02 3.632996496907396455e+00
2.452898583800000139e+06 3.805397250027092468e+02 3.680145411949826695e+00
2.452904556609999854e+06 3.688077172261545797e+02 3.736529068210870719e+00
2.452908619429999962e+06 3.667752315994951573e+02 4.121312162110928767e+00
2.452909551119999960e+06 3.767037989839089391e+02 3.643048718461212587e+00
2.452917591060000006e+06 3.777461093882191108e+02 3.827087265820770856e+00
2.452930533689999953e+06 3.780941866832968685e+02 3.656494959619603247e+00
2.453051868900000118e+06 3.784425847170935526e+02 3.834143518144350171e+00
2.453058862280000001e+06 3.753185242379141755e+02 3.491379469700372606e+00
2.453062897189999931e+06 3.830010812264487186e+02 3.562846024139795453e+00
2.453063885919999797e+06 3.763570016936730553e+02 3.639694891323904002e+00
2.453067860780000221e+06 3.753185242379141755e+02 3.629651923945932168e+00
2.453070820720000193e+06 3.777461093882191108e+02 3.827087265820770856e+00
2.453072899540000129e+06 3.770509158333933328e+02 3.507494945114805862e+00
2.453075819079999812e+06 3.844147117595778127e+02 3.717619856265869327e+00
2.453079852890000213e+06 3.767037989839089391e+02 3.643048718461212587e+00
2.453082815750000067e+06 3.784425847170935526e+02 3.520440866659813040e+00
2.453084871340000071e+06 3.760105236684963756e+02 3.497816755496177432e+00
2.453086805360000115e+06 3.756643646144586342e+02 3.494596630358543177e+00
2.453088762360000052e+06 3.698281797802662823e+02 3.576555585670885939e+00
2.453089872320000082e+06 3.763570016936730553e+02 3.501039847844896968e+00
2.453091789499999955e+06 3.784425847170935526e+02 3.659864267319607123e+00
2.453096827010000125e+06 3.815926491189340481e+02 3.690328090920933946e+00
2.453098870829999913e+06 3.763570016936730553e+02 3.501039847844896968e+00
2.453100824800000060e+06 3.756643646144586342e+02 3.632996496907396455e+00
2.453102787560000084e+06 3.711931900441402945e+02 3.589756405269481920e+00
2.453103861430000048e+06 3.708514658756864719e+02 3.586451639569453231e+00
2.453106795839999802e+06 3.773983525365861169e+02 3.823564010953521830e+00
2.453108733450000174e+06 3.780941866832968685e+02 3.517199913538856304e+00
2.453109760019999929e+06 3.767037989839089391e+02 3.504265910138880002e+00
2.453110799509999808e+06 3.763570016936730553e+02 3.639694891323904002e+00
2.453111833519999869e+06 3.760105236684963756e+02 3.636344151753451825e+00
2.453112806809999980e+06 3.801893963205612863e+02 3.536690483387804562e+00
2.453113840640000068e+06 3.694877122539326706e+02 3.437138669052730577e+00
2.453114750789999962e+06 3.773983525365861169e+02 3.510726955511870084e+00
2.453118894830000121e+06 3.732501577957206109e+02 3.609649047052027271e+00
2.453122878320000134e+06 3.725632384666042753e+02 3.774577659999470924e+00
2.453125834900000133e+06 3.760105236684963756e+02 3.636344151753451825e+00
2.453126864200000186e+06 3.767037989839089391e+02 3.643048718461212587e+00
2.453127769749999978e+06 3.812413511042990422e+02 3.686930737919806411e+00
2.453128788149999920e+06 3.767037989839089391e+02 3.643048718461212587e+00
2.453129762829999905e+06 3.753185242379141755e+02 3.629651923945932168e+00
2.453131650439999998e+06 3.773983525365861169e+02 3.823564010953521830e+00
2.453134730609999970e+06 3.773983525365861169e+02 4.032122047914622698e+00
2.453134847879999783e+06 3.708514658756864719e+02 3.757235050977521418e+00
2.453135830999999773e+06 3.780941866832968685e+02 3.517199913538856304e+00
2.453137906630000100e+06 3.815926491189340481e+02 3.690328090920933946e+00
2.453138790860000066e+06 3.725632384666042753e+02 3.465748578726786988e+00
2.453139835039999802e+06 3.739383436431519954e+02 3.478540417317290689e+00
2.453140842430000193e+06 3.760105236684963756e+02 3.636344151753451825e+00
2.453142734610000160e+06 3.732501577957206109e+02 3.472138607164330981e+00
2.453144755229999777e+06 3.861890894489899324e+02 3.592502291386441282e+00
2.453146728769999929e+06 3.729065399621526922e+02 3.606325967986733882e+00
2.453151717480000108e+06 3.739383436431519954e+02 3.788509365395069217e+00
2.453152721249999944e+06 3.739383436431519954e+02 3.616304394240748454e+00
2.453152934609999880e+06 3.780941866832968685e+02 3.830613767220536037e+00
2.453153725209999830e+06 3.746277983440597836e+02 3.622972012330488933e+00
2.453154786170000210e+06 3.732501577957206109e+02 3.609649047052027271e+00
2.453156768720000051e+06 3.756643646144586342e+02 3.632996496907396455e+00
2.453158839290000033e+06 3.742829122408052740e+02 3.792000318867538411e+00
2.453162780199999921e+06 3.780941866832968685e+02 3.656494959619603247e+00
2.453163741530000232e+06 3.742829122408052740e+02 3.481745747323830908e+00
2.453164699789999984e+06 3.725632384666042753e+02 3.465748578726786988e+00
2.453165771120000165e+06 3.722202530178502116e+02 3.462557975873870930e+00
2.453166859009999782e+06 3.763570016936730553e+02 3.813013695672660575e+00
2.453168558720000088e+06 3.780941866832968685e+02 3.656494959619603247e+00
2.453168896949999966e+06 3.735940922587999466e+02 3.612975188196172027e+00
2.453169693589999806e+06 3.767037989839089391e+02 3.643048718461212587e+00
2.453170766160000116e+06 3.773983525365861169e+02 3.510726955511870084e+00
2.453171844020000193e+06 3.708514658756864719e+02 3.313198181316542090e+00
2.453172705709999893e+06 3.725632384666042753e+02 3.465748578726786988e+00
2.453174677310000174e+06 3.773983525365861169e+02 3.510726955511870084e+00
2.453175686639999971e+06 3.770509158333933328e+02 3.507494945114805862e+00
2.453176729640000034e+06 3.742829122408052740e+02 3.792000318867538411e+00
2.453178747800000012e+06 3.777461093882191108e+02 3.653128753738009049e+00
2.453179760799999814e+06 3.749730022454837695e+02 3.488165270792522143e+00
2.453180673520000186e+06 3.725632384666042753e+02 3.465748578726786988e+00
2.453183699200000148e+06 3.725632384666042753e+02 3.603005948181314366e+00
2.453184666689999867e+06 3.780941866832968685e+02 3.517199913538856304e+00
2.453185822680000216e+06 3.756643646144586342e+02 3.632996496907396455e+00
2.453193500399999786e+06 3.833540007590440837e+02 3.883902912944573682e+00
2.453193837530000135e+06 3.739383436431519954e+02 3.788509365395069217e+00
2.453194609879999887e+06 3.705100563019243509e+02 3.583149916269822377e+00
2.453195666339999996e+06 3.718775833249358129e+02 3.459370310321899566e+00
2.453196710049999878e+06 3.739383436431519954e+02 3.616304394240748454e+00
2.453197609989999793e+06 3.729065399621526922e+02 3.468942121587238692e+00
2.453199754790000152e+06 3.756643646144586342e+02 3.632996496907396455e+00
2.453202505599999800e+06 3.773983525365861169e+02 3.510726955511870084e+00
2.453203626629999839e+06 3.777461093882191108e+02 3.513961944071798627e+00
2.453204587509999983e+06 3.760105236684963756e+02 3.497816755496177432e+00
2.453205729210000020e+06 3.746277983440597836e+02 3.484954030908374634e+00
2.453206636779999826e+06 3.763570016936730553e+02 3.501039847844896968e+00
2.453209678619999904e+06 3.746277983440597836e+02 3.622972012330488933e+00
2.453210624869999941e+06 3.861890894489899324e+02 3.592502291386441282e+00
2.453211699440000113e+06 3.739383436431519954e+02 3.616304394240748454e+00
2.453217619320000056e+06 3.830010812264487186e+02 3.703948836977015713e+00
2.453218618640000001e+06 3.780941866832968685e+02 3.656494959619603247e+00
2.453219684989999980e+06 3.773983525365861169e+02 3.823564010953521830e+00
2.453223616049999837e+06 3.830010812264487186e+02 3.880327353023538706e+00
2.453224665750000160e+06 3.729065399621526922e+02 3.468942121587238692e+00
2.453226578999999911e+06 3.729065399621526922e+02 3.606325967986733882e+00
2.453228561590000056e+06 3.794897062076350380e+02 3.530181655451897882e+00
2.453229595269999932e+06 3.794897062076350380e+02 3.530181655451897882e+00
2.453230633909999859e+06 3.773983525365861169e+02 3.510726955511870084e+00
2.453231534899999853e+06 3.787913037851569129e+02 3.663236679696222353e+00
2.453232563560000155e+06 3.801893963205612863e+02 3.851841120521370954e+00
2.453238584489999805e+06 3.777461093882191108e+02 3.653128753738009049e+00
2.453239544209999964e+06 3.698281797802662823e+02 3.576555585670885939e+00
2.453240620970000047e+06 3.760105236684963756e+02 3.636344151753451825e+00
2.453241619969999883e+06 3.705100563019243509e+02 3.958527526545708053e+00
2.453245514390000142e+06 3.854783576657720801e+02 3.727906224138742175e+00
2.453246626459999941e+06 3.746277983440597836e+02 3.795494489108130587e+00
2.453247641940000001e+06 3.739383436431519954e+02 3.616304394240748454e+00
2.453249493470000103e+06 3.705100563019243509e+02 3.583149916269822377e+00
2.453250621059999801e+06 3.691475581654127041e+02 3.569973391096694204e+00
2.453253614380000159e+06 3.729065399621526922e+02 3.606325967986733882e+00
2.453256597260000184e+06 3.698281797802662823e+02 3.576555585670885939e+00
2.453259589449999854e+06 3.753185242379141755e+02 3.802492491752881065e+00
2.453267496429999825e+06 3.883291570049553343e+02 3.755475897997129220e+00
2.453271582010000013e+06 3.725632384666042753e+02 4.426550164908470641e+00
2.453274593590000179e+06 3.732501577957206109e+02 3.609649047052027271e+00
2.453278567569999956e+06 3.749730022454837695e+02 3.626310430031830734e+00
2.453281548320000060e+06 3.694877122539326706e+02 3.573262972777591528e+00
2.453288509870000184e+06 3.739383436431519954e+02 3.788509365395069217e+00
2.453293484800000209e+06 3.784425847170935526e+02 3.659864267319607123e+00
2.453295489219999872e+06 3.833540007590440837e+02 3.566129038249108429e+00
2.453299492610000074e+06 3.725632384666042753e+02 3.465748578726786988e+00
2.453416868950000033e+06 3.777461093882191108e+02 3.513961944071798627e+00
2.453421859180000145e+06 3.742829122408052740e+02 3.481745747323830908e+00
2.453425885180000216e+06 3.784425847170935526e+02 3.659864267319607123e+00
2.453428881219999865e+06 3.711931900441402945e+02 3.453003780306834969e+00
2.453432854830000084e+06 3.725632384666042753e+02 3.774577659999470924e+00
2.453442855460000224e+06 3.760105236684963756e+02 3.636344151753451825e+00
2.453444908350000158e+06 3.773983525365861169e+02 3.510726955511870084e+00
2.453447821529999841e+06 3.819442708400468405e+02 3.693728574441244472e+00
2.453449834400000051e+06 3.753185242379141755e+02 3.491379469700372606e+00
2.453452854950000066e+06 3.760105236684963756e+02 3.497816755496177432e+00
2.453454908470000140e+06 3.749730022454837695e+02 3.488165270792522143e+00
2.453458767580000218e+06 3.729065399621526922e+02 3.468942121587238692e+00
2.453459815220000222e+06 3.756643646144586342e+02 3.494596630358543177e+00
2.453468844020000193e+06 3.729065399621526922e+02 3.468942121587238692e+00
2.453469850920000114e+06 3.742829122408052740e+02 3.481745747323830908e+00
2.453471878440000117e+06 3.729065399621526922e+02 3.606325967986733882e+00
2.453473846410000231e+06 3.753185242379141755e+02 3.491379469700372606e+00
2.453473917960000224e+06 3.732501577957206109e+02 3.472138607164330981e+00
2.453474869839999825e+06 3.798393901545071571e+02 3.533434570706939226e+00
2.453475765759999864e+06 3.760105236684963756e+02 3.497816755496177432e+00
2.453476742560000159e+06 3.742829122408052740e+02 3.481745747323830908e+00
2.453478758330000099e+06 3.688077172261545797e+02 3.430813053539071955e+00
2.453479895519999787e+06 3.763570016936730553e+02 3.501039847844896968e+00
2.453481786249999888e+06 3.767037989839089391e+02 3.504265910138880002e+00
2.453484742010000162e+06 3.742829122408052740e+02 3.619636668009923230e+00
2.453496690400000196e+06 3.729065399621526922e+02 3.468942121587238692e+00
2.453497757850000169e+06 3.705100563019243509e+02 3.446648967078590697e+00
2.453499715400000103e+06 3.812413511042990422e+02 3.546476233618099272e+00
2.453500698220000137e+06 3.732501577957206109e+02 3.472138607164330981e+00
2.453501736239999998e+06 3.812413511042990422e+02 3.406021729316392577e+00
2.453502734809999820e+06 3.756643646144586342e+02 3.494596630358543177e+00
2.453503661379999947e+06 3.767037989839089391e+02 3.504265910138880002e+00
2.453504840450000018e+06 3.770509158333933328e+02 3.507494945114805862e+00
2.453506852140000090e+06 3.767037989839089391e+02 3.504265910138880002e+00
2.453508718549999874e+06 3.777461093882191108e+02 3.653128753738009049e+00
2.453509749129999895e+06 3.756643646144586342e+02 3.494596630358543177e+00
2.453510889419999905e+06 3.749730022454837695e+02 3.488165270792522143e+00
2.453511801250000019e+06 3.777461093882191108e+02 3.513961944071798627e+00
2.453512820679999888e+06 3.753185242379141755e+02 3.629651923945932168e+00
2.453517824330000207e+06 3.725632384666042753e+02 3.465748578726786988e+00
2.453520781589999795e+06 3.729065399621526922e+02 3.468942121587238692e+00
2.453522707560000010e+06 3.742829122408052740e+02 3.481745747323830908e+00
2.453523768670000136e+06 3.729065399621526922e+02 3.468942121587238692e+00
2.453524670799999963e+06 3.812413511042990422e+02 3.546476233618099272e+00
2.453525664880000055e+06 3.749730022454837695e+02 3.488165270792522143e+00
2.453526717660000082e+06 3.784425847170935526e+02 3.520440866659813040e+00
2.453527751430000179e+06 3.777461093882191108e+02 3.513961944071798627e+00
2.453528692319999915e+06 3.746277983440597836e+02 3.484954030908374634e+00
2.453529650299999863e+06 3.787913037851569129e+02 3.523684806183985163e+00
2.453530658359999768e+06 3.711931900441402945e+02 3.453003780306834969e+00
2.453538628430000041e+06 3.805397250027092468e+02 3.539949396256499181e+00
2.453540622450000141e+06 3.767037989839089391e+02 3.504265910138880002e+00
2.453544823549999855e+06 3.812413511042990422e+02 3.686930737919806411e+00
2.453547755049999803e+06 3.773983525365861169e+02 3.510726955511870084e+00
2.453550601929999888e+06 3.819442708400468405e+02 3.553015104938720192e+00
2.453551604249999858e+06 3.904810837492533437e+02 3.488569779444299357e+00
2.453552633609999903e+06 3.872576449216176684e+02 3.602442468591773306e+00
2.453553760619999841e+06 3.912010393873510452e+02 3.783249462959783482e+00
2.453554710340000223e+06 3.854783576657720801e+02 3.585890748933457051e+00
2.453555778160000220e+06 3.890451449942804629e+02 3.762400115735256900e+00
2.453556690340000205e+06 3.865449465982840138e+02 3.595812632509928886e+00
2.453558501159999985e+06 3.919223224549770634e+02 3.645835369077600863e+00
2.453558799839999992e+06 3.940941607322862410e+02 3.666038772542173696e+00
2.453559582690000068e+06 3.977406691050286440e+02 3.699960211657214337e+00
2.453560571070000064e+06 4.010513660865754559e+02 3.730757784186419457e+00
2.453561515219999943e+06 4.021610443342133863e+02 3.741080503694183879e+00
2.453562555869999807e+06 4.081313915969719233e+02 3.796619323427376180e+00
2.453562807210000232e+06 4.081313915969719233e+02 3.796619323427376180e+00
2.453563610069999937e+06 4.043896205078194157e+02 3.761811708249010344e+00
2.453564591779999901e+06 4.058821946619186747e+02 3.925228821949014346e+00
2.453569528539999854e+06 4.520640796485017177e+02 4.205300683941921136e+00
2.453573618950000033e+06 5.425003216311506549e+02 5.046578740270746266e+00
2.453574659940000158e+06 5.602733947937971379e+02 5.005499407391057254e+00
2.453575507519999985e+06 6.081350012787188462e+02 5.433096443272496856e+00
2.453575760960000101e+06 6.171631684555843549e+02 5.513754361127511494e+00
2.453576661439999938e+06 6.637430704019088807e+02 5.929900610003868699e+00
2.453577729129999876e+06 7.338376673335379792e+02 6.556127853101346048e+00
2.453578634310000110e+06 7.965260797837789823e+02 6.896099731366594376e+00
2.453579591610000003e+06 8.896107044092289016e+02 7.702000342992743498e+00
2.453579759349999949e+06 9.044821490475909513e+02 7.830753145918520453e+00
2.453580621429999825e+06 1.004615790278396730e+03 8.697682169234324689e+00
2.453581644869999960e+06 1.064633187051312461e+03 9.217295982601713789e+00
2.453582592869999819e+06 1.113781500134666885e+03 9.642808313275489596e+00
2.453583606960000005e+06 1.073494935805236082e+03 9.294018521577411818e+00
2.453584615699999966e+06 1.014845662818095661e+03 8.786249540803728664e+00
2.453585605979999993e+06 9.111712330429193116e+02 7.888665361869808379e+00
2.453586651709999889e+06 8.165823713585922405e+02 7.069741487050006157e+00
2.453589644379999954e+06 6.183010727517132636e+02 5.523920432429250127e+00
2.453590613289999776e+06 5.850594519500057231e+02 5.226938789592356471e+00
2.453592620130000170e+06 5.743809134963175893e+02 5.131536404973663146e+00
2.453593641280000098e+06 4.924929296050272001e+02 4.399946687080386276e+00
2.453594674519999884e+06 4.746789794829227276e+02 4.240796319406217485e+00
2.453601532070000190e+06 4.085074676631251123e+02 3.800117749888151319e+00
2.453601620360000059e+06 4.073802778041130068e+02 3.939716570376400551e+00
2.453602570150000043e+06 4.006821541822113204e+02 3.727323211204755182e+00
2.453602636409999803e+06 4.085074676631251123e+02 3.800117749888151319e+00
2.453603542129999958e+06 4.017908108489399979e+02 3.737636427513548742e+00
2.453603610460000113e+06 4.010513660865754559e+02 3.730757784186419457e+00
2.453604521490000188e+06 3.988411869090531354e+02 3.710197716653304223e+00
2.453606473830000032e+06 3.858335599053512510e+02 3.731341334342525684e+00
2.453606637349999975e+06 3.901216029526759712e+02 3.772810387137849553e+00
2.453607506709999871e+06 3.912010393873510452e+02 3.639125673894648472e+00
2.453607608810000122e+06 3.984740097177751750e+02 3.706782071475723583e+00
2.453608577300000004e+06 3.897624530977199697e+02 3.769337100108724581e+00
2.453608615720000118e+06 3.908408957924024776e+02 3.779766565612906248e+00
