2.453576060570000205e+06 3.099416923126683687e+05 5.138403266998781874e+03
2.453579002950000111e+06 4.183309530602420564e+05 1.005625291578503675e+04
2.453580819290000014e+06 5.003109406395446858e+05 5.575721206687670929e+03
2.453580861020000186e+06 5.013257359115427826e+05 5.540856797972103777e+03
2.453580941800000146e+06 5.080658447529184050e+05 7.159572823171482014e+03
2.453581843640000094e+06 5.411529122830430279e+05 5.532464792108427901e+03
2.453581981649999972e+06 5.462104440548167331e+05 7.495868315664945840e+03
2.453583823100000154e+06 5.415517954202071996e+05 5.885694110552407437e+03
2.453583987879999913e+06 5.341214262297002133e+05 6.149300169426133834e+03
2.453584854100000113e+06 4.882025010867062956e+05 5.081057662168261231e+03
2.453584992999999784e+06 4.835484549992738757e+05 5.299838569694960825e+03
2.453585812020000070e+06 4.484148638958478696e+05 5.203867440661008004e+03
2.453585992349999957e+06 4.381673368671793141e+05 7.950270515485266515e+03
2.453585998929999769e+06 4.372803883027128759e+05 9.746552938504113627e+03
2.453586017450000159e+06 4.313998601716757985e+05 5.403741786101530124e+03
2.453586027319999877e+06 4.357124805030838470e+05 5.417631337164442812e+03
2.453586845230000094e+06 4.002026868105137255e+05 4.275763437432889077e+03
2.453586971359999850e+06 3.938038883769906242e+05 4.134857351006171484e+03
2.453587857230000198e+06 3.554021084811605979e+05 5.957541386213677470e+03
2.453587976830000058e+06 3.562542056685168063e+05 4.593711490417065761e+03
2.453588028280000202e+06 3.734564804593608133e+05 1.059415680138503558e+04
2.453588808980000205e+06 3.243396173493493116e+05 6.452521067312682135e+03
2.453588964379999787e+06 3.267382660631437902e+05 3.851994423028312667e+03
2.453590843530000187e+06 2.853119749515454168e+05 4.388460070512475795e+03
2.453592866249999963e+06 3.014393884279471822e+05 3.303867649040661490e+03
2.453593028049999848e+06 2.785351441248018527e+05 4.104645572714987793e+03
2.453596842089999933e+06 2.244708752731838613e+05 2.791061772562938131e+03
2.453600890540000051e+06 2.048896402951224300e+05 3.132591520844342085e+03
