2.453578012699999847e+06 5.665001119195325430e+01 1.539209361204741500e+00
2.453579174070000183e+06 6.274801619978519795e+01 1.491060914115046820e+00
2.453580153560000006e+06 7.099046158552874886e+01 1.686923491065363212e+00
2.453581126459999941e+06 7.677149537690289094e+01 1.753587176151441440e+00
2.453582034669999965e+06 7.705485366297143912e+01 1.831029688235859654e+00
2.453585029790000059e+06 7.099046158552874886e+01 1.765385048789333666e+00
2.453585080080000218e+06 7.164732823911100468e+01 1.702532401948276819e+00
2.453585124019999988e+06 7.138385536016632216e+01 1.696271580722104932e+00
2.453585203120000195e+06 6.911940643980491927e+01 1.718855800972828085e+00
2.453588089600000065e+06 5.500472528676334605e+01 1.428646522321942669e+00
2.453594075439999811e+06 3.749730022454831868e+01 1.118975789838391410e+00
2.453599880369999912e+06 3.028307694265778238e+01 9.873677593802820951e-01
