18 0 52 0.489318 -3.30021 269.959 -30.1918   3356 10.572 0.999 -7.13878 2.37847 10 5 5.4   1867 7.975 0.678 -3.34128 4.17862 10 5 6.5 6.953 4385 4.68 0.614   2.16671 144.086 1414.31840479 36.8514 3.3655 0.422006 0.0729903 0.00104122 4.20256 158.879 0   0.031757 1.0961 -28.9142 359.054 0.0468392 0.325677 1.36214   3 522.608 1560.41   20.3979 20.7042 20.3513 20.4206 20.4397   21.4413 22.0982 21.2247 21.4254 21.4312   0.413613 0.557115   1 0   0 88076.6 0 348.477   2.05916318357533 ombin   0.462222 ombin_0_52_18 2
2683 4 87 1.21885 -0.937016 268.036 -28.3744   3589 9.675 0.886 -11.0197 2.98334 10 5 5.6   6183 6.105 0.25 6.54734 -4.97902 10 5 7.2 9.821 3311 5.01 0.254   -1.52343 38.6665 1790.31690896 6.6877 2.15354 0.35275 0.171343 0.00120717 19.2873 558.186 0   0.00273006 49.2163 83.7988 270.63 0.0109202 2.48124 686.808   3 1195.56 3582.63   21.7205 22.7684 21.2468 21.5747 21.4953   24.3303 25.8764 23.8164 24.1969 24.1324   0.607462 0.744427   1 0   0 76240 0 6860.52   0.422001236489339 omcassan   0.613786 omcassan_4_87_2683 4
2 0 88 1.1106 -0.604929 267.649 -28.2978   13758 8.368 0.212 -12.76 3.273 10 5 7.3   10257 7.504 0.15 -2.30193 2.52451 10 5 7.4 11.034 1957 5.14 0.169   -0.00588459 114.126 1417.8548187 5.31401 1.14459 0.152531 0.0902075 0.000772343 10.4848 372.971 0   0.0575726 0.139503 50.7552 152.726 0.383817 0.113947 0.114365   3 362.899 1088.61   25.9777 27.6913 25.1584 25.6392 25.3895   25.8563 27.742 25.4167 25.8076 25.8812   0.0684179 0.102309   1 0   0 510389 1 19601.1   5.33975995495194 ombin   0.904826 ombin_0_88_2 6
262 2 83 1.04324 -2.03775 269.017 -29.0827   3730 9.003 0.688 -11.2159 2.31889 10 5 6.3   626 6.008 0.934 -2.67352 -0.780517 10 5 5.5 4.959 5394 4.43 0.961   0.891991 316.978 495.060358196 26.2846 3.90091 0.649285 0.0852794 0.000547291 9.08728 258.812 0   0.000645883 8.5937 -84.1359 29.4468 0.000691524 1.92159 26.0583   3 1009.25 3006.16   21.5179 22.2515 21.2471 21.4744 21.4481   19.4903 19.9352 19.3743 19.4939 19.5086   0.117726 0.123387   1 0   0 380416 0 383.459   0.221967508957762 omcassan   0.338728 omcassan_2_83_262 8
13 0 33 0.182555 -1.52365 268.01 -29.5647   4661 11.684 1.37 -7.08741 -0.385972 4 5 5.1   25606 7.949 0.575 -9.40297 0.600868 9 6 9 17.212 2826 8 0.013   -0.455631 65.1065 1737.19486356 74.0461 3.81567 0.480019 0.0837776 0.00113586 2.51708 94.8485 0   0.128374 17.9304 24.4693 199.335 0.223258 4.65476 90.5302   3 327.222 923.451   21.0668 21.6848 20.7594 20.97 20.8395   33.165 32.9676 32.9388 32.9594 32.44   0.306943 0.280945   1 0   0 9.53734e+07 0 13811.2   3.72575413937144 ombin   0.243043 ombin_0_33_13 9
657 3 32 0.133009 -1.76616 268.221 -29.7307   3803 9.215 1.225 -9.33141 0.537303 5 5 5.6   1434 7.088 0.784 1.006 1.15514 10 5 6.2 6.154 4615 4.59 0.731   0.0472834 274.149 364.603549093 16.1921 3.23246 0.456047 0.0714066 0.00135545 10.3559 347.961 0   1.95456e-05 4.50045 43.0069 79.4237 2.49306e-05 1.03294 10.7825   3 1124.76 3351.9   20.5755 21.0916 20.3451 20.5176 20.4362   20.9538 21.6539 20.7134 20.9237 20.9119   0.475379 0.516994   1 0   0 4.23893e+07 0 5681.29   0.311037546045421 omcassan   0.404041 omcassan_3_32_657 12
488 0 73 0.738321 -1.21338 268.028 -28.9286   18445 9.426 0.328 -9.07283 0.102359 10 5 7.1   7089 6.431 0.5 -0.650147 3.19217 10 5 6.9 8.181 4083 4.84 0.439   -0.433795 11.6397 529.452726245 19.2905 3.06162 0.476072 0.103781 0.000339881 8.97154 273.506 0   0.0631313 4.86586 39.5281 237.373 0.126263 1.3417 14.3033   3 789.038 2378.33   24.1553 25.5445 23.7204 24.066 24.0401   22.8638 23.9648 22.3307 22.689 22.6019   0.0467386 0.0535057   1 0   0 314650 0 88887.5   10.1948253282232 ombin   0.760807 ombin_0_73_488 14
308 0 33 0.029591 -1.47442 267.871 -29.6712   4672 11.858 1.78 -7.94667 0.0457404 5 5 4.8   11275 7.855 0.4 -0.97834 3.77562 10 5 7.1 8.794 4818 4.91 0.361   0.997954 138.796 522.865948677 22.2339 3.79351 0.482942 0.0889882 0.00144533 7.90377 294.308 0   0.266221 2.59093 -66.7031 3.15623 0.665552 0.682116 5.10946   3 865.096 2605.08   20.4072 21.0106 20.1429 20.3335 20.2345   23.6547 24.7699 23.1186 23.4724 23.3125   0.676024 0.758263   1 0   0 8.53256e+06 0 2.54374e+06   10.5104521987564 ombin   0.271423 ombin_0_33_308 18
290 0 89 1.02051 -0.504849 267.499 -28.3238   1637 8.927 2.316 -7.4019 2.50973 10 3 5.6   964 7.096 1.067 -6.46087 1.73551 10 4 5.1 3.754 5713 4.05 1.576   -0.236534 199.69 384.454484582 192.463 4.02796 0.567638 0.0509211 0.00212527 1.21859 40.9913 0   0.30145 1.91741 35.8822 80.2735 0.282521 0.388557 2.26965   3 145.796 386.654   21.5837 23.8653 20.3415 20.9548 20.6865   21.0182 22.7552 20.1243 20.63 20.4427   0.431365 0.366148   1 0   0 7.42434e+07 0 180.966   1.43836610876417 ombin   0.931094 ombin_0_89_290 20
623 0 8 -0.451107 -1.23271 267.348 -29.9601   7265 6.968 0.254 0.557266 0.0945974 10 5 7.2   5378 6.104 0.605 6.69946 1.01084 10 5 6.7 7.481 4452 4.74 0.535   0.0926006 201.588 1432.56871104 18.6718 1.93141 0.316417 0.0641995 0.000535697 6.21016 179.696 0   3.9659e-05 2.19953 36.7621 330.435 6.55521e-05 1.08803 4.19375   3 347.055 1037.72   24.9367 26.6426 24.3207 24.7463 24.6674   22.9282 24.3842 22.1744 22.6276 22.4408   0.0319219 0.040745   1 0   0 357404 0 2515.19   0.106496489069094 omcassan   0.105428 omcassan_0_8_623 25
272 0 62 0.492618 -0.628113 267.31 -28.84   7284 7.449 0.254 -2.20361 0.267835 10 5 7.2   549 5.855 0.83 -1.27533 1.19085 6 5 6.1 5.055 5021 4.53 1.144   0.149344 344.61 1429.68679368 142.054 2.94631 0.503213 0.0726293 0.000315092 1.30907 36.3338 0   0.0205418 2.57209 -36.6521 96.0856 0.0247492 0.702551 4.47282   3 105.75 313.566   26.2678 28.6061 25.0283 25.6364 25.2207   21.8958 23.5977 20.9118 21.4371 21.1164   0.0186253 0.0152364   1 0   0 392924 0 10085.2   0.980831265199531 ombin   0.577634 ombin_0_62_272 27
390 0 9 -0.289763 -1.05752 267.271 -29.7317   15820 9.341 0.531 -12.8269 -2.63157 10 5 6.7   21090 2.186 1.197 -4.0722 -2.18164 4 6 9 13.847 9427 9 0.006   0.130962 38.0001 336.141065955 88.97 4.47627 2.0477 0.17112 0.000129089 8.76625 90.8418 0   0.272002 13.151 72.8461 236.294 0.227236 1.78261 39.3483   3 367.061 1055.99   24.6339 26.5555 23.5987 24.1557 23.9612   27.2489 27.1601 27.3951 27.2968 27.3279   0.0567363 0.12611   1 0   0 2.89854e+06 0 1.04479e+06   3.98158891082542 ombin   0.94136 ombin_0_9_390 28
1050 4 109 1.52853 -1.95811 269.216 -28.6232   4041 10.026 3.866 -15.1773 -2.01606 10 3 6   13590 8.734 0.55 -7.71807 -3.26945 10 5 6.9 7.85 4139 4.79 0.484   0.334177 69.6211 1810.44576287 12.4577 2.24561 0.257111 0.0573853 0.00697374 7.5638 313.166 0   1.72152e-05 1.80785 32.8671 48.4551 3.13004e-05 0.735662 3.2776   3 703.238 2102.6   18.0652 18.7756 17.8106 18.0246 17.9986   22.5312 23.3573 22.2123 22.4703 22.4578   0.903622 0.936358   1 0   0 1.64356e+08 0 1218.02   0.128550741813595 omcassan   0.520323 omcassan_4_109_1050 32
254 0 73 0.895052 -1.10745 268.015 -28.7398   3568 9.275 0.783 -11.9218 0.041656 10 5 6.1   7827 6.757 0.605 4.00987 4.83813 10 5 6.7 7.481 4174 4.74 0.535   0.150318 40.424 160.323111266 12.4317 3.83421 0.567443 0.0708053 0.000691797 16.638 532.939 0   0.378811 1.02137 60.6696 344.439 0.626135 0.258996 1.04069   3 1602.42 4816.99   21.6062 22.5369 21.2456 21.5257 21.4985   22.508 23.6124 21.987 22.3423 22.251   0.470726 0.558749   1 0   0 1.55637e+07 0 4635.55   20.6482580877329 ombin   0.744285 ombin_0_73_254 33
26 0 50 0.273868 -0.367131 266.926 -28.8927   7106 8.396 0.484 -7.09458 -0.221803 10 5 6.9   4260 7.199 0.74 -3.58628 -0.344743 7 5 6.5 5.965 3991 4.62 0.979   0.0787961 192.548 550.660606921 45.7435 3.2097 0.445853 0.0444179 0.000601221 3.51045 119.8 0   0.492224 4.1344 63.4122 207.851 0.665168 1.1703 7.57311   3 297.983 906.573   26.9942 30.125 25.1018 25.8334 25.4017   25.1463 28.0596 23.3402 24.0547 23.5145   0.0261708 0.0187522   1 0   0 203634 0 94717.2   2.14303426012899 ombin   0.456065 ombin_0_50_26 39
833 3 88 1.11824 -0.668013 267.715 -28.3235   2281 8.093 0.861 -6.67409 -1.90602 10 5 5.8   6569 6.437 0.55 -0.938326 -2.15047 10 5 6.9 7.85 3958 4.79 0.484   0.954141 351.963 1573.82758856 24.2202 2.43016 0.37753 0.0842007 0.00131037 5.74097 175.182 0   0.000416921 0.961521 -34.551 168.439 0.000758038 0.393097 1.27084   3 425.56 1266.08   21.4368 22.6048 20.9248 21.2782 21.2105   23.0072 24.4072 22.3361 22.7645 22.6715   0.648424 0.734624   1 0   0 955694 0 2718.51   0.13889625910572 omcassan   0.486863 omcassan_3_88_833 40
98 0 57 0.672269 -1.82723 268.595 -29.2969   2740 8.191 0.891 -10.0763 0.934951 10 5 5.6   22272 8.105 0.575 -11.2413 -0.391468 9 6 9 17.212 3032 8 0.013   1.03799 159.803 342.223972231 20.8285 0.816046 0.100684 0.0128661 0.0050238 1.76539 67.8291 0   0.38566 2.52786 -38.167 66.9686 0.670714 2.548 4.10057   3 42.8232 128.485   20.1081 20.5106 20.0289 20.1292 20.1573   32.6496 32.135 32.5856 32.4718 32.0206   0.676153 0.760787   1 0   0 4.9595e+07 0 528755   0.406691715583038 ombin   0.496187 ombin_0_57_98 43
268 0 71 0.867908 -1.63351 268.517 -29.0302   4339 9.428 1.241 -14.6433 1.68431 10 4 5.1   6485 5.98 0.2 2.82829 3.48283 10 5 7.3 10.322 3732 5.07 0.212   -1.00934 288.146 520.505244434 7.26444 2.09507 0.350346 0.174562 0.00174706 17.5639 497.902 0   0.0463788 1.41147 -11.2908 342.415 0.231894 0.672532 3.37837   3 939.844 2827.75   19.4826 19.8421 19.4548 19.5223 19.5658   24.0057 24.9878 23.7194 23.9623 23.8951   0.783601 0.876176   1 0   0 4.65549e+06 0 920946   9.95965336487872 ombin   0.698001 ombin_0_71_268 45
3146 4 18 -0.106723 -1.98473 268.298 -30.0481   3893 9.267 0.822 -15.1399 -0.503861 10 5 6   23038 8.126 0.133 -8.5677 0.102705 9 5 7.15 10.816 3768 5.25 0.15   0.0300804 248.159 1406.74515009 7.08769 1.04115 0.128125 0.118259 0.00321922 6.60013 254.244 0   1.12332e-06 1.13365 85.2025 160.633 8.44598e-06 1.02767 3.30971   3 264.704 794.419   20.7264 21.2524 20.5813 20.7297 20.7465   28.222 28.1153 27.5997 27.8194 26.6608   0.621235 0.739196   1 0   0 4.27037e+07 1 274.562   0.0549837548090801 omcassan   0.540434 omcassan_4_18_3146 47
1873 2 34 0.0925122 -1.07923 267.518 -29.415   2979 8.895 0.822 -9.78712 -2.42549 10 5 6   7355 6.785 0.745 -4.20507 -4.734 10 5 6.3 6.453 4979 4.62 0.688   1.20314 241.44 1585.05382776 28.1133 3.12569 0.460676 0.0758911 0.000932788 6.04057 194.289 0   0.000179578 1.69107 5.91245 173.262 0.000241044 0.540982 2.54748   3 607.215 1804.93   21.6804 22.75 21.218 21.5475 21.4923   22.0612 23.2139 21.4731 21.8512 21.6913   0.266757 0.315107   1 0   0 241875 0 309.11   0.183343671099274 omcassan   0.294777 omcassan_2_34_1873 50
243 0 24 -0.110025 -0.528913 266.857 -29.3049   686 14.761 17.592 -6.19911 -0.134314 2 3 5.8   20986 8.215 0.35 -9.12291 -0.737862 10 5 7.1 9.085 3739 4.93 0.328   0.367795 286.486 1655.79827964 64.4353 4.19029 0.510078 0.105832 0.0108646 2.98544 116.262 0   0.241666 39.5508 74.9026 281.277 0.690474 3.03635 323.366   3 374.695 1088.66   20.7302 23.8298 18.6924 19.4327 18.7836   28.1384 31.4713 26.2368 26.9698 26.4581   0.990839 0.985356   1 0   0 1.29448e+08 0 655910   2.77841851954505 ombin   0.151618 ombin_0_24_243 52
537 5 75 0.760366 -0.61572 267.455 -28.6039   15118 9.152 0.639 -19.0896 -1.1452 10 5 6.5   6751 6.971 0.25 1.06466 -2.18498 10 5 7.2 9.821 2424 5.01 0.254   1.17682 25.3831 1612.96415806 4.77154 1.84012 0.263967 0.129507 0.00122995 20.1811 666.9 0   0.000213956 4.31177 54.5548 154.224 0.000855826 2.19124 17.8989   3 1226.65 3684.51   24.1176 26.1456 23.0865 23.6476 23.4649   25.5829 27.6743 24.8623 25.349 25.3344   0.42966 0.471979   1 0   0 10863.4 0 364.734   0.393623770583232 omcassan   0.749276 omcassan_5_75_537 53
156 0 30 -0.0224433 -2.21131 268.573 -30.0901   13781 8.879 0.614 -8.68015 -0.151236 10 5 6.5   7942 7.135 0.25 1.74422 0.0835577 10 5 7.2 9.821 2640 5.01 0.254   -0.221225 317.917 1641.18646145 9.47015 1.9399 0.271885 0.101252 0.00118269 10.427 352.676 0   0.0796386 0.785901 21.6006 14.3983 0.318554 0.403423 1.21348   3 595.807 1797.57   21.7995 22.4681 21.5742 21.7794 21.7765   23.7006 24.7298 23.5691 23.7664 23.8239   0.464766 0.538543   1 0   0 5.83687e+06 0 7188.63   4.65553062588394 ombin   0.193642 ombin_0_30_156 54
386 0 29 0.130896 -2.50257 268.953 -30.1044   2309 8.066 1.241 -1.65679 1.16245 10 4 5.1   7147 7.11 0.4 2.47666 1.06852 10 5 7.1 8.794 3154 4.91 0.361   -0.669086 303.801 183.353890032 22.5393 1.83137 0.257576 0.0647178 0.00277754 4.13452 139.353 0   0.088582 32.9876 88.1594 290.345 0.221455 6.28585 271.056   3 230.915 699.365   19.5345 19.8853 19.4583 19.5419 19.5405   23.1963 24.1146 22.9278 23.1711 23.1688   0.887657 0.911238   1 0   0 1.29971e+08 0 8984.86   1.57171062503192 ombin   0.184444 ombin_0_29_386 58
2947 3 9 -0.460921 -1.05033 267.162 -29.8747   18483 10.269 0.321 -6.98969 -0.0717186 6 5 7.24   11860 8.441 0.454 -11.3513 1.71845 10 5 7 8.461 4472 4.87 0.402   -0.0562454 299.33 515.315576792 21.9138 2.38071 0.282041 0.0747725 0.000515368 4.71469 188.655 0   0.00904761 6.24136 60.2382 106.853 0.0199287 1.45908 22.9143   3 444.723 1330.28   26.4324 28.808 25.3643 25.9462 25.7787   25.1991 27.0671 24.1194 24.6783 24.3559   0.0049005 0.00938567   1 0   0 54087.3 0 1769.82   0.115061920941513 omcassan   0.495614 omcassan_3_9_2947 62
4 0 99 1.43619 -1.11064 268.331 -28.2755   2755 8.174 0.861 -5.56443 3.60536 10 5 5.8   11265 7.714 0.25 -7.41477 -1.9246 10 5 7.2 9.821 3615 5.01 0.254   0.964897 223.868 164.092591479 10.6481 1.31262 0.17016 0.0428732 0.00287848 5.83131 213.239 0   0.237224 0.526964 40.5517 159.464 0.948894 0.390881 0.548034   3 200.498 602.064   20.8541 21.5878 20.5631 20.7926 20.7627   24.705 25.8503 24.2159 24.5565 24.4534   0.724061 0.832367   1 0   0 1.44037e+06 0 7570.32   2.68828839614142 ombin   0.994932 ombin_0_99_4 63
232 0 44 0.398513 -1.8901 268.498 -29.5648   19631 10.484 0.402 -13.1569 1.02372 11 5 7   8584 7.148 0.35 6.75293 -1.9312 10 5 7.1 9.085 3360 4.93 0.328   0.381663 256.254 498.504102677 8.05587 3.16967 0.443435 0.100389 0.000402089 20.1279 682.032 0   0.192252 3.33897 -56.4846 313.825 0.549292 0.841536 8.28551   3 1736.81 5204.55   23.3108 24.0828 23.013 23.2543 23.2287   23.0589 23.9616 22.8108 23.0458 23.0626   0.0776036 0.118491   1 0   0 221839 0 3672.22   16.3701901397356 ombin   0.392888 ombin_0_44_232 65
1986 1 98 1.23395 -1.33927 268.439 -28.5657   20933 11.569 0.475 -7.60217 -0.350352 6 5 7.12   3545 8.755 0.858 -9.42272 -3.25903 10 5 6 5.569 5634 4.53 0.822   -8.79765e-05 68.818 1409.13047433 46.5905 3.87335 0.442416 0.0627974 0.000431539 3.43144 142.415 0   0.00685768 17.9832 -85.6015 50.3218 0.00799264 2.97696 82.0028   3 549.43 1666.02   23.9172 25.0011 23.4873 23.804 23.7213   20.788 21.4196 20.5712 20.7608 20.7531   0.0520292 0.048636   1 0   0 1.14759e+07 1 6057.25   0.160266943222685 omcassan   0.251962 omcassan_1_98_1986 66
3 0 87 1.02205 -1.04628 268.029 -28.5993   22867 12.406 1.033 -7.81145 -0.560611 5 5 6.5   24391 5.214 0.13 -0.922398 -0.494397 2 5 7.49 12.985 3054 5.12 0.08   -0.238733 357.186 485.232486874 21.6199 2.09425 0.401659 0.276815 0.000963971 6.88937 170.283 0   0.0481244 2.37543 -63.9657 53.4486 0.370188 0.785012 8.67463   3 304.656 900.217   23.2715 24.7129 22.4852 22.9444 22.696   25.9699 27.8682 25.5547 25.9243 25.9404   0.307482 0.340714   1 0   0 4.94827e+06 0 1.29496e+06   4.14253345600056 ombin   0.888935 ombin_0_87_3 67
308 0 22 -0.247843 -1.00942 267.248 -29.671   20183 10.993 1.033 -8.68312 0.0120398 6 5 6.5   12345 8.432 0.417 -8.93954 1.77123 10 5 7.1 8.683 3400 4.89 0.375   0.169525 56.728 1375.1056391 87.6558 3.33697 0.395751 0.0698137 0.00110412 1.77778 71.0608 0   0.278884 7.46301 48.5642 85.2173 0.668786 1.48663 24.4401   3 183.562 510.807   23.738 25.7919 22.6314 23.2078 22.9442   24.8224 26.7249 24.0045 24.5059 24.4086   0.280644 0.321758   1 0   0 9.16609e+06 0 2.59133e+06   2.22901787450168 ombin   0.143277 ombin_0_22_308 68
2516 3 102 1.35975 -0.377754 267.572 -27.9674   12070 8.582 0.531 -10.1354 2.08918 10 5 6.7   20127 6.382 0.086 -1.91423 -0.529977 6 5 7.68 15.937 2823 5.3 0.025   0.00254202 320.002 1801.48971498 7.1447 1.07067 0.167764 0.239431 0.00171499 8.6283 261.038 0   1.48291e-05 2.50332 73.3511 245.738 0.000172432 1.13843 13.5048   3 279.461 833.336   24.9835 27.3241 23.6996 24.3227 24.0002   29.3187 32.3561 28.6189 29.1402 29.1877   0.310637 0.358137   1 0   0 4.04958e+06 1 7527.11   0.0797526264902106 omcassan   0.370142 omcassan_3_102_2516 69
462 0 17 -0.108644 -2.28785 268.599 -30.2031   870 6.519 0.783 2.74763 -0.0736911 10 5 6.1   5551 5.611 0.25 3.6513 3.76117 10 5 7.2 9.821 3899 5.01 0.254   0.104954 35.4585 1590.35653174 21.3116 1.3058 0.232722 0.106666 0.00239992 3.9399 104.796 0   0.0178331 8.54674 -76.0234 264.398 0.0713324 1.69806 48.2802   3 132.209 401.521   20.2918 20.8621 20.1005 20.2742 20.2734   23.2759 24.3597 22.9834 23.2415 23.1943   0.831039 0.86576   1 0   0 1.34136e+08 0 4.61717e+06   1.16685142436018 ombin   0.0825572 ombin_0_17_462 70
338 0 85 1.14818 -1.54911 268.595 -28.7459   16526 8.973 0.254 -13.6263 1.59149 10 5 7.2   12530 8.073 0.25 -8.90369 1.76405 10 5 7.2 9.821 3747 5.01 0.254   -0.172796 226.603 148.99298586 13.6462 1.42731 0.1768 0.0702727 0.000744502 4.72576 180.854 0   0.0588533 2.30745 53.3247 346.675 0.235413 1.58878 6.30699   3 232.242 697.672   24.5653 25.5998 24.3013 24.5581 24.6031   24.0267 25.1553 23.7351 23.9994 23.9753   0.0734998 0.124526   1 0   0 985430 0 213901   2.50099971388441 ombin   0.869235 ombin_0_85_338 71
4 0 16 -0.0508081 -2.5659 268.911 -30.2932   3277 9.802 0.861 -8.58199 0.0982673 10 5 5.8   6714 7.154 0.55 -2.7693 0.449635 10 5 6.9 7.85 3699 4.79 0.484   0.675128 146.367 183.968686089 32.7966 3.79376 0.530299 0.0712088 0.000770231 5.8233 197.487 0   0.364202 27.4438 -80.2841 157.431 0.662185 6.69635 150.364   3 581.125 1768.08   21.4019 22.1854 21.0888 21.3317 21.2934   22.6144 23.5635 22.2041 22.5088 22.477   0.434403 0.580569   1 0   0 29393.6 0 784.402   3.78037033517397 ombin   0.0679117 ombin_0_16_4 72
78 0 31 0.199772 -1.8625 268.355 -29.7221   19255 10.253 0.328 -9.95781 -2.57344 10 5 7.1   7106 6.497 0.3 5.56534 -0.561327 10 5 7.15 9.42 3563 4.97 0.293   -0.239065 86.2925 1419.43301439 9.06909 2.52126 0.388066 0.145297 0.000383328 15.653 482.095 0   0.0278725 3.18948 -86.4106 164.346 0.0929083 1.2183 9.94781   3 1162.68 3482.69   24.0713 25.0196 23.7549 24.0176 23.9754   23.1559 24.085 22.9112 23.1415 23.1342   0.0110818 0.0111725   1 0   0 43139.2 0 1479.52   32.9925995594506 ombin   0.216942 ombin_0_31_78 73
435 2 75 0.849158 -0.626411 267.517 -28.5332   14008 8.835 0.293 -10.3162 4.04551 10 5 7.15   5554 6.531 0.417 5.22448 1.87692 10 5 7.1 8.683 3794 4.89 0.375   0.154826 109.709 1637.80855 8.54784 2.41226 0.369356 0.108106 0.000417512 15.6913 485.801 0   0.00241998 2.07266 49.9553 345.192 0.00580332 0.842613 4.60753   3 1168.5 3525.89   26.2801 28.4839 25.1591 25.7427 25.4664   24.2713 26.0904 23.4077 23.9149 23.7701   0.0663586 0.0745517   1 0   0 52545 0 2250.44   0.3766780702079 omcassan   0.33477 omcassan_2_75_435 74
322 0 56 0.610288 -2.26947 268.998 -29.5732   11866 8.371 0.212 -5.51457 3.51739 10 5 7.3   8293 7.275 0.25 -1.95615 0.1418 10 5 7.2 9.821 3481 5.01 0.254   0.407739 83.7189 174.27673392 18.1551 1.79147 0.24625 0.0730844 0.000478229 4.90479 169.151 0   0.163625 2.10473 38.9333 36.8992 0.654499 1.08803 4.74777   3 235.586 713.867   24.6674 25.7173 24.451 24.6778 24.6767   23.8429 24.7838 23.5861 23.821 23.805   0.00855364 0.00927632   1 0   0 33213.2 0 17354.2   1.91465976846892 ombin   0.491097 ombin_0_56_322 76
1292 8 49 0.367402 -0.600399 267.209 -28.933   16910 11.018 0.808 -7.68072 -0.320987 4 5 6.7   7299 7.465 0.35 -3.24107 -2.28565 10 5 7.1 9.085 3510 4.93 0.328   0.0295837 132.215 517.489863932 26.5091 2.64838 0.354773 0.121762 0.000961193 4.85493 171.805 0   0.00767981 8.25397 17.9498 22.7184 0.0219423 3.09445 39.6503   3 450.093 1359.52   25.52 27.9883 24.0266 24.689 24.2674   25.8827 28.2546 24.7604 25.352 25.1156   0.029251 0.0252554   1 0   0 2.2396e+06 0 5765.57   0.147409979640913 omcassan   0.921444 omcassan_8_49_1292 78
69 0 43 0.241002 -2.20821 268.723 -29.8612   3154 8.62 3.561 -10.8604 0.137297 10 3 5.8   21522 8.346 0.576 -7.80225 -0.550904 9 6 9 16.854 3108 8 0.013   -0.843288 308.082 1422.37818897 16.8215 1.2044 0.144308 0.0263921 0.0133115 3.13463 124.018 0   0.0952319 2.57651 79.0241 348.76 0.165333 2.09972 5.0479   3 138.366 414.937   17.3724 17.9479 17.2461 17.3934 17.4238   32.2392 31.8298 32.2992 32.1296 31.8126   0.953954 0.972113   1 0   0 9.23935e+07 0 7764.89   1.0137265509492 ombin   0.37035 ombin_0_43_69 80
237 10 61 0.663663 -1.0579 267.832 -28.9135   1432 7.451 0.783 0.785916 4.31948 11 5 6.1   4287 5.559 0.33 -0.493145 -0.0265253 2 5 7.29 10.007 3422 4.95 0.256   0.587494 110.255 1579.5987314 29.0661 1.95498 0.351679 0.129886 0.00138949 4.53032 119.384 0   0.00238242 2.29729 -88.0234 152.777 0.00721945 1.04509 6.03954   3 232.556 680.564   21.8208 23.2265 21.2364 21.6384 21.6033   24.3049 26.1906 23.6177 24.0771 24.011   0.655881 0.776212   1 0   0 3.87949e+06 0 6517.22   0.0663999304938915 omcassan   0.135292 omcassan_10_61_237 81
318 0 60 0.539067 -1.09109 267.791 -29.0375   3574 9.489 1.576 -10.6399 -4.23333 10 4 5.1   3161 8.922 0.934 -11.1584 3.45535 10 5 5.5 4.959 5708 4.43 0.961   1.31541 104.636 1775.5173558 10.9041 2.0496 0.229725 0.0291536 0.00336187 7.70614 325.927 0   0.0333213 8.28228 -85.6295 80.5632 0.0356759 0.728863 24.2348   3 656.415 1966.39   20.3053 21.2372 19.8925 20.1807 20.0877   21.2314 22.1602 20.8192 21.1112 21.0358   0.442691 0.507092   1 0   0 509311 0 1521.14   7.70591809389032 ombin   0.556609 ombin_0_60_318 85
267 0 42 0.410478 -2.43513 269.047 -29.829   13005 8.875 0.484 -9.12959 -4.40393 10 5 6.9   5383 6.011 0.4 9.16078 2.15107 10 5 7.1 8.794 3406 4.91 0.361   1.49291 249.064 1483.35059881 8.88097 2.83008 0.470817 0.114027 0.000538615 19.4295 553.643 0   0.106875 150.464 68.9638 264.787 0.267189 19.6097 2592.37   3 1391.9 4161.49   22.5432 23.3433 22.1732 22.4472 22.382   22.7227 23.5845 22.4301 22.6779 22.668   0.0521176 0.0799563   1 0   0 36999.9 0 609.589   10.0052010869759 ombin   0.36423 ombin_0_42_267 87
312 3 18 -0.118095 -1.99377 268.3 -30.0625   18060 9.743 0.393 -7.6728 -0.872546 10 5 7   6432 6.131 0.2 -4.28606 4.16901 10 5 7.3 10.322 2398 5.07 0.212   0.110526 149.593 1455.90056062 18.7047 1.9244 0.31388 0.192646 0.000597571 6.07349 176.519 0   1.27875e-05 3.2225 -65.5964 62.2847 6.39376e-05 0.99079 12.9348   3 339.681 1028.39   23.4708 24.3721 23.1755 23.4282 23.4123   24.2152 25.3726 24.0396 24.2653 24.3147   0.0336826 0.0402101   1 0   0 960065 0 168.518   0.0711774814148578 omcassan   0.383286 omcassan_3_18_312 92
473 0 33 0.13705 -1.48973 267.949 -29.5866   13415 8.324 0.361 -9.21178 -3.68794 10 5 7.1   11506 7.917 0.6 -4.17364 0.0810821 10 5 6.7 7.517 4237 4.75 0.531   -0.219908 315.609 1413.44382584 10.8 1.4717 0.185892 0.0332232 0.00108485 6.29193 236.138 0   0.0868681 1.97335 62.2649 174.999 0.14478 1.33686 3.3448   3 324.807 973.623   24.0273 25.2348 23.5459 23.8895 23.777   22.4781 23.558 22.0406 22.3659 22.317   0.0625535 0.0870421   1 0   0 281362 0 54625   3.92817802183033 ombin   0.280573 ombin_0_33_473 94
2483 4 76 0.844376 -0.547111 267.437 -28.4966   16594 13.506 1.11 -6.17055 0.506305 6 5 6.3   18738 6.565 0.09 -2.90985 -0.367424 4 5 7.65 15.573 2869 5.29 0.028   -0.0627485 134.097 516.718197763 25.5207 1.5728 0.239574 0.326754 0.00159518 3.37573 105.057 0   6.54757e-06 1.84951 80.3217 143.046 7.27508e-05 0.947196 8.38391   3 165.228 503.469   26.258 29.1249 24.3675 25.0878 24.4006   29.7832 32.89 28.8936 29.4657 29.4851   0.16914 0.103708   1 0   0 2.11609e+06 0 21947.7   0.0418507553845453 omcassan   0.602981 omcassan_4_76_2483 95
2713 7 32 0.177245 -1.75677 268.237 -29.6879   3872 9.262 1.036 -9.34204 -4.21769 10 5 5.3   14015 8.569 0.35 -5.30335 1.81876 10 5 7.1 9.085 3762 4.93 0.328   -0.0304011 178.318 116.801089905 7.92005 1.35268 0.157858 0.0553137 0.0032949 7.2629 295.027 0   0.000338893 0.696915 -80.7004 161.472 0.000968266 0.489223 0.982937   3 398.885 1199.46   20.2797 20.7485 20.1602 20.2833 20.2958   23.7586 24.7905 23.4453 23.7101 23.6647   0.333025 0.488947   1 0   0 5.49865e+07 1 496.995   0.111303169837895 omcassan   0.865124 omcassan_7_32_2713 99
267 6 37 0.0253672 -0.369018 266.781 -29.1063   10718 11.004 1.053 -12.1854 -1.06103 10 5 5.3   22836 8.702 0.3 -7.12946 0.987341 10 5 7.15 9.42 3583 4.97 0.293   0.0596437 238.1 296.654035896 16.2347 2.10929 0.242391 0.0991788 0.00183575 5.45512 225.032 0   2.2056e-05 2.23244 50.8991 147.381 7.35198e-05 0.961332 6.08965   3 474.64 1423.45   26.0523 29.3441 23.9962 24.7438 24.1945   28.5356 31.925 26.6334 27.3688 26.9106   0.433843 0.395034   1 0   0 2.19075e+06 0 15635.7   0.100824071366107 omcassan   0.787887 omcassan_6_37_267 100
546 5 109 1.61117 -1.92241 269.228 -28.5338   2483 8.055 1.147 -11.8899 2.03513 10 5 5.2   9672 7.628 0.35 -7.79659 -1.79885 10 5 7.1 9.085 4598 4.93 0.328   -0.0229077 288.765 121.826998629 9.19748 1.07387 0.14078 0.0493639 0.00470337 5.60844 202.803 0   9.63971e-05 1.45955 -85.8233 26.1314 0.00027542 1.221 2.98013   3 217.754 651.193   19.6335 20.0523 19.5283 19.6361 19.641   23.636 24.5483 23.2001 23.4994 23.3587   0.491994 0.493221   1 0   0 1.14102e+08 1 19187   0.0398132517900791 omcassan   0.646947 omcassan_5_109_546 103
680 1 71 0.812444 -1.77261 268.622 -29.1484   12212 8.096 0.328 -11.4922 -2.45508 10 5 7.1   7665 6.683 0.35 -0.684088 6.07454 10 5 7.1 9.085 3830 4.93 0.328   -1.01853 195.108 104.831308834 7.22379 1.82362 0.272874 0.0957056 0.000690388 13.7684 436.192 0   1.04995e-05 6.04923 74.6688 137.17 2.99987e-05 2.50473 25.1483   3 795.436 2391.28   23.5436 24.4926 23.2793 23.5256 23.5398   23.0363 23.9214 22.7269 22.9807 22.95   0.119834 0.175918   1 0   0 1233.79 0 549.423   0.257213225259053 omcassan   0.220734 omcassan_1_71_680 107
94 0 38 0.157098 -0.224864 266.718 -28.9189   8065 11.097 2.176 -7.94974 0.454784 4 5 4.6   2817 7.08 0.784 -4.18975 -6.63114 10 5 6.2 6.154 5375 4.59 0.731   -0.397275 348.774 173.846348226 33.0905 5.23781 0.739803 0.0691109 0.00123251 8.02171 269.229 0   0.53009 13.8381 59.4638 230.466 0.676135 1.97483 44.9059   3 1089.22 3326.4   25.8384 29.4837 23.3031 24.0843 23.1832   26.0231 29.5143 23.8663 24.6261 24.0843   0.510396 0.265467   1 0   0 3.82766e+06 0 2.14158e+06   5.88518196337257 ombin   0.317024 ombin_0_38_94 111
15 0 73 0.846841 -1.18763 268.066 -28.8221   19575 9.804 0.688 -6.3278 0.0565328 10 5 6.3   27572 9.68 0.15 -14.7369 -0.417055 10 5 7.4 11.034 3344 5.14 0.169   0.852988 118.955 481.144818664 2.41916 0.540078 0.0557932 0.0234187 0.00584867 8.42243 386.486 0   0.142465 1.07089 -51.0755 133.22 0.949769 1.63339 2.04917   3 149.485 448.528   22.4127 23.474 21.9452 22.2773 22.1943   26.2188 27.7504 25.7214 26.0908 26.0048   0.336273 0.382086   1 0   0 66441.2 0 1063.71   1.92263673031803 ombin   0.727943 ombin_0_73_15 115
275 0 6 -0.456579 -1.62633 267.735 -30.1666   2546 8.196 0.886 -8.95736 6.60163 10 5 5.6   354 5.302 0.93 -3.58479 0.266083 7 5 5.4 4.183 5449 4.35 1.431   0.40411 83.6159 1432.43428946 32.8208 3.92592 0.740461 0.0899404 0.000678864 8.30684 208.784 0   0.0806548 2.64059 84.1299 3.93613 0.0867255 0.671033 4.26824   3 786.283 2339.95   20.6214 21.2674 20.4238 20.6073 20.625   19.279 19.8689 18.985 19.189 19.0752   0.137871 0.184505   1 0   0 1.00826e+07 0 638699   8.59065787549299 ombin   0.533162 ombin_0_6_275 118
330 0 71 0.803904 -1.77147 268.616 -29.1552   4384 9.462 0.746 -12.3792 2.23544 10 5 6.2   1999 7.488 0.969 -7.44903 -2.49186 10 5 5.3 4.661 5728 4.36 1.053   0.510298 154.422 484.849648923 27.9316 3.86803 0.516564 0.0539354 0.000709716 6.83037 242.455 0   0.206724 6.48017 19.5841 30.6263 0.213338 1.65071 15.2134   3 851.394 2525.96   21.0436 21.6312 20.8967 21.0569 21.0834   19.7038 20.0577 19.6272 19.7134 19.719   0.190755 0.202879   1 0   0 6.95772e+06 0 2638.35   8.8967150609315 ombin   0.706669 ombin_0_71_330 119
5 0 71 0.781852 -1.68655 268.519 -29.1313   13424 8.399 0.439 -11.2198 -0.923972 10 5 6.9   9261 7.289 0.6 -1.04564 -0.815783 10 5 6.7 7.517 3847 4.75 0.531   1.01737 165.211 343.51831913 13.1155 2.65691 0.364509 0.0497415 0.000666778 10.1747 351.571 0   0.29959 14.0059 -86.378 110.904 0.499317 1.9064 55.264   3 762.855 2283.26   22.5125 23.4231 22.2154 22.4703 22.4488   21.8447 22.5721 21.5864 21.8127 21.8244   0.126823 0.157644   1 0   0 25612.9 0 875.712   8.04189837923897 ombin   0.677089 ombin_0_71_5 120
594 0 44 0.355249 -1.91325 268.496 -29.6138   1841 7.385 0.999 -1.14419 2.90793 10 5 5.4   1283 6.881 0.918 0.431776 6.07305 10 5 5.5 5.089 5578 4.45 0.926   -0.753571 299.452 526.116986275 28.1735 1.87564 0.272582 0.0363857 0.00230765 3.53577 115.334 0   0.00164751 1.71709 40.0942 6.8032 0.00179467 0.912803 2.34628   3 216.131 648.037   19.5467 19.8933 19.4991 19.576 19.6121   19.6275 19.9956 19.5556 19.6475 19.6753   0.481997 0.503718   1 0   0 1.37654e+07 0 315.344   0.0577840727784488 omcassan   0.0583894 omcassan_0_44_594 124
280 0 73 0.73051 -1.12963 267.941 -28.8926   3617 9.337 0.746 -6.97143 -2.44518 10 5 6.2   5649 5.384 0.25 10.6954 2.39802 10 5 7.2 9.821 3357 5.01 0.254   2.31029 155.493 1608.84249508 8.3039 2.24778 0.417493 0.18835 0.000889887 18.3187 467.542 0   0.0221072 11.1666 31.1041 180.898 0.0884287 4.96768 71.5341   3 1007.34 3029.42   21.7613 22.7341 21.3784 21.6713 21.6352   23.9865 25.3883 23.5265 23.8755 23.797   0.40156 0.51108   1 0   0 14968.9 0 2572.46   12.9857537624408 ombin   0.753004 ombin_0_73_280 127
3211 2 61 0.498741 -0.914942 267.595 -28.982   1988 8.143 0.961 -7.73446 -2.6885 10 5 5.5   11092 7.999 0.454 -6.48044 -1.37793 10 5 7 8.461 4567 4.87 0.402   0.141832 348.357 320.8868815 18.2374 0.723719 0.0904762 0.0244348 0.00606537 1.81388 68.7805 0   0.000550157 0.90258 50.5563 231.558 0.0012118 0.993145 1.27185   3 49.7477 149.089   21.4486 22.7408 20.8601 21.2476 21.1588   24.4411 26.2122 23.572 24.0737 23.8383   0.642718 0.813465   1 0   0 3.65333e+07 0 213478   0.0145460224716614 omcassan   0.310974 omcassan_2_61_3211 128
941 2 18 -0.271734 -1.95678 268.173 -30.176   4784 10.526 6.387 -7.88378 -0.311125 6 3 6.1   23279 8.286 0.575 -8.97085 2.80481 9 6 9 17.212 2910 8 0.013   0.890741 78.9061 1789.32432175 38.4509 2.8739 0.346838 0.074048 0.00813505 3.30012 129.627 0   1.19418e-06 4.80291 -34.7567 142.478 2.07683e-06 1.56724 13.8811   3 372.535 1115.75   17.4613 18.1101 17.1808 17.3909 17.2934   32.9757 32.5155 32.8567 32.7803 32.272   0.962665 0.977632   1 0   0 1.18518e+08 0 867.749   0.0772238886887538 omcassan   0.281796 omcassan_2_18_941 131
478 0 21 -0.190429 -1.08353 267.355 -29.6599   1311 7.121 3.035 -4.30837 2.46616 10 3 5.8   7808 6.867 0.25 -9.50361 -2.26284 10 5 7.2 9.821 3869 5.01 0.254   -1.57719 21.2824 1835.96441925 6.13431 0.809909 0.117942 0.044041 0.0168036 7.02524 228.691 0   0.0787515 7.31316 -39.7127 227.185 0.315006 7.97639 34.4924   3 161.518 484.368   18.2586 19.3687 17.8124 18.1396 18.096   24.5688 25.9182 23.9729 24.3662 24.2444   0.973315 0.98503   1 0   0 2.70587e+07 0 2.48006e+07   2.22326753173197 ombin   0.140252 ombin_0_21_478 133
299 0 49 0.274624 -0.791218 267.342 -29.1108   1676 9.094 1.787 -12.4065 3.45861 10 4 5.1   486 5.954 0.88 -0.811528 -0.269306 2 5 6.1 5.055 5195 4.56 1.144   0.0184067 185.813 346.26446709 19.6555 3.86811 0.649665 0.089264 0.00140648 12.1795 343.764 0   0.0134471 5.18647 57.0254 134.728 0.0152808 1.07666 12.4961   3 1319.67 3924.21   21.9754 24.0129 20.8389 21.4174 21.1293   21.991 23.7587 20.9602 21.5004 21.1646   0.426841 0.442449   1 0   0 8.4725e+07 0 4.34333e+06   12.7916107282963 ombin   0.454626 ombin_0_49_299 136
1555 4 73 0.868153 -1.17433 268.065 -28.797   2671 8.312 1.393 -10.327 0.379241 10 4 5.1   9168 7.21 0.58 -3.46365 -1.46409 7 5 7.04 7.666 3726 4.77 0.588   -0.0310691 94.3703 148.803558648 15.1318 2.12522 0.29476 0.0623838 0.00264381 7.10658 242.894 0   3.33365e-05 3.00195 65.7798 175.758 5.74766e-05 1.40932 6.82934   3 516.189 1550.38   19.6322 20.3857 19.401 19.6054 19.6177   22.5244 23.8967 21.9873 22.3687 22.304   0.784765 0.847936   1 0   0 2.03416e+08 0 217.566   0.153500952335178 omcassan   0.597654 omcassan_4_73_1555 139
323 0 6 -0.421141 -1.74526 267.875 -30.1969   13538 8.494 0.293 -6.46118 0.514628 10 5 7.15   7409 6.837 0.25 3.90284 1.03026 10 5 7.2 9.821 3566 5.01 0.254   -0.206166 159.505 1809.27262902 8.73741 1.68987 0.247165 0.11544 0.000648965 10.3768 336.32 0   0.0128362 22.3279 -86.3974 95.524 0.0513448 1.51679 205.793   3 554.284 1655.7   24.3043 25.4562 23.9892 24.278 24.3204   24.0064 25.2071 23.6515 23.9461 23.9031   0.0332157 0.042291   1 0   0 185253 0 96798.8   6.07857101410446 ombin   0.537243 ombin_0_6_323 142
185 0 57 0.568184 -1.95288 268.659 -29.4501   3485 8.809 0.746 -9.31398 -0.96152 10 5 6.2   900 6.405 0.55 2.81746 -6.20365 10 5 6.9 7.85 3554 4.79 0.484   1.6118 148.055 327.442240119 13.4808 3.12174 0.487391 0.0874202 0.000807957 13.2156 401.261 0   0.134417 16.4236 54.7423 280.367 0.244395 3.13382 80.4527   3 1122.91 3366.14   21.0026 21.5532 20.8391 21.0009 21.0083   21.6222 22.4292 21.4024 21.6227 21.6622   0.410434 0.472688   1 0   0 5.84018e+06 0 95480   10.6547943455866 ombin   0.508441 ombin_0_57_185 144
258 0 26 0.00946656 -3.24639 269.629 -30.5811   2636 9.077 0.746 -17.0904 -2.49692 10 5 6.2   6248 7.367 0.25 0.218374 -1.77335 10 5 7.2 9.821 3878 5.01 0.254   0.814857 23.3648 1391.44972265 4.94342 1.73004 0.234836 0.108892 0.00162736 17.3239 605.003 0   0.0147419 3.60899 7.59479 113.744 0.0589677 2.07075 13.325   3 1017.12 3056.16   21.3375 21.9566 21.096 21.2955 21.2612   23.9978 25.0807 23.6866 23.9514 23.8872   0.546183 0.651691   1 0   0 382630 0 7161.54   4.57308002998826 ombin   0.159083 ombin_0_26_258 146
106 0 67 0.768647 -2.61113 269.429 -29.6073   14817 10.068 0.402 -10.2753 -2.80861 10 5 7   6054 6.629 0.3 0.868949 0.577407 10 5 7.15 9.42 3426 4.97 0.293   1.10249 139.138 517.081327736 12.3579 2.62043 0.395298 0.130351 0.000469689 11.6473 366.011 0   0.0722756 10.0685 -84.7342 168.233 0.240919 3.76227 52.3622   3 860.985 2590.96   23.2104 24.0353 22.9784 23.1986 23.1966   23.1299 23.9647 22.9035 23.1196 23.129   0.0696528 0.113517   1 0   0 3212.97 0 168.137   4.61998455295816 ombin   0.615076 ombin_0_67_106 147
448 0 61 0.504964 -0.899946 267.584 -28.969   19279 10.505 1.03 -8.01553 -0.0862036 3 5 6.4   27360 9.622 0.15 -15.3157 0.704698 10 5 7.4 11.034 3341 5.14 0.169   0.0177727 160.427 1596.80649161 5.21738 1.00958 0.104924 0.0832577 0.0043453 7.34289 334.93 0   0.00470554 3.40653 58.8332 111.65 0.0313703 2.0455 15.9851   3 332.956 999.203   23.9541 25.9646 22.7824 23.3677 22.996   27.6969 29.8608 26.7297 27.2727 27.0239   0.237739 0.229779   1 0   0 5.99817e+06 1 191762   3.82013707659766 ombin   0.576976 ombin_0_61_448 149
928 5 20 -0.207708 -1.41558 267.673 -29.845   2515 8.292 0.861 -11.6727 1.4245 10 5 5.8   11647 7.993 0.5 -2.14636 1.32872 10 5 6.9 8.181 4004 4.84 0.439   1.26454 139.281 532.344168127 5.19301 1.08347 0.135553 0.0332808 0.00356195 9.52682 360.977 0   8.28044e-07 4.83081 -79.368 129.988 1.65609e-06 2.93375 15.0157   3 391.109 1174.22   20.9599 21.8043 20.6326 20.8881 20.8605   23.3744 24.5088 22.8368 23.1999 23.114   0.465971 0.625297   1 0   0 174253 0 817.408   0.101991349898951 omcassan   0.666561 omcassan_5_20_928 152
12 0 71 0.832264 -1.67925 268.541 -29.0841   3097 8.273 1.241 -9.50899 2.30876 10 4 5.1   9467 7.348 0.4 -7.4144 -1.12203 10 5 7.1 8.794 3890 4.91 0.361   0.839636 329.712 1794.60090816 21.8561 1.76418 0.24009 0.0633774 0.00290527 4.01966 140.017 0   0.0650459 1.5815 54.893 141.173 0.162615 0.769547 2.91645   3 229.09 686.011   19.3827 19.7323 19.3334 19.4078 19.434   23.0902 24.0191 22.8 23.0473 23   0.787661 0.881238   1 0   0 1.97926e+07 0 39401.3   2.41620785589031 ombin   0.678712 ombin_0_71_12 153
283 0 63 0.526192 -0.393958 267.101 -28.6905   20 10.935 53.922 -7.27012 0.273628 6 3 7.1   20853 8.106 0.575 -9.1 -9.34086 9 6 9 17.584 2648 8 0.013   0.553874 129.844 1418.60096633 16.8929 3.6791 0.453874 0.0703189 0.0505202 9.78708 376.081 0   0.217353 3.52706 -80.6543 107.98 0.378006 0.330914 7.4415   3 1178.68 3545.57   17.598 21.0088 15.5792 16.3279 15.9282   38.0151 39.9233 35.8691 36.5742 34.8038   0.999593 0.999686   1 0   0 6.05838e+07 0 871.616   9.13050562915383 ombin   0.598244 ombin_0_63_283 156
418 0 10 -0.512451 -0.58248 266.67 -29.6768   15747 12.711 1.118 -6.95596 0.0560029 6 5 6.1   393 6.121 0.934 7.47565 -6.43883 10 5 5.5 4.959 5698 4.43 0.961   -0.0266329 161.047 1775.21844149 18.6001 4.95407 0.809356 0.104651 0.00050533 15.8257 459.206 0   0.0154045 4.85958 71.8212 97.4079 0.016493 0.328777 10.9944   3 2256.41 6798.14   25.4877 28.1812 23.7842 24.4799 23.9159   22.0974 24.037 21.0649 21.6174 21.4011   0.0602772 0.0346769   1 0   0 3.27598e+06 0 2426.59   20.7274958840598 ombin   0.0328594 ombin_0_10_418 160
642 8 112 1.66065 -1.27374 268.62 -28.1646   13557 8.316 0.639 -6.88379 -1.63709 11 5 6.5   429 5.36 0.883 7.67692 4.20339 10 5 5.8 5.377 5598 4.5 0.861   0.0288631 71.2536 546.874878109 16.0167 3.70202 0.690676 0.0960177 0.000517327 15.6884 398.625 0   3.61607e-05 9.48917 68.6739 279.85 4.09521e-05 1.01775 31.1067   3 1475.69 4444.56   22.1709 23.2671 21.732 22.0608 22.0278   20.0238 20.7614 19.7104 19.9478 19.9036   0.0744176 0.0847158   1 0   0 1.62458e+07 0 13757.5   0.421382215272687 omcassan   0.906269 omcassan_8_112_642 163
253 0 29 0.0838596 -2.56396 268.987 -30.1759   17987 12.012 0.27 -7.37193 0.112697 7 5 7.28   2377 8.203 0.948 -6.30487 -1.45732 10 5 5.4 4.835 5577 4.4 0.999   1.80199 226.674 354.602948427 126.296 5.0917 0.620712 0.0622777 0.000168388 1.89831 73.8177 0   0.275527 19.5289 74.6398 19.1418 0.29064 3.63865 78.0206   3 330.842 938.57   24.735 25.8502 24.4731 24.7277 24.739   19.7926 20.1874 19.7261 19.8184 19.8542   0.00879673 0.00919571   1 0   0 1.86582e+06 0 1.84263e+06   2.10928548231068 ombin   0.183389 ombin_0_29_253 166
226 0 15 -0.249608 -2.67005 268.899 -30.5172   16381 11.155 0.212 -11.2 3.69398 10 5 7.3   2815 8.993 0.745 -17.6107 -1.00928 10 5 6.3 6.453 4462 4.62 0.688   -1.60479 319.727 1727.52801061 16.9082 3.31966 0.369138 0.0583839 0.000239404 7.95096 338.958 0   0.0311602 20.8862 30.7189 153.402 0.0418258 6.12492 108.346   3 1102.41 3316.84   25.7308 26.8279 25.3498 25.6477 25.5994   21.7484 22.5831 21.4457 21.6979 21.6818   0.00582919 0.00670023   1 0   0 11319.3 0 1584.88   6.85284638415576 ombin   0.0642516 ombin_0_15_226 169
309 0 54 0.659502 -2.76214 269.517 -29.7771   9767 8.148 0.169 -9.38725 -2.78981 10 5 7.4   1949 7.796 0.745 -2.04973 0.352464 10 5 6.3 6.453 4733 4.62 0.688   0.177156 353.879 1774.20261204 10.3331 1.75988 0.225742 0.0245475 0.000427244 7.98205 294.99 0   0.383913 0.927912 -45.5234 58.327 0.515319 0.418907 0.84126   3 421.735 1264.79   24.978 26.2079 24.6196 24.9092 24.8005   21.1208 21.823 20.8863 21.0974 21.095   0.0251082 0.023885   1 0   0 61920.9 0 847.806   2.49902036787097 ombin   0.47429 ombin_0_54_309 171
210 0 9 -0.430161 -0.828126 266.961 -29.7336   2720 10.699 6.774 -5.65281 2.54856 10 3 6.1   1323 7.598 1.021 -0.995873 -0.913351 10 4 5.1 4.224 5789 4.24 1.241   -0.769447 55.9648 301.116664857 35.1774 4.31309 0.567661 0.0672002 0.0051864 5.80275 209.004 0   0.0159887 1.73703 54.0811 165.085 0.0156599 0.393889 2.24815   3 894.476 2725.66   19.3827 21.4049 18.3324 18.894 18.6712   21.0972 22.4786 20.4235 20.8416 20.6975   0.853777 0.819439   1 0   0 4.09213e+07 0 793.179   10.2770458344117 ombin   0.938686 ombin_0_9_210 172
135 0 20 -0.193188 -1.57007 267.835 -29.9115   12236 8.149 0.361 -10.0842 0.529528 10 5 7.1   7278 6.703 0.15 3.77613 2.18996 10 5 7.4 11.034 3427 5.14 0.169   -0.844722 346.211 1595.05457819 5.42665 1.39032 0.207418 0.127629 0.00099314 13.9594 443.566 0   0.0495041 3.6111 53.6266 251.418 0.330028 1.6783 15.3632   3 534.74 1604.35   23.7386 25.138 23.4112 23.7305 23.7998   25.4499 26.888 24.9541 25.3138 25.2096   0.141212 0.242385   1 0   0 358983 0 91660.9   6.16960829376572 ombin   0.12395 ombin_0_20_135 174
335 0 83 1.16604 -1.92456 268.976 -28.9197   14902 8.969 0.212 -9.15895 0.860228 10 5 7.3   10994 8.018 0.475 -8.95129 1.9274 9 5 6.62 7.856 4331 4.88 0.416   -0.139784 261.957 1592.03656197 97.5889 2.38024 0.296862 0.0445468 0.000370246 1.08719 41.323 0   0.343076 2.63968 45.1176 9.7384 0.722266 1.101 4.74165   3 74.9484 229.786   24.7719 25.9411 24.6 24.8287 24.8939   22.7542 23.415 22.5536 22.731 22.69   0.0141599 0.0336375   1 0   0 567000 0 204469   0.664038071077827 ombin   0.836771 ombin_0_83_335 175
165 0 89 1.02706 -0.559545 267.556 -28.3462   15964 10.309 1.161 -8.78963 0.103537 4 5 6   13896 9.354 0.417 -11.4172 -1.90199 10 5 7.1 8.683 3744 4.89 0.375   -0.026127 143.289 291.732911915 20.4569 1.73675 0.185669 0.0533396 0.00282052 3.30549 146.573 0   0.0103123 3.67568 32.4133 113.977 0.0247298 1.8452 10.7804   3 251.47 756.592   24.2845 26.7681 22.7968 23.4573 23.0242   26.6966 29.3906 25.2913 25.9473 25.6349   0.677914 0.675207   1 0   0 4.78561e+06 0 25486.9   2.81454812561645 ombin   0.929964 ombin_0_89_165 181
435 0 35 0.219961 -1.05628 267.57 -29.2938   10371 7.937 0.212 -0.759771 3.70317 10 5 7.3   3868 5.015 0.15 -4.42577 0.0898012 6 5 7.47 12.416 3186 5.04 0.101   -0.3671 139.646 358.862836808 23.3821 1.6484 0.328693 0.223338 0.000377869 5.14742 122.372 0   0.0306693 5.11978 50.8903 210.401 0.204462 2.85645 27.2543   3 183.801 550.017   25.8591 27.7389 25.1212 25.5929 25.4756   25.6953 27.7663 25.1642 25.5837 25.5722   0.109585 0.154323   1 0   0 1.28768e+06 0 218993   2.14227929651815 ombin   0.301104 ombin_0_35_435 182
101 0 74 0.741841 -0.879065 267.702 -28.7549   17734 9.376 0.212 -11.4515 1.78509 10 5 7.3   17012 9.137 0.2 -8.84294 2.34463 10 5 7.3 10.322 4264 5.07 0.212   0.598109 4.73132 539.53548342 12.2284 0.817273 0.0894465 0.0311898 0.00117546 2.6679 115.556 0   0.152051 0.92831 -58.0324 138.427 0.760256 0.938789 1.50743   3 71.1825 213.85   26.1019 27.928 25.4956 25.9266 25.8711   25.9949 27.723 25.2573 25.7146 25.499   0.0230032 0.0400747   1 0   0 6325.51 0 2163.03   0.84616460735503 ombin   0.76237 ombin_0_74_101 184
313 0 79 1.1491 -3.00241 270.036 -29.472   14575 11.853 0.3 -6.69057 -0.194263 8 5 7.19   5755 6.724 0.55 4.18021 -3.59311 10 5 6.9 7.85 4420 4.79 0.484   -0.812724 164.812 484.603419006 23.2238 4.81747 0.716459 0.0898226 0.000164269 11.3897 363.047 0   0.429177 3.06411 -50.6296 26.8397 0.780322 0.59604 5.42032   3 1310.79 3890.34   24.668 25.5156 24.4249 24.6414 24.5944   22.0679 22.732 21.7467 21.9858 21.9302   0.0442051 0.0593685   1 0   0 13365.5 0 1137.37   6.34579127529053 ombin   0.796887 ombin_0_79_313 185
27 3 46 0.400672 -1.45457 268.069 -29.3419   3072 8.63 0.746 -19.313 -1.56851 10 5 6.2   809 6.271 0.858 0.810313 -2.86741 10 5 6 5.569 5257 4.53 0.822   -0.138031 93.0749 160.418955535 9.97136 3.46156 0.551995 0.0789669 0.000728192 20.1652 599.46 0   0.000114516 4.84471 58.4178 263.812 0.000133469 0.74417 11.5114   3 2074.93 6241.56   21.3206 22.1986 21.0108 21.2688 21.2648   20.4844 21.2264 20.1862 20.4198 20.3845   0.216939 0.243299   1 0   0 1.14156e+07 0 8476.6   0.542534317142687 omcassan   0.420554 omcassan_3_46_27 186
80 0 63 0.498443 -0.514092 267.202 -28.7763   9931 9.748 0.891 -8.66279 -1.62377 10 5 5.6   5138 7.564 0.7 2.63886 5.25723 10 5 6.5 6.806 4650 4.66 0.639   -0.385445 236.786 207.724931091 12.473 3.41939 0.45206 0.0655223 0.000940196 13.2316 474.445 0   0.14696 26.1726 68.5744 80.9409 0.209943 3.0127 145.492   3 1474.86 4426.64   25.1588 28.0733 23.4646 24.1688 23.802   25.7878 28.8097 23.9702 24.6904 24.2288   0.344986 0.42774   1 0   0 1.1525e+06 0 253114   11.3994256038486 ombin   0.590214 ombin_0_63_80 190
320 0 27 0.00698244 -2.94141 269.321 -30.4313   13922 9.953 0.328 -7.62938 -3.13332 10 5 7.1   15866 6.186 1.194 -2.14101 -0.875692 7 6 9 16.464 5233 9 0.006   0.0964079 170.541 136.94522649 54.3028 5.48984 0.887462 0.0689417 0.000172672 5.93457 174.029 0   0.386241 4.62734 55.7427 157.136 0.323485 0.798244 7.91835   3 830.464 2505.94   23.7887 24.7432 23.4615 23.7304 23.7075   30.7524 31.2746 30.7022 30.7943 30.7854   0.208501 0.296119   1 0   0 7.45813e+06 0 2.01463e+06   4.40767589359627 ombin   0.171172 ombin_0_27_320 191
104 7 36 0.0899097 -0.575231 267.021 -29.1577   16393 10.431 0.484 -9.15826 -3.28225 10 5 6.9   5729 6.953 0.86 -2.94473 -0.665931 7 5 6.1 5.055 4876 4.55 1.144   -0.0167584 29.3256 163.911146298 31.2206 4.03012 0.579623 0.0827343 0.000372243 6.74189 222.216 0   3.48087e-05 5.9141 58.7091 303.937 4.04753e-05 1.03492 15.5087   3 895.539 2702.21   25.8556 28.4577 24.5169 25.1625 24.9393   22.6174 24.4909 21.5248 22.0849 21.7318   0.0424732 0.0434203   1 0   0 2.30929e+06 0 7198.06   0.270681571267696 omcassan   0.875646 omcassan_7_36_104 193
1270 4 102 1.42429 -0.426618 267.657 -27.937   15643 9.98 0.822 -9.33284 3.21717 10 5 6   5433 6.67 0.3 0.286593 -3.06603 10 5 7.15 9.42 3855 4.97 0.293   0.801584 55.5901 1431.79584682 11.1283 2.32521 0.348607 0.142638 0.00109865 11.4897 363.291 0   2.37084e-05 4.36201 -83.0062 210.528 7.9028e-05 1.62008 16.6323   3 844.692 2523.55   24.2 26.503 22.9498 23.5666 23.316   25.403 27.6327 24.3872 24.9482 24.7274   0.313813 0.35849   1 0   0 88672.9 0 2582.6   0.241510915860314 omcassan   0.515894 omcassan_4_102_1270 194
251 0 83 1.21118 -1.99322 269.07 -28.9152   3878 9.196 0.822 -9.86922 1.23467 10 5 6   1017 6.607 1.046 0.0439662 -1.77097 10 4 5.1 3.973 6037 4.16 1.393   1.33652 256.264 1451.6163218 23.8268 4.42143 0.669205 0.0636751 0.000621108 10.3588 324.441 0   0.244163 43.1891 -76.7328 74.69 0.233425 3.36557 249.884   3 1291.64 3837.4   20.6906 21.2555 20.5479 20.7017 20.7332   18.5935 18.991 18.5424 18.62 18.6452   0.123336 0.124431   1 0   0 2.81358e+06 0 31615.8   11.089360073956 ombin   0.833722 ombin_0_83_251 198
1564 3 113 1.5317 -0.906435 268.187 -28.0895   23073 14.098 0.941 -6.12717 -0.231501 4 5 6.5   27344 9.948 0.2 -8.33201 -0.274172 10 5 7.3 10.322 3487 5.07 0.212   -0.036428 82.1597 141.724905297 36.4195 2.18495 0.219637 0.134725 0.00141312 2.20525 103.996 0   0.000129685 3.29021 -43.0958 234.652 0.000648425 1.25036 13.3408   3 227.152 680.676   23.8586 25.414 23.0335 23.5129 23.2831   26.2967 27.9483 25.6087 26.0505 25.9036   0.215016 0.249038   1 0   0 1.55622e+07 0 5651.82   0.0747116346390722 omcassan   0.379321 omcassan_3_113_1564 199
444 0 32 0.0351856 -1.76945 268.167 -29.8166   12276 8.145 0.254 -9.06547 1.24789 10 5 7.2   5635 5.195 0.22 -2.87137 -1.39918 5 5 7.4 11.212 3323 5 0.164   -0.622653 223.524 1615.93461156 22.7411 2.20123 0.423721 0.164538 0.000342228 6.73601 165.886 0   0.0961333 5.52714 -65.4233 133.24 0.436969 1.88087 23.1108   3 304.615 923.27   24.0822 25.2216 23.7939 24.0582 24.0354   23.9546 25.3647 23.6959 23.9686 23.9783   0.0376154 0.0514953   1 0   0 207391 0 94455.9   3.33732469065452 ombin   0.239607 ombin_0_32_444 204
497 0 42 0.304251 -2.3618 268.913 -29.8839   4164 10.392 0.731 -9.12584 -0.0518308 10 5 6.2   6504 6.764 0.15 0.916058 -1.79213 10 5 7.4 11.034 2881 5.14 0.169   0.671184 276.78 1624.75875378 9.49124 1.80545 0.266921 0.193367 0.00122543 10.1916 326.788 0   0.0194559 2.90943 -69.5186 252.454 0.129706 0.724597 12.0554   3 555.099 1678.42   21.5783 22.211 21.3978 21.579 21.5957   24.5377 25.7111 24.3477 24.5747 24.6108   0.665238 0.775014   1 0   0 1.97273e+06 0 494467   4.03531658333964 ombin   0.368744 ombin_0_42_497 207
1856 3 88 1.03991 -0.728368 267.728 -28.4217   14774 8.617 0.688 -9.62521 -0.165289 10 5 6.3   14220 8.433 0.2 -9.33156 0.157603 10 5 7.3 10.322 2844 5.07 0.212   -0.850529 117.946 1653.6644268 54.0576 0.541855 0.0642541 0.0394075 0.00577809 0.436451 17.4477 0   0.00016043 0.769318 -74.0282 10.8831 0.000802152 1.3962 1.50824   3 9.45036 28.2013   22.649 24.0872 21.9584 22.3925 22.2502   26.0981 27.9211 25.4725 25.9081 25.8311   0.469148 0.601039   1 0   0 555137 0 194.367   0.00309384483754434 omcassan   0.48691 omcassan_3_88_1856 208
97 0 60 0.686538 -1.31233 268.095 -29.0235   4022 10.612 1.6 -8.09168 -0.174455 5 5 4.7   10793 7.752 0.35 -3.16491 -1.54337 10 5 7.1 9.085 3409 4.93 0.328   0.441293 190.785 1614.51707482 22.904 2.49988 0.322482 0.107808 0.00217405 5.11341 187.908 0   0.0172071 3.4232 -71.258 313.282 0.0491633 0.991942 10.4518   3 458.61 1383.69   20.8846 21.804 20.4149 20.718 20.5464   24.0582 25.441 23.5878 23.9434 23.8983   0.657612 0.768451   1 0   0 2.01836e+07 0 85411.6   5.42242475161849 ombin   0.548909 ombin_0_60_97 213
1755 0 70 0.914839 -2.01524 268.921 -29.1823   3212 8.601 1.108 -13.7171 0.0121435 10 5 5.3   5932 5.8 0.35 -2.0419 -5.84876 10 5 7.1 9.085 3217 4.93 0.328   0.607406 88.4813 1598.02455246 11.2219 2.32066 0.400115 0.14033 0.00149713 13.0637 359.183 0   1.62108e-05 7.98531 60.6949 104.151 4.63167e-05 1.83705 38.1411   3 833.524 2492.77   19.777 20.1722 19.7089 19.7971 19.8171   22.8093 23.7812 22.5789 22.8079 22.8179   0.755734 0.840248   1 0   0 1.23968e+07 0 558.13   0.177982686156816 omcassan   0.0803903 omcassan_0_70_1755 214
851 8 47 0.235023 -1.28433 267.804 -29.3975   2199 8.106 0.891 -7.37648 -5.42107 10 5 5.6   9356 7.428 0.454 -8.22 -3.13645 10 5 7 8.461 3866 4.87 0.402   0.452129 254.923 305.141944438 30.9822 1.51593 0.204084 0.055175 0.00250447 2.43537 85.7547 0   6.86918e-05 2.05525 -51.5374 334.649 0.000151304 1.2773 4.37256   3 129.989 385.255   21.0813 22.0625 20.6776 20.9755 20.9372   23.5147 24.8979 22.934 23.3309 23.2571   0.35432 0.399279   1 0   0 1.09002e+07 0 37938.5   0.03825868993255 omcassan   0.919177 omcassan_8_47_851 217
3091 2 109 1.50325 -1.91175 269.156 -28.6218   8410 7.272 0.293 -0.873355 6.48495 10 5 7.15   5675 5.851 0.35 0.902301 -4.92006 10 5 7.1 9.085 2331 4.93 0.328   -0.0665946 180.742 1444.25907612 9.81228 1.80551 0.308582 0.108228 0.000607151 11.5424 320.146 0   1.39736e-05 2.89616 -55.1217 72.0633 3.99246e-05 1.0028 8.33088   3 578.015 1725.66   23.6962 24.7424 23.4719 23.7068 23.7315   22.8318 23.8755 22.6201 22.8645 22.9456   0.137973 0.188483   1 0   0 1.63223e+06 0 845.852   0.105505028592242 omcassan   0.265608 omcassan_2_109_3091 218
490 0 88 1.18779 -0.69046 267.777 -28.2752   7222 6.718 0.402 2.03192 3.66364 10 5 7   24672 5.881 0.13 -2.13661 -0.260528 5 5 7.49 12.885 3121 5.1 0.083   -0.012831 300.308 339.122721255 9.55012 0.881219 0.149842 0.141384 0.00185698 5.72501 159.606 0   0.000102801 2.16139 -40.786 61.1905 0.000790775 2.01121 8.80963   3 140.592 422.202   23.653 25.2539 23.0344 23.4593 23.3994   26.4048 28.4333 25.8963 26.3061 26.3054   0.262404 0.33917   1 0   0 6.37416e+06 1 437.047   0.046317988110509 omcassan   0.118262 omcassan_0_88_490 223
889 3 97 1.29918 -1.76227 268.892 -28.723   4122 9.579 0.783 -11.7476 0.782665 10 5 6.1   733 6.097 1.046 1.36372 -5.04391 10 4 5.1 3.973 5889 4.16 1.393   1.10839 3.48269 1724.95303452 17.8099 4.34716 0.713 0.0836186 0.000533096 14.3477 414.686 0   0.000747901 28.4335 74.218 52.5948 0.000715011 4.21696 148.192   3 1802.06 5509.68   21.1077 21.7224 20.9224 21.0991 21.1075   18.5777 19.0059 18.4812 18.5856 18.6002   0.0853234 0.0856835   1 0   0 9082.28 0 749.876   0.517268787471716 omcassan   0.505075 omcassan_3_97_889 226
1416 1 114 1.66928 -0.596311 267.964 -27.8132   14008 8.621 0.783 -15.7675 0.591601 10 5 6.1   3451 3.593 0.44 -0.900688 -0.129644 5 5 7.2 9.039 3468 4.88 0.366   0.542688 80.8863 481.493152678 19.0773 2.7517 0.765851 0.211951 0.000551459 14.8843 253.517 0   0.00357121 6.13414 -88.9595 282.822 0.00811639 0.496283 22.8112   3 694.789 2053.35   22.1916 23.6596 21.4942 21.9325 21.8218   21.8819 22.995 21.4955 21.7963 21.7506   0.348021 0.346195   1 0   0 1.54981e+06 0 226.167   0.267843932021373 omcassan   0.167073 omcassan_1_114_1416 227
488 0 32 0.135818 -1.7833 268.239 -29.737   9656 7.458 0.169 2.99127 -4.48335 10 5 7.4   7958 6.892 0.2 1.86704 -0.392732 10 5 7.3 10.322 3447 5.07 0.212   -0.0967761 293.916 505.380599499 11.7861 0.945961 0.137255 0.080227 0.000767696 4.24229 138.601 0   0.0100212 1.13313 57.6939 100.368 0.0501058 0.665613 2.63201   3 127.945 384.851   25.1256 26.3637 24.8667 25.1264 25.138   24.399 25.5153 24.098 24.3619 24.319   0.0143648 0.028561   1 0   0 86405.7 0 2124.38   1.39111283213262 ombin   0.240541 ombin_0_32_488 228
150 0 89 0.984628 -0.506425 267.479 -28.3554   1911 12.237 3.8 -7.11625 0.0153339 3 3 4.4   15436 10.138 0.605 -10.797 -1.99205 10 5 6.7 7.481 3968 4.74 0.535   -0.54542 255.645 143.58401455 26.9329 3.12773 0.308515 0.0548414 0.00468042 4.19255 201.489 0   0.0855961 10.2844 -63.9039 293.616 0.141481 1.86853 39.6878   3 589.858 1765.93   21.5443 23.7413 20.2419 20.8564 20.4401   26.129 28.8362 24.6243 25.299 25.006   0.377889 0.563563   1 0   0 1.84411e+07 0 9053   6.56932001854349 ombin   0.928074 ombin_0_89_150 231
5 0 72 0.973452 -1.55004 268.496 -28.897   3216 8.551 1.241 -13.599 1.67684 10 4 5.1   8916 7.143 0.4 -7.13241 -0.503003 10 5 7.1 8.794 3347 4.91 0.361   0.156423 168.387 1419.33369577 14.8104 1.97694 0.276766 0.08329 0.00243835 6.82411 231.072 0   0.00792035 1.08043 -71.7836 324.401 0.0198009 0.455368 1.75836   3 452.359 1357.36   19.6826 20.2211 19.5596 19.6926 19.719   23.1966 24.2885 22.8636 23.1485 23.1415   0.879792 0.925728   1 0   0 1.07488e+08 0 9944.47   5.45718370614396 ombin   0.719256 ombin_0_72_5 234
470 0 96 1.344 -2.05577 269.207 -28.8317   4304 10.938 1.249 -8.02279 0.00237006 7 5 5.6   13422 8.612 0.417 -13.5155 0.544145 10 5 7.1 8.683 3735 4.89 0.375   2.08163 37.752 395.572569519 24.3483 3.21838 0.373709 0.0660746 0.00142084 5.51936 225.328 0   0.277312 18.3105 -48.2409 210.411 0.665016 5.26815 94.0312   3 562.008 1712.5   20.9992 21.4838 20.7385 20.9184 20.799   23.1915 24.1447 22.8655 23.1374 23.1363   0.71483 0.748286   1 0   0 95966.2 0 798.146   4.51458261622505 ombin   0.976747 ombin_0_96_470 235
251 0 37 0.0493867 -0.421805 266.847 -29.1131   9268 9.608 1.241 -8.11031 -3.65774 10 4 5.1   20614 8.296 0.575 -8.64727 -0.413045 9 6 9 17.584 2595 8 0.013   -0.42054 43.2792 314.19203952 36.1398 2.67768 0.322768 0.0509967 0.00186081 3.28883 129.339 0   0.201969 2.34378 -30.6072 34.6437 0.35125 0.837838 4.07075   3 297.935 886.537   24.7869 27.8071 22.9349 23.657 23.1521   37.8771 39.7915 35.8317 36.5281 34.8955   0.232823 0.193832   1 0   0 2.78298e+06 0 711543   2.0417574061996 ombin   0.312932 ombin_0_37_251 245
52 0 42 0.236131 -2.49338 269.005 -30.0089   3836 9.76 1.287 -8.68332 -0.121487 4 5 5.5   19738 8.994 0.575 -5.64169 4.1714 9 6 9 17.584 2620 8 0.013   -0.447952 100.169 1801.03074074 18.317 2.37235 0.26377 0.0330826 0.00232464 5.26122 224.316 0   0.403771 8.20093 71.7108 150.654 0.702211 3.05983 23.7386   3 407.88 1223.29   20.2831 20.6554 20.1471 20.2591 20.2103   33.5609 33.0149 33.3852 33.3407 32.7817   0.82599 0.909102   1 0   0 7.34455e+06 0 36061.8   2.94107697908363 ombin   0.352969 ombin_0_42_52 246
143 0 28 0.00105661 -2.61122 268.986 -30.2712   1749 7.522 0.614 -4.95779 0.21351 10 5 6.5   5549 6.331 0.3 0.499841 5.77714 10 5 7.15 9.42 3521 4.97 0.293   -2.13817 23.2709 1575.99330962 12.3292 1.67372 0.26437 0.0946007 0.00143574 7.79357 233.9 0   0.043062 6.40946 48.6738 359.26 0.14354 3.82928 27.7042   3 366.09 1103.67   21.2934 22.0093 21.0825 21.2893 21.3197   23.1512 24.1758 22.911 23.1469 23.1362   0.270862 0.39398   1 0   0 4166.24 0 657.217   2.29046152519588 ombin   0.172709 ombin_0_28_143 248
321 0 3 -0.347795 -2.46343 268.635 -30.498   3699 10.101 1.184 -13.7909 1.57348 11 5 5.2   936 6.746 0.858 -7.36875 -0.176256 10 5 6 5.569 5753 4.53 0.822   0.484115 125.252 476.697075516 38.5751 4.66657 0.691753 0.0711755 0.000787933 6.65624 212.861 0   0.335098 3.54677 73.7022 205.226 0.390557 0.693538 6.11522   3 842.365 2486.72   20.3337 20.881 20.1694 20.3182 20.307   20.4078 21.0136 20.1576 20.3565 20.3187   0.447879 0.49199   1 0   0 1.5472e+07 0 2271.28   5.32754894713278 ombin   0.190032 ombin_0_3_321 249
788 7 35 0.0566451 -0.843131 267.264 -29.3244   20773 12.622 0.394 -6.50762 -0.0973446 7 5 7.18   18446 9.928 0.55 -8.77506 1.85135 10 5 6.9 7.85 3431 4.79 0.484   0.13104 51.3885 1811.91301882 37.3205 3.08679 0.310917 0.0691453 0.000466849 2.98977 140.708 0   0.00199849 3.41536 65.2299 9.58807 0.00363362 1.09372 8.49543   3 433.55 1323.77   26.477 28.7065 25.3785 25.9603 25.7423   24.9468 26.9593 23.9423 24.5014 24.3961   0.0419218 0.0463461   1 0   0 143174 0 586.076   0.149495477782694 omcassan   0.869353 omcassan_7_35_788 250
185 0 19 -0.127416 -1.62867 267.932 -29.8849   18088 9.576 0.328 -9.36113 -2.08272 10 5 7.1   14426 8.667 0.2 -11.6938 1.2439 10 5 7.3 10.322 5225 5.07 0.212   0.0198541 91.1499 1759.81003761 12.9398 1.23703 0.142729 0.0767359 0.00111591 4.06297 166.93 0   0.0283332 0.316552 -55.0011 354.084 0.141666 0.254982 0.37272   3 193.262 574.91   24.0529 25.2479 23.7865 24.0576 24.1005   25.1203 26.231 24.5637 24.9163 24.6774   0.106691 0.173068   1 0   0 3.10014e+06 0 35391.8   2.0417145444312 ombin   0.113388 ombin_0_19_185 252
2750 3 86 1.18557 -1.18474 268.259 -28.529   18492 9.412 0.639 -13.0719 0.218773 10 5 6.5   8453 6.942 0.15 -1.02192 -2.18623 10 5 7.4 11.034 4353 5.14 0.169   0.0338795 351.837 173.902477026 6.34931 1.49268 0.215021 0.175812 0.00146822 12.2876 404.366 0   0.000137127 6.04663 -74.2829 284.954 0.000914179 1.48885 38.373   3 603.312 1821.97   22.5438 23.638 22.0539 22.3979 22.3165   25.3558 26.7751 24.8063 25.1788 24.9978   0.126577 0.141163   1 0   0 6.17003e+06 0 692.966   0.172946195220074 omcassan   0.481247 omcassan_3_86_2750 253
1424 5 21 -0.265337 -1.27763 267.503 -29.8238   22369 10.812 0.254 -11.6247 0.229702 10 5 7.2   25362 6.096 0.325 -1.8507 -0.805948 5 6 9 14.318 5025 7.5 0.017   0.00204635 259.537 143.969578072 16.1369 2.65326 0.435247 0.164395 0.000250984 9.82872 284.029 0   1.50529e-05 4.69409 51.3682 102.119 4.63165e-05 1.14199 17.8392   3 753.587 2266.02   25.6472 27.0991 25.0832 25.4772 25.4127   28.9532 29.944 28.6555 28.9119 28.8859   0.0456283 0.0683636   1 0   0 1.94866e+06 1 1076.74   0.233836604708174 omcassan   0.676416 omcassan_5_21_1424 258
415 0 28 0.21526 -2.73509 269.234 -30.148   11941 8.808 0.169 -5.05959 -4.47238 10 5 7.4   18367 8.376 0.576 -6.06657 1.9233 9 6 9 16.522 3342 8 0.013   0.306438 162.813 1604.88400698 9.7495 1.44859 0.172945 0.033858 0.000515886 6.47447 257.076 0   0.0510522 1.39248 -68.3467 355.914 0.0886322 0.959156 2.07507   3 356.917 1071.52   25.303 26.5111 25.172 25.3859 25.4675   31.4903 31.3808 31.6497 31.4803 31.3305   0.00659744 0.0153139   1 0   0 10339.4 0 2619.29   2.22374018817027 ombin   0.17591 ombin_0_28_415 259
214 0 58 0.581475 -1.74615 268.462 -29.3342   3581 8.93 1.147 -13.5321 -2.25147 10 5 5.2   8384 6.984 0.454 1.68682 7.42325 10 5 7 8.461 3369 4.87 0.402   1.59226 346.118 1607.80581951 7.61231 2.62788 0.376271 0.0829251 0.00158732 18.0337 597.051 0   0.10302 0.88909 -81.6457 354.011 0.226915 0.336523 1.12327   3 1416.48 4254.22   19.896 20.3342 19.7796 19.8951 19.8979   22.4996 23.5021 22.2346 22.4891 22.5175   0.802983 0.853834   1 0   0 447378 0 1272.22   14.3155222364585 ombin   0.522189 ombin_0_58_214 260
530 1 57 0.624726 -1.95406 268.693 -29.4019   4169 9.498 0.783 -12.6651 -2.62432 10 5 6.1   10473 7.77 0.45 -2.9333 -0.616856 10 5 7 8.49 4015 4.87 0.399   0.0714884 42.563 519.226921499 10.7511 2.2768 0.293024 0.0799074 0.00130821 9.93669 366.003 0   0.000165242 2.60362 -80.8936 205.981 0.000367204 1.03103 6.26154   3 833.161 2504.08   21.1233 21.6124 20.9426 21.1009 21.0781   22.9473 23.7097 22.6302 22.876 22.8289   0.555645 0.619831   1 0   0 3.48141e+07 0 260478   0.202809500894447 omcassan   0.204956 omcassan_1_57_530 267
472 0 72 0.837915 -1.36598 268.236 -28.9205   14568 8.522 0.169 -8.39076 -2.08787 10 5 7.4   13949 8.42 0.417 -9.63985 -2.75581 10 5 7.1 8.683 3278 4.89 0.375   -0.00520027 69.68 303.018754274 18.0239 0.588829 0.0699322 0.0203268 0.00131862 1.41646 56.5378 0   0.00534152 2.61937 82.9577 235.942 0.0128094 2.53191 6.52325   3 33.0799 99.2884   25.5595 26.8797 25.2738 25.553 25.5688   23.3645 24.5129 23.0506 23.3347 23.3451   0.0193951 0.0332445   1 0   0 485435 1 3160.21   0.399183001332811 ombin   0.726552 ombin_0_72_472 269
228 0 29 0.020166 -2.39618 268.782 -30.1466   17681 10.968 0.293 -11.1162 -1.26543 10 5 7.15   12376 8.785 0.35 -9.34598 4.73053 10 5 7.1 9.085 3928 4.93 0.328   0.244321 35.3517 338.225798607 18.3256 2.75672 0.313799 0.0721993 0.00039586 6.25182 260.357 0   0.183549 3.47004 71.7454 150.962 0.524424 1.11705 8.84943   3 581.313 1744.65   24.3832 25.4092 24.0863 24.3496 24.3399   23.4539 24.4461 23.1947 23.4362 23.4174   0.0372173 0.0814193   1 0   0 350969 0 119636   3.92082094751944 ombin   0.181972 ombin_0_29_228 270
477 0 90 1.13606 -0.197927 267.267 -28.0669   3847 6.839 0.484 4.81466 -5.63819 10 5 6.9   1431 4.922 0.46 -1.89985 -0.48254 1 5 7.18 8.839 3641 4.84 0.394   -0.0609217 161.479 1784.99096274 20.275 2.30945 0.46921 0.121373 0.000701357 8.46554 197.523 0   0.0145712 3.28135 79.6353 219.291 0.0316765 1.11149 8.62837   3 449.112 1345.29   26.2461 29.1262 24.4423 25.1574 24.6714   25.0778 27.5738 23.7456 24.3811 24.0466   0.225746 0.197527   1 0   0 1.60449e+06 0 216425   3.22088066927303 ombin   0.950932 ombin_0_90_477 273
489 0 95 1.29288 -2.23652 269.357 -28.9664   11241 8.214 0.484 -9.77693 -0.501657 10 5 6.9   5611 5.915 0.2 -2.08782 -0.938865 10 5 7.3 10.322 4295 5.07 0.212   0.591039 256.479 1593.99549901 16.7372 2.08159 0.351917 0.134459 0.00077858 7.70153 215.95 0   0.121297 1.07233 45.8536 28.4885 0.606487 0.484036 1.95902   3 354.658 1060.97   22.151 23.0042 21.8643 22.1136 22.112   23.8841 24.924 23.5684 23.8257 23.7182   0.0755621 0.157116   1 0   0 346600 0 1502.25   2.64072324316913 ombin   0.969526 ombin_0_95_489 278
129 0 47 0.261727 -1.31267 267.847 -29.3891   14285 8.554 0.439 -10.0487 -2.91716 10 5 6.9   2007 7.861 0.883 -3.26538 -2.06425 10 5 5.8 5.377 5474 4.5 0.861   -0.100786 339.621 180.143151954 15.6721 2.3123 0.294148 0.0350364 0.000811301 6.83673 254.77 0   0.147627 7.98242 -55.6949 104.267 0.167188 2.06866 22.2152   3 545.282 1640.3   23.8257 25.181 23.1075 23.5442 23.3682   21.1329 22.1322 20.7115 21.0171 20.9643   0.0755662 0.0662509   1 0   0 2.91018e+06 0 561562   6.93594281523847 ombin   0.436754 ombin_0_47_129 279
128 0 8 -0.394699 -1.24452 267.393 -29.9178   3142 9.781 1.162 -12.5674 -0.0141792 10 5 5.2   13856 8.671 0.204 -3.54929 2.61721 9 5 6.99 9.856 4153 5.11 0.209   0.562214 342.482 1798.55364561 6.03596 1.34439 0.155044 0.0844141 0.00356303 9.39417 386.144 0   0.021474 16.0956 -88.762 298.187 0.105265 5.65982 135.991   3 493.789 1479.46   21.1493 22.2931 20.6594 20.9993 20.9307   25.7871 27.3176 25.1129 25.5429 25.3738   0.725775 0.836732   1 0   0 1.43323e+06 0 650.53   6.60783343109432 ombin   0.806544 ombin_0_8_128 280
459 0 33 0.105055 -1.5357 267.976 -29.6375   1918 7.586 1.393 0.439645 -0.437345 10 4 5.1   6142 5.826 0.56 -2.74058 -0.157244 7 5 7.06 7.834 3884 4.74 0.558   1.07695 96.3663 257.245448381 51.4466 2.51665 0.431969 0.0921886 0.00197669 3.19254 88.1714 0   0.0152153 20.0279 37.0999 101.139 0.0271702 6.41471 118.178   3 218.942 630.958   19.5046 20.1175 19.2693 19.4541 19.4104   22.3929 23.5177 21.8574 22.2142 22.0766   0.346386 0.542485   1 0   0 718818 0 3437.25   2.54566228231874 ombin   0.277936 ombin_0_33_459 281
132 0 34 0.186163 -1.29566 267.786 -29.4453   17762 9.352 0.439 -7.09543 -0.0237648 10 5 6.9   2137 7.986 1.096 -3.53316 0.710718 10 3 5.6 3.578 4921 3.73 2.316   -0.732464 262.409 447.61406064 57.1467 4.51283 0.565093 0.0323666 0.000386272 3.6372 137.695 0   1.04728 31.8943 50.8001 279.114 0.955545 4.5503 123.036   3 444.358 1323.75   24.1296 25.4448 23.4891 23.9007 23.7986   19.2774 20.3963 18.8003 19.1386 19.079   0.0110386 0.0104513   1 0   0 7.36682e+06 0 1.60917e+06   5.62004707454051 ombin   0.28603 ombin_0_34_132 282
244 0 3 -0.451467 -2.36586 268.476 -30.5381   9324 7.957 0.439 -4.51851 0.112204 10 5 6.9   18474 6.112 0.095 -2.86454 1.23472 7 5 7.58 14.799 3078 5.27 0.038   1.22984 161.605 147.598511651 43.3465 1.47095 0.240667 0.157633 0.00106599 1.99891 57.9161 0   0.0924233 14.3467 -33.5003 193.943 0.972877 9.6667 125.521   3 60.6524 184.598   22.7284 23.7873 22.3499 22.649 22.6059   27.0202 28.7599 26.8174 27.0965 27.1566   0.109257 0.106441   1 0   0 25750 0 24964.6   0.395482756620294 ombin   0.184709 ombin_0_3_244 283
267 0 32 0.0449139 -1.78103 268.184 -29.8141   8899 7.203 0.254 3.81458 2.56265 10 5 7.2   609 5.886 0.883 0.664855 -0.454743 10 5 5.8 5.377 5359 4.5 0.861   -0.228308 307.639 1415.21323085 40.5278 2.86806 0.487269 0.0637505 0.000336515 4.36181 121.705 0   0.055298 5.26627 25.0523 165.756 0.0626251 1.82618 12.4763   3 338.616 1022.75   24.0241 25.2515 23.8831 24.1149 24.2142   19.7416 20.2725 19.5761 19.7318 19.7422   0.00966403 0.0126991   1 0   0 73475.7 0 1930.21   3.69691295868696 ombin   0.237367 ombin_0_32_267 284
425 0 91 1.22851 -3.31718 270.396 -29.5583   441 5.96 0.891 0.412233 -0.17425 10 5 5.6   298 5.41 0.784 -1.39141 1.85739 10 5 6.2 6.154 5143 4.59 0.731   -1.83688 40.5366 1295.76934755 51.1114 1.99417 0.368608 0.0462759 0.00188591 2.71674 69.6734 0   0.193834 0.655574 -25.4325 12.4985 0.247237 0.327323 0.536784   3 124.41 361.88   19.4258 19.8126 19.36 19.4525 19.488   20.1012 20.6575 19.9072 20.0811 20.066   0.508848 0.563738   1 0   0 160301 0 52945   0.451200055324165 ombin   0.952624 ombin_0_91_425 287
2723 3 74 0.841982 -0.933306 267.813 -28.6965   2930 8.963 0.961 -7.8454 -2.00526 10 5 5.5   4429 4.45 0.34 -1.66332 0.0339711 3 5 7.28 9.907 3545 4.94 0.266   0.663827 292.027 132.410998866 31.3053 2.49249 0.560111 0.202012 0.000890121 6.50973 137.323 0   0.000369987 3.38568 -51.2835 335.483 0.0010882 1.28519 10.6781   3 342.091 1030.26   21.3664 22.4954 20.9 21.2336 21.1902   23.0756 24.5109 22.6205 22.9721 22.9319   0.271521 0.417817   1 0   0 3.04308e+06 0 490.986   0.119126021759125 omcassan   0.46824 omcassan_3_74_2723 289
22 0 32 0.0438896 -1.59484 267.999 -29.7203   16044 9.038 0.212 -16.5207 1.49583 10 5 7.3   1368 7.031 0.962 3.28062 -2.94827 10 5 5.3 4.716 5818 4.38 1.036   -0.764384 91.7627 183.641332984 9.55475 3.74942 0.533269 0.0592259 0.000204536 20.2939 676.401 0   0.143327 38.6867 -25.8961 127.195 0.148989 9.67351 228.874   3 2365.97 7129.89   25.0159 26.1918 24.8728 25.0997 25.1993   19.6381 20.0912 19.5214 19.6389 19.643   0.00532863 0.00662479   1 0   0 336967 0 22280   25.7722637350404 ombin   0.234245 ombin_0_32_22 291
