2.455265841450000182e+06 18.398 0.004
2.455268876869999804e+06 18.400 0.004
2.455272786720000207e+06 18.394 0.004
2.455275906919999979e+06 18.391 0.004
2.455279773020000197e+06 18.395 0.005
2.455284911450000014e+06 18.396 0.004
2.455286901659999974e+06 18.395 0.004
2.455287773469999898e+06 18.395 0.004
2.455293910170000046e+06 18.402 0.004
2.455294896689999849e+06 18.397 0.003
2.455295906380000059e+06 18.390 0.003
2.455297789390000049e+06 18.395 0.004
2.455298828120000195e+06 18.392 0.004
2.455299812469999772e+06 18.401 0.003
2.455300924399999902e+06 18.400 0.004
2.455303902079999913e+06 18.398 0.004
2.455306917779999785e+06 18.392 0.004
2.455307918699999806e+06 18.400 0.004
2.455309704109999817e+06 18.393 0.004
2.455310722980000079e+06 18.394 0.004
2.455312829799999949e+06 18.400 0.004
2.455313864190000109e+06 18.395 0.004
2.455314792919999920e+06 18.398 0.004
2.455315738590000197e+06 18.399 0.004
2.455316681830000132e+06 18.403 0.005
2.455319826840000227e+06 18.394 0.006
2.455320732660000212e+06 18.397 0.004
2.455320930790000129e+06 18.393 0.004
2.455321873800000176e+06 18.388 0.004
2.455323784769999795e+06 18.404 0.004
2.455324721640000120e+06 18.398 0.004
2.455324916220000014e+06 18.389 0.004
2.455325831280000042e+06 18.397 0.004
2.455326761830000207e+06 18.398 0.004
2.455327646459999960e+06 18.397 0.004
2.455327903049999848e+06 18.396 0.004
2.455328834400000051e+06 18.394 0.004
2.455334698760000058e+06 18.399 0.004
2.455335724400000181e+06 18.388 0.003
2.455335918120000046e+06 18.396 0.004
2.455337824599999934e+06 18.383 0.004
2.455338825050000101e+06 18.390 0.004
2.455339856900000013e+06 18.388 0.004
2.455340783210000023e+06 18.392 0.004
2.455341626850000117e+06 18.395 0.004
2.455341924019999802e+06 18.393 0.004
2.455342749509999994e+06 18.386 0.004
2.455342945059999824e+06 18.398 0.007
2.455343771009999793e+06 18.390 0.005
2.455348665320000146e+06 18.393 0.004
2.455348918300000019e+06 18.402 0.005
2.455349847169999965e+06 18.389 0.004
2.455351642589999828e+06 18.401 0.004
2.455352644119999837e+06 18.397 0.004
2.455353624419999775e+06 18.397 0.004
2.455353899629999883e+06 18.396 0.004
2.455354910600000061e+06 18.397 0.005
2.455355864370000083e+06 18.402 0.005
2.455358642140000127e+06 18.395 0.003
2.455359581189999823e+06 18.401 0.004
2.455359816039999947e+06 18.395 0.004
2.455362671920000110e+06 18.396 0.004
2.455364645200000145e+06 18.390 0.004
2.455364834749999922e+06 18.394 0.004
2.455365761520000175e+06 18.401 0.004
2.455369744959999807e+06 18.400 0.004
2.455376726319999900e+06 18.393 0.004
2.455377618350000121e+06 18.396 0.004
2.455377854280000087e+06 18.391 0.004
2.455378778270000126e+06 18.403 0.004
2.455379634229999967e+06 18.393 0.003
2.455380777240000200e+06 18.391 0.004
2.455381649370000232e+06 18.398 0.004
2.455381851520000026e+06 18.394 0.005
2.455382722870000172e+06 18.401 0.004
2.455385473710000049e+06 18.387 0.004
2.455386746470000129e+06 18.398 0.003
2.455387728850000072e+06 18.398 0.003
2.455388568299999926e+06 18.397 0.003
2.455389509260000195e+06 18.400 0.004
2.455389839060000144e+06 18.397 0.004
2.455390774480000138e+06 18.400 0.004
2.455391692929999903e+06 18.386 0.004
2.455392561309999786e+06 18.400 0.004
2.455393668260000180e+06 18.384 0.004
2.455396528160000220e+06 18.397 0.004
2.455397621290000156e+06 18.396 0.004
2.455403597779999953e+06 18.397 0.004
2.455404471719999798e+06 18.398 0.004
2.455404667849999852e+06 18.394 0.004
2.455405684599999804e+06 18.396 0.004
2.455407537270000204e+06 18.391 0.004
2.455407731490000151e+06 18.393 0.004
2.455408660180000123e+06 18.401 0.004
2.455409525960000232e+06 18.389 0.004
2.455410527050000150e+06 18.401 0.004
2.455411564120000228e+06 18.404 0.003
2.455412594419999979e+06 18.402 0.004
2.455413556700000074e+06 18.397 0.003
2.455414599100000225e+06 18.396 0.003
2.455418551179999951e+06 18.397 0.003
2.455421582020000089e+06 18.406 0.004
2.455422550249999855e+06 18.401 0.004
2.455425496489999816e+06 18.403 0.004
2.455430492399999872e+06 18.401 0.004
2.455431493530000094e+06 18.397 0.004
2.455431692210000008e+06 18.404 0.005
2.455433666430000216e+06 18.404 0.004
2.455434668680000119e+06 18.396 0.004
2.455435674380000215e+06 18.393 0.004
2.455437586219999939e+06 18.399 0.004
2.455439527780000120e+06 18.399 0.004
2.455443539869999979e+06 18.399 0.004
2.455444559460000135e+06 18.395 0.004
2.455445656580000184e+06 18.392 0.004
2.455446657300000079e+06 18.392 0.004
2.455448524399999995e+06 18.392 0.004
2.455449633820000105e+06 18.396 0.004
2.455451521740000229e+06 18.380 0.004
2.455453499419999775e+06 18.399 0.004
2.455458509740000125e+06 18.388 0.004
2.455460486630000174e+06 18.399 0.004
2.455461586990000214e+06 18.395 0.004
2.455465515780000016e+06 18.403 0.004
2.455470547530000098e+06 18.406 0.004
2.455472602899999823e+06 18.401 0.004
2.455478550280000083e+06 18.393 0.004
2.455487525559999980e+06 18.398 0.004
2.455490535519999918e+06 18.391 0.005
2.455604893329999875e+06 18.409 0.007
2.455605880799999926e+06 18.397 0.003
2.455608888309999835e+06 18.397 0.004
2.455611879920000210e+06 18.396 0.004
2.455614840539999772e+06 18.393 0.004
2.455620829989999998e+06 18.385 0.004
2.455624807270000223e+06 18.399 0.004
2.455625804550000001e+06 18.394 0.004
2.455627793510000221e+06 18.394 0.004
2.455629807690000162e+06 18.396 0.004
2.455630844070000108e+06 18.395 0.004
2.455632803220000118e+06 18.398 0.004
2.455634782130000181e+06 18.392 0.003
2.455635819529999979e+06 18.393 0.004
2.455638778580000158e+06 18.392 0.004
2.455639899590000045e+06 18.394 0.004
2.455640763720000163e+06 18.391 0.005
2.455642754009999800e+06 18.395 0.004
2.455643914249999914e+06 18.403 0.004
2.455649745260000229e+06 18.398 0.004
2.455650869299999904e+06 18.403 0.003
2.455652854129999876e+06 18.396 0.003
2.455655771860000212e+06 18.400 0.004
2.455657793819999788e+06 18.393 0.003
2.455658914659999777e+06 18.403 0.003
2.455660766700000037e+06 18.393 0.003
2.455662885329999961e+06 18.400 0.003
2.455665758179999888e+06 18.392 0.004
2.455668834489999805e+06 18.396 0.004
2.455670899470000062e+06 18.398 0.004
2.455676780600000173e+06 18.393 0.003
2.455679742409999948e+06 18.396 0.003
2.455680912169999909e+06 18.395 0.003
2.455682796750000212e+06 18.400 0.004
2.455684784399999771e+06 18.396 0.003
2.455686789549999870e+06 18.400 0.003
2.455689678689999972e+06 18.401 0.003
2.455691712489999831e+06 18.394 0.003
2.455692862290000077e+06 18.403 0.003
2.455694628599999938e+06 18.401 0.004
2.455695786199999973e+06 18.400 0.003
2.455696857450000010e+06 18.389 0.004
2.455698611370000057e+06 18.391 0.004
2.455703821370000020e+06 18.391 0.004
2.455706876430000179e+06 18.394 0.004
2.455708627609999850e+06 18.391 0.004
2.455712615389999934e+06 18.404 0.003
2.455714658429999836e+06 18.412 0.003
2.455714671420000028e+06 18.400 0.003
2.455716693909999914e+06 18.396 0.003
2.455721873929999769e+06 18.401 0.004
2.455723699889999814e+06 18.391 0.003
2.455724830089999828e+06 18.398 0.004
2.455726743379999883e+06 18.388 0.006
2.455734708829999901e+06 18.396 0.004
2.455736543339999858e+06 18.392 0.003
2.455737617829999886e+06 18.398 0.003
2.455738741580000147e+06 18.394 0.003
2.455740506109999958e+06 18.395 0.004
2.455741583629999775e+06 18.390 0.003
2.455742594589999877e+06 18.392 0.003
2.455743744950000197e+06 18.391 0.004
2.455744783069999889e+06 18.404 0.004
2.455746547679999843e+06 18.390 0.003
2.455747723060000222e+06 18.393 0.004
2.455749747450000141e+06 18.392 0.004
2.455753629410000052e+06 18.400 0.005
2.455760614730000030e+06 18.403 0.004
2.455763523759999778e+06 18.397 0.003
2.455764611510000192e+06 18.401 0.003
2.455765768480000086e+06 18.398 0.004
2.455767592420000117e+06 18.394 0.004
2.455768729820000008e+06 18.395 0.003
2.455770755690000020e+06 18.393 0.004
2.455777637219999917e+06 18.404 0.003
2.455786630799999926e+06 18.401 0.004
2.455788586459999904e+06 18.393 0.004
2.455790725240000058e+06 18.388 0.004
2.455794606370000169e+06 18.398 0.004
2.455796668349999934e+06 18.393 0.004
2.455803593969999813e+06 18.394 0.004
2.455806543539999984e+06 18.396 0.004
2.455813566409999970e+06 18.401 0.003
2.455816591599999927e+06 18.396 0.004
2.455819522679999936e+06 18.393 0.003
2.455823609190000221e+06 18.398 0.004
2.455824613979999907e+06 18.387 0.004
2.455826600719999988e+06 18.379 0.004
2.455828575639999937e+06 18.389 0.004
2.455830549139999785e+06 18.388 0.004
2.455832569329999853e+06 18.391 0.004
2.455835520339999814e+06 18.392 0.005
2.455839570569999982e+06 18.389 0.004
2.455841574800000060e+06 18.401 0.004
2.455843573439999949e+06 18.397 0.004
2.455845584679999854e+06 18.406 0.005
2.455851535060000140e+06 18.397 0.004
2.455855519179999828e+06 18.397 0.004
2.455971881969999988e+06 18.399 0.003
2.455979885780000128e+06 18.394 0.004
2.455984871100000106e+06 18.397 0.003
2.455987864310000092e+06 18.388 0.003
2.455990828180000186e+06 18.382 0.003
2.455992902269999962e+06 18.402 0.003
2.455995816769999918e+06 18.400 0.003
2.455997834970000200e+06 18.401 0.003
2.455999844269999769e+06 18.391 0.003
2.456004887420000043e+06 18.409 0.003
2.456006883179999888e+06 18.397 0.003
2.456008805699999910e+06 18.395 0.003
2.456010745010000188e+06 18.403 0.004
2.456011877150000073e+06 18.394 0.004
2.456013797819999978e+06 18.389 0.003
2.456014912080000155e+06 18.402 0.003
2.456016812440000009e+06 18.395 0.003
2.456017924159999937e+06 18.388 0.004
2.456019836560000200e+06 18.400 0.003
2.456020892680000048e+06 18.399 0.003
2.456022740230000112e+06 18.401 0.003
2.456023801270000171e+06 18.400 0.003
2.456024784419999924e+06 18.402 0.003
2.456025864910000004e+06 18.393 0.004
2.456032864630000200e+06 18.393 0.003
2.456034841930000111e+06 18.397 0.003
2.456037825160000008e+06 18.391 0.003
2.456039883979999926e+06 18.391 0.003
2.456041918070000131e+06 18.391 0.003
2.456046882559999824e+06 18.398 0.003
2.456048816949999891e+06 18.384 0.003
2.456050712259999942e+06 18.392 0.004
2.456052806400000118e+06 18.395 0.004
2.456053933829999994e+06 18.403 0.004
2.456057829200000037e+06 18.410 0.004
2.456058930900000036e+06 18.386 0.004
2.456059927889999934e+06 18.392 0.003
2.456062776779999956e+06 18.390 0.003
2.456064805519999936e+06 18.401 0.003
2.456066653599999845e+06 18.389 0.003
2.456067717069999781e+06 18.398 0.003
2.456068872469999827e+06 18.398 0.003
2.456070630229999777e+06 18.399 0.004
2.456071683670000173e+06 18.390 0.003
2.456075759480000008e+06 18.386 0.003
2.456076889479999896e+06 18.398 0.003
2.456078740000000224e+06 18.398 0.003
2.456079819290000014e+06 18.383 0.003
2.456080862089999951e+06 18.384 0.004
2.456085664849999826e+06 18.396 0.004
2.456086656669999938e+06 18.402 0.003
2.456087836939999834e+06 18.391 0.003
2.456092600959999952e+06 18.399 0.003
2.456093793829999864e+06 18.399 0.004
2.456096577870000154e+06 18.402 0.004
2.456097792700000107e+06 18.400 0.003
2.456098844289999921e+06 18.403 0.003
2.456100799070000183e+06 18.396 0.004
2.456101825860000215e+06 18.388 0.004
2.456102863119999878e+06 18.392 0.004
2.456104546800000127e+06 18.400 0.003
2.456105570979999844e+06 18.399 0.003
2.456108677010000218e+06 18.407 0.003
2.456113631459999830e+06 18.388 0.004
2.456114735570000019e+06 18.394 0.003
2.456115805300000124e+06 18.389 0.004
2.456117531210000161e+06 18.395 0.003
2.456118574849999975e+06 18.401 0.003
2.456119611409999896e+06 18.392 0.003
2.456120734319999814e+06 18.404 0.004
2.456121776430000085e+06 18.394 0.003
2.456124588349999860e+06 18.391 0.003
2.456125702889999840e+06 18.408 0.003
2.456127523459999822e+06 18.395 0.003
2.456131620120000094e+06 18.385 0.003
2.456133694240000099e+06 18.408 0.004
2.456135693620000035e+06 18.392 0.003
2.456140676169999875e+06 18.408 0.004
2.456142525069999974e+06 18.408 0.005
2.456147692830000073e+06 18.398 0.004
2.456148654110000003e+06 18.400 0.003
2.456151663590000011e+06 18.388 0.003
2.456154597630000208e+06 18.393 0.004
2.456158659870000090e+06 18.396 0.003
2.456160675389999989e+06 18.398 0.003
2.456167672640000004e+06 18.389 0.004
2.456169664309999906e+06 18.393 0.004
2.456171664909999818e+06 18.396 0.004
2.456172662740000058e+06 18.395 0.003
2.456175640949999914e+06 18.397 0.003
2.456181550139999948e+06 18.388 0.003
2.456184531529999804e+06 18.401 0.003
2.456190506519999821e+06 18.396 0.003
2.456195564249999821e+06 18.397 0.003
2.456197537080000155e+06 18.398 0.004
2.456202570789999794e+06 18.391 0.004
2.456205537899999879e+06 18.406 0.003
2.456210496470000129e+06 18.401 0.004
2.456212561569999903e+06 18.400 0.004
2.456217502919999883e+06 18.399 0.003
2.456223529409999959e+06 18.395 0.004
2.456344836819999851e+06 18.402 0.003
2.456348897450000048e+06 18.402 0.003
2.456352884639999829e+06 18.398 0.003
2.456360886750000063e+06 18.386 0.003
2.456363816579999868e+06 18.399 0.003
2.456368905220000073e+06 18.399 0.003
2.456370919309999794e+06 18.389 0.004
2.456373885369999800e+06 18.397 0.003
2.456375853910000063e+06 18.401 0.003
2.456377798779999837e+06 18.396 0.003
2.456378911419999786e+06 18.392 0.003
2.456380872190000024e+06 18.393 0.003
2.456382809859999921e+06 18.389 0.003
2.456387735379999969e+06 18.395 0.003
2.456388839019999839e+06 18.403 0.003
2.456390733640000224e+06 18.389 0.003
2.456391899550000206e+06 18.396 0.004
2.456395700860000215e+06 18.395 0.004
2.456396907480000053e+06 18.407 0.003
2.456398860780000221e+06 18.391 0.003
2.456400872740000021e+06 18.398 0.003
2.456402816329999827e+06 18.383 0.003
2.456404746619999874e+06 18.392 0.003
2.456407691079999786e+06 18.395 0.004
2.456416768699999899e+06 18.394 0.003
2.456418637120000087e+06 18.389 0.003
2.456419778520000167e+06 18.407 0.003
2.456420902170000132e+06 18.394 0.003
2.456423755020000041e+06 18.405 0.003
2.456424893819999881e+06 18.394 0.003
2.456428752849999815e+06 18.394 0.003
2.456431871549999807e+06 18.392 0.003
2.456433630499999970e+06 18.394 0.004
2.456434816320000216e+06 18.393 0.003
2.456435934239999857e+06 18.394 0.003
2.456442614459999837e+06 18.396 0.003
2.456444737879999913e+06 18.390 0.003
2.456445853540000040e+06 18.398 0.003
2.456446770159999840e+06 18.393 0.003
2.456447824070000090e+06 18.394 0.003
2.456448853219999932e+06 18.387 0.003
2.456449894479999784e+06 18.389 0.004
2.456451569869999774e+06 18.394 0.003
2.456452630020000041e+06 18.400 0.003
2.456454742080000229e+06 18.395 0.003
2.456456605769999791e+06 18.400 0.003
2.456457847990000155e+06 18.395 0.003
2.456459528599999845e+06 18.390 0.004
2.456460684109999798e+06 18.393 0.003
2.456462592410000041e+06 18.401 0.003
2.456463744959999807e+06 18.397 0.003
2.456464836430000141e+06 18.388 0.003
2.456469612509999890e+06 18.387 0.003
2.456472778640000150e+06 18.401 0.003
2.456475592300000135e+06 18.393 0.003
2.456476677300000098e+06 18.400 0.003
2.456477752890000120e+06 18.400 0.003
2.456479801789999940e+06 18.389 0.004
2.456481573179999832e+06 18.401 0.003
2.456484566060000099e+06 18.404 0.003
2.456486591980000027e+06 18.399 0.003
2.456487704870000016e+06 18.395 0.003
2.456490499030000065e+06 18.389 0.003
2.456491648930000141e+06 18.392 0.004
2.456497771970000118e+06 18.400 0.003
2.456499559049999807e+06 18.392 0.003
2.456504656119999941e+06 18.393 0.003
2.456506652129999828e+06 18.401 0.003
2.456508704659999814e+06 18.398 0.003
2.456510616830000188e+06 18.399 0.003
2.456514571909999941e+06 18.391 0.003
2.456516637769999914e+06 18.391 0.003
2.456519702790000010e+06 18.395 0.003
2.456524637360000052e+06 18.394 0.003
2.456529613859999925e+06 18.389 0.004
2.456533509370000102e+06 18.396 0.003
2.456543559880000073e+06 18.405 0.003
2.456546580570000224e+06 18.373 0.003
2.456558569749999791e+06 18.394 0.003
2.456562535889999941e+06 18.383 0.003
2.456564571990000084e+06 18.394 0.003
2.456568566870000213e+06 18.380 0.004
2.456571539189999923e+06 18.389 0.004
2.456578543570000213e+06 18.395 0.004
2.456582550079999957e+06 18.396 0.003
2.456583486140000168e+06 18.393 0.006
2.456586523120000027e+06 18.388 0.004
2.456698869260000065e+06 18.388 0.003
2.456705885269999970e+06 18.401 0.003
2.456710836019999813e+06 18.381 0.003
2.456715896860000212e+06 18.381 0.003
2.456718874239999801e+06 18.389 0.003
2.456721808199999854e+06 18.385 0.004
2.456723835489999969e+06 18.394 0.003
2.456725847169999965e+06 18.390 0.003
2.456727844639999792e+06 18.396 0.003
2.456729819070000201e+06 18.391 0.003
2.456731883189999964e+06 18.393 0.003
2.456733846049999818e+06 18.381 0.003
2.456735772539999802e+06 18.388 0.003
2.456736886070000008e+06 18.380 0.003
2.456742917820000090e+06 18.384 0.003
2.456745836730000097e+06 18.387 0.003
2.456747868780000135e+06 18.395 0.003
2.456749789979999885e+06 18.368 0.003
2.456754741220000200e+06 18.378 0.003
2.456756768829999957e+06 18.380 0.003
2.456757818570000120e+06 18.383 0.003
2.456760872769999783e+06 18.376 0.003
2.456763863820000086e+06 18.378 0.003
2.456768869919999968e+06 18.383 0.003
2.456771709609999787e+06 18.374 0.003
2.456773854499999899e+06 18.376 0.003
2.456776802339999937e+06 18.369 0.003
2.456789713709999807e+06 18.343 0.004
2.456791695330000017e+06 18.330 0.004
2.456796640360000078e+06 18.317 0.004
2.456798781789999921e+06 18.305 0.004
2.456804669999999925e+06 18.264 0.003
2.456805934419999830e+06 18.267 0.004
2.456808808949999977e+06 18.232 0.003
2.456810712700000033e+06 18.229 0.003
2.456813692729999777e+06 18.182 0.003
2.456815664549999870e+06 18.162 0.003
2.456817877479999792e+06 18.145 0.003
2.456819709700000007e+06 18.119 0.003
2.456824772080000024e+06 18.055 0.003
2.456826622950000223e+06 18.031 0.003
2.456827848590000067e+06 18.016 0.003
2.456829735960000195e+06 18.001 0.003
2.456831749520000070e+06 17.980 0.003
2.456833694759999868e+06 17.974 0.003
2.456835584420000203e+06 17.971 0.003
2.456836857179999817e+06 17.965 0.003
2.456838724129999988e+06 17.971 0.003
2.456840611519999802e+06 17.980 0.003
2.456842635770000052e+06 17.994 0.003
2.456845513780000154e+06 18.024 0.003
2.456847707469999790e+06 18.058 0.003
2.456852603039999958e+06 18.114 0.003
2.456856535410000011e+06 18.168 0.003
2.456858489459999837e+06 18.189 0.003
2.456862691740000155e+06 18.232 0.003
2.456864693839999847e+06 18.243 0.003
2.456872735599999782e+06 18.301 0.004
2.456879583180000074e+06 18.330 0.004
2.456882569490000140e+06 18.349 0.004
2.456886479739999864e+06 18.346 0.004
2.456888643689999823e+06 18.365 0.003
2.456891598830000032e+06 18.364 0.004
2.456907547890000045e+06 18.386 0.003
2.456915553100000136e+06 18.378 0.004
2.456923522210000083e+06 18.376 0.004
2.456928498620000202e+06 18.389 0.004
2.456937491450000089e+06 18.393 0.004
2.456940554849999957e+06 18.391 0.004
2.456948496040000115e+06 18.389 0.004
