2.457558902664999943e+06 1.071519305237607114e+04 3.947623006552721847e+01
2.457558906357000116e+06 1.083427862150138390e+04 4.989369689442634126e+01
2.457558910060999915e+06 1.084426195767073477e+04 4.993967185651013097e+01
2.457558913753000088e+06 1.122018454301962993e+04 5.167085933879842941e+01
2.457558917468000203e+06 1.096478196143185050e+04 5.049468698464599470e+01
2.457558921149000060e+06 1.136579974750152542e+04 4.187315370968401140e+01
2.457558924817999825e+06 1.138675561950210795e+04 4.195035799525078346e+01
2.457558928497999907e+06 1.150270547790113778e+04 4.237753306002578313e+01
2.457558932190000080e+06 1.160913870126184520e+04 4.276964754564124860e+01
2.457558935881999787e+06 1.183586491961860520e+04 4.360493780256796015e+01
2.457558939563000109e+06 1.193438379210796666e+04 4.396789474204409487e+01
2.457558943266999908e+06 1.192339687885967578e+04 4.392741745778243967e+01
2.457558946982000023e+06 1.206701909593277378e+04 4.445654125947087465e+01
2.457558950685999822e+06 1.214506937715780441e+04 4.474408912195526966e+01
2.457558954388999846e+06 1.216746203979129677e+04 4.482658673983099362e+01
2.457558958070000168e+06 1.242796438440915699e+04 4.578631284448232464e+01
2.457558961773999967e+06 1.242796438440915699e+04 4.578631284448232464e+01
2.457558965454000048e+06 1.255451673687137918e+04 4.625254894090286939e+01
2.457558969134999905e+06 1.272916746193560175e+04 4.689598599052443006e+01
2.457558972814999986e+06 1.272916746193560175e+04 4.689598599052443006e+01
2.457558976484000217e+06 1.281150056278399097e+04 3.539948425770149498e+01
2.457558980165000074e+06 1.279970616705181965e+04 4.715586018393196355e+01
2.457558983845999930e+06 1.290624782060538200e+04 4.754837414114055605e+01
2.457558987538000103e+06 1.300169578033289872e+04 4.790001741990099760e+01
2.457558991229999810e+06 1.304968414130221936e+04 4.807681307526927839e+01
2.457558994934000075e+06 1.309784962399684628e+04 4.825426127118849706e+01
2.457558998625999782e+06 1.347721013851350290e+04 4.965187705614306424e+01
2.457559002282999922e+06 1.345240705148632878e+04 4.956049910662465408e+01
2.457559005987000186e+06 1.362699196994870363e+04 3.765277028682415050e+01
2.457559009666999802e+06 1.368989130700735404e+04 3.782656757786869406e+01
2.457559019170000218e+06 1.377843843351455325e+04 3.807123233009621543e+01
2.457559022861999925e+06 1.380384264602883741e+04 3.814142676333778326e+01
2.457559026566000190e+06 1.381656231167330043e+04 3.817657249833876421e+01
2.457559030257999897e+06 1.399587322572617813e+04 3.867202686358990604e+01
2.457559033960999921e+06 1.394440538871460922e+04 3.852981597446412820e+01
2.457559037618999835e+06 1.397011560541224208e+04 3.860085592851086744e+01
2.457559041288000066e+06 1.388033666567235559e+04 3.835278755053901278e+01
2.457559044991999865e+06 1.399587322572617813e+04 3.867202686358990604e+01
2.457559052399000153e+06 1.420365124048012331e+04 3.924613873489910532e+01
2.457559056067999918e+06 1.415141932931430347e+04 3.910181663086429893e+01
2.457559059725000057e+06 1.424295164973290593e+04 3.935472977869193301e+01
2.457559063405999914e+06 1.433507600728125726e+04 3.960927878556291404e+01
2.457559067133000121e+06 1.433507600728125726e+04 3.960927878556291404e+01
2.457559070847999770e+06 1.448104823051373023e+04 4.001261494381046901e+01
2.457559074539999943e+06 1.445439770745928035e+04 3.993897682728366760e+01
2.457559078220999800e+06 1.441451385758211654e+04 3.982877367746962705e+01
2.457559081912999973e+06 1.454788971215709898e+04 4.019730478288125397e+01
2.457559085582000203e+06 1.469602898979651764e+04 4.060662873373657078e+01
2.457559089238999877e+06 1.452111617587741966e+04 4.012332676825206335e+01
2.457559092931999825e+06 1.468249967831987306e+04 4.056924586462706372e+01
2.457559096588999964e+06 1.458814260275350352e+04 4.030852762988590143e+01
2.457559100293000229e+06 1.465547840955909851e+04 4.049458333985624847e+01
2.457559103961999994e+06 1.470957076796977708e+04 4.064404604960182610e+01
2.457559107654000167e+06 1.475027101759759353e+04 4.075650499529080406e+01
2.457559111333999783e+06 1.468249967831987306e+04 4.056924586462706372e+01
2.457559115025999956e+06 1.484567675052274535e+04 5.469349436985913826e+01
2.457559118683999870e+06 1.494169957406702270e+04 5.504725552518754483e+01
2.457559122353000101e+06 1.507995341801789255e+04 4.166745113204714102e+01
2.457559126009999774e+06 1.484567675052274535e+04 4.102012077739436080e+01
2.457559129691000096e+06 1.499684835502373971e+04 4.143782335700393560e+01
2.457559133382999804e+06 1.514955932040345579e+04 5.581303913054401988e+01
2.457559137087000068e+06 1.509384896654951808e+04 5.560779460204881275e+01
2.457559144448000006e+06 1.502449902998914513e+04 5.535229999385042277e+01
2.457559148128000088e+06 1.514955932040345579e+04 5.581303913054401988e+01
2.457559151808999944e+06 1.501066732570369459e+04 5.530134211209301043e+01
2.457559155501000118e+06 1.494169957406702270e+04 5.504725552518754483e+01
2.457559159181999974e+06 1.521948650903653652e+04 5.607066041397044387e+01
2.457559166588999797e+06 1.512167848791766482e+04 5.571032234772473402e+01
2.457559170280999970e+06 1.517749155861247891e+04 5.591594529904649846e+01
2.457559173996999860e+06 1.545966219386675948e+04 5.695550033651397115e+01
2.457559177689000033e+06 1.530382532177437679e+04 5.638137608272398893e+01
2.457559185072999913e+06 1.543121065657793952e+04 5.685068099949957343e+01
2.457559188753999770e+06 1.531792715893417517e+04 5.643332917076875788e+01
2.457559192433999851e+06 1.534616982799294055e+04 4.240303425658985503e+01
2.457559898928999901e+06 3.886869861373026652e+03 5.369909160723219088e+01
2.457559902621000074e+06 3.984740097177751522e+03 5.138113762441597032e+01
2.457559906301000156e+06 3.858335599053512851e+03 6.751950985953142492e+01
2.457559909969999921e+06 4.073802778041130296e+03 7.129010936871581805e+01
2.457559913697000127e+06 3.760105236684963529e+03 5.541095850290972891e+01
2.457559925584000070e+06 3.729065399621526922e+03 4.808434623982311251e+01
2.457559929241000209e+06 3.805397250027092468e+03 4.556370510033117682e+01
2.457559932932999916e+06 3.739383436431519840e+03 4.821739192320997347e+01
2.457559936590999831e+06 3.489795674378741751e+03 4.821330898451756752e+01
2.457559943975000177e+06 3.614098626396131294e+03 4.993061773049993235e+01
2.457559947656000033e+06 3.544867444738002177e+03 5.223909718331916707e+01
2.457559951348000206e+06 3.627438014764575655e+03 5.011490819134095887e+01
2.457563886260000058e+06 4.337105635004414239e+02 2.276934490273573886e+01
2.457563945483999792e+06 4.812824218676022383e+02 1.861765466588853357e+01
2.457563949210999999e+06 5.076916258882489501e+02 1.870405071373107475e+01
2.457563952891999856e+06 4.952220800885218068e+02 2.006912123626667821e+01
2.457563956561000086e+06 5.759701812546716155e+02 2.068903751251093581e+01
