2.457439820840000175e+06 2.065469999999999970e+02 2.778611999999999966e+02
2.457440826840000227e+06 1.994190000000000111e+02 2.656714000000000055e+02
2.457440878510000184e+06 -4.460982000000000198e+02 3.650269000000000119e+02
2.457441817129999865e+06 2.853797000000000139e+02 2.439403000000000077e+02
2.457444815409999806e+06 2.200253999999999905e+02 2.171430000000000007e+02
2.457445815400000196e+06 -3.992869999999999777e+02 2.515386000000000024e+02
2.457446807849999983e+06 -4.360994000000000028e+02 1.894591000000000065e+02
2.457446863289999776e+06 1.611262999999999863e+02 3.216831000000000245e+02
2.457447801880000159e+06 -1.438097999999999956e+02 2.187906999999999869e+02
2.457448795729999896e+06 -3.736068999999999960e+02 2.278260999999999967e+02
2.457449796699999832e+06 1.770484999999999900e+02 2.282617999999999938e+02
2.457449890370000154e+06 -1.405181000000000040e+02 1.882459000000000060e+02
2.457450791000000201e+06 -2.229102000000000032e+02 2.687653999999999996e+02
2.457451787390000187e+06 1.202497999999999934e+02 2.141811999999999898e+02
2.457452802869999781e+06 -3.734538000000000011e+02 1.790902000000000100e+02
2.457453788060000166e+06 -2.013360000000000127e+01 2.279874000000000080e+02
2.457453823439999949e+06 -5.822099999999999831e+00 1.731143999999999892e+02
2.457454787380000111e+06 -1.836500000000000057e+02 1.780037000000000091e+02
2.457455778200000059e+06 -1.514407999999999959e+02 1.962398000000000025e+02
2.457455879399999976e+06 -2.664454000000000065e+02 1.824291000000000054e+02
2.457456775359999854e+06 -3.379451000000000249e+02 1.843663999999999987e+02
2.457457769069999922e+06 -7.550900000000000034e+01 2.077030000000000030e+02
2.457458766280000098e+06 2.422555999999999869e+02 1.957287000000000035e+02
2.457458800480000209e+06 -1.378402000000000100e+02 1.836925999999999988e+02
2.457460760960000101e+06 -2.115824000000000069e+02 1.860698999999999899e+02
2.457460766259999946e+06 -3.706410000000000196e+02 2.010152999999999963e+02
2.457461764400000218e+06 1.770230999999999995e+02 2.040406000000000120e+02
2.457461787920000032e+06 -8.249240000000000350e+01 3.259757000000000176e+02
2.457462762629999779e+06 -3.808792000000000257e+02 2.044348999999999990e+02
2.457465748660000041e+06 3.437939999999999827e+02 2.669730000000000132e+02
2.457465776999999769e+06 3.974759999999999849e+01 2.064411000000000058e+02
2.457465780489999801e+06 -3.353249000000000137e+02 1.885544999999999902e+02
2.457466745349999983e+06 1.109013999999999953e+02 2.487390000000000043e+02
2.457469756070000120e+06 -3.516374000000000137e+02 2.417263000000000090e+02
2.457469839769999962e+06 5.967800000000000438e+00 2.025146000000000015e+02
2.457470742930000182e+06 -3.236290999999999940e+02 3.402651000000000181e+02
2.457472765680000186e+06 -1.101110000000000042e+02 2.611213000000000193e+02
2.457472895579999778e+06 -5.330104000000000042e+02 3.632192000000000007e+02
2.457473727359999903e+06 3.558239999999999981e+01 2.524644999999999868e+02
2.457474724289999809e+06 -2.389283000000000072e+02 2.542057000000000073e+02
2.457474821010000072e+06 -3.381089000000000055e+02 1.996168999999999869e+02
2.457475726609999780e+06 2.117607999999999890e+02 2.423485000000000014e+02
2.457476731709999964e+06 -4.598976999999999862e+02 2.307814999999999941e+02
2.457476769919999875e+06 -4.200939000000000192e+02 3.012271999999999821e+02
2.457477728329999838e+06 4.901570000000000249e+01 2.873598000000000070e+02
2.457477852099999785e+06 -2.320217000000000098e+02 2.203302999999999940e+02
2.457478722120000049e+06 2.557152000000000100e+02 2.265905999999999949e+02
2.457479722080000211e+06 -3.497393000000000143e+02 2.109742999999999995e+02
2.457479768850000110e+06 1.426029000000000053e+02 2.128120000000000118e+02
2.457480708670000080e+06 -7.524393000000000029e+02 2.149057999999999993e+02
2.457480798349999823e+06 -2.193526999999999987e+02 1.909251999999999896e+02
2.457481706259999890e+06 -5.806574000000000524e+02 2.112273000000000138e+02
2.457481707779999822e+06 1.501905999999999892e+02 1.988277999999999963e+02
2.457481829330000095e+06 -8.432089999999999463e+01 1.662053999999999974e+02
2.457482719049999956e+06 4.096840000000000259e+01 3.853206999999999880e+02
2.457484698710000142e+06 -3.796254999999999882e+02 2.378617000000000132e+02
2.457484724789999891e+06 3.602658999999999878e+02 2.110372000000000128e+02
2.457485702620000113e+06 -5.009182000000000130e+02 2.082854000000000099e+02
2.457485836209999863e+06 1.137857999999999947e+02 1.974531000000000063e+02
2.457486698369999882e+06 -9.503499999999999659e+01 2.164687000000000126e+02
2.457487696580000222e+06 -1.257316000000000003e+02 2.240945000000000107e+02
2.457487698770000134e+06 -5.966910000000000025e+01 2.199416999999999973e+02
2.457487701700000092e+06 -3.578772999999999911e+02 2.063712999999999909e+02
2.457487749110000208e+06 -1.759489999999999910e+01 2.105572999999999979e+02
2.457488689509999938e+06 2.296543000000000063e+02 1.888009000000000128e+02
2.457488753490000032e+06 -6.861639999999999873e+01 1.956956000000000131e+02
2.457489689879999962e+06 -6.987188299999999799e+03 5.900297999999999774e+03
2.457489876029999927e+06 -6.242586000000000013e+02 3.268075999999999794e+02
2.457491683579999954e+06 -1.429791999999999916e+02 1.906023999999999887e+02
2.457491727789999917e+06 -1.927729999999999961e+02 1.758417000000000030e+02
2.457494682200000156e+06 -2.746413999999999760e+02 2.259781000000000120e+02
2.457494727119999938e+06 -2.516365000000000123e+02 2.386507000000000005e+02
2.457495671370000113e+06 -7.712637999999999465e+02 2.227903000000000020e+02
2.457495730279999785e+06 -3.119553999999999974e+02 1.851073000000000093e+02
2.457497813240000047e+06 1.941588000000000136e+02 2.024568999999999903e+02
2.457497852930000052e+06 -1.727236000000000047e+02 2.082580000000000098e+02
2.457498666639999952e+06 -7.880687000000000353e+02 2.584875999999999863e+02
2.457498822499999776e+06 -4.225460000000000349e+01 2.025672999999999888e+02
2.457498826169999782e+06 1.306741000000000099e+02 1.985774000000000115e+02
2.457499662099999841e+06 -2.099459999999999980e+02 2.118530000000000086e+02
2.457499824469999876e+06 7.985780999999999494e+02 1.039854800000000068e+03
2.457500660050000064e+06 -2.097589999999999861e+02 2.519898000000000025e+02
2.457500832859999966e+06 -1.048860799999999927e+03 5.851019000000000005e+02
2.457504653779999819e+06 1.430711099999999988e+03 7.756354999999999791e+02
2.457504656500000041e+06 -1.205232459999999992e+04 7.734727000000000317e+02
2.457504831079999916e+06 4.312495999999999867e+02 2.421360999999999990e+02
2.457505651560000144e+06 -9.672175999999999476e+02 2.404111000000000047e+02
2.457505655919999816e+06 1.242925000000000040e+02 2.779164000000000101e+02
2.457505776370000094e+06 -4.980613000000000170e+02 2.960552999999999884e+02
2.457508634149999823e+06 -1.670299999999999896e+00 1.884639999999999986e+02
2.457508758200000040e+06 -3.549390999999999963e+02 2.264176999999999964e+02
2.457509635580000002e+06 1.822149999999999892e+01 1.916890999999999963e+02
2.457509689480000176e+06 -2.363300000000000178e+00 1.759128000000000043e+02
2.457509693950000219e+06 3.913689999999999714e+01 1.796376999999999953e+02
2.457509695799999870e+06 -1.840953000000000088e+02 1.663423999999999978e+02
2.457511631649999879e+06 -4.392993999999999915e+02 2.090079000000000065e+02
2.457511741859999951e+06 -1.442713400000000092e+03 7.977222000000000435e+02
2.457512636059999932e+06 -7.640471000000000004e+02 6.991450999999999567e+02
2.457512670679999981e+06 5.766460000000000008e+01 3.625957999999999970e+02
2.457512892510000151e+06 6.549369000000000369e+02 4.506918999999999755e+02
2.457513725329999812e+06 -2.872162000000000148e+02 5.972980400000000373e+03
2.457514627419999801e+06 -1.555665700000000015e+03 8.255416000000000167e+02
2.457515812030000146e+06 -7.634348999999999705e+02 3.577085999999999899e+02
2.457516654620000161e+06 3.394030000000000058e+01 1.837988000000000000e+02
2.457517622419999912e+06 4.680441000000000145e+02 3.177859000000000265e+02
2.457517758200000040e+06 7.671661000000000286e+02 4.349465000000000146e+02
2.457520656719999854e+06 -2.406108000000000118e+02 3.601802999999999884e+02
2.457520828230000101e+06 -5.360570999999999913e+02 4.550328999999999837e+02
2.457520842569999862e+06 -2.655199999999999960e+01 2.121360999999999990e+02
2.457522605469999835e+06 1.082528999999999968e+02 7.995952999999999520e+02
2.457522738020000048e+06 -4.993050999999999817e+02 1.938357000000000028e+02
2.457522740960000083e+06 -4.169859000000000151e+02 1.752237000000000080e+02
2.457522743890000042e+06 -3.332624999999999886e+02 1.839168999999999983e+02
2.457523598429999780e+06 -3.118523000000000138e+02 2.352598999999999876e+02
2.457523716669999994e+06 -4.788559999999999661e+01 2.274576000000000136e+02
2.457523924970000051e+06 -4.432604000000000042e+02 1.956745999999999981e+02
2.457524858889999799e+06 -4.428344000000000165e+02 2.245329000000000121e+02
2.457526589509999845e+06 1.731878000000000100e+02 2.967212999999999852e+02
2.457526830389999785e+06 -5.635814000000000306e+02 2.042831999999999937e+02
2.457528707650000229e+06 -2.697169999999999845e+02 2.038684000000000083e+02
2.457529586199999787e+06 -7.540941000000000258e+02 3.644250999999999863e+02
2.457529617750000209e+06 -1.305335000000000036e+03 3.382644999999999982e+02
2.457530582160000224e+06 9.484700000000000131e+00 4.346073000000000093e+02
2.457530662860000040e+06 -6.601517999999999802e+02 2.319433999999999969e+02
2.457530875490000006e+06 -1.382996399999999994e+03 2.825801999999999907e+02
2.457533579390000086e+06 -9.792137999999999920e+02 1.190407600000000002e+03
2.457534570410000160e+06 -2.052803300000000036e+03 2.156113400000000183e+03
2.457534691079999786e+06 -9.389497999999999820e+02 5.005946000000000140e+02
2.457534906450000126e+06 -1.149668400000000020e+03 2.055816000000000088e+02
2.457536564950000029e+06 -1.450222500000000082e+03 1.902341000000000122e+02
2.457536786050000228e+06 -9.366847999999999956e+02 9.836440000000000055e+02
2.457545660130000208e+06 -9.603997199999999793e+03 1.232055699999999888e+03
2.457546743290000129e+06 -7.133087300000000141e+03 7.462250999999999976e+02
2.457546789239999838e+06 -6.803603299999999763e+03 6.027862999999999829e+02
2.457547546509999782e+06 -6.966291000000000167e+03 2.123399000000000001e+02
2.457547653280000202e+06 -6.768798399999999674e+03 1.716915999999999940e+02
2.457547852820000146e+06 -6.955734099999999671e+03 1.800801999999999907e+02
2.457548604160000104e+06 -8.473229300000000876e+03 1.802785000000000082e+02
2.457548774069999810e+06 -8.088234000000000378e+03 1.749155000000000086e+02
2.457549630989999976e+06 -9.807215799999999945e+03 1.232597999999999956e+03
2.457549747719999868e+06 -1.002778980000000047e+04 2.586734000000000151e+02
2.457550549430000130e+06 -1.187986369999999988e+04 2.153609999999999900e+02
2.457550598929999862e+06 -1.173194820000000072e+04 2.160451999999999941e+02
2.457550870939999819e+06 -1.222961379999999917e+04 2.546491000000000042e+02
2.457551646240000147e+06 -1.541426970000000074e+04 4.399347000000000207e+02
2.457554539369999897e+06 -3.074522390000000087e+04 7.746106999999999516e+02
2.457554584729999769e+06 -3.094297190000000046e+04 2.574005000000000223e+02
2.457555526219999883e+06 -4.301110650000000169e+04 3.014051999999999794e+02
2.457555552790000103e+06 -4.349777150000000256e+04 3.122597999999999843e+02
2.457555777499999851e+06 -4.713206049999999959e+04 4.336295999999999822e+02
2.457556669180000201e+06 -7.084565619999999763e+04 1.436432299999999941e+03
2.457557511229999829e+06 -1.097924435999999987e+05 5.681563999999999623e+02
2.457557590090000071e+06 -1.163922523999999976e+05 1.325103699999999890e+03
2.457557789940000046e+06 -1.393295926000000036e+05 2.472944599999999809e+03
2.457558507770000026e+06 -2.945364431999999797e+05 2.035553799999999910e+03
2.457558636779999826e+06 -3.716451929000000237e+05 2.504062199999999848e+03
2.457558850600000005e+06 -6.506793262999999570e+05 3.822474099999999908e+03
2.457559532769999932e+06 -1.239364989199999953e+06 6.514544299999999930e+04
2.457559766040000133e+06 -3.678824621000000043e+05 1.216774100000000089e+03
2.457560511189999990e+06 -1.463882452000000048e+05 5.597141000000000304e+02
2.457560629540000111e+06 -1.340340862999999954e+05 1.298145700000000033e+03
2.457560836339999922e+06 -1.151863724999999977e+05 8.470109999999999673e+02
2.457561509430000093e+06 -7.566423170000000391e+04 3.620260999999999854e+02
2.457561713659999892e+06 -6.926106600000000617e+04 1.971599600000000009e+03
2.457561731869999785e+06 -6.877487480000000505e+04 5.905488000000000284e+02
2.457562501350000035e+06 -4.818025000000000000e+04 2.669725999999999999e+02
2.457562587789999787e+06 -4.671665350000000035e+04 3.282425000000000068e+02
2.457564502470000181e+06 -2.443968470000000161e+04 5.741970999999999776e+02
2.457566518000000156e+06 -2.020386070000000109e+04 2.196209299999999985e+03
2.457566568099999800e+06 -1.541643930000000000e+04 2.262490999999999985e+02
2.457566807659999933e+06 -1.449927920000000086e+04 2.713586000000000240e+02
2.457567500719999894e+06 -1.219084859999999935e+04 2.654137999999999806e+02
2.457567694060000125e+06 -1.262976560000000063e+04 2.140570999999999913e+02
2.457568494839999825e+06 -1.005721969999999965e+04 2.333853000000000009e+02
2.457568559690000024e+06 -9.907364600000000792e+03 2.063132999999999981e+02
2.457569489709999878e+06 -8.262632700000000114e+03 2.738894999999999982e+02
2.457569659690000117e+06 -8.113866799999999785e+03 4.976078999999999724e+02
2.457570520440000109e+06 -1.219123459999999977e+04 7.937743699999999990e+03
2.457570563120000064e+06 -1.618253219999999965e+04 3.803793299999999817e+03
2.457570566170000006e+06 -2.293135780000000159e+04 4.852424100000000180e+03
2.457570790839999914e+06 -7.775607500000000073e+03 1.233676200000000108e+03
2.457575469599999953e+06 -2.843666499999999814e+03 2.571931999999999903e+02
2.457575715119999833e+06 -3.064820799999999963e+03 2.296842000000000041e+02
2.457576461889999919e+06 -2.552974299999999857e+03 6.528849999999999909e+02
2.457576565119999927e+06 -2.871032999999999902e+03 1.695449000000000126e+02
2.457584467259999830e+06 -7.911594999999999800e+02 3.023808999999999969e+02
2.457584515889999922e+06 -1.281794799999999896e+03 2.507130999999999972e+02
2.457584729069999885e+06 -1.025423700000000053e+03 2.281688000000000045e+02
2.457585459240000229e+06 -1.074161000000000058e+03 4.113346999999999980e+02
2.457585601240000222e+06 -6.531618999999999460e+02 2.045994000000000028e+02
2.457585808900000062e+06 -5.891875000000000000e+02 2.830966999999999985e+02
2.457586711060000118e+06 -3.978670000000000186e+02 3.342393000000000143e+02
2.457586729179999791e+06 -1.108431900000000041e+03 3.055076999999999998e+02
2.457587536489999853e+06 3.573561000000000263e+02 3.100120999999999754e+02
2.457587748300000094e+06 1.947650000000000148e+01 3.211362299999999777e+03
2.457589641940000001e+06 3.386599999999999966e+01 2.666558999999999742e+02
2.457590469109999947e+06 -3.599277999999999906e+02 2.504512000000000000e+02
2.457590609100000001e+06 -1.049095900000000029e+03 3.429019000000000119e+02
2.457591466980000027e+06 -3.699506999999999834e+02 2.700717000000000212e+02
2.457591476280000061e+06 -6.824093000000000302e+02 1.847481999999999971e+02
2.457591540440000128e+06 -8.597276000000000522e+02 2.717932999999999879e+02
2.457591751319999807e+06 -9.017245000000000346e+02 3.061166000000000054e+02
2.457593479350000154e+06 -9.250272999999999683e+02 2.580994000000000028e+02
2.457593673239999916e+06 8.163660000000000139e+01 2.012567999999999984e+02
2.457595490720000118e+06 -7.027445999999999913e+02 2.732454999999999927e+02
2.457595693779999856e+06 1.698807999999999936e+02 1.881251000000000033e+02
2.457596486980000045e+06 -3.211869999999999692e+01 2.475074999999999932e+02
2.457597464900000021e+06 -1.195646899999999960e+03 5.903929000000000542e+02
2.457597519919999875e+06 -2.333956000000000017e+02 2.306077999999999975e+02
2.457597724669999909e+06 3.662692000000000121e+02 4.257556999999999903e+02
2.457598474650000222e+06 -3.215190000000000055e+02 4.083564000000000078e+02
2.457598662800000049e+06 -9.293771000000000413e+02 2.426185999999999865e+02
2.457599466179999989e+06 -9.187309999999999945e+02 3.112413999999999987e+02
2.457599586190000176e+06 -2.205763300000000072e+03 8.572409999999999854e+02
2.457600473280000035e+06 -3.968206999999999880e+02 2.953618000000000166e+02
2.457600536979999859e+06 -1.283541199999999890e+03 5.758613000000000284e+02
2.457601485059999861e+06 5.706430000000000291e+01 2.180818999999999903e+02
2.457601520779999904e+06 -2.761254000000000133e+02 3.904574999999999818e+02
2.457601730370000005e+06 8.035760000000000502e+01 5.212300999999999931e+02
2.457602473470000084e+06 9.019270000000000209e+01 2.117889999999999873e+02
2.457602687059999909e+06 1.652034999999999911e+02 1.602195000000000107e+02
2.457603629339999985e+06 -9.121820999999999913e+02 3.467008000000000152e+02
2.457605501829999965e+06 -6.991126000000000431e+02 3.651650000000000205e+02
2.457605704919999931e+06 -8.594020000000000437e+01 1.956217000000000041e+02
2.457606651089999825e+06 -3.487989000000000033e+02 1.771475000000000080e+02
2.457607586000000127e+06 -1.904620999999999924e+02 6.383864999999999554e+02
2.457608530139999930e+06 -4.037740000000000151e+01 1.549121000000000095e+02
2.457609494400000200e+06 -4.581634999999999991e+02 3.113032999999999788e+02
2.457609721719999798e+06 2.713139999999999930e+01 1.876216000000000008e+02
2.457610682860000059e+06 -2.387158000000000015e+02 1.830982999999999947e+02
2.457611715460000094e+06 -1.356287600000000111e+03 2.464329999999999927e+02
2.457612666290000081e+06 -1.882145999999999901e+02 1.913224999999999909e+02
2.457613626949999947e+06 -2.980932999999999993e+02 2.132458000000000027e+02
2.457614581679999828e+06 -2.511580999999999904e+02 2.344694000000000074e+02
2.457615556840000208e+06 -7.258093999999999824e+02 5.004377999999999815e+02
2.457616530100000091e+06 -1.947815999999999974e+02 4.581025999999999954e+02
2.457617519330000039e+06 -1.618549999999999898e+02 8.142309999999999945e+02
2.457618515190000180e+06 1.983078999999999894e+02 3.848691000000000031e+02
2.457619489860000089e+06 -1.826656999999999869e+02 2.026152999999999906e+02
2.457620471439999994e+06 -1.057759999999999962e+02 3.342090999999999781e+02
2.457620680230000056e+06 -1.511613000000000056e+03 2.616139000000000010e+02
2.457621660850000102e+06 -4.286643000000000256e+02 1.888677000000000135e+02
2.457622658350000158e+06 4.161659999999999826e+01 1.975651000000000010e+02
2.457623651570000220e+06 -3.329925999999999817e+02 2.032599999999999909e+02
2.457624652280000038e+06 -3.607794000000000096e+02 1.672974000000000103e+02
2.457625644350000191e+06 5.273510999999999740e+02 1.688745000000000118e+02
2.457626647270000074e+06 -4.156500000000000306e+00 1.729285000000000139e+02
2.457629671329999808e+06 2.674032000000000266e+02 1.806240999999999985e+02
2.457630476369999815e+06 -6.494213999999999487e+02 5.154007000000000289e+02
2.457631502539999783e+06 4.599343000000000075e+02 3.079495000000000005e+02
2.457632604150000028e+06 -2.278095999999999890e+02 1.837391000000000076e+02
2.457633614399999846e+06 -3.166813999999999965e+02 2.069227999999999952e+02
2.457635636990000028e+06 -2.658365000000000009e+02 1.911600999999999999e+02
2.457637491559999995e+06 -3.956075000000000159e+02 2.406627000000000010e+02
2.457638545129999984e+06 -8.117249000000000478e+02 4.733552000000000248e+02
2.457639573760000058e+06 2.134447999999999865e+02 1.857814999999999941e+02
2.457642504079999868e+06 -4.652409999999999712e+01 3.856075000000000159e+02
2.457643572929999791e+06 -1.622348000000000070e+02 2.090636000000000081e+02
2.457645475039999932e+06 2.715459600000000137e+03 1.262977599999999939e+03
2.457647531080000103e+06 1.205772000000000048e+02 2.392703999999999951e+02
2.457648608839999884e+06 3.648822999999999865e+02 2.338968000000000131e+02
2.457649488280000165e+06 -2.576659000000000219e+02 3.185633000000000266e+02
2.457650582810000051e+06 -8.321080000000000609e+01 2.328828000000000031e+02
2.457652551880000159e+06 4.016940000000000168e+02 2.413966000000000065e+02
2.457654557289999910e+06 -2.134071000000000140e+02 2.196355000000000075e+02
2.457656554750000127e+06 3.120138000000000034e+02 1.806331000000000131e+02
2.457658572170000058e+06 5.229489999999999839e+01 3.448177000000000021e+02
2.457661517339999788e+06 1.435952000000000055e+02 1.726320000000000050e+02
2.457664494320000056e+06 -2.926723999999999819e+02 2.134672999999999945e+02
2.457668498869999778e+06 2.331539999999999964e+02 2.023985999999999876e+02
2.457672508510000072e+06 -2.727216999999999985e+02 5.044066000000000258e+02
2.457680519629999995e+06 1.251003999999999905e+03 3.220167999999999893e+02
