2.457440637839999981e+06 -1.122354900000000043e+03 2.456623999999999910e+02
2.457441569219999947e+06 -1.080329899999999952e+03 3.358274999999999864e+02
2.457442564470000099e+06 -2.003260999999999967e+02 4.424345999999999890e+02
2.457443559400000144e+06 -2.614900999999999840e+02 2.149689999999999941e+02
2.457443596789999865e+06 -7.207884000000000242e+02 1.962862000000000080e+02
2.457444557219999842e+06 -6.047652000000000498e+02 2.582357000000000085e+02
2.457446548390000127e+06 4.017589999999999861e+01 2.496870000000000118e+02
2.457447549329999834e+06 -2.369801999999999964e+02 2.460541000000000054e+02
2.457448548359999899e+06 1.138247000000000071e+02 2.506854999999999905e+02
2.457448581590000074e+06 -4.501136000000000195e+02 2.210029999999999859e+02
2.457449553770000115e+06 -7.819335999999999558e+02 2.374964999999999975e+02
2.457450536460000090e+06 -2.183820000000000050e+01 2.447532999999999959e+02
2.457451534810000099e+06 -4.866546000000000163e+02 2.560563000000000216e+02
2.457451592420000117e+06 -5.004676000000000045e+02 2.611947999999999865e+02
2.457452543899999931e+06 -6.063604000000000269e+02 1.774911999999999921e+02
2.457454576549999882e+06 -9.812537999999999556e+02 2.094977000000000089e+02
2.457457524430000223e+06 -6.140879999999999654e+02 1.780240000000000009e+02
2.457457641809999943e+06 -2.584803999999999746e+02 1.472675999999999874e+02
2.457459557709999848e+06 -4.799286000000000172e+02 2.134466999999999928e+02
2.457460519059999846e+06 -6.565030000000000427e+02 2.242494000000000085e+02
2.457462515709999949e+06 -9.461376000000000204e+02 1.827878000000000043e+02
2.457462582529999781e+06 -2.172867999999999995e+02 1.696924999999999955e+02
2.457464508810000028e+06 -3.021009999999999991e+02 2.217889000000000124e+02
2.457465507199999876e+06 -6.710684999999999718e+02 1.985542000000000087e+02
2.457465562520000152e+06 -2.228973000000000013e+02 1.727775000000000034e+02
2.457466499700000044e+06 -3.468919999999999959e+01 2.294951000000000079e+02
2.457467498329999857e+06 -1.451492799999999988e+03 2.196801000000000101e+02
2.457467627309999894e+06 -6.415058999999999969e+02 1.595686000000000035e+02
2.457470490999999922e+06 -2.889949490000000151e+04 2.643277000000000044e+03
2.457473486099999864e+06 2.337795999999999879e+02 2.897916999999999916e+02
2.457473488289999776e+06 -8.286316000000000486e+02 3.121530999999999949e+02
2.457473490199999884e+06 -7.749229000000000269e+02 3.065552000000000135e+02
2.457473512560000177e+06 2.049639000000000124e+03 3.124463999999999828e+02
2.457473514609999955e+06 -1.600520899999999983e+03 3.078140999999999963e+02
2.457473521230000071e+06 4.465572000000000230e+02 2.893784999999999741e+02
2.457473536439999938e+06 -3.988344999999999914e+02 2.937167000000000030e+02
2.457476472970000003e+06 -9.410507999999999811e+02 3.363713000000000193e+02
2.457476577329999767e+06 -5.555317000000000007e+02 2.047640000000000100e+02
2.457479461130000185e+06 9.513321999999999434e+02 2.137975000000000136e+02
2.457480572360000107e+06 -9.544865999999999531e+02 3.220303999999999860e+02
2.457480640769999940e+06 -1.827032000000000096e+02 1.939733999999999980e+02
2.457481458139999770e+06 1.241435500000000047e+03 2.276556999999999960e+02
2.457481477990000043e+06 3.684648000000000252e+02 1.865811999999999955e+02
2.457482455310000107e+06 -9.212681999999999789e+02 1.859621999999999957e+02
2.457482482820000034e+06 -5.073450000000000273e+02 1.619325000000000045e+02
2.457483507770000026e+06 -4.776435000000000173e+02 1.942716000000000065e+02
2.457486441380000208e+06 2.526124000000000080e+02 1.760822000000000003e+02
2.457488436350000091e+06 -1.805489999999999995e+01 1.795910000000000082e+02
2.457488487370000221e+06 4.722257000000000176e+02 1.761620000000000061e+02
2.457489439069999848e+06 -5.309195999999999458e+02 1.667301999999999964e+02
2.457489507629999891e+06 -4.493527000000000271e+02 1.538360999999999876e+02
2.457490431150000077e+06 6.526394000000000233e+02 3.095765999999999849e+02
2.457490506190000102e+06 -9.783025999999999840e+02 1.846117999999999881e+02
2.457491442629999947e+06 -1.195632499999999936e+03 2.823165000000000191e+02
2.457491509560000151e+06 -1.976328000000000031e+02 1.561372000000000071e+02
2.457492437690000050e+06 -3.807905000000000086e+02 1.763582000000000107e+02
2.457492502530000173e+06 -8.293410000000000082e+01 1.689341000000000008e+02
2.457493437959999777e+06 -4.426587999999999852e+02 2.043704999999999927e+02
2.457493504840000067e+06 -4.651598999999999933e+02 1.511577000000000055e+02
2.457494428359999787e+06 -8.145359999999999445e+02 1.915426999999999964e+02
2.457494475440000184e+06 -6.644660000000000082e+02 1.545002000000000066e+02
2.457496449210000224e+06 -8.470827000000000453e+02 2.114798999999999864e+02
2.457496477130000014e+06 -8.380186999999999671e+02 1.714115999999999929e+02
2.457497421529999934e+06 -7.585309999999999491e+02 4.215187000000000239e+02
2.457497486359999981e+06 -4.214825000000000159e+02 1.747490999999999985e+02
2.457498417950000148e+06 -1.082627300000000105e+03 2.488380999999999972e+02
2.457498469330000225e+06 -7.559421999999999571e+02 1.842418000000000120e+02
2.457502415060000028e+06 9.544317999999999529e+02 2.790183000000000106e+02
2.457502535869999789e+06 -2.661422000000000025e+02 2.013855000000000075e+02
2.457503401899999939e+06 -1.250273699999999963e+03 3.209298999999999751e+02
2.457503640079999808e+06 -4.386829000000000178e+02 2.394919999999999902e+02
2.457504398990000132e+06 -1.374664800000000014e+03 4.466299000000000206e+02
2.457505397109999787e+06 2.886279999999999859e+02 2.980237000000000194e+02
2.457505417400000151e+06 -1.464887999999999977e+02 2.486713000000000022e+02
2.457506389609999955e+06 2.202966000000000122e+02 2.269770000000000039e+02
2.457506434450000059e+06 -8.374032999999999447e+02 2.321612000000000080e+02
2.457507388960000128e+06 -3.225006999999999948e+02 1.898897000000000048e+02
2.457509380849999841e+06 -4.317549999999999955e+02 1.850286000000000115e+02
2.457509431559999939e+06 -1.548386000000000138e+02 1.755028000000000077e+02
2.457510377669999842e+06 -5.610818000000000438e+02 1.614792999999999950e+02
2.457510461670000106e+06 -1.817820000000000036e+01 1.471716999999999871e+02
2.457511374960000161e+06 -3.119012999999999920e+02 1.598627999999999929e+02
2.457511474150000140e+06 -4.223763000000000147e+02 1.673742000000000019e+02
2.457512376329999883e+06 -1.062694999999999936e+02 1.822897000000000105e+02
2.457512494620000012e+06 -3.621791999999999803e+02 1.807624999999999886e+02
2.457513374629999977e+06 2.199656999999999982e+02 1.966384999999999934e+02
2.457513541840000078e+06 -1.876086999999999989e+02 1.815789000000000044e+02
2.457514372659999877e+06 -4.209768000000000256e+02 2.138603999999999985e+02
2.457514572499999776e+06 -2.351115000000000066e+02 1.507098000000000013e+02
2.457518368540000170e+06 -7.801842000000000326e+02 2.200369000000000028e+02
2.457519357689999975e+06 -2.894508000000000152e+02 1.593678999999999917e+02
2.457519494289999828e+06 -9.182659999999999627e+02 4.110663000000000125e+02
2.457520351480000187e+06 -5.695883000000000038e+02 1.859954999999999927e+02
2.457520511549999937e+06 3.002599999999999980e+01 3.445040000000000191e+02
2.457523474320000038e+06 -6.796263999999999896e+02 1.836179999999999950e+02
2.457524340210000053e+06 -1.063992400000000089e+03 2.647103999999999928e+02
2.457524344359999988e+06 -3.198829999999999814e+02 1.697021000000000015e+02
2.457524434419999830e+06 -3.145430999999999813e+02 1.505177999999999940e+02
2.457525337840000167e+06 -4.093367999999999824e+02 1.954994000000000085e+02
2.457525394340000115e+06 -4.085398999999999887e+02 1.754971999999999923e+02
2.457526400950000156e+06 -9.641254000000000133e+02 1.901040999999999883e+02
2.457528334069999866e+06 -5.059374000000000251e+02 5.635793999999999642e+02
2.457529334640000015e+06 -2.911216999999999757e+02 3.034529999999999745e+02
2.457529356240000110e+06 -1.426124399999999923e+03 3.146272000000000162e+02
2.457529627220000140e+06 -5.408894999999999982e+02 3.897712000000000216e+02
2.457530328389999922e+06 8.717993000000000166e+02 1.468432099999999991e+03
2.457531326299999841e+06 5.331744999999999663e+02 5.127966999999999871e+02
2.457531552910000086e+06 -7.048721000000000458e+02 3.994884000000000128e+02
2.457534452300000004e+06 -1.289614199999999983e+03 1.944567999999999870e+02
2.457534615110000130e+06 -8.427872999999999593e+02 2.138017999999999859e+02
2.457535314350000117e+06 -1.440012999999999920e+03 2.324226999999999919e+02
2.457535648769999854e+06 -1.546899699999999939e+03 2.557543000000000006e+02
2.457536312150000129e+06 -1.432235599999999977e+03 2.287811000000000092e+02
2.457536567919999827e+06 -1.094528700000000072e+03 1.669518999999999949e+02
2.457537307709999848e+06 -1.238042400000000043e+03 2.765910000000000082e+02
2.457537498300000094e+06 -1.889854100000000017e+03 1.854131999999999891e+02
2.457538307680000085e+06 -1.483482500000000073e+03 2.142218000000000018e+02
2.457538408569999970e+06 -1.274810400000000072e+03 1.586424000000000092e+02
2.457539303559999913e+06 -1.788828299999999899e+03 1.947810000000000059e+02
2.457539326820000075e+06 -1.902569199999999910e+03 1.791326999999999998e+02
2.457539606449999847e+06 -4.187550199999999677e+03 1.075688000000000102e+03
2.457540312830000184e+06 -1.816721399999999903e+03 5.154660000000000082e+02
2.457540524309999775e+06 -2.233273200000000088e+03 1.578237000000000023e+02
2.457541304589999840e+06 -2.461496200000000044e+03 1.951778999999999940e+02
2.457541449210000224e+06 -1.977796199999999999e+03 1.969036999999999864e+02
2.457542308829999994e+06 -2.166978999999999814e+03 2.458616000000000099e+02
2.457542397909999825e+06 -2.701822700000000168e+03 1.654310000000000116e+02
2.457544304789999966e+06 -2.800041099999999915e+03 2.674766999999999939e+02
2.457544328309999779e+06 -3.793739700000000084e+03 2.840187999999999988e+02
2.457545297470000107e+06 -3.985713499999999840e+03 1.843770000000000095e+02
2.457545580130000133e+06 -4.880648600000000442e+03 2.083292999999999893e+02
2.457546293399999849e+06 -4.597576299999999719e+03 2.360408999999999935e+02
2.457546501339999959e+06 -4.426737000000000080e+03 1.982715000000000032e+02
2.457547293260000180e+06 -5.530435099999999693e+03 2.184634000000000071e+02
2.457547419749999885e+06 -5.668219399999999951e+03 2.003265000000000100e+02
2.457548293529999908e+06 -5.354831299999999828e+03 2.735076999999999998e+02
2.457548344639999792e+06 -6.243970800000000054e+03 2.129415999999999940e+02
2.457548605500000063e+06 -7.129620700000000397e+03 2.318105999999999938e+02
2.457549553569999989e+06 -5.128399999999999636e+03 3.195995399999999790e+03
2.457551354129999876e+06 -1.068291289999999935e+04 2.951567000000000007e+02
2.457552288780000061e+06 -1.499496440000000075e+04 2.148711000000000126e+02
2.457552385660000145e+06 -1.494522819999999956e+04 1.912712999999999965e+02
2.457556301669999957e+06 -5.130824049999999988e+04 3.284114999999999895e+02
2.457556339050000068e+06 -5.087578250000000116e+04 3.185484000000000151e+02
2.457557256190000102e+06 -8.237203750000000582e+04 4.043267999999999915e+02
2.457557351199999917e+06 -8.751178680000000168e+04 3.595742999999999938e+02
2.457557557320000138e+06 -1.024549703000000009e+05 3.905488000000000284e+02
2.457558255799999926e+06 -1.841339308000000019e+05 1.618966499999999996e+03
2.457558412119999994e+06 -2.252928821999999927e+05 5.326606000000000449e+02
2.457558620269999839e+06 -3.255192236999999732e+05 6.239673000000000229e+02
2.457561251279999968e+06 -7.711102109999999811e+04 4.216406000000000063e+02
2.457561447649999987e+06 -6.867026159999999800e+04 3.099395000000000095e+02
2.457562243679999840e+06 -4.757237290000000212e+04 3.074504000000000019e+02
2.457562287849999964e+06 -4.690108690000000206e+04 2.648240999999999872e+02
2.457562480769999791e+06 -4.566614149999999790e+04 2.817391999999999825e+02
2.457563243730000220e+06 -3.245085039999999935e+04 3.126813200000000052e+03
2.457563453249999788e+06 -3.152064949999999953e+04 4.142205999999999904e+02
2.457564237600000110e+06 -2.653027679999999964e+04 5.347404400000000351e+03
2.457564346080000047e+06 -2.221286189999999988e+04 3.853523999999999887e+02
2.457564544929999858e+06 -2.183391340000000127e+04 2.238169000000000040e+02
2.457565236730000004e+06 -1.904750709999999890e+04 5.115761999999999716e+02
2.457565387430000119e+06 -1.781444599999999991e+04 1.993540000000000134e+02
2.457568236430000048e+06 -9.446116799999999785e+03 2.347170999999999879e+02
2.457568375399999786e+06 -9.512704400000000533e+03 1.760871999999999957e+02
2.457568581890000030e+06 -9.950933399999999892e+03 1.948465999999999951e+02
2.457569240660000127e+06 -7.606872800000000097e+03 1.992863999999999862e+02
2.457569467840000056e+06 -6.567784499999999753e+03 1.822971000000000004e+02
2.457572227349999826e+06 -4.614929600000000391e+03 2.093519000000000005e+02
2.457572345160000026e+06 -4.507123300000000199e+03 1.698727000000000089e+02
2.457572550569999963e+06 -5.010827400000000125e+03 1.775773000000000081e+02
2.457573217879999895e+06 -4.533347499999999854e+03 2.414479000000000042e+02
2.457573407840000000e+06 -3.987066200000000208e+03 1.556927000000000021e+02
2.457574212939999998e+06 -3.850055199999999786e+03 2.115097000000000094e+02
2.457574276980000082e+06 -3.860442500000000109e+03 1.841310000000000002e+02
2.457574491640000138e+06 -2.868784099999999853e+03 1.755421000000000049e+02
2.457576210750000086e+06 -2.119952099999999973e+03 2.845860000000000127e+02
2.457576389260000084e+06 -2.563465599999999995e+03 1.898114999999999952e+02
2.457577208229999989e+06 -2.176921899999999823e+03 2.555652000000000044e+02
2.457577319529999979e+06 -2.441792100000000119e+03 1.592616999999999905e+02
2.457577522849999834e+06 -1.161939000000000078e+03 1.721118999999999915e+02
2.457578201220000163e+06 -2.448501999999999953e+03 4.161734999999999900e+02
2.457578373389999848e+06 -1.848054699999999912e+03 2.316445999999999970e+02
2.457579200819999911e+06 -1.193823799999999892e+03 4.192350999999999885e+02
2.457579237949999981e+06 -1.869244899999999916e+03 1.753744000000000085e+02
2.457579438810000196e+06 -1.645930599999999913e+03 2.047635999999999967e+02
2.457580199450000189e+06 -5.244366999999999734e+02 4.115337000000000103e+02
2.457580312049999833e+06 -1.602823200000000043e+03 1.755159999999999911e+02
2.457580511020000093e+06 -1.204181499999999915e+03 1.668302999999999940e+02
2.457581204839999788e+06 6.078150000000000119e+01 1.033061200000000099e+03
2.457581373740000185e+06 -5.877133000000000038e+02 4.861687999999999761e+02
2.457582207160000224e+06 -1.201606700000000046e+03 2.208140999999999963e+02
2.457582233510000166e+06 -1.592530899999999974e+03 2.281554999999999893e+02
2.457582431640000083e+06 -1.249595000000000027e+03 1.767792000000000030e+02
2.457583208819999825e+06 -1.123844399999999951e+03 2.589948999999999728e+02
2.457583323390000034e+06 -2.034491999999999905e+02 2.707108999999999810e+02
2.457583538139999844e+06 -1.841963000000000079e+02 2.173817999999999984e+02
2.457584204280000180e+06 -5.848094999999999573e+02 3.140369000000000028e+02
2.457584222779999953e+06 -1.145665999999999940e+03 2.448051000000000101e+02
2.457584422950000037e+06 -7.456592000000000553e+02 1.992198999999999955e+02
2.457586205109999981e+06 -1.723028299999999945e+03 5.252288999999999533e+02
2.457586306520000100e+06 -1.043822100000000091e+03 5.729479000000000042e+02
2.457587203900000080e+06 -3.779177000000000248e+02 4.136609000000000265e+02
2.457587274929999840e+06 2.536143999999999892e+02 8.422934000000000196e+02
2.457588205509999767e+06 -1.440796599999999899e+03 4.233115000000000236e+02
2.457589205860000104e+06 -6.763220999999999776e+02 8.093264000000000351e+02
2.457589393519999925e+06 -2.191529599999999846e+03 7.703979000000000497e+02
2.457592218129999936e+06 -1.381315399999999954e+03 2.109980999999999938e+02
2.457593207249999978e+06 -2.865611000000000104e+02 3.235004999999999882e+02
2.457594208490000106e+06 -1.451160599999999931e+03 3.519612000000000194e+02
2.457594245310000144e+06 -1.876271999999999878e+02 1.829550999999999874e+02
2.457594436579999980e+06 2.607699999999999907e+00 2.060046000000000106e+02
2.457605271250000224e+06 1.389209999999999923e+01 1.464670000000000130e+02
2.457605480419999920e+06 -1.077102000000000089e+03 1.766311000000000035e+02
2.457606405770000070e+06 -3.837955999999999790e+02 1.688918999999999926e+02
2.457607346760000102e+06 -3.364963000000000193e+02 2.983752000000000066e+02
2.457608317369999830e+06 -1.255895800000000008e+03 3.643906999999999812e+02
2.457609377379999962e+06 -7.453279999999999461e+01 1.588359000000000094e+02
2.457610373980000149e+06 -3.767366999999999848e+02 2.546307999999999936e+02
2.457611324149999768e+06 -5.426186000000000149e+02 1.730440000000000111e+02
2.457612270899999887e+06 2.463104999999999905e+02 1.941613999999999862e+02
2.457612460280000232e+06 -2.118511000000000024e+02 2.267526000000000010e+02
2.457616416720000096e+06 -1.029624600000000100e+03 3.069773000000000138e+02
2.457617387910000049e+06 -2.658086000000000126e+02 4.562020999999999731e+02
2.457621309460000135e+06 -2.219765999999999906e+02 1.830037000000000091e+02
2.457624327109999955e+06 -4.571947999999999865e+02 1.876160999999999888e+02
2.457625315309999976e+06 -4.172149999999999892e+01 2.198670999999999935e+02
2.457626315820000134e+06 -3.008831000000000131e+02 2.225118999999999971e+02
2.457627299010000192e+06 -2.194294999999999902e+02 1.675625000000000000e+02
2.457628299449999817e+06 7.205159999999999343e+01 1.598166999999999973e+02
2.457629306170000229e+06 3.489030000000000342e+01 2.492665000000000077e+02
2.457630322319999803e+06 -3.024311440200000070e+06 5.507883055999999633e+05
2.457631388009999879e+06 1.933386000000000138e+02 1.813071999999999946e+02
2.457635242610000074e+06 -4.442869999999999919e+01 2.599347999999999956e+02
2.457636330529999919e+06 -1.146561500000000024e+03 5.439642000000000053e+02
2.457638372510000132e+06 -4.234545900000000074e+03 7.989462999999999511e+02
2.457641246270000003e+06 -6.789206000000000358e+02 2.467192000000000007e+02
2.457642301779999863e+06 2.040373999999999910e+02 2.502273000000000138e+02
2.457643374799999874e+06 -1.191405600000000049e+03 3.191086999999999989e+02
2.457643380280000158e+06 -2.897142000000000053e+02 2.445688000000000102e+02
2.457644232609999832e+06 3.659751999999999725e+02 2.103526999999999987e+02
2.457645299389999826e+06 1.363464999999999918e+02 3.030400999999999954e+02
2.457646354710000101e+06 -3.432173000000000229e+02 2.669132999999999925e+02
2.457650232299999800e+06 -4.922873000000000161e+02 2.137410000000000139e+02
2.457651309590000194e+06 1.652531999999999925e+02 1.617322000000000060e+02
2.457653284930000082e+06 1.817947000000000060e+02 1.517942999999999927e+02
2.457655254610000178e+06 -3.778509999999999991e+01 1.672871000000000095e+02
2.457661245409999974e+06 2.482579900000000180e+03 7.520431999999999562e+02
2.457663280830000062e+06 7.028659000000000106e+02 1.985384999999999991e+02
2.457665309659999795e+06 2.930715999999999894e+02 1.828369000000000142e+02
2.457669295010000002e+06 2.261787600000000111e+03 4.794508000000000152e+02
2.457675276389999781e+06 -4.701182000000000016e+02 2.547540999999999940e+02
