2.457440255109999795e+06 3.292441000000000031e+02 2.450886000000000138e+02
2.457441263470000122e+06 -2.809703999999999837e+02 2.589447000000000116e+02
2.457442237689999864e+06 -6.478555000000000064e+02 3.095323000000000206e+02
2.457443233800000045e+06 3.317513000000000147e+02 2.070461999999999989e+02
2.457444197569999844e+06 -1.256150000000000055e+01 2.358335999999999899e+02
2.457445220269999932e+06 6.380168999999999642e+02 3.133016000000000076e+02
2.457446197970000096e+06 -3.410580000000000211e+01 3.094207000000000107e+02
2.457446236490000039e+06 6.817999999999999545e+02 2.703621999999999730e+02
2.457447195520000067e+06 3.827731999999999744e+02 2.964698999999999955e+02
2.457448189319999889e+06 1.730740000000000123e+01 3.085812000000000239e+02
2.457449187479999848e+06 1.272979999999999912e+01 2.677796000000000163e+02
2.457450182440000121e+06 8.991309999999999718e+02 1.012762399999999957e+03
2.457450218849999830e+06 5.091799999999999926e+01 4.063842000000000212e+02
2.457451182789999992e+06 5.519728000000000065e+02 2.454497000000000071e+02
2.457452178830000106e+06 -4.861693999999999960e+02 3.027697999999999752e+02
2.457453178969999775e+06 -1.134478000000000009e+02 2.609311000000000149e+02
2.457457248120000120e+06 -5.876921999999999571e+02 2.199465999999999894e+02
2.457457280059999786e+06 8.671598000000000184e+02 2.543052000000000135e+02
2.457458160879999865e+06 -8.673310000000000173e+02 4.568272999999999797e+02
2.457458185680000111e+06 -9.490500000000000824e+00 2.572993000000000166e+02
2.457459158340000082e+06 -1.255999999999999894e-01 2.150287999999999897e+02
2.457459160099999979e+06 3.561646999999999821e+02 1.969106999999999914e+02
2.457460162119999994e+06 -1.918063859999999841e+04 7.512010199999999713e+03
2.457460264570000116e+06 -1.135375999999999976e+02 2.619212999999999738e+02
2.457461218119999859e+06 4.892058999999999855e+02 2.026254000000000133e+02
2.457462149069999810e+06 -8.919097000000000435e+02 2.668946000000000254e+02
2.457462150750000030e+06 1.962663000000000011e+02 2.480576000000000079e+02
2.457465145849999972e+06 5.809356999999999971e+02 2.023808899999999994e+03
2.457465245649999939e+06 -8.369663000000000466e+02 2.220548000000000002e+02
2.457466142959999852e+06 -5.715475999999999885e+02 3.655425000000000182e+02
2.457467138360000215e+06 1.323557199999999966e+03 2.895079999999999814e+02
2.457467240149999969e+06 5.005464000000000055e+02 1.887981000000000051e+02
2.457469134839999955e+06 -1.814410000000000167e+01 2.979707000000000221e+02
2.457470131390000228e+06 -1.167747399999999971e+03 2.807106999999999744e+02
2.457470253500000108e+06 1.585118999999999971e+02 1.792433000000000050e+02
2.457471157749999780e+06 2.080203999999999951e+02 2.255957999999999970e+02
2.457472122349999845e+06 -5.630316000000000258e+02 2.734257000000000062e+02
2.457472226780000143e+06 2.737158999999999764e+02 1.968619999999999948e+02
2.457473120219999924e+06 3.718240000000000123e+01 2.572846000000000117e+02
2.457473295080000069e+06 -6.100439999999999685e+01 1.947451000000000079e+02
2.457474121360000223e+06 -1.328346399999999903e+03 3.021822999999999979e+02
2.457474154949999880e+06 -6.941757999999999811e+02 2.683451000000000022e+02
2.457475118300000206e+06 3.394490999999999872e+02 2.275603999999999871e+02
2.457475250210000202e+06 -1.960594000000000108e+02 1.848048000000000002e+02
2.457476115280000027e+06 -3.583967999999999847e+02 3.656109999999999900e+02
2.457478211269999854e+06 5.558952000000000453e+02 3.227103999999999928e+02
2.457479104640000034e+06 1.866005999999999858e+02 2.025251000000000090e+02
2.457479106350000016e+06 1.468865000000000123e+02 2.119703000000000088e+02
2.457479281680000015e+06 -2.372769999999999868e+01 2.815224999999999795e+02
2.457480105750000104e+06 1.879520600000000059e+03 4.097740999999999985e+03
2.457481101090000011e+06 3.655076999999999998e+02 1.824604999999999961e+02
2.457481154089999851e+06 -4.871465000000000032e+02 2.236129999999999995e+02
2.457482174620000180e+06 3.695750000000000313e+01 1.990548000000000002e+02
2.457483100659999996e+06 -5.818289999999999509e+02 2.646981000000000108e+02
2.457483290270000231e+06 1.467520000000000024e+01 1.928703999999999894e+02
2.457484095079999883e+06 1.965942000000000007e+02 2.591639000000000124e+02
2.457485089300000109e+06 -9.981372999999999820e+02 2.340075999999999965e+02
2.457485090770000126e+06 -1.335757700000000114e+03 2.582307000000000130e+02
2.457485113839999773e+06 1.916924999999999955e+02 2.075982999999999947e+02
2.457485115950000007e+06 2.040880999999999972e+02 1.757335999999999956e+02
2.457485117469999939e+06 -1.694224000000000103e+02 2.181347000000000094e+02
2.457486136109999847e+06 1.283104399999999941e+03 1.037771199999999908e+03
2.457487086780000012e+06 2.976503999999999905e+03 1.288125800000000027e+03
2.457487232290000189e+06 7.363451000000000022e+02 3.516951999999999998e+02
2.457488083699999843e+06 5.102355999999999767e+02 2.153169000000000040e+02
2.457488125510000158e+06 1.338091699999999946e+03 7.385942000000000007e+02
2.457489126499999780e+06 2.062596000000000060e+02 1.048670200000000023e+03
2.457490077959999908e+06 -6.180549100000000180e+03 4.971394999999999982e+02
2.457490208550000098e+06 -7.993894999999999982e+02 2.097792000000000030e+02
2.457491073429999873e+06 7.322467000000000326e+02 3.050163999999999760e+02
2.457492142769999802e+06 -3.780350999999999999e+02 2.525606999999999971e+02
2.457492284789999947e+06 -5.892741999999999507e+02 2.098241999999999905e+02
2.457493067859999835e+06 -3.133482999999999947e+02 2.612887000000000057e+02
2.457493069399999920e+06 -1.777703299999999899e+03 2.600009999999999764e+02
2.457493091740000062e+06 -2.497732000000000028e+02 2.503695999999999913e+02
2.457493093630000018e+06 -4.064737399999999980e+03 2.977927000000000248e+02
2.457493095199999865e+06 2.362492000000000019e+02 2.619198999999999842e+02
2.457494073749999981e+06 -9.945208999999999833e+02 3.612466999999999757e+02
2.457494296550000086e+06 6.196695999999999458e+02 4.623860000000000241e+02
2.457495061939999927e+06 -4.882345000000000255e+02 7.316245000000000118e+02
2.457495063279999886e+06 -3.398697000000000230e+02 6.214129000000000360e+02
2.457495087069999892e+06 -4.289212099999999737e+03 1.421494699999999966e+03
2.457495089170000050e+06 -2.532909700000000157e+03 1.565796700000000101e+03
2.457495090669999830e+06 8.740207000000000335e+02 8.719651999999999816e+02
2.457497062460000161e+06 2.000483000000000118e+02 2.802486999999999853e+02
2.457498057000000030e+06 -3.249766000000000190e+02 2.528982000000000028e+02
2.457498175009999890e+06 -4.310000000000000000e+02 2.121947000000000116e+02
2.457499055019999854e+06 -3.396288999999999874e+02 2.347625999999999920e+02
2.457499150710000191e+06 8.716970000000000596e+01 2.035685000000000002e+02
2.457500051700000186e+06 -2.447068999999999903e+02 2.852108999999999810e+02
2.457500126749999821e+06 4.398310000000000173e+02 2.279741999999999962e+02
2.457501054519999772e+06 5.424171000000000049e+02 3.360833999999999833e+02
2.457501090770000126e+06 1.165632499999999936e+03 4.393206999999999880e+02
2.457501284059999976e+06 1.579536999999999978e+02 5.256616000000000213e+02
2.457503134920000099e+06 -1.991804999999999950e+02 3.209200999999999908e+02
2.457505040730000008e+06 -4.586125000000000114e+02 5.658776000000000295e+02
2.457505154300000053e+06 -6.502807000000000244e+02 3.540156000000000063e+02
2.457506035840000026e+06 -3.149850000000000136e+02 2.890291000000000281e+02
2.457506167530000210e+06 4.437973999999999819e+02 2.554422000000000139e+02
2.457507033559999894e+06 -3.462515999999999963e+02 3.723124000000000251e+02
2.457507218940000050e+06 4.560580000000000211e+01 3.036451000000000136e+02
2.457508039840000216e+06 2.211119999999999948e+02 8.218455000000000155e+02
2.457512016559999902e+06 -2.064880099999999857e+03 2.083421600000000126e+03
2.457512018099999987e+06 -1.681237000000000080e+03 1.453858099999999922e+03
2.457512280759999994e+06 9.722079999999999700e+01 2.064001000000000090e+02
2.457513017070000060e+06 4.081576000000000022e+02 2.276503999999999905e+02
2.457513267270000186e+06 2.877080000000000126e+01 1.911571000000000140e+02
2.457514011820000131e+06 -2.469966000000000008e+02 2.234482999999999890e+02
2.457514013340000063e+06 6.341491999999999507e+02 2.282925999999999931e+02
2.457514239260000177e+06 3.247481000000000222e+02 2.448096999999999923e+02
2.457515013650000095e+06 1.902098000000000013e+02 2.362931000000000097e+02
2.457515204989999998e+06 -9.963870000000000005e+01 1.815235000000000127e+02
2.457516112399999984e+06 3.867429000000000201e+02 3.437791000000000281e+02
2.457519998449999839e+06 -1.023699580000000060e+04 1.460910200000000032e+03
2.457520160879999865e+06 6.650361000000000331e+02 2.692617999999999938e+02
2.457521994429999962e+06 -3.289508000000000152e+02 2.122169000000000096e+02
2.457522129720000084e+06 -3.612251999999999725e+02 1.684652000000000100e+02
2.457522990309999790e+06 2.016595000000000084e+02 1.858278999999999996e+02
2.457523080370000098e+06 -1.247892999999999972e+02 3.329033999999999764e+02
2.457527111310000066e+06 -5.129854000000000269e+02 2.356296000000000106e+02
2.457527983459999785e+06 2.443270000000000053e+01 3.554775000000000205e+02
2.457527986299999990e+06 -1.605310500000000047e+03 3.010369000000000028e+02
2.457528041939999908e+06 -5.792159000000000333e+02 3.670787000000000262e+02
2.457528279680000152e+06 4.557642999999999915e+02 2.617780000000000200e+02
2.457528971919999924e+06 -2.499215000000000089e+02 8.530381999999999607e+02
2.457528973300000187e+06 -1.159390799999999899e+03 1.144029800000000023e+03
2.457530968570000026e+06 6.070727000000000544e+02 5.008111999999999853e+02
2.457530971539999824e+06 -5.246794999999999618e+02 4.578177999999999770e+02
2.457530993919999804e+06 -9.269632000000000289e+02 4.044216000000000122e+02
2.457530995389999822e+06 -1.043857799999999997e+03 3.971283000000000243e+02
2.457531234759999905e+06 -1.032272799999999961e+03 4.008353999999999928e+02
2.457531967269999906e+06 -7.731715400000000045e+03 1.054540299999999888e+03
2.457532143910000101e+06 3.395391799999999876e+03 5.127446999999999662e+02
2.457532966109999921e+06 -2.205978999999999814e+03 5.092638000000000034e+02
2.457533050660000183e+06 1.513405400000000100e+03 4.342429999999999950e+02
2.457533286830000114e+06 -6.697903000000000020e+02 2.993340000000000032e+02
2.457537948640000075e+06 -1.026597199999999930e+03 2.841827999999999861e+02
2.457537949980000034e+06 -7.214660000000000082e+02 2.691184999999999832e+02
2.457538201609999873e+06 -1.108941900000000032e+03 1.854384000000000015e+02
2.457538949339999817e+06 -1.302392399999999952e+03 2.127435999999999865e+02
2.457539101249999832e+06 -1.222616299999999910e+03 1.780433999999999912e+02
2.457539944529999979e+06 -1.649912199999999984e+03 2.095899000000000001e+02
2.457540031599999871e+06 -1.552041799999999967e+03 1.660620999999999867e+02
2.457540288009999786e+06 -1.954529600000000073e+03 1.935226999999999862e+02
2.457541942960000131e+06 -2.717079999999999927e+03 2.757568999999999733e+02
2.457547977479999885e+06 -4.883900899999999638e+03 2.424422999999999888e+02
2.457550972730000038e+06 -6.163719600000000355e+03 8.824107999999999947e+02
2.457551937200000044e+06 -1.221065250000000015e+04 1.880425999999999931e+02
2.457552127129999921e+06 -1.253645299999999952e+04 2.082783000000000015e+02
2.457552939859999809e+06 -1.513793419999999969e+04 2.183141999999999996e+02
2.457553060409999918e+06 -1.563374070000000029e+04 2.031117999999999881e+02
2.457553940959999803e+06 -1.852564640000000145e+04 3.487513999999999896e+02
2.457554014190000016e+06 -2.014858710000000065e+04 2.461903000000000077e+02
2.457554937129999977e+06 -2.670456209999999919e+04 2.520560000000000116e+02
2.457554958240000065e+06 -2.708128489999999874e+04 2.441937000000000069e+02
2.457555198770000134e+06 -2.937025100000000020e+04 3.702314999999999827e+02
2.457564945509999990e+06 -1.710605949999999939e+04 2.992875000000000227e+02
2.457565154519999865e+06 -1.643997690000000148e+04 2.131731000000000051e+02
2.457568868329999968e+06 -7.808240099999999984e+03 2.718894999999999982e+02
2.457568987129999790e+06 -7.235481899999999769e+03 1.855921999999999912e+02
2.457569161569999997e+06 -6.829709499999999935e+03 1.792891999999999939e+02
2.457570107890000101e+06 -5.123491799999999785e+03 4.243575999999999908e+02
2.457573064910000190e+06 -3.234622800000000097e+03 1.752548999999999921e+02
2.457578868950000033e+06 -1.773397500000000036e+03 3.401114000000000033e+02
2.457578914669999853e+06 -1.084967000000000041e+02 7.961367999999999938e+02
2.457579100860000122e+06 -1.592507900000000063e+03 1.812923000000000116e+02
2.457579869090000167e+06 -3.279687999999999874e+02 3.032456000000000245e+02
2.457580057089999784e+06 -1.541310099999999920e+03 1.577177000000000078e+02
2.457582873230000027e+06 -1.079093599999999924e+03 2.890994999999999777e+02
2.457582917309999932e+06 5.856218999999999824e+02 7.796079999999999472e+02
2.457583869810000062e+06 -2.430382999999999925e+02 2.471039000000000101e+02
2.457583930730000138e+06 -2.750122000000000071e+02 2.287500000000000000e+02
2.457584866510000080e+06 4.811159000000000106e+02 1.477711700000000064e+03
2.457585024139999878e+06 2.919198999999999842e+02 1.113084700000000112e+03
2.457585864599999972e+06 -1.949609999999999843e+01 3.268248000000000047e+03
2.457585901970000006e+06 2.423659799999999905e+03 6.168085999999999558e+02
2.457586864430000074e+06 -1.134999399999999923e+03 4.045312000000000126e+02
2.457586927389999852e+06 -1.261018700000000081e+03 3.462556999999999903e+02
2.457587104900000151e+06 -1.102082200000000057e+03 3.604066000000000258e+02
2.457587869390000124e+06 -3.697506999999999948e+02 3.612128000000000156e+02
2.457594884469999932e+06 -1.891639999999999944e+01 2.647477000000000089e+02
2.457595010059999768e+06 -1.519335000000000093e+02 1.995858000000000061e+02
2.457596956340000033e+06 -1.923911999999999978e+02 1.818557999999999879e+02
2.457597874530000146e+06 -8.368900999999999613e+02 2.670998000000000161e+02
2.457598084679999854e+06 1.315566100000000006e+03 2.189025000000000034e+02
2.457599025390000083e+06 -5.937403000000000475e+02 5.083596999999999753e+02
2.457600055709999986e+06 -1.111139000000000010e+02 1.715458999999999889e+02
2.457600979270000011e+06 -2.581358000000000175e+02 1.928694000000000131e+02
2.457602019669999834e+06 3.323143000000000029e+02 5.834261000000000195e+02
2.457605940390000120e+06 5.161147999999999456e+02 1.812439999999999998e+02
2.457608042859999929e+06 4.482364000000000033e+02 1.868513000000000090e+02
2.457609013780000154e+06 -1.902344999999999970e+02 1.939353999999999871e+02
2.457612930389999878e+06 6.063810999999999467e+02 2.680067999999999984e+02
2.457613893310000189e+06 -1.568986200000000053e+03 3.709060999999999808e+02
2.457614879759999923e+06 -1.678037999999999954e+02 3.234048000000000229e+02
2.457615070090000052e+06 1.368829000000000065e+02 2.683890999999999849e+02
2.457616060329999775e+06 3.252697999999999752e+02 2.147351999999999919e+02
2.457617061799999792e+06 -2.886259000000000015e+02 2.362543000000000006e+02
2.457618077240000013e+06 1.904860999999999933e+02 2.679166000000000167e+02
2.457619067650000099e+06 5.307030000000000314e+01 2.771999000000000137e+02
2.457621925739999861e+06 -2.208944999999999936e+02 3.291299999999999955e+02
2.457626010340000037e+06 -2.728086000000000126e+02 2.446713000000000022e+02
2.457627003210000228e+06 -5.542045000000000528e+02 1.955213999999999999e+02
2.457628019880000036e+06 1.403092000000000041e+02 1.806607999999999947e+02
2.457629031119999941e+06 -1.807273999999999887e+02 1.751321000000000083e+02
2.457634904889999889e+06 -6.571215999999999440e+02 2.111148000000000025e+02
2.457635920359999873e+06 -2.004496000000000038e+02 1.980773000000000081e+02
2.457636948559999932e+06 7.445350000000000534e+01 1.922750000000000057e+02
2.457637968410000205e+06 -7.978060000000000684e+01 1.786625999999999976e+02
2.457639003339999821e+06 2.019713999999999885e+02 2.199900000000000091e+02
2.457639021209999919e+06 5.356662999999999784e+02 2.128971999999999980e+02
2.457657934820000082e+06 2.406777999999999906e+02 2.018254000000000019e+02
2.457659966210000217e+06 -2.237051999999999907e+02 2.267959999999999923e+02
2.457660893339999951e+06 1.037417699999999968e+03 2.559285000000000139e+02
2.457665943049999885e+06 -1.376719999999999970e+02 3.198953999999999951e+02
2.457669923390000127e+06 3.538577000000000226e+02 2.922509000000000015e+02
2.457675907600000035e+06 1.248652499999999918e+03 2.537410000000000139e+02
