2.458346727899000049e+06 3.085093991990144335e+00 1.268435142891083389e-02
2.458347220966000110e+06 3.097045601214515553e+00 1.268499818670878847e-02
2.458347714033000171e+06 3.067021355772167279e+00 1.268349146603690338e-02
2.458348217627000064e+06 3.054274033900840735e+00 1.268422436177932267e-02
2.458348710694000125e+06 3.075099693551201607e+00 1.268574398371853131e-02
2.458349203761000186e+06 3.081731517455529978e+00 1.268471852661192528e-02
2.458349707355000079e+06 3.056984241641787836e+00 1.268421735246840626e-02
2.458350200422000140e+06 3.072251748037043040e+00 1.268531391519569888e-02
2.458350693489000201e+06 3.076595496575055488e+00 1.268341368955057738e-02
2.458351197081999853e+06 3.066603309268302269e+00 1.268458710464755515e-02
2.458351690150000155e+06 3.095271864029939035e+00 1.268343494738388005e-02
2.458352183217000216e+06 3.076782523104794276e+00 1.268418471546225307e-02
2.458352686809999868e+06 3.060297165259734165e+00 1.268387033914619710e-02
2.458353179876999930e+06 3.070291427354466585e+00 1.268570328847091859e-02
2.458353672943999991e+06 3.072531896003780627e+00 1.268364073845796094e-02
2.458354176537999883e+06 3.087894116386414645e+00 1.268448790666551820e-02
2.458354669604999945e+06 3.072766787217789730e+00 1.268461038690163814e-02
2.458355162672000006e+06 3.060531121143906574e+00 1.268484000514256450e-02
2.458355666265999898e+06 3.076640835295865628e+00 1.268360060061926933e-02
2.458356159332999960e+06 3.092843891963408698e+00 1.268488035174359686e-02
2.458356652400000021e+06 3.059925127679087531e+00 1.268514666760305401e-02
2.458357155993999913e+06 3.092282765815593581e+00 1.268542706652292518e-02
2.458357649060999975e+06 3.089481507277044958e+00 1.268531757445564082e-02
2.458358142128000036e+06 3.071552904369521109e+00 1.268525739754724525e-02
2.458358645721000154e+06 3.069217035074977673e+00 1.268409101218958938e-02
2.458359138788000215e+06 3.056235387359295341e+00 1.268392505941058623e-02
2.458359631856000051e+06 3.078976682884479565e+00 1.268472271826869696e-02
2.458360135449000169e+06 3.072998866051080302e+00 1.268556842562803579e-02
2.458360628516000230e+06 3.070944728561723291e+00 1.268557412679040090e-02
2.458361121582999825e+06 3.084812698633947026e+00 1.268603610991212577e-02
2.458361625177000184e+06 3.063661648316263975e+00 1.268370627122029394e-02
2.458362118243999779e+06 3.060018132833889126e+00 1.268553222737340072e-02
2.458362611310999840e+06 3.086074457174833530e+00 1.268554022792262037e-02
2.458363114905000199e+06 3.066368889208440862e+00 1.268361745798363832e-02
2.458363607971999794e+06 3.085653813661859424e+00 1.268381114125297082e-02
2.458364101038999856e+06 3.084346774154700377e+00 1.268412003417409596e-02
2.458364604631999973e+06 3.069451672872022030e+00 1.268506069505613044e-02
2.458365097699999809e+06 3.054555355890412383e+00 1.268539267581861134e-02
2.458365590766999871e+06 3.059085390957073436e+00 1.268448299848004904e-02
2.458366094359999988e+06 3.073185673941311258e+00 1.268350907391799058e-02
2.458366587427000050e+06 3.092425173978629704e+00 1.268601126547971164e-02
2.458367080494000111e+06 3.084673482118248877e+00 1.268546359354961496e-02
2.458367584088000003e+06 3.064220403121303615e+00 1.268601954293182600e-02
2.458368077155000065e+06 3.101950048656593406e+00 1.268508699965791887e-02
2.458368570222000126e+06 3.054603183205512273e+00 1.268559129990689052e-02
2.458369073816000018e+06 3.083318580184656543e+00 1.268557135455672218e-02
2.458369566883000080e+06 3.079955203944099384e+00 1.268591727131947525e-02
2.458370059950000141e+06 3.077340836575975569e+00 1.268365205408738400e-02
2.458370563544000033e+06 3.092237196588474735e+00 1.268524012853863674e-02
2.458371056611000095e+06 3.073559323790671094e+00 1.268505118420927905e-02
2.458371549678000156e+06 3.072206473995746201e+00 1.268512697887889777e-02
2.458372053270999808e+06 3.091397134284032955e+00 1.268464123502578526e-02
2.458372546337999869e+06 3.081637852351480245e+00 1.268433299157296912e-02
2.458373039406000171e+06 3.075521730960841360e+00 1.268465235928159345e-02
2.458373542998999823e+06 3.058057168354139765e+00 1.268585262783548766e-02
2.458374036065999884e+06 3.077714991626145924e+00 1.268519418176275795e-02
2.458374529132999945e+06 3.073652743351196648e+00 1.268543674107740042e-02
2.458375032726999838e+06 3.093450706371658754e+00 1.268451994546376804e-02
2.458375525793999899e+06 3.070056725364151085e+00 1.268473355648266909e-02
2.458376018860999960e+06 3.067114576613867438e+00 1.268387697549804016e-02
2.458376522454999853e+06 3.096298340462902754e+00 1.268478932361574024e-02
2.458377015521999914e+06 3.075754017868539414e+00 1.268561040117806120e-02
2.458377508588999975e+06 3.086540642639598708e+00 1.268461370920749912e-02
2.458378012182000093e+06 3.078134552900414267e+00 1.268408839027741590e-02
2.458378505249999929e+06 3.081263220402651548e+00 1.268562891689527239e-02
2.458378998316999990e+06 3.074258623961319881e+00 1.268510580653876667e-02
2.458379501910000108e+06 3.058569827923669493e+00 1.268516226573512123e-02
2.458379994977000169e+06 3.075241310386306548e+00 1.268349579535081074e-02
2.458380488044000231e+06 3.073514030480358095e+00 1.268486425176415522e-02
2.458380991638000123e+06 3.033122844315021105e+00 1.268578018829429055e-02
2.458381484705000184e+06 3.076314978096490904e+00 1.268509062936345501e-02
2.458381977771999780e+06 3.088175690726384648e+00 1.268564456106348673e-02
2.458382481366000138e+06 3.080236054362216258e+00 1.268423705380757049e-02
2.458382974433000199e+06 3.067956517394017535e+00 1.268453308108092453e-02
2.458383467499999795e+06 3.077527908415003566e+00 1.268442309448926386e-02
2.458383971094000153e+06 3.082290728972053806e+00 1.268418140308314249e-02
2.458384464161000215e+06 3.077340836575975569e+00 1.268365205408738400e-02
2.458384957227999810e+06 3.073978318554623890e+00 1.268394920126347629e-02
2.458385460820999928e+06 3.081263220402651548e+00 1.268562891689527239e-02
2.458385953887999989e+06 3.079535394508261081e+00 1.268418813325735556e-02
2.458386446955999825e+06 3.059223452639080687e+00 1.268505547058669004e-02
2.458386950548999943e+06 3.059178370588425455e+00 1.268486853807844483e-02
2.458387443616000004e+06 3.083318580184656543e+00 1.268557135455672218e-02
2.458387936683000065e+06 3.069590202401811574e+00 1.268563319323519172e-02
2.458388440276999958e+06 3.070896645379594947e+00 1.268537550297100386e-02
2.458388933344000019e+06 3.086026137099644462e+00 1.268534160463399320e-02
2.458389426411000080e+06 3.077576095427466907e+00 1.268462170339613310e-02
2.458389930004999973e+06 3.076640835295865628e+00 1.268360060061926933e-02
2.458390423072000034e+06 3.070011483669655927e+00 1.268454662871824901e-02
2.458390916139000095e+06 3.074258623961319881e+00 1.268510580653876667e-02
2.458391419732000213e+06 3.095879154805080802e+00 1.268592343090940537e-02
2.458391912800000049e+06 3.079070267103396930e+00 1.268510826515327483e-02
2.458392405867000110e+06 3.068236273693579985e+00 1.268568973959818824e-02
2.458392909460000228e+06 3.087706414422934476e+00 1.268371686232394428e-02
2.458393402526999824e+06 3.075708692216267970e+00 1.268542346049211789e-02
2.458393895593999885e+06 3.106710605557105875e+00 1.268452507531759449e-02
2.458394399187999777e+06 3.063520564732025608e+00 1.268594378512370204e-02
2.458394892254999839e+06 3.077995637767081849e+00 1.268351596181477130e-02
2.458395385321999900e+06 3.081498779115471987e+00 1.268376055207155219e-02
2.458395888915999793e+06 3.061605292724227212e+00 1.268365238841913378e-02
2.458396381982999854e+06 3.062913979349276783e+00 1.268343193383893522e-02
2.458396875049999915e+06 3.070664725310086052e+00 1.268441747881450012e-02
2.458397378643999808e+06 3.090369436348904042e+00 1.268327071347724426e-02
2.458397871710999869e+06 3.087567067314846536e+00 1.268598820498934888e-02
2.458398364777999930e+06 3.088920991157421359e+00 1.268586111360197471e-02
2.458398868371000048e+06 3.073327202630515842e+00 1.268409318454592066e-02
2.458399361438000109e+06 3.074400202062846699e+00 1.268568999070068294e-02
2.458399854505999945e+06 3.076221477620904032e+00 1.268470508301493271e-02
2.458400358099000063e+06 3.086446831368617083e+00 1.268422817735428802e-02
2.458400851166000124e+06 3.075521730960841360e+00 1.268465235928159345e-02
2.458401344233000185e+06 3.079722599754671997e+00 1.268495920624753727e-02
2.458401847827000078e+06 3.111942759079529885e+00 1.268582422813682199e-02
2.458402340894000139e+06 3.066414077223285073e+00 1.268380437205519386e-02
2.458402833961000200e+06 3.073185673941311258e+00 1.268350907391799058e-02
2.458403337555000093e+06 3.095317477977888920e+00 1.268362185876579541e-02
2.458403830622000154e+06 3.096158605604205416e+00 1.268421686352021877e-02
2.458404323689000215e+06 3.083551455970000355e+00 1.268368941001634526e-02
2.458404827281999867e+06 3.078321672989531965e+00 1.268485945720421171e-02
2.458405320350000169e+06 3.074071750850321472e+00 1.268433472463728617e-02
2.458405813417000230e+06 3.083926366131396257e+00 1.268523154223359477e-02
2.458406317009999882e+06 3.065854922405914618e+00 1.268431526101253259e-02
2.458406810076999944e+06 3.097139734630709906e+00 1.268538374196611501e-02
2.458407303144000005e+06 3.078040997121287425e+00 1.268370287439061009e-02
2.458407806737999897e+06 3.093262666643082692e+00 1.268374889917466691e-02
2.458408299804999959e+06 3.083364017981207628e+00 1.268575829742212870e-02
2.458408792872000020e+06 3.066741710246639219e+00 1.268515958145268255e-02
2.458409296465999912e+06 3.047645157730316523e+00 1.268476486961339633e-02
2.458409789532999974e+06 3.076966727011498648e+00 1.268494410497399139e-02
2.458410282600000035e+06 3.095365943534127418e+00 1.268382045512719651e-02
2.458410786193999927e+06 3.086446831368617083e+00 1.268422817735428802e-02
2.458411279260999989e+06 3.087100726820782182e+00 1.268407213648679345e-02
2.458411772328000050e+06 3.082665485849365172e+00 1.268572359511882346e-02
2.458412275921000168e+06 3.069776803079048655e+00 1.268357698514843007e-02
2.458412768988000229e+06 3.081311465901513724e+00 1.268582754468254581e-02
2.458413262056000065e+06 3.081217813564368857e+00 1.268544197593646922e-02
2.458413765649000183e+06 3.076314978096490904e+00 1.268509062936345501e-02
2.458414258715999778e+06 3.093590319018297841e+00 1.268509241923788770e-02
2.458414751782999840e+06 3.100082132257607537e+00 1.268601420239912070e-02
2.458415255377000198e+06 3.064406677367936815e+00 1.268396830439985634e-02
2.458415748443999793e+06 3.076921383488216311e+00 1.268475717410687612e-02
2.458416241510999855e+06 3.064688932651450148e+00 1.268513659485434424e-02
2.458416745105000213e+06 3.050633253587267113e+00 1.268596283294695128e-02
2.458417238171999808e+06 3.094758753431015474e+00 1.268418276227230648e-02
2.458417731238999870e+06 3.061698348946938264e+00 1.268403790277144311e-02
2.458418234831999987e+06 3.080655959313627346e+00 1.268596619853861254e-02
2.458526481366999913e+06 3.078928473942379451e+00 1.268452410778019360e-02
2.458526984960000031e+06 3.091630620223527526e+00 1.268559927608206399e-02
2.458527478027000092e+06 3.080048817904748493e+00 1.268346602471443797e-02
2.458527971094000153e+06 3.086492315265120912e+00 1.268441510042575548e-02
2.458528474688000046e+06 3.092376754467371480e+00 1.268581263481583649e-02
2.458528967755000107e+06 3.078834894033084968e+00 1.268413857865033703e-02
2.458529460822000168e+06 3.084579727597111631e+00 1.268507803586530619e-02
2.458529964416000061e+06 3.093171499980105210e+00 1.268337507542098043e-02
2.458530457483000122e+06 3.051521259718098289e+00 1.268403446873697139e-02
2.458530950550000183e+06 3.053061832579587076e+00 1.268481410715653623e-02
2.458531454144000076e+06 3.051847301508607835e+00 1.268538970271933242e-02
2.458531947211000137e+06 3.073327202630515842e+00 1.268409318454592066e-02
2.458532440278000198e+06 3.082103367618315382e+00 1.268341037737281442e-02
2.458532943870999850e+06 3.068470836512645850e+00 1.268383337860286286e-02
2.458533436937999912e+06 3.078040997121287425e+00 1.268370287439061009e-02
2.458533930006000213e+06 3.083926366131396257e+00 1.268523154223359477e-02
2.458534433598999865e+06 3.106573262054933338e+00 1.268396430950499525e-02
2.458534926665999927e+06 3.081498779115471987e+00 1.268376055207155219e-02
2.458535419732999988e+06 3.083085721986533301e+00 1.268461331560908657e-02
2.458535923326999880e+06 3.098072665867028341e+00 1.268349801676430834e-02
2.458536416393999942e+06 3.071784891521101013e+00 1.268338626670079128e-02
2.458536909461000003e+06 3.088360576730692753e+00 1.268355955276442154e-02
2.458537413054999895e+06 3.063379487644787513e+00 1.268535958927443155e-02
2.458537906121999957e+06 3.077153776108370931e+00 1.268571522391976486e-02
2.458538399189000018e+06 3.079722599754671997e+00 1.268495920624753727e-02
2.458538902782000136e+06 3.098027011317427970e+00 1.268331110720737932e-02
2.458539395849999972e+06 3.059784216164032067e+00 1.268456250846155577e-02
2.458539888917000033e+06 3.075847504135891253e+00 1.268599597504339350e-02
2.458540392510000151e+06 3.061185164993028618e+00 1.268473133432231753e-02
2.458540885577000212e+06 3.092425173978629704e+00 1.268601126547971164e-02
2.458541378643999808e+06 3.102975881809701075e+00 1.268356613984262908e-02
2.458541882238000166e+06 3.068143018759399432e+00 1.268530417504051648e-02
2.458542375305000227e+06 3.068001728805177297e+00 1.268472000864565713e-02
2.458542868371999823e+06 3.068843913113760813e+00 1.268537552832437604e-02
2.458543371966000181e+06 3.081498779115471987e+00 1.268376055207155219e-02
2.458543865032999776e+06 3.092516318644750406e+00 1.268353685414114890e-02
2.458544358099999838e+06 3.079115642294032451e+00 1.268529520119429654e-02
2.458544861694000196e+06 3.085653813661859424e+00 1.268381114125297082e-02
2.458545354760999791e+06 3.068191058826064577e+00 1.268550279774307947e-02
2.458545847827999853e+06 3.081169569531863939e+00 1.268524335418622084e-02
2.458546351420999970e+06 3.066882942173525972e+00 1.268574376809108485e-02
2.458546844488000032e+06 3.063613679168644577e+00 1.268350767664676304e-02
2.458547337555999868e+06 3.108860249967017708e+00 1.268471185449871613e-02
2.458547841148999985e+06 3.059178370588425455e+00 1.268486853807844483e-02
2.458548334216000047e+06 3.090463366845836557e+00 1.268365621622873952e-02
2.458548827283000108e+06 3.088127337751223500e+00 1.268544593614126872e-02
2.458549330877000000e+06 3.083784349343903219e+00 1.268464737918352514e-02
2.458549823944000062e+06 3.101715783373852897e+00 1.268412899728974842e-02
2.458550317011000123e+06 3.091115266218586566e+00 1.268348467210924681e-02
2.458550820605000015e+06 3.085699285871936759e+00 1.268399805817872587e-02
2.458551313672000077e+06 3.092425173978629704e+00 1.268601126547971164e-02
2.458551806739000138e+06 3.081731517455529978e+00 1.268471852661192528e-02
2.458552310331999790e+06 3.071224757345884182e+00 1.268390217769960887e-02
2.458552803400000092e+06 3.067162600577492793e+00 1.268407557585394044e-02
2.458553296467000153e+06 3.086961407047164041e+00 1.268349970875767667e-02
2.458553800059999805e+06 3.094992493265681599e+00 1.268514076870122000e-02
2.458554293126999866e+06 3.080377907740913912e+00 1.268482119796098331e-02
2.458554786193999927e+06 3.071411457387879906e+00 1.268467323330652388e-02
2.458555289787999820e+06 3.075708692216267970e+00 1.268542346049211789e-02
2.458555782854999881e+06 3.093031906234632533e+00 1.268565146681380554e-02
2.458556275921999943e+06 3.074538954928093037e+00 1.268343076225470281e-02
2.458556779515999835e+06 3.074352064776794347e+00 1.268549136506715719e-02
2.458557272582999896e+06 3.059832125351063858e+00 1.268476111955132470e-02
2.458557765649999958e+06 3.080048817904748493e+00 1.268346602471443797e-02
2.458558269243999850e+06 3.081544190094246183e+00 1.268394746825179248e-02
2.458558762310999911e+06 3.070664725310086052e+00 1.268441747881450012e-02
2.458559255377999973e+06 3.050492769968964346e+00 1.268537863622047450e-02
2.458559758971000090e+06 3.078508804453698122e+00 1.268563057100424024e-02
2.458560252038000152e+06 3.102790120854009626e+00 1.268566460813493751e-02
2.458560745105999988e+06 3.063565710772099937e+00 1.268330908518272050e-02
2.458561248699000105e+06 3.066555294061755532e+00 1.268438849628241577e-02
2.458561741766000167e+06 3.083318580184656543e+00 1.268557135455672218e-02
2.458562234833000228e+06 3.060672067056009915e+00 1.268542417706359365e-02
2.458562738427000120e+06 3.069963415099768334e+00 1.268434802098685789e-02
2.458563231494000182e+06 3.087382228814313567e+00 1.268522875297212194e-02
2.458563724560999777e+06 3.065761739849718115e+00 1.268392973823029291e-02
2.458564228155000135e+06 3.063286380326106784e+00 1.268497403475119314e-02
2.458564721222000197e+06 3.060345082478369783e+00 1.268406893939819091e-02
2.458565214288999792e+06 3.068284315220403347e+00 1.268588836833780924e-02
2.458565717881999910e+06 3.072064996916804347e+00 1.268454282064403540e-02
2.458566210950000212e+06 3.070616646512086323e+00 1.268421887310522758e-02
2.458566704016999807e+06 3.073465907069498293e+00 1.268466563905959812e-02
2.458567207609999925e+06 3.073279082144904528e+00 1.268389458391431038e-02
2.458567700676999986e+06 3.089342080059649387e+00 1.268474509052038360e-02
2.458568193744000047e+06 3.081169569531863939e+00 1.268524335418622084e-02
2.458568697337999940e+06 3.067162600577492793e+00 1.268407557585394044e-02
2.458569190405000001e+06 3.078834894033084968e+00 1.268413857865033703e-02
2.458569683472000062e+06 3.051566228928575431e+00 1.268422138895386464e-02
2.458570187065999955e+06 3.089060399370374466e+00 1.268358851813449276e-02
2.458570680133000016e+06 3.074587095140425941e+00 1.268362935562397133e-02
2.458571173200000077e+06 3.068564101410721889e+00 1.268421889845633248e-02
2.458571676793999970e+06 3.074632404264110441e+00 1.268381626987081373e-02
2.458572169861000031e+06 3.089342080059649387e+00 1.268474509052038360e-02
2.458572662928000093e+06 3.082009691212378222e+00 1.268586351792188455e-02
2.458573166521000210e+06 3.082943743911252366e+00 1.268402918102878862e-02
2.458573659587999806e+06 3.064406677367936815e+00 1.268396830439985634e-02
2.458574152656000108e+06 3.075567053857930055e+00 1.268483928860408665e-02
2.458574656249000225e+06 3.073607448664222641e+00 1.268524980295058883e-02
2.458575149315999821e+06 3.089575410785741827e+00 1.268570313942062738e-02
2.458575642382999882e+06 3.094291326717807156e+00 1.268511691409343438e-02
2.458576145976999775e+06 3.066275691030911243e+00 1.268605610068905890e-02
2.458576639043999836e+06 3.076266810829916487e+00 1.268489201311439989e-02
2.458577132110999897e+06 3.073652743351196648e+00 1.268543674107740042e-02
2.458577635704999790e+06 3.094385376418960387e+00 1.268550247295938994e-02
2.458578128771999851e+06 3.074400202062846699e+00 1.268568999070068294e-02
2.458578621838999912e+06 3.063661648316263975e+00 1.268370627122029394e-02
2.458579125432000030e+06 3.076547324916275361e+00 1.268604870436143041e-02
2.458579618499999866e+06 3.117450741751699450e+00 1.268530727510114656e-02
2.458580111566999927e+06 3.088781589235921388e+00 1.268528860513698335e-02
2.458580615160000045e+06 3.073839590990690596e+00 1.268337677908238162e-02
2.458581108227000106e+06 3.087706414422934476e+00 1.268371686232394428e-02
2.458581601294000167e+06 3.104285097378761016e+00 1.268605847047160617e-02
2.458582104888000060e+06 3.093590319018297841e+00 1.268509241923788770e-02
2.458582597955000121e+06 3.098072665867028341e+00 1.268349801676430834e-02
2.458583091022000182e+06 3.090557300197737778e+00 1.268404173069739155e-02
2.458583594616000075e+06 3.081450530683760736e+00 1.268356195664812475e-02
2.458584087683000136e+06 3.070198109956630450e+00 1.268531772350139919e-02
2.458584580750000197e+06 3.086165414662952688e+00 1.268591411549097915e-02
2.458585084344000090e+06 3.081356874119928424e+00 1.268601449132338022e-02
2.458585577411000151e+06 3.059925127679087531e+00 1.268514666760305401e-02
2.458586070478000212e+06 3.065668560125670350e+00 1.268354422716546498e-02
2.458586574070999864e+06 3.082992015723250212e+00 1.268422778376787977e-02
2.458587067137999926e+06 3.095460025897812883e+00 1.268420597458782065e-02
2.458587560206000227e+06 3.074258623961319881e+00 1.268510580653876667e-02
2.458588063798999880e+06 3.085045687266545933e+00 1.268415282423577921e-02
2.458588556865999941e+06 3.082245306991957090e+00 1.268399448345553654e-02
2.458589049933000002e+06 3.071179498438770139e+00 1.268371526218678783e-02
2.458589553526999895e+06 3.069123750331856915e+00 1.268370549622305048e-02
2.458590046593999956e+06 3.084346774154700377e+00 1.268412003417409596e-02
2.458590539661000017e+06 3.105497614666523631e+00 1.268529303958711857e-02
2.458591043254999910e+06 3.083131156351544444e+00 1.268480024435624832e-02
2.458591536321999971e+06 3.106338647618151594e+00 1.268586743555007515e-02
2.458592029389000032e+06 3.092003664839157118e+00 1.268428211460587499e-02
2.458592532982000150e+06 3.094758753431015474e+00 1.268418276227230648e-02
2.458593026049999986e+06 3.071971625613706181e+00 1.268415729094542893e-02
2.458593519117000047e+06 3.076595496575055488e+00 1.268341368955057738e-02
2.458594022710000165e+06 3.064499818737581371e+00 1.268435382835433889e-02
2.458594515777000226e+06 3.090042125108017679e+00 1.268477342033050119e-02
2.458595008843999822e+06 3.074725856440472249e+00 1.268420178920423060e-02
2.458595512438000180e+06 3.073839590990690596e+00 1.268337677908238162e-02
2.458596005504999775e+06 3.071038068652711228e+00 1.268595969955314297e-02
2.458596498571999837e+06 3.084718939881520239e+00 1.268565053482698796e-02
2.458597002166000195e+06 3.067908480999673948e+00 1.268433447356165367e-02
2.458597495232999790e+06 3.087288391964446266e+00 1.268484320242547862e-02
2.458597988299999852e+06 3.092704313002760941e+00 1.268430788754000907e-02
2.458712204272000119e+06 3.091348730869261097e+00 1.268444262581309989e-02
2.458712697339000180e+06 3.086353022948912894e+00 1.268384265721883911e-02
2.458713200931999832e+06 3.101110203906497276e+00 1.268450877404126223e-02
2.458713694000000134e+06 3.082992015723250212e+00 1.268422778376787977e-02
2.458714187067000195e+06 3.064454658932095121e+00 1.268416690618580193e-02
2.458714690659999847e+06 3.062913979349276783e+00 1.268343193383893522e-02
2.458715183726999909e+06 3.092704313002760941e+00 1.268430788754000907e-02
2.458715676793999970e+06 3.074493647181518963e+00 1.268607556698506805e-02
2.458716180387999862e+06 3.087521567580327808e+00 1.268580125873592160e-02
2.458716673454999924e+06 3.091630620223527526e+00 1.268559927608206399e-02
2.458717166521999985e+06 3.076314978096490904e+00 1.268509062936345501e-02
2.458717670115999877e+06 3.099148595905087511e+00 1.268504844901101151e-02
2.458718163182999939e+06 3.084204738007148450e+00 1.268353592230968621e-02
2.458718656250000000e+06 3.092655889120896173e+00 1.268410928354670245e-02
2.458719159843999892e+06 3.064127270244122681e+00 1.268563396835017953e-02
2.458719652910999954e+06 3.066510103965888856e+00 1.268420157360299408e-02
2.458720145978000015e+06 3.054648197833217615e+00 1.268577824306622859e-02
2.458720649571000133e+06 3.092843891963408698e+00 1.268488035174359686e-02
2.458721142638000194e+06 3.061839348613105916e+00 1.268462203775344056e-02
2.458721635706000030e+06 3.094804359817442840e+00 1.268436968467455406e-02
2.458722139299000148e+06 3.073465907069498293e+00 1.268466563905959812e-02
2.458722632366000209e+06 3.085793074421583349e+00 1.268438358303756314e-02
2.458723125432999805e+06 3.075940993244708821e+00 1.268354851427685309e-02
2.458723629027000163e+06 3.074400202062846699e+00 1.268568999070068294e-02
2.458724122094000224e+06 3.075802177105955160e+00 1.268580902867542416e-02
2.458724615160999820e+06 3.084159287821380158e+00 1.268334901219416583e-02
2.458725118755000178e+06 3.076453817378818290e+00 1.268566312889350158e-02
2.458725611821999773e+06 3.071832988611121973e+00 1.268358485937331852e-02
2.458726104888999835e+06 3.069683501322539421e+00 1.268601876779323900e-02
2.458726608481999952e+06 3.091770150726609767e+00 1.268332417302418628e-02
2.458727101549999788e+06 3.077340836575975569e+00 1.268365205408738400e-02
2.458727594616999850e+06 3.080610561424208971e+00 1.268577925260948140e-02
2.458728098209999967e+06 3.099848008043535330e+00 1.268505613000679710e-02
2.458728591277000029e+06 3.060159055121453253e+00 1.268329792052412530e-02
2.458729084344000090e+06 3.089669317148587169e+00 1.268608871610465809e-02
2.458729587937999982e+06 3.059550317375444806e+00 1.268359286367784500e-02
2.458730081005000044e+06 3.081217813564368857e+00 1.268544197593646922e-02
2.458730574072000105e+06 3.084065548928500267e+00 1.268580404812327811e-02
2.458731077665999997e+06 3.082710914021501658e+00 1.268591054022778775e-02
2.458731570733000059e+06 3.085653813661859424e+00 1.268381114125297082e-02
2.458732063800000120e+06 3.070896645379594947e+00 1.268537550297100386e-02
2.458732567394000012e+06 3.090602844668795424e+00 1.268422865102126346e-02
2.458733060461000074e+06 3.095645348008015940e+00 1.268496536537232038e-02
2.458733553528000135e+06 3.092798314467291032e+00 1.268469342181594017e-02
2.458734057120999787e+06 3.056190349342073453e+00 1.268373814356057484e-02
2.458734550187999848e+06 3.095271864029939035e+00 1.268343494738388005e-02
2.458735043256000150e+06 3.090275508706873175e+00 1.268573147137046914e-02
2.458735546848999802e+06 3.081964273373776209e+00 1.268567657350589718e-02
2.458736039915999863e+06 3.084625183978765062e+00 1.268526497146088908e-02
2.458736532982999925e+06 3.071224757345884182e+00 1.268390217769960887e-02
2.458737036576999817e+06 3.084718939881520239e+00 1.268565053482698796e-02
2.458737529643999878e+06 3.095973252767620476e+00 1.268345751754509226e-02
2.458738022710999940e+06 3.048203798924030483e+00 1.268428252017876103e-02
2.458738526304999832e+06 3.071272845665490969e+00 1.268410077845011363e-02
2.458739019371999893e+06 3.072113098392631692e+00 1.268474143142554050e-02
2.458739512438999955e+06 3.085560029344856847e+00 1.268342563379273348e-02
2.458740016032000072e+06 3.080982276329370606e+00 1.268447226392371147e-02
2.458740509099999908e+06 3.060672067056009915e+00 1.268542417706359365e-02
2.458741002166999970e+06 3.076221477620904032e+00 1.268470508301493271e-02
2.458741505760000087e+06 3.096905832632202316e+00 1.268442571718734861e-02
2.458741998827000149e+06 3.061605292724227212e+00 1.268365238841913378e-02
2.458742491894000210e+06 3.075380101212199513e+00 1.268406822290330839e-02
2.458742995488000102e+06 3.079209230736563718e+00 1.268568076547925763e-02
2.458743488555000164e+06 3.074819311457283266e+00 1.268458732025538362e-02
2.458743981622000225e+06 3.087100726820782182e+00 1.268407213648679345e-02
2.458744485216000117e+06 3.062400591638505531e+00 1.268412658640804581e-02
2.458744978283000179e+06 3.080610561424208971e+00 1.268577925260948140e-02
2.458745471349999774e+06 3.076173311818309664e+00 1.268450647280255396e-02
2.458745974944000132e+06 3.085560029344856847e+00 1.268342563379273348e-02
2.458746468011000194e+06 3.109699329449548522e+00 1.268527131155237214e-02
2.458746961077999789e+06 3.093823970603866602e+00 1.268605049437104837e-02
2.458747464670999907e+06 3.079770821130956904e+00 1.268515782354868310e-02
2.458747957737999968e+06 3.080704195304177162e+00 1.268332739818452994e-02
2.458748450805999804e+06 3.069075695661615644e+00 1.268350690166165744e-02
2.458748954398999922e+06 3.070291427354466585e+00 1.268570328847091859e-02
2.458749447465999983e+06 3.073978318554623890e+00 1.268394920126347629e-02
2.458749940533000045e+06 3.092983477223480548e+00 1.268545284178342059e-02
2.458750444126999937e+06 3.062211618932167312e+00 1.268334388223305367e-02
2.458750937193999998e+06 3.057077157409577417e+00 1.268460288399259929e-02
2.458751430261000060e+06 3.093590319018297841e+00 1.268509241923788770e-02
2.458751933854999952e+06 3.075006230012562014e+00 1.268535841751218009e-02
2.458752426922000013e+06 3.069123750331856915e+00 1.268370549622305048e-02
2.458752919989000075e+06 3.086353022948912894e+00 1.268384265721883911e-02
2.458753423582000192e+06 3.077247304920793347e+00 1.268326655146243334e-02
2.458753916650000028e+06 3.054788872820452195e+00 1.268354889366738597e-02
2.458754409717000090e+06 3.073420615135824985e+00 1.268447871229608052e-02
2.458754913310000207e+06 3.065295869549369723e+00 1.268482554190352753e-02
2.458755406376999803e+06 3.077947444185653136e+00 1.268331737022100440e-02
2.458755899443999864e+06 3.082943743911252366e+00 1.268402918102878862e-02
2.458756403038000222e+06 3.082943743911252366e+00 1.268402918102878862e-02
2.458756896104999818e+06 3.085793074421583349e+00 1.268438358303756314e-02
2.458757389171999879e+06 3.092655889120896173e+00 1.268410928354670245e-02
2.458757892765999772e+06 3.073092268576724795e+00 1.268595399821749285e-02
2.458758385832999833e+06 3.076079815648469218e+00 1.268412094420864715e-02
2.458758878899999894e+06 3.069824868727030420e+00 1.268377558080721092e-02
2.458759382493999787e+06 3.058290952993354850e+00 1.268400565531197823e-02
2.458759875560999848e+06 3.085932341466369966e+00 1.268495605065737657e-02
2.458760368627999909e+06 3.070384747588635221e+00 1.268326093629965935e-02
2.458760872221000027e+06 3.076501987573484698e+00 1.268586175721645760e-02
2.458761365288000088e+06 3.072531896003780627e+00 1.268364073845796094e-02
2.458761858355999924e+06 3.068236273693579985e+00 1.268568973959818824e-02
2.458762361949000042e+06 3.066976158808201625e+00 1.268330455657647009e-02
2.458762855016000103e+06 3.069403613067347436e+00 1.268486207927576985e-02
2.458763348083000164e+06 3.089296554167758391e+00 1.268455816258599357e-02
2.458763851677000057e+06 3.056795603164197850e+00 1.268343464269247947e-02
2.458764344744000118e+06 3.090463366845836557e+00 1.268365621622873952e-02
2.458764837811000179e+06 3.075286629150934203e+00 1.268368270762942202e-02
2.458765341405000072e+06 3.074725856440472249e+00 1.268420178920423060e-02
2.458765834472000133e+06 3.063148135285607587e+00 1.268440156631976505e-02
2.458766327539000195e+06 3.091909687526939177e+00 1.268389659283107943e-02
2.458766831131999847e+06 3.072905466364269866e+00 1.268518286475749449e-02
2.458767324200000148e+06 3.083224866843949918e+00 1.268518579359716181e-02
2.458767817267000210e+06 3.081964273373776209e+00 1.268567657350589718e-02
2.458768320859999862e+06 3.070803309586967789e+00 1.268498994796408985e-02
2.458768813926999923e+06 3.084346774154700377e+00 1.268412003417409596e-02
2.458769306993999984e+06 3.090275508706873175e+00 1.268573147137046914e-02
2.458769810587999877e+06 3.069265091958269576e+00 1.268428961589681062e-02
2.458770303654999938e+06 3.043723518111512316e+00 1.268526264399812142e-02
2.458770796721999999e+06 3.077247304920793347e+00 1.268326655146243334e-02
2.458771300315999892e+06 3.056283240979825955e+00 1.268412366051937384e-02
2.458771793382999953e+06 3.090557300197737778e+00 1.268404173069739155e-02
2.458772286450000014e+06 3.072113098392631692e+00 1.268474143142554050e-02
2.458772790043999907e+06 3.082523527126228124e+00 1.268513940940944190e-02
2.458773283110999968e+06 3.048905754599346984e+00 1.268439537446688740e-02
2.458773776178000029e+06 3.081825185406501522e+00 1.268510407336909986e-02
2.458774279771000147e+06 3.080704195304177162e+00 1.268332739818452994e-02
2.458774772838000208e+06 3.067583548672804028e+00 1.268581638263524373e-02
2.458775265906000044e+06 3.091676180511730099e+00 1.268578621935894171e-02
2.458775769499000162e+06 3.085093991990144335e+00 1.268435142891083389e-02
2.458776262566000223e+06 3.079861592828711192e+00 1.268553169984623988e-02
2.458776755632999819e+06 3.095411558868494062e+00 1.268400737219020635e-02
2.458777259227000177e+06 3.058476866788167214e+00 1.268477671720930761e-02
2.458777752293999773e+06 3.060297165259734165e+00 1.268387033914619710e-02
2.458778245360999834e+06 3.078647742747107952e+00 1.268336755554315236e-02
2.458778748955000192e+06 3.063661648316263975e+00 1.268370627122029394e-02
2.458779242021999788e+06 3.052732849363423817e+00 1.268344725277550933e-02
2.458779735088999849e+06 3.080655959313627346e+00 1.268596619853861254e-02
2.458780238681999967e+06 3.076408481413985374e+00 1.268547618743049755e-02
2.458780731749999803e+06 3.093963600096549804e+00 1.268377339143588259e-02
2.458781224816999864e+06 3.073279082144904528e+00 1.268389458391431038e-02
2.458781728409999982e+06 3.075615210167928826e+00 1.268503790402764064e-02
2.458782221477000043e+06 3.093123068783280694e+00 1.268602535766072750e-02
2.458782714544000104e+06 3.087521567580327808e+00 1.268580125873592160e-02
2.458783218137999997e+06 3.081683265379728809e+00 1.268451991618905345e-02
2.458783711205000058e+06 3.099054401432243644e+00 1.268466290394446028e-02
2.459622427943999879e+06 3.065575383233706042e+00 1.268598222708931800e-02
2.459622921010999940e+06 3.060858125598960200e+00 1.268337617067624538e-02
2.459623424604999833e+06 3.074445508432352980e+00 1.268587693531439409e-02
2.459623917671999894e+06 3.072580004790174346e+00 1.268383933511493117e-02
2.459624410738999955e+06 3.078369872430524179e+00 1.268505807294351834e-02
2.459624914332000073e+06 3.063148135285607587e+00 1.268440156631976505e-02
2.459625407399999909e+06 3.069544967582201966e+00 1.268544625221333134e-02
2.459625900466999970e+06 3.074213320345824840e+00 1.268491887328874849e-02
2.459626404060000088e+06 3.083457735551345724e+00 1.268330390625596604e-02
2.459626897127000149e+06 3.089714848533756442e+00 1.268342993405355106e-02
2.459627390194000211e+06 3.077108429828651737e+00 1.268552828168910754e-02
2.459627893788000103e+06 3.077714991626145924e+00 1.268519418176275795e-02
2.459628386855000164e+06 3.087706414422934476e+00 1.268371686232394428e-02
2.459628879922000226e+06 3.084625183978765062e+00 1.268526497146088908e-02
2.459629383516000118e+06 3.052640065635061184e+00 1.268587334177894224e-02
2.459629876583000179e+06 3.060719990144745495e+00 1.268562280164511370e-02
2.459630369649999775e+06 3.060393000447278578e+00 1.268426754275980319e-02
2.459630873244000133e+06 3.078883101509938935e+00 1.268433718310234097e-02
2.459631366311000194e+06 3.106104050899907598e+00 1.268490937424187476e-02
2.459631859377999790e+06 3.073233792964364497e+00 1.268370766851339808e-02
2.459632362970999908e+06 3.079441796152428523e+00 1.268380261433899731e-02
2.459632856037999969e+06 3.075986322320330757e+00 1.268373542733241058e-02
2.459633349105999805e+06 3.079209230736563718e+00 1.268568076547925763e-02
2.459633852698999923e+06 3.098306655993690040e+00 1.268445597147600801e-02
2.459634345765999984e+06 3.080655959313627346e+00 1.268596619853861254e-02
2.459634838833000045e+06 3.071318105948241062e+00 1.268428769964419570e-02
2.459635342426999938e+06 3.070336673174384856e+00 1.268589023328059277e-02
2.459635835493999999e+06 3.056001759853484767e+00 1.268577014499389088e-02
2.459636328561000060e+06 3.072625284336064411e+00 1.268402625245616810e-02
2.459636832154999953e+06 3.063847888596149982e+00 1.268447731491803392e-02
2.459637325222000014e+06 3.075986322320330757e+00 1.268373542733241058e-02
2.459637818289000075e+06 3.098212487110493019e+00 1.268407044441706433e-02
2.459638321882000193e+06 3.057029291358335676e+00 1.268440427538039886e-02
2.459638814950000029e+06 3.083037448707334427e+00 1.268441470683355325e-02
2.459639308017000090e+06 3.076689008418802995e+00 1.268379919664777179e-02
2.459639811610000208e+06 3.070571396566359024e+00 1.268403195292544874e-02
2.459640304676999804e+06 3.088033478254778252e+00 1.268506037899367646e-02
2.459640797743999865e+06 3.093262666643082692e+00 1.268374889917466691e-02
2.459641301338000223e+06 3.100176357967902696e+00 1.268354442059081710e-02
2.459641794404999819e+06 3.056702695953872340e+00 1.268586447389997811e-02
2.459642287471999880e+06 3.086961407047164041e+00 1.268349970875767667e-02
2.459642791065999772e+06 3.068982415214327464e+00 1.268594804071239250e-02
2.459643284132999834e+06 3.080284283778019994e+00 1.268443565980147125e-02
2.459643777199999895e+06 3.100456196655819507e+00 1.268468930591957512e-02
2.459644280793999787e+06 3.089014877629463030e+00 1.268340160724389445e-02
2.459644773860999849e+06 3.057448848722938539e+00 1.268332911281690178e-02
2.459645266927999910e+06 3.089854292574822026e+00 1.268400235863357921e-02
2.459645770521000028e+06 3.096298340462902754e+00 1.268478932361574024e-02
2.459646263588000089e+06 3.078415237299695573e+00 1.268524500824491121e-02
2.459646756655999925e+06 3.051147478804446589e+00 1.268529101172551424e-02
2.459647260249000043e+06 3.081918856204461932e+00 1.268548963184476866e-02
2.459647753316000104e+06 3.091442691131434106e+00 1.268482816418434189e-02
2.459648246383000165e+06 3.086165414662952688e+00 1.268591411549097915e-02
2.459648749977000058e+06 3.066368889208440862e+00 1.268361745798363832e-02
2.459649243044000119e+06 3.080936873631192618e+00 1.268428534000981024e-02
2.459649736111000180e+06 3.071318105948241062e+00 1.268428769964419570e-02
2.459650239705000073e+06 3.089202659134545392e+00 1.268417263242108822e-02
2.459650732772000134e+06 3.064640947419161154e+00 1.268493797788554193e-02
2.459651225839000195e+06 3.077947444185653136e+00 1.268331737022100440e-02
2.459651729431999847e+06 3.093496293481839743e+00 1.268470687283492632e-02
2.459652222500000149e+06 3.067956517394017535e+00 1.268453308108092453e-02
2.459652715567000210e+06 3.072531896003780627e+00 1.268364073845796094e-02
2.459653219159999862e+06 3.072812069516227762e+00 1.268479731560560181e-02
2.459653712226999924e+06 3.065061549433995669e+00 1.268385587701277052e-02
2.459654205293999985e+06 3.089948207414173531e+00 1.268438788362312442e-02
2.459654708887999877e+06 3.098121174563165159e+00 1.268369661118658523e-02
2.459655201954999939e+06 3.067583548672804028e+00 1.268581638263524373e-02
2.459655695022000000e+06 3.090414978051477135e+00 1.268345762243890118e-02
2.459656198615999892e+06 3.099334138846304931e+00 1.268580789023361632e-02
2.459656691682999954e+06 3.074912769314610994e+00 1.268497286302455555e-02
2.459657184750000015e+06 3.095226250754175901e+00 1.268324803875636730e-02
2.459657688343999907e+06 3.083971812884678698e+00 1.268541848009131084e-02
2.459658181410999969e+06 3.072345127854355873e+00 1.268569948004946192e-02
2.459658674478000030e+06 3.078228111523140687e+00 1.268447391788185899e-02
2.459659178071000148e+06 3.081637852351480245e+00 1.268433299157296912e-02
2.459659671138000209e+06 3.074912769314610994e+00 1.268497286302455555e-02
2.459660164206000045e+06 3.058758575890780484e+00 1.268594508212475373e-02
2.459660667799000163e+06 3.074819311457283266e+00 1.268458732025538362e-02
2.459661160866000224e+06 3.078976682884479565e+00 1.268472271826869696e-02
2.459661653932999820e+06 3.075802177105955160e+00 1.268580902867542416e-02
2.459662157527000178e+06 3.077995637767081849e+00 1.268351596181477130e-02
2.459662650593999773e+06 3.090463366845836557e+00 1.268365621622873952e-02
2.459663143660999835e+06 3.097698889037467929e+00 1.268482086192259523e-02
2.459663647255000193e+06 3.070944728561723291e+00 1.268557412679040090e-02
2.459664140321999788e+06 3.065996113493771880e+00 1.268489940876764768e-02
2.459664633388999850e+06 3.074632404264110441e+00 1.268381626987081373e-02
2.459665136981999967e+06 3.074400202062846699e+00 1.268568999070068294e-02
2.459665630049999803e+06 3.101901480010028411e+00 1.268488838346569503e-02
2.459666123116999865e+06 3.082429837950094509e+00 1.268475386157827400e-02
2.459666626709999982e+06 3.104285097378761016e+00 1.268605847047160617e-02
2.459667119777000044e+06 3.078415237299695573e+00 1.268524500824491121e-02
2.459667612844000105e+06 3.061419188763668586e+00 1.268570106614068729e-02
2.459668116437999997e+06 3.088969356559370105e+00 1.268605974502491456e-02
2.459668609505000059e+06 3.094336926215918826e+00 1.268530385026191143e-02
2.459669102572000120e+06 3.069544967582201966e+00 1.268544625221333134e-02
2.459669606166000012e+06 3.085278693496217084e+00 1.268511082840354312e-02
2.459670099233000074e+06 3.078228111523140687e+00 1.268447391788185899e-02
2.459670592300000135e+06 3.063520564732025608e+00 1.268594378512370204e-02
2.459671095894000027e+06 3.087146220353516934e+00 1.268425905725874270e-02
2.459671588961000089e+06 3.078182749411535912e+00 1.268428699394358664e-02
2.459672082028000150e+06 3.075754017868539414e+00 1.268561040117806120e-02
2.459672585620999802e+06 3.101621510874783105e+00 1.268374348016870594e-02
2.459673078687999863e+06 3.066227680954033197e+00 1.268585746932318105e-02
2.459673571756000165e+06 3.096580681154878167e+00 1.268594600549887222e-02
2.459674075348999817e+06 3.072812069516227762e+00 1.268479731560560181e-02
2.459674568415999878e+06 3.072158371057894577e+00 1.268492836206070243e-02
2.459675061482999939e+06 3.096252712060535650e+00 1.268460239502954869e-02
2.459675565076999832e+06 3.083971812884678698e+00 1.268541848009131084e-02
2.459676058143999893e+06 3.078883101509938935e+00 1.268433718310234097e-02
2.459676551210999954e+06 3.069731565509620008e+00 1.268339007442778957e-02
2.459677054804999847e+06 3.091582213152960001e+00 1.268540065186889512e-02
2.459677547871999908e+06 3.067442284482538639e+00 1.268523219265289652e-02
2.459678040938999970e+06 3.078647742747107952e+00 1.268336755554315236e-02
2.459678544532000087e+06 3.069310322653438838e+00 1.268447653987368057e-02
2.459679037599999923e+06 3.076689008418802995e+00 1.268379919664777179e-02
2.459679530666999985e+06 3.067956517394017535e+00 1.268453308108092453e-02
2.459680034260000102e+06 3.103676157685441694e+00 1.268356996045654286e-02
2.459680527327000163e+06 3.072905466364269866e+00 1.268518286475749449e-02
2.459681020394000225e+06 3.099054401432243644e+00 1.268466290394446028e-02
2.459681523988000117e+06 3.091257620615051938e+00 1.268406878161344731e-02
2.459682017055000179e+06 3.068750639711182782e+00 1.268498997331669181e-02
2.459682510121999774e+06 3.075708692216267970e+00 1.268542346049211789e-02
2.459683013716000132e+06 3.094057639836588436e+00 1.268415890946602599e-02
2.459683506783000194e+06 3.087100726820782182e+00 1.268407213648679345e-02
2.459683999849999789e+06 3.091958099725002462e+00 1.268409519349414198e-02
2.459684503444000147e+06 3.084204738007148450e+00 1.268353592230968621e-02
2.459684996511000209e+06 3.084346774154700377e+00 1.268412003417409596e-02
2.459685489577999804e+06 3.079257444074669614e+00 1.268587939407836256e-02
2.459685993170999922e+06 3.082290728972053806e+00 1.268418140308314249e-02
2.459686486237999983e+06 3.076314978096490904e+00 1.268509062936345501e-02
2.459686979305999819e+06 3.107457517129693425e+00 1.268471259921452078e-02
2.459687482898999937e+06 3.074538954928093037e+00 1.268343076225470281e-02
2.459687975965999998e+06 3.053388038973604779e+00 1.268335715012717038e-02
2.459688469033000059e+06 3.062073422395263478e+00 1.268559176121622327e-02
2.459688972626999952e+06 3.069731565509620008e+00 1.268339007442778957e-02
2.459689465694000013e+06 3.074867456059344750e+00 1.268478593173365081e-02
2.459689958761000074e+06 3.068982415214327464e+00 1.268594804071239250e-02
2.459690462354999967e+06 3.080329676859197452e+00 1.268462258593053976e-02
2.459690955422000028e+06 3.070198109956630450e+00 1.268531772350139919e-02
2.459691448489000089e+06 3.077014905237161368e+00 1.268514272203872563e-02
2.459691952082000207e+06 3.087100726820782182e+00 1.268407213648679345e-02
2.459692445150000043e+06 3.095317477977888920e+00 1.268362185876579541e-02
2.459692938217000104e+06 3.087382228814313567e+00 1.268522875297212194e-02
2.459693441810000222e+06 3.063193275837308160e+00 1.268458849194640907e-02
2.459693934876999818e+06 3.067442284482538639e+00 1.268523219265289652e-02
2.459807647255999967e+06 3.056190349342073453e+00 1.268373814356057484e-02
2.459808150849000085e+06 3.077247304920793347e+00 1.268326655146243334e-02
2.459808643916000146e+06 3.082197046871518520e+00 1.268379588436933415e-02
2.459809136983000208e+06 3.076921383488216311e+00 1.268475717410687612e-02
2.459809640577000100e+06 3.074352064776794347e+00 1.268549136506715719e-02
2.459810133644000161e+06 3.069683501322539421e+00 1.268601876779323900e-02
2.459810626711000223e+06 3.064782082600117086e+00 1.268552215431848797e-02
2.459811130305000115e+06 3.080097044388859562e+00 1.268366461863579264e-02
2.459811623372000176e+06 3.090181583919636488e+00 1.268534590554437104e-02
2.459812116438999772e+06 3.091257620615051938e+00 1.268406878161344731e-02
2.459812620031999890e+06 3.108951879032737065e+00 1.268508571765199211e-02
2.459813113100000191e+06 3.106012505767243859e+00 1.268453551628590664e-02
2.459813606166999787e+06 3.092843891963408698e+00 1.268488035174359686e-02
2.459814109759999905e+06 3.074026449988669363e+00 1.268414780275026188e-02
2.459814602826999966e+06 3.087706414422934476e+00 1.268371686232394428e-02
2.459815095894000027e+06 3.098820354834396440e+00 1.268370493360482069e-02
2.459815599487999920e+06 3.074819311457283266e+00 1.268458732025538362e-02
2.459816092554999981e+06 3.068284315220403347e+00 1.268588836833780924e-02
2.459816585622000042e+06 3.070758056890491972e+00 1.268480301642141428e-02
2.459817089215999935e+06 3.092798314467291032e+00 1.268469342181594017e-02
2.459817582282999996e+06 3.067815236028303083e+00 1.268394895019543667e-02
2.459818075350000057e+06 3.064313538829209982e+00 1.268358279216290352e-02
2.459818578943999950e+06 3.080142434710755328e+00 1.268385153340229402e-02
2.459819072011000011e+06 3.076079815648469218e+00 1.268412094420864715e-02
2.459819565078000072e+06 3.060624144717617678e+00 1.268522555559198697e-02
2.459820068671000190e+06 3.090508909932631276e+00 1.268384313087141980e-02
2.459820561737999786e+06 3.095132175495762805e+00 1.268571327049414048e-02
2.459821054806000087e+06 3.071646262945761041e+00 1.268564296068313939e-02
2.459821558399000205e+06 3.090042125108017679e+00 1.268477342033050119e-02
2.459822051465999801e+06 3.056423991265313944e+00 1.268470779945075379e-02
2.459822544532999862e+06 3.071224757345884182e+00 1.268390217769960887e-02
2.459823048127000220e+06 3.085793074421583349e+00 1.268438358303756314e-02
2.459823541193999816e+06 3.082429837950094509e+00 1.268475386157827400e-02
2.459824034260999877e+06 3.071318105948241062e+00 1.268428769964419570e-02
2.459824537854999769e+06 3.077482556621907062e+00 1.268423617129998786e-02
2.459825030921999831e+06 3.077669637076109854e+00 1.268500724721040307e-02
2.459825523988999892e+06 3.067069378276169100e+00 1.268369006035661301e-02
2.459826027582000010e+06 3.058383908478094604e+00 1.268439118040172800e-02
2.459826520649999846e+06 3.086961407047164041e+00 1.268349970875767667e-02
2.459827013716999907e+06 3.091257620615051938e+00 1.268406878161344731e-02
2.459827517310000025e+06 3.086259217380380893e+00 1.268345714880072042e-02
2.459828010377000086e+06 3.084020100793872565e+00 1.268561710458362447e-02
2.459828503444000147e+06 3.059319254202618854e+00 1.268545271131345069e-02
2.459829007038000040e+06 3.070664725310086052e+00 1.268441747881450012e-02
2.459829500105000101e+06 3.064968390991309022e+00 1.268347036819289508e-02
2.459829993172000162e+06 3.078647742747107952e+00 1.268336755554315236e-02
2.459830496766000055e+06 3.089948207414173531e+00 1.268438788362312442e-02
2.459830989833000116e+06 3.086401348142383316e+00 1.268404125703739664e-02
2.459831482900000177e+06 3.097838693411754551e+00 1.268539334927758569e-02
2.459831986494000070e+06 3.030461702650533162e+00 1.268581482148787611e-02
2.459832479561000131e+06 3.068843913113760813e+00 1.268537552832437604e-02
2.459832972628000192e+06 3.060159055121453253e+00 1.268329792052412530e-02
2.459833476220999844e+06 3.098726170338011343e+00 1.268331942937266782e-02
2.459833969287999906e+06 3.075241310386306548e+00 1.268349579535081074e-02
2.459834462356000207e+06 3.052732849363423817e+00 1.268344725277550933e-02
2.459834965948999859e+06 3.093031906234632533e+00 1.268565146681380554e-02
2.459835459015999921e+06 3.085233227484172058e+00 1.268492389507951991e-02
2.459835952082999982e+06 3.079583612953342264e+00 1.268438673848527355e-02
2.459836455676999874e+06 3.083224866843949918e+00 1.268518579359716181e-02
2.459836948743999936e+06 3.078321672989531965e+00 1.268485945720421171e-02
2.459837441810999997e+06 3.058009286958419448e+00 1.268565399965547458e-02
2.459837945404999889e+06 3.082943743911252366e+00 1.268402918102878862e-02
2.459838438471999951e+06 3.082710914021501658e+00 1.268591054022778775e-02
2.459838931539000012e+06 3.073372493187611187e+00 1.268428010562808878e-02
2.459839435132000130e+06 3.047785510208200321e+00 1.268534903807418818e-02
2.459839928199999966e+06 3.075286629150934203e+00 1.268368270762942202e-02
2.459840421267000027e+06 3.065713737820007889e+00 1.268373114015784210e-02
2.459840924860000145e+06 3.068657369143535263e+00 1.268460443002747406e-02
2.459841417927000206e+06 3.094057639836588436e+00 1.268415890946602599e-02
2.459841910993999802e+06 3.075193159930637243e+00 1.268329720407279995e-02
2.459842414588000160e+06 3.071784891521101013e+00 1.268338626670079128e-02
2.459842907655000221e+06 3.060066045683517810e+00 1.268573085364673760e-02
2.459843400721999817e+06 3.051940061141223737e+00 1.268577526987658792e-02
2.459843904316000175e+06 3.055441689535443928e+00 1.268344523686948215e-02
2.459844397382999770e+06 3.093077487173101048e+00 1.268583841085980241e-02
2.459844890449999832e+06 3.076921383488216311e+00 1.268475717410687612e-02
2.459845394044000190e+06 3.057589652687872750e+00 1.268391321515712628e-02
2.459845887110999785e+06 3.067397081315593965e+00 1.268504525754039595e-02
2.459846380177999847e+06 3.081683265379728809e+00 1.268451991618905345e-02
2.459846883770999964e+06 3.063661648316263975e+00 1.268370627122029394e-02
2.459847376838000026e+06 3.082429837950094509e+00 1.268475386157827400e-02
2.459847869905999862e+06 3.067583548672804028e+00 1.268581638263524373e-02
2.459848373498999979e+06 3.073652743351196648e+00 1.268543674107740042e-02
2.459848866566000041e+06 3.092237196588474735e+00 1.268524012853863674e-02
2.459849359633000102e+06 3.068750639711182782e+00 1.268498997331669181e-02
2.459849863226999994e+06 3.073607448664222641e+00 1.268524980295058883e-02
2.459850356294000056e+06 3.054696026602019110e+00 1.268597687319165251e-02
2.459850849361000117e+06 3.088315065302672746e+00 1.268337264230066930e-02
2.459851352955000009e+06 3.080704195304177162e+00 1.268332739818452994e-02
2.459851846022000071e+06 3.084437680721913821e+00 1.268449387988434401e-02
2.459852339089000132e+06 3.073887720252581612e+00 1.268357537160635408e-02
2.459852842681999784e+06 3.082245306991957090e+00 1.268399448345553654e-02
2.459853335750000086e+06 3.062727795838370071e+00 1.268548183023278202e-02
2.459853828817000147e+06 3.064079293806048376e+00 1.268543534359381497e-02
2.459854332409999799e+06 3.096346821377183200e+00 1.268498793825691140e-02
2.459854825476999860e+06 3.078976682884479565e+00 1.268472271826869696e-02
2.459855318543999922e+06 3.068236273693579985e+00 1.268568973959818824e-02
2.459855822137999814e+06 3.092937897670383407e+00 1.268526590341933873e-02
2.459856315204999875e+06 3.102415774872090193e+00 1.268413410578412941e-02
2.459856808271999937e+06 3.072531896003780627e+00 1.268364073845796094e-02
2.459857311865999829e+06 3.078089192167540400e+00 1.268390147202048783e-02
2.459857804932999890e+06 3.086728273735692696e+00 1.268538480806843949e-02
2.459858297999999952e+06 3.066882942173525972e+00 1.268574376809108485e-02
2.459858801593999844e+06 3.084159287821380158e+00 1.268334901219416583e-02
2.459859294660999905e+06 3.078883101509938935e+00 1.268433718310234097e-02
2.459859787727999967e+06 3.099334138846304931e+00 1.268580789023361632e-02
2.459860291321000084e+06 3.081731517455529978e+00 1.268471852661192528e-02
2.459860784388000146e+06 3.091348730869261097e+00 1.268444262581309989e-02
2.459861277455999982e+06 3.065854922405914618e+00 1.268431526101253259e-02
2.459861781049000099e+06 3.089575410785741827e+00 1.268570313942062738e-02
2.459862274116000161e+06 3.082710914021501658e+00 1.268591054022778775e-02
2.459862767183000222e+06 3.057871280071283948e+00 1.268508150053742657e-02
2.459863270777000114e+06 3.080329676859197452e+00 1.268462258593053976e-02
2.459863763844000176e+06 3.085278693496217084e+00 1.268511082840354312e-02
2.459864256910999771e+06 3.078089192167540400e+00 1.268390147202048783e-02
2.459864760505000129e+06 3.066789728372034673e+00 1.268535820189124579e-02
2.459865253572000191e+06 3.062259566126746879e+00 1.268354247424194337e-02
2.459865746638999786e+06 3.082571792358596685e+00 1.268533802953215363e-02
2.459866250231999904e+06 3.069776803079048655e+00 1.268357698514843007e-02
2.459866743300000206e+06 3.064175247433397420e+00 1.268583259621654594e-02
2.459867236366999801e+06 3.066976158808201625e+00 1.268330455657647009e-02
2.459867739959999919e+06 3.071224757345884182e+00 1.268390217769960887e-02
2.459868233026999980e+06 3.049838201619542222e+00 1.268546563903346497e-02
2.459868726094000041e+06 3.066089303173657576e+00 1.268528496102261718e-02
2.459869229687999934e+06 3.091582213152960001e+00 1.268540065186889512e-02
2.459869722754999995e+06 3.062352642235825595e+00 1.268392798525344936e-02
2.459870215822000057e+06 3.067535518118202020e+00 1.268561775502273503e-02
2.459870719415999949e+06 3.073978318554623890e+00 1.268394920126347629e-02
2.459871212483000010e+06 3.060531121143906574e+00 1.268484000514256450e-02
2.459871705550000072e+06 3.061512239329826190e+00 1.268326688578398122e-02
2.459872209143999964e+06 3.077527908415003566e+00 1.268442309448926386e-02
2.459872702211000025e+06 3.082103367618315382e+00 1.268341037737281442e-02
2.459873195278000087e+06 3.053854912199107208e+00 1.268529647778133575e-02
2.459873698871000204e+06 3.068982415214327464e+00 1.268594804071239250e-02
2.459874191937999800e+06 3.079209230736563718e+00 1.268568076547925763e-02
2.459874685006000102e+06 3.099802327331719010e+00 1.268486919748883571e-02
2.459875188599000219e+06 3.070384747588635221e+00 1.268326093629965935e-02
2.459875681665999815e+06 3.090742328786634019e+00 1.268480111164877605e-02
2.459876174732999876e+06 3.104096399066571532e+00 1.268528733066111129e-02
2.459876678326999769e+06 3.058758575890780484e+00 1.268594508212475373e-02
2.459877171393999830e+06 3.087848611832348045e+00 1.268430098252110172e-02
2.459877664460999891e+06 3.067069378276169100e+00 1.268369006035661301e-02
2.459878168054999784e+06 3.080655959313627346e+00 1.268596619853861254e-02
2.459878661121999845e+06 3.068937189351335082e+00 1.268576109505080256e-02
2.459879154188999906e+06 3.066462090218700531e+00 1.268400297127428994e-02
2.459987411249999888e+06 3.070709976631166960e+00 1.268460440467564232e-02
2.459987904316999950e+06 3.068470836512645850e+00 1.268383337860286286e-02
2.459988407910000067e+06 3.075754017868539414e+00 1.268561040117806120e-02
2.459988900977000128e+06 3.097932850933646787e+00 1.268577891654567441e-02
2.459989394044000190e+06 3.068377574449241862e+00 1.268344787046679460e-02
2.459989897638000082e+06 3.071272845665490969e+00 1.268410077845011363e-02
2.459990390705000143e+06 3.081825185406501522e+00 1.268510407336909986e-02
2.459990883772000205e+06 3.071038068652711228e+00 1.268595969955314297e-02
2.459991387366000097e+06 3.067349053680596960e+00 1.268484664200174999e-02
2.459991880433000159e+06 3.074400202062846699e+00 1.268568999070068294e-02
2.459992373500000220e+06 3.059646129174963924e+00 1.268399005860212231e-02
2.459992877094000112e+06 3.082290728972053806e+00 1.268418140308314249e-02
2.459993370161000174e+06 3.093496293481839743e+00 1.268470687283492632e-02
2.459993863227999769e+06 3.069451672872022030e+00 1.268506069505613044e-02
2.459994366820999887e+06 3.060765094913713291e+00 1.268580974526867938e-02
2.459994859887999948e+06 3.089481507277044958e+00 1.268531757445564082e-02
2.459995352955999784e+06 3.073514030480358095e+00 1.268486425176415522e-02
2.459995856548999902e+06 3.075567053857930055e+00 1.268483928860408665e-02
2.459996349615999963e+06 3.077714991626145924e+00 1.268519418176275795e-02
2.459996842683000024e+06 3.076453817378818290e+00 1.268566312889350158e-02
2.459997346276999917e+06 3.077060250138641706e+00 1.268532965858752692e-02
2.459997839343999978e+06 3.069731565509620008e+00 1.268339007442778957e-02
2.459998332411000039e+06 3.070291427354466585e+00 1.268570328847091859e-02
2.459998836004999932e+06 3.084346774154700377e+00 1.268412003417409596e-02
2.459999329071999993e+06 3.083179431097990086e+00 1.268499885916841985e-02
2.459999822139000054e+06 3.067815236028303083e+00 1.268394895019543667e-02
2.460000325732000172e+06 3.084346774154700377e+00 1.268412003417409596e-02
2.460000818800000008e+06 3.065061549433995669e+00 1.268385587701277052e-02
2.460001311867000069e+06 3.067442284482538639e+00 1.268523219265289652e-02
2.460001815460000187e+06 3.094385376418960387e+00 1.268550247295938994e-02
2.460002308526999783e+06 3.077763181567902517e+00 1.268539280274308227e-02
2.460002801593999844e+06 3.088175690726384648e+00 1.268564456106348673e-02
2.460003305188000202e+06 3.092516318644750406e+00 1.268353685414114890e-02
2.460003798254999798e+06 3.089342080059649387e+00 1.268474509052038360e-02
2.460004291321999859e+06 3.088221200100500052e+00 1.268583150500775594e-02
2.460004794916000217e+06 3.088360576730692753e+00 1.268355955276442154e-02
2.460005287982999813e+06 3.101481535783280563e+00 1.268602763733196574e-02
2.460005781049999874e+06 3.069075695661615644e+00 1.268350690166165744e-02
2.460006284644000232e+06 3.086446831368617083e+00 1.268422817735428802e-02
2.460006777710999828e+06 3.091303175406488801e+00 1.268425570233595867e-02
2.460007270777999889e+06 3.082617219149994536e+00 1.268552496895913179e-02
2.460007774371000007e+06 3.085605500172877491e+00 1.268361254503744262e-02
2.460008267438000068e+06 3.071179498438770139e+00 1.268371526218678783e-02
2.460008760505999904e+06 3.104796927819303498e+00 1.268529050744386655e-02
2.460009264099000022e+06 3.064547801760109547e+00 1.268455243617665901e-02
2.460009757166000083e+06 3.095132175495762805e+00 1.268571327049414048e-02
2.460010250233000144e+06 3.054040556326582223e+00 1.268606761814788410e-02
2.460010753827000037e+06 3.083926366131396257e+00 1.268523154223359477e-02
2.460011246894000098e+06 3.072019725627554099e+00 1.268435589569042593e-02
2.460011739961000159e+06 3.078834894033084968e+00 1.268413857865033703e-02
2.460012243555000052e+06 3.078415237299695573e+00 1.268524500824491121e-02
2.460012736622000113e+06 3.069683501322539421e+00 1.268601876779323900e-02
2.460013229689000174e+06 3.090881819199625902e+00 1.268537359811239967e-02
2.460013733281999826e+06 3.078276309499174967e+00 1.268467252758450486e-02
2.460014226350000128e+06 3.055163099823196671e+00 1.268510269220608777e-02
2.460014719417000189e+06 3.082804611740815659e+00 1.268345675523823747e-02
2.460015223009999841e+06 3.094057639836588436e+00 1.268415890946602599e-02
2.460015716076999903e+06 3.097981357440603656e+00 1.268597754668159862e-02
2.460016209143999964e+06 3.073652743351196648e+00 1.268543674107740042e-02
2.460016712737999856e+06 3.086074457174833530e+00 1.268554022792262037e-02
2.460017205804999918e+06 3.079022056696006260e+00 1.268490964862808816e-02
2.460017698871999979e+06 3.078928473942379451e+00 1.268452410778019360e-02
2.460018202465999871e+06 3.050307341498645908e+00 1.268460753773465594e-02
2.460018695532999933e+06 3.071459548630780745e+00 1.268487184612998933e-02
2.460019188599999994e+06 3.095132175495762805e+00 1.268571327049414048e-02
2.460019692193999887e+06 3.111008516446882144e+00 1.268488113590948013e-02
2.460020185260999948e+06 3.067908480999673948e+00 1.268433447356165367e-02
2.460020678328000009e+06 3.059784216164032067e+00 1.268456250846155577e-02
2.460021181921000127e+06 3.051847301508607835e+00 1.268538970271933242e-02
2.460021674988000188e+06 3.033122844315021105e+00 1.268578018829429055e-02
2.460022168056000024e+06 3.063334344348978444e+00 1.268517265228451957e-02
2.460022671649000142e+06 3.072158371057894577e+00 1.268492836206070243e-02
2.460023164716000203e+06 3.058944518112432398e+00 1.268389886990093675e-02
2.460023657782999799e+06 3.088127337751223500e+00 1.268544593614126872e-02
2.460024161377000157e+06 3.079163854166758085e+00 1.268549382375635040e-02
2.460024654444000218e+06 3.080284283778019994e+00 1.268443565980147125e-02
2.460025147510999814e+06 3.080562326899727310e+00 1.268558062557833925e-02
2.460025651105000172e+06 3.077340836575975569e+00 1.268365205408738400e-02
2.460026144171999767e+06 3.066555294061755532e+00 1.268438849628241577e-02
2.460026637238999829e+06 3.094197279875158468e+00 1.268473136694598172e-02
2.460027140831999946e+06 3.077995637767081849e+00 1.268351596181477130e-02
2.460027633899999782e+06 3.065341041751494799e+00 1.268501247377819101e-02
2.460028126966999844e+06 3.085327001868157115e+00 1.268530944807874129e-02
2.460028630559999961e+06 3.066227680954033197e+00 1.268585746932318105e-02
2.460029123627000023e+06 3.075380101212199513e+00 1.268406822290330839e-02
2.460029616694000084e+06 3.065434211520747354e+00 1.268539802946972751e-02
2.460030120287999976e+06 3.070616646512086323e+00 1.268421887310522758e-02
2.460030613355000038e+06 3.067397081315593965e+00 1.268504525754039595e-02
2.460031106422000099e+06 3.076173311818309664e+00 1.268450647280255396e-02
2.460031610015999991e+06 3.074258623961319881e+00 1.268510580653876667e-02
2.460032103083000053e+06 3.091958099725002462e+00 1.268409519349414198e-02
2.460032596150000114e+06 3.071691528731431475e+00 1.268582990460382504e-02
2.460033099744000006e+06 3.082943743911252366e+00 1.268402918102878862e-02
2.460033592811000068e+06 3.068937189351335082e+00 1.268576109505080256e-02
2.460034085878000129e+06 3.086773761779725511e+00 1.268557174818481931e-02
2.460034589470999781e+06 3.062445721173924440e+00 1.268431350798244865e-02
2.460035082537999842e+06 3.069918174780343900e+00 1.268416109890389831e-02
2.460035575606000144e+06 3.087100726820782182e+00 1.268407213648679345e-02
2.460036079198999796e+06 3.052313939150207656e+00 1.268451805612740881e-02
2.460036572265999857e+06 3.059130471637530047e+00 1.268466992530677129e-02
2.460037065332999919e+06 3.060999086570521666e+00 1.268396027518365471e-02
2.460037568926999811e+06 3.099334138846304931e+00 1.268580789023361632e-02
2.460038061993999872e+06 3.075473576114499785e+00 1.268445374989473490e-02
2.460038555060999934e+06 3.079115642294032451e+00 1.268529520119429654e-02
2.460039058654999826e+06 3.081637852351480245e+00 1.268433299157296912e-02
2.460039551721999887e+06 3.038678828588130099e+00 1.268382908372227280e-02
2.460040044788999949e+06 3.066603309268302269e+00 1.268458710464755515e-02
2.460040548382000066e+06 3.092376754467371480e+00 1.268581263481583649e-02
2.460041041449999902e+06 3.056235387359295341e+00 1.268392505941058623e-02
2.460041534516999964e+06 3.097467797682495583e+00 1.268387456192844945e-02
2.460042038110000081e+06 3.075428254594939848e+00 1.268426682625370394e-02
2.460042531177000143e+06 3.097932850933646787e+00 1.268577891654567441e-02
2.460043024244000204e+06 3.075847504135891253e+00 1.268599597504339350e-02
2.460043527838000096e+06 3.057589652687872750e+00 1.268391321515712628e-02
2.460044020905000158e+06 3.078182749411535912e+00 1.268428699394358664e-02
2.460044513972000219e+06 3.074632404264110441e+00 1.268381626987081373e-02
2.460045017566000111e+06 3.064547801760109547e+00 1.268455243617665901e-02
2.460045510633000173e+06 3.080843232679278287e+00 1.268389981813698199e-02
2.460046003699999768e+06 3.066741710246639219e+00 1.268515958145268255e-02
2.460046507294000126e+06 3.085980660072944914e+00 1.268515466790915217e-02
2.460047000361000188e+06 3.063847888596149982e+00 1.268447731491803392e-02
2.460047493427999783e+06 3.075193159930637243e+00 1.268329720407279995e-02
2.460047997020999901e+06 3.063100174178285950e+00 1.268420296085964044e-02
2.460048490087999962e+06 3.062307514072068582e+00 1.268374106936032142e-02
2.460048983155999798e+06 3.060858125598960200e+00 1.268337617067624538e-02
2.460049486748999916e+06 3.079163854166758085e+00 1.268549382375635040e-02
2.460049979815999977e+06 3.085747600829386705e+00 1.268419666043050370e-02
2.460050472883000039e+06 3.088127337751223500e+00 1.268544593614126872e-02
2.460050976476999931e+06 3.053621466663728690e+00 1.268432677689087552e-02
2.460051469543999992e+06 3.095132175495762805e+00 1.268571327049414048e-02
2.460051962611000054e+06 3.087100726820782182e+00 1.268407213648679345e-02
2.460052466204999946e+06 3.063661648316263975e+00 1.268370627122029394e-02
2.460052959272000007e+06 3.083599737297371135e+00 1.268388800743539685e-02
2.460053452339000069e+06 3.084579727597111631e+00 1.268507803586530619e-02
2.460053955932000186e+06 3.055815996511510146e+00 1.268499902270966810e-02
2.460054449000000022e+06 3.078695947293602853e+00 1.268356614792270735e-02
2.460054942067000084e+06 3.082338990559338132e+00 1.268438000820567603e-02
2.460055445660000201e+06 3.075986322320330757e+00 1.268373542733241058e-02
2.460055938726999797e+06 3.060252067386382002e+00 1.268368342410256845e-02
2.460056431793999858e+06 3.083971812884678698e+00 1.268541848009131084e-02
2.460056935388000216e+06 3.049371942468603880e+00 1.268352628551793274e-02
2.460057428454999812e+06 3.083273143057685850e+00 1.268538441444614501e-02
2.460057921521999873e+06 3.075708692216267970e+00 1.268542346049211789e-02
2.460058425116000231e+06 3.076034485195099588e+00 1.268393402547199171e-02
2.460058918182999827e+06 3.078789522979668458e+00 1.268395165965376797e-02
