2.458346727899000049e+06 1.004516789625688133e+01 2.523929652607782154e-02
2.458347220966000110e+06 1.075952750261003210e+01 2.633058053065795087e-02
2.458347714033000171e+06 1.187598389558915279e+01 2.777205271294982958e-02
2.458348217627000064e+06 1.332777339350303158e+01 2.977995770145774532e-02
2.458348710694000125e+06 1.552151110673029244e+01 3.262310696680608552e-02
2.458349203761000186e+06 1.902087099191458464e+01 3.701737146627520625e-02
2.458349707355000079e+06 2.576067271409106141e+01 4.505654068610227131e-02
2.458350200422000140e+06 4.216720351379963461e+01 6.322733553474772783e-02
2.458351197081999853e+06 5.738986458460560414e+01 7.944560206489363618e-02
2.458351690150000155e+06 3.074773999579243622e+01 5.066397031931599987e-02
2.458352183217000216e+06 2.131929308227135422e+01 3.989993458201572529e-02
2.458352686809999868e+06 1.677919804271360249e+01 3.424653493150905254e-02
2.458353179876999930e+06 1.417550044638483087e+01 3.087772002884303646e-02
2.458353672943999991e+06 1.244480225036938847e+01 2.858644362820661131e-02
2.458354176537999883e+06 1.120106197056927577e+01 2.691590328584963013e-02
2.458354669604999945e+06 1.034620787587869195e+01 2.568121989788910847e-02
2.458355162672000006e+06 9.694566633109575449e+00 2.473340159057862975e-02
2.458355666265999898e+06 9.182810031826210917e+00 2.396060912969096707e-02
2.458356159332999960e+06 8.684787568696101800e+00 2.335703607327158787e-02
2.458356652400000021e+06 8.447161549163098471e+00 2.285800226858038936e-02
2.458357155993999913e+06 8.181994816011322058e+00 2.244189744737282166e-02
2.458357649060999975e+06 7.912162532407858606e+00 2.209530887256802231e-02
2.458358142128000036e+06 7.729183178097994933e+00 2.180500932985664914e-02
2.458358645721000154e+06 7.602471486969740511e+00 2.155957368447012149e-02
2.458359138788000215e+06 7.481061069560710486e+00 2.134618620244140702e-02
2.458359631856000051e+06 7.328393823287886910e+00 2.116705966800701971e-02
2.458360135449000169e+06 7.252243876388603461e+00 2.100722706978642648e-02
2.458360628516000230e+06 7.145252819814098544e+00 2.087499877513927793e-02
2.458361121582999825e+06 7.066956206069827218e+00 2.075690507730389503e-02
2.458361625177000184e+06 7.036955424442927765e+00 2.064934362879576255e-02
2.458362118243999779e+06 6.967099292794952881e+00 2.055986162779553997e-02
2.458362611310999840e+06 6.908153832795666638e+00 2.048135365691622356e-02
2.458363114905000199e+06 6.880772516778253411e+00 2.041284814802691444e-02
2.458363607971999794e+06 6.843697422259684693e+00 2.035328552150417192e-02
2.458364101038999856e+06 6.768019479415324113e+00 2.029652444894331290e-02
2.458364604631999973e+06 6.785583514448719988e+00 2.024920094813596055e-02
2.458365097699999809e+06 6.747772002814189207e+00 2.020472991967313045e-02
2.458365590766999871e+06 6.698420386989424991e+00 2.016800779886167641e-02
2.458366094359999988e+06 6.693387988202363026e+00 2.013436143481908344e-02
2.458366587427000050e+06 6.646031571000791338e+00 2.010209071367266565e-02
2.458367080494000111e+06 6.627253756856900324e+00 2.007581354548096039e-02
2.458367584088000003e+06 6.661922866374016650e+00 2.005198300646175019e-02
2.458368077155000065e+06 6.616239229242683706e+00 2.002416610223909169e-02
2.458368570222000126e+06 6.616921767977161473e+00 2.000794858739039089e-02
2.458369073816000018e+06 6.567045117097941365e+00 1.999020021336005495e-02
2.458369566883000080e+06 6.590961882609148503e+00 1.997194576247434544e-02
2.458370059950000141e+06 6.597047331467121190e+00 1.996000537598102351e-02
2.458370563544000033e+06 6.586453043875863500e+00 1.994615037553088346e-02
2.458371056611000095e+06 6.570820448458979612e+00 1.992906899664055598e-02
2.458371549678000156e+06 6.571764620375801336e+00 1.991982699929840256e-02
2.458372053270999808e+06 6.563320315044828490e+00 1.991236639527359242e-02
2.458372546337999869e+06 6.537414169378548578e+00 1.990000309016988836e-02
2.458373039406000171e+06 6.565001051721034209e+00 1.989327920125294469e-02
2.458373542998999823e+06 6.540979680472944757e+00 1.988675870862316453e-02
2.458374036065999884e+06 6.539040090397151062e+00 1.988086170821723106e-02
2.458374529132999945e+06 6.546277329309204696e+00 1.987271860590645797e-02
2.458375032726999838e+06 6.537468360231829756e+00 1.986404066281398026e-02
2.458375525793999899e+06 6.524253091130956861e+00 1.985994053775829229e-02
2.458376018860999960e+06 6.549214278578356030e+00 1.985750618851555779e-02
2.458376522454999853e+06 6.513973688305613408e+00 1.985264822167834634e-02
2.458377015521999914e+06 6.540612198435900915e+00 1.984347255551582867e-02
2.458377508588999975e+06 6.478152986662536250e+00 1.984490960070682541e-02
2.458378012182000093e+06 6.523045382032683470e+00 1.983824040966765401e-02
2.458378505249999929e+06 6.535945166295441311e+00 1.983533313945358076e-02
2.458378998316999990e+06 6.476422903899588412e+00 1.983364472981105631e-02
2.458379501910000108e+06 6.505477812384275360e+00 1.982675532679236199e-02
2.458379994977000169e+06 6.508935980468213423e+00 1.982530488812753525e-02
2.458380488044000231e+06 6.561223020840764697e+00 1.982139990731166673e-02
2.458380991638000123e+06 6.490946057862218233e+00 1.981833716837942683e-02
2.458381484705000184e+06 6.506892022970422573e+00 1.981907928064058355e-02
2.458381977771999780e+06 6.511244446092621097e+00 1.981434491694281097e-02
2.458382481366000138e+06 6.525719466331787899e+00 1.981632093155527574e-02
2.458382974433000199e+06 6.501225048839188503e+00 1.981379417240788227e-02
2.458383467499999795e+06 6.517640470349883586e+00 1.980979676084949556e-02
2.458383971094000153e+06 6.501961596054148806e+00 1.981005042061629792e-02
2.458384464161000215e+06 6.487957554916822467e+00 1.980921258800661527e-02
2.458384957227999810e+06 6.511556301604016994e+00 1.980929655835632353e-02
2.458385460820999928e+06 6.517016191503024913e+00 1.980789932002952058e-02
2.458385953887999989e+06 6.506682268935240820e+00 1.980645464762922914e-02
2.458386446955999825e+06 6.557241819870069044e+00 1.980333328954780522e-02
2.458386950548999943e+06 6.480928049593716267e+00 1.979968821735231602e-02
2.458387443616000004e+06 6.451091473009197053e+00 1.980360218744806403e-02
2.458387936683000065e+06 6.497082777138348142e+00 1.980116976419711225e-02
2.458388440276999958e+06 6.492363089108901697e+00 1.979874493807481234e-02
2.458388933344000019e+06 6.488274271023181328e+00 1.979822775154523734e-02
2.458389426411000080e+06 6.445265322467183644e+00 1.979758965044046970e-02
2.458389930004999973e+06 6.455864402681385172e+00 1.979446987430434970e-02
2.458390423072000034e+06 6.531594279482982657e+00 1.979806575444084671e-02
2.458390916139000095e+06 6.475426824515426283e+00 1.979480976721641194e-02
2.458391419732000213e+06 6.453242717903378001e+00 1.979831878050413232e-02
2.458391912800000049e+06 6.498501148085421342e+00 1.979352185414684495e-02
2.458392405867000110e+06 6.485233239890026091e+00 1.979492151298699321e-02
2.458392909460000228e+06 6.496400633031471195e+00 1.979310738638901529e-02
2.458393402526999824e+06 6.501698106163924962e+00 1.979128276896569352e-02
2.458393895593999885e+06 6.502117299644861959e+00 1.979255880125459222e-02
2.458394399187999777e+06 6.504848707322894441e+00 1.979488206694060212e-02
2.458394892254999839e+06 6.455965486677270881e+00 1.979477981019929847e-02
2.458395385321999900e+06 6.513865696554090867e+00 1.979232417483869910e-02
2.458395888915999793e+06 6.492099988195066729e+00 1.979196315527929212e-02
2.458396381982999854e+06 6.470234186521737207e+00 1.979085494180929383e-02
2.458396875049999915e+06 6.486649023977765438e+00 1.979326849584586365e-02
2.458397378643999808e+06 6.486858132207021121e+00 1.978793194858577409e-02
2.458397871710999869e+06 6.493935937381024814e+00 1.979157913554223727e-02
2.458398364777999930e+06 6.483501266244893202e+00 1.978963499805379278e-02
2.458398868371000048e+06 6.486858132207021121e+00 1.978793194858577409e-02
2.458399361438000109e+06 6.499075766200542503e+00 1.978928619023571922e-02
2.458399854505999945e+06 6.499183512753504921e+00 1.978961427186598510e-02
2.458400358099000063e+06 6.468553880477609930e+00 1.978571529891252900e-02
2.458400851166000124e+06 6.461682279871975076e+00 1.978850248008499554e-02
2.458401344233000185e+06 6.480617660949648418e+00 1.978680221945249354e-02
2.458401847827000078e+06 6.506053047398216549e+00 1.978656239735019154e-02
2.458402340894000139e+06 6.500758013350274922e+00 1.978842110999595727e-02
2.458402833961000200e+06 6.474216227723859518e+00 1.978514610588417641e-02
2.458403337555000093e+06 6.464831353075295439e+00 1.978623766263271772e-02
2.458403830622000154e+06 6.484235805468672176e+00 1.978590483523881560e-02
2.458404323689000215e+06 6.438080460224847812e+00 1.978737966148628319e-02
2.458404827281999867e+06 6.530072454174868923e+00 1.978743849572679389e-02
2.458405320350000169e+06 6.485125724611316755e+00 1.978862032184289244e-02
2.458405813417000230e+06 6.449570583562612036e+00 1.978705280315578088e-02
2.458406317009999882e+06 6.475110735539321816e+00 1.978787971365989287e-02
2.458406810076999944e+06 6.473691507319819571e+00 1.978354256508579878e-02
2.458407303144000005e+06 6.482766810230304877e+00 1.978739321296670017e-02
2.458407806737999897e+06 6.507833002840374803e+00 1.978598175895011912e-02
2.458408299804999959e+06 6.478045588763609253e+00 1.978491559754656792e-02
2.458408792872000020e+06 6.471020862722143718e+00 1.978730116034353378e-02
2.458409296465999912e+06 6.507731106731133863e+00 1.978567196081026588e-02
2.458409789532999974e+06 6.482032437415459647e+00 1.978515168183074546e-02
2.458410282600000035e+06 6.483973033910377382e+00 1.978510301784632344e-02
2.458410786193999927e+06 6.497663254402851862e+00 1.978498517864312606e-02
2.458411279260999989e+06 6.490946057862218233e+00 1.978246687486200084e-02
2.458411772328000050e+06 6.457333249254021190e+00 1.978707869012624743e-02
2.458412275921000168e+06 6.502380806523453849e+00 1.978737200675690158e-02
2.458412768988000229e+06 6.476685369478906829e+00 1.978672653303235884e-02
2.458413262056000065e+06 6.453819278308802865e+00 1.978225508561395202e-02
2.458413765649000183e+06 6.497974459444202822e+00 1.978593277886332366e-02
2.458414258715999778e+06 6.510770694185337604e+00 1.978292003710269142e-02
2.458414751782999840e+06 6.515491761816254446e+00 1.978526298060924102e-02
2.458415255377000198e+06 6.462890532973374569e+00 1.978625013834664492e-02
2.458415748443999793e+06 6.487431720809671454e+00 1.978370651495951760e-02
2.458416241510999855e+06 6.473953862205689802e+00 1.978434431923888071e-02
2.458416745105000213e+06 6.506262781149344754e+00 1.978720025104171651e-02
2.458417238171999808e+06 6.478045588763609253e+00 1.978491559754656792e-02
2.458417731238999870e+06 6.479829818075091730e+00 1.978439675565962438e-02
2.458418234831999987e+06 6.484707626582393303e+00 1.978137190702360104e-02
2.458526481366999913e+06 6.513601724254024283e+00 1.977952359951891392e-02
2.458526984960000031e+06 6.442434325118987282e+00 1.978296012034674867e-02
2.458527478027000092e+06 6.444588618797584267e+00 1.978363968367199272e-02
2.458527971094000153e+06 6.445057555010087924e+00 1.978507922707989017e-02
2.458528474688000046e+06 6.457172670810432891e+00 1.978063935696042566e-02
2.458528967755000107e+06 6.489164744418927100e+00 1.978301470458155784e-02
2.458529460822000168e+06 6.471020862722143718e+00 1.978134112987355031e-02
2.458529964416000061e+06 6.508624250450867343e+00 1.978239275098378144e-02
2.458530457483000122e+06 6.486750589990053051e+00 1.978162937676160651e-02
2.458530950550000183e+06 6.465146940253112540e+00 1.978124892713266705e-02
2.458531454144000076e+06 6.467296915619375142e+00 1.978187055257736582e-02
2.458531947211000137e+06 6.493571098331960556e+00 1.978448641497352820e-02
2.458532440278000198e+06 6.474269894707870954e+00 1.977934708876181308e-02
2.458532943870999850e+06 6.445793675599900574e+00 1.978140217943953269e-02
2.458533436937999912e+06 6.514651677424230236e+00 1.978271193899492839e-02
2.458533930006000213e+06 6.484600120017529612e+00 1.978104396203911319e-02
2.458534433598999865e+06 6.455602780865009827e+00 1.978177605003281561e-02
2.458534926665999927e+06 6.452190776504789227e+00 1.978320608712630727e-02
2.458535419732999988e+06 6.496717761295112581e+00 1.978210621025237870e-02
2.458535923326999880e+06 6.459218857825837823e+00 1.978095840237301811e-02
2.458536416393999942e+06 6.471491722259329116e+00 1.978278050602870486e-02
2.458536909461000003e+06 6.462104845169860390e+00 1.978384474166977602e-02
2.458537413054999895e+06 6.432894070540352338e+00 1.978328917042904839e-02
2.458537906121999957e+06 6.487121020687729001e+00 1.978275902136093778e-02
2.458538399189000018e+06 6.468083234694956829e+00 1.978427570922458578e-02
2.458538902782000136e+06 6.484498587676130299e+00 1.978073424121259624e-02
2.458539395849999972e+06 6.515647789416170177e+00 1.977973564831047790e-02
2.458539888917000033e+06 6.483238524453563301e+00 1.978286174614536999e-02
2.458540392510000151e+06 6.492416906518449160e+00 1.978096984575315395e-02
2.458540885577000212e+06 6.496454483909575472e+00 1.978130454679787736e-02
2.458541378643999808e+06 6.480563941347275758e+00 1.978066938129712307e-02
2.458541882238000166e+06 6.452244260912353369e+00 1.978337007686156723e-02
2.458542375305000227e+06 6.489164744418927100e+00 1.978301470458155784e-02
2.458542868371999823e+06 6.492261435219153221e+00 1.978049615881537215e-02
2.458543371966000181e+06 6.451037998157406861e+00 1.977967152771711173e-02
2.458543865032999776e+06 6.517016191503024913e+00 1.978388974509615039e-02
2.458544358099999838e+06 6.456019002374693727e+00 1.978305146938113407e-02
2.458544861694000196e+06 6.473381465252742828e+00 1.978259507933921232e-02
2.458545354760999791e+06 6.492099988195066729e+00 1.978000426515525920e-02
2.458545847827999853e+06 6.490372158538195713e+00 1.978071780095724472e-02
2.458546351420999970e+06 6.466772756009743439e+00 1.978026727725508763e-02
2.458546844488000032e+06 6.497764992872670398e+00 1.978529496602955337e-02
2.458547337555999868e+06 6.495299779592238920e+00 1.978377093531356185e-02
2.458547841148999985e+06 6.506682268935240820e+00 1.978248314427354798e-02
2.458548334216000047e+06 6.479250933983999872e+00 1.978262929064044176e-02
2.458548827283000108e+06 6.518060691706137000e+00 1.978105720805006795e-02
2.458549330877000000e+06 6.473381465252742828e+00 1.978259507933921232e-02
2.458549823944000062e+06 6.457172670810432891e+00 1.978063935696042566e-02
2.458550317011000123e+06 6.428694677511746391e+00 1.978221673316261919e-02
2.458550820605000015e+06 6.466087838734027038e+00 1.978412777075959708e-02
2.458551313672000077e+06 6.472332202277764068e+00 1.977938854119880296e-02
2.458551806739000138e+06 6.453765780845512445e+00 1.978209110512121893e-02
2.458552310331999790e+06 6.504686947283435217e+00 1.978240773937780042e-02
2.458552803400000092e+06 6.478940625661396169e+00 1.978168184863295792e-02
2.458553296467000153e+06 6.497920595966606427e+00 1.977978396184530349e-02
2.458553800059999805e+06 6.475003388076278732e+00 1.978158796227450292e-02
2.458554293126999866e+06 6.450408216589992527e+00 1.978368158592424056e-02
2.458554786193999927e+06 6.503009672906148175e+00 1.978329621456623166e-02
2.458555289787999820e+06 6.459427081796757619e+00 1.978159607541023560e-02
2.458555782854999881e+06 6.486702794021460328e+00 1.978148362086683265e-02
2.458556275921999943e+06 6.482086169190695912e+00 1.977934546569976373e-02
2.458556779515999835e+06 6.487957554916822467e+00 1.977933443930675675e-02
2.458557272582999896e+06 6.487539274318937288e+00 1.978403450408580677e-02
2.458557765649999958e+06 6.454080827846384594e+00 1.978305678759022940e-02
2.458558269243999850e+06 6.484707626582393303e+00 1.978137190702360104e-02
2.458558762310999911e+06 6.475951685574329986e+00 1.978448507741835741e-02
2.458559255377999973e+06 6.470234186521737207e+00 1.978489563589486480e-02
2.458559758971000090e+06 6.490425959444221959e+00 1.978088177006618806e-02
2.458560252038000152e+06 6.445847106979694097e+00 1.978156615422152140e-02
2.458560745105999988e+06 6.495036559669972398e+00 1.978296920439667761e-02
2.458561248699000105e+06 6.473119133563074001e+00 1.978179339607350970e-02
2.458561741766000167e+06 6.480456503478395192e+00 1.978034144795943680e-02
2.458562234833000228e+06 6.479883531592087742e+00 1.978456075526474275e-02
2.458562738427000120e+06 6.492309272145480925e+00 1.978064190743423351e-02
2.458563231494000182e+06 6.456857472885515925e+00 1.977967379249487984e-02
2.458563724560999777e+06 6.477210332548266614e+00 1.978236460072253441e-02
2.458564228155000135e+06 6.505789391703229896e+00 1.977976849984154975e-02
2.458564721222000197e+06 6.478463257261235952e+00 1.978022433414684811e-02
2.458565214288999792e+06 6.484337333695505912e+00 1.978024234163193798e-02
2.458565717881999910e+06 6.472958162562274076e+00 1.978130147015419796e-02
2.458566210950000212e+06 6.476106766301250595e+00 1.978495885987945763e-02
2.458566704016999807e+06 6.455864402681385172e+00 1.978257773259554583e-02
2.458567207609999925e+06 6.450247810355413947e+00 1.978318961305016235e-02
2.458567700676999986e+06 6.499021893593893928e+00 1.978313633108769870e-02
2.458568193744000047e+06 6.462890532973374569e+00 1.978029759618709152e-02
2.458568697337999940e+06 6.485388542883922192e+00 1.978344901818631166e-02
2.458569190405000001e+06 6.519633760705320746e+00 1.977982636449659992e-02
2.458569683472000062e+06 6.454758528230138737e+00 1.978513407567111804e-02
2.458570187065999955e+06 6.459218857825837823e+00 1.978095840237301811e-02
2.458570680133000016e+06 6.442962446179595126e+00 1.978458183620033367e-02
2.458571173200000077e+06 6.481244422547796979e+00 1.978274641869225137e-02
2.458571676793999970e+06 6.456441197319383818e+00 1.978434519300831598e-02
2.458572169861000031e+06 6.451192482271977724e+00 1.978014519490731149e-02
2.458572662928000093e+06 6.491155304613713817e+00 1.978310459652741354e-02
2.458573166521000210e+06 6.488638812471852368e+00 1.978141133652844622e-02
2.458573659587999806e+06 6.486804360875663811e+00 1.978179335342691164e-02
2.458574152656000108e+06 6.463206025408104516e+00 1.978126319110417794e-02
2.458574656249000225e+06 6.463729895918955748e+00 1.978286654714953019e-02
2.458575149315999821e+06 6.482820548093007673e+00 1.978158633902856595e-02
2.458575642382999882e+06 6.461319252881708941e+00 1.978143963741482714e-02
2.458576145976999775e+06 6.449041920841773745e+00 1.977949109764391006e-02
2.458576639043999836e+06 6.477365443416222668e+00 1.978283833240421230e-02
2.458577132110999897e+06 6.465879400049132641e+00 1.978349001611147753e-02
2.458577635704999790e+06 6.493098632320527308e+00 1.978304691469807280e-02
2.458578128771999851e+06 6.457749582334721516e+00 1.978240664419039785e-02
2.458578621838999912e+06 6.482659335841217008e+00 1.978109441825827083e-02
2.458579125432000030e+06 6.454758528230138737e+00 1.978513407567111804e-02
2.458579618499999866e+06 6.503117484678367255e+00 1.978362419689018784e-02
2.458580111566999927e+06 6.473482823525561258e+00 1.978290482930217600e-02
2.458580615160000045e+06 6.480671380997342190e+00 1.978099732007153333e-02
2.458581108227000106e+06 6.499704312942022888e+00 1.978521362752092005e-02
2.458581601294000167e+06 6.479412061474895346e+00 1.978312124958035711e-02
2.458582104888000060e+06 6.475110735539321816e+00 1.978191591627783547e-02
2.458582597955000121e+06 6.462944106074843376e+00 1.978046156181281420e-02
2.458583091022000182e+06 6.467505400000288951e+00 1.978250825501924604e-02
2.458583594616000075e+06 6.446161767422638356e+00 1.978253181106458605e-02
2.458584087683000136e+06 6.483501266244893202e+00 1.978366347270736625e-02
2.458584580750000197e+06 6.504848707322894441e+00 1.978289969280806748e-02
2.458585084344000090e+06 6.502015493028991955e+00 1.978027174497605511e-02
2.458585577411000151e+06 6.471908968199945100e+00 1.978405599013878524e-02
2.458586070478000212e+06 6.474585942637492764e+00 1.978031263727899822e-02
2.458586574070999864e+06 6.453866831981806662e+00 1.978240084719310940e-02
2.458587067137999926e+06 6.475844324169639066e+00 1.978415708082231772e-02
2.458587560206000227e+06 6.438033022869702471e+00 1.978130421567533825e-02
2.458588063798999880e+06 6.490844426159575242e+00 1.978215713175628457e-02
2.458588556865999941e+06 6.457434356248668017e+00 1.978144099345717499e-02
2.458589049933000002e+06 6.502907852317962423e+00 1.978298645847510751e-02
2.458589553526999895e+06 6.484026781771879300e+00 1.978526702330582476e-02
2.458590046593999956e+06 6.484337333695505912e+00 1.978024234163193798e-02
2.458590539661000017e+06 6.451560882397569863e+00 1.978127475475133235e-02
2.458591043254999910e+06 6.454181883915590667e+00 1.978336654478248663e-02
2.458591536321999971e+06 6.488537216894782134e+00 1.978110160994971806e-02
2.458592029389000032e+06 6.459480626188500274e+00 1.978176005179949418e-02
2.458592532982000150e+06 6.497920595966606427e+00 1.977978396184530349e-02
2.458593026049999986e+06 6.476894156512713607e+00 1.978139895204166637e-02
2.458593519117000047e+06 6.453189225219353453e+00 1.978032384608035404e-02
2.458594022710000165e+06 6.457803112821099312e+00 1.978257062729873658e-02
2.458594515777000226e+06 6.487646829611303900e+00 1.978436249864973934e-02
2.458595008843999822e+06 6.476369219068676131e+00 1.977979571494153238e-02
2.458595512438000180e+06 6.471122184033352376e+00 1.978165086020254593e-02
2.458596005504999775e+06 6.463991847097386056e+00 1.978366827390609303e-02
2.458596498571999837e+06 6.470335495515405100e+00 1.978520542187925391e-02
2.458597002166000195e+06 6.454496951228968271e+00 1.978433228951341147e-02
2.458597495232999790e+06 6.475689249727314412e+00 1.978368331756109530e-02
2.458597988299999852e+06 6.497190490650063488e+00 1.978354564207810209e-02
2.458712204272000119e+06 6.488537216894782134e+00 1.978110160994971806e-02
2.458712697339000180e+06 6.507731106731133863e+00 1.977967811895603445e-02
2.458713200931999832e+06 6.460950295528959941e+00 1.978031006815558768e-02
2.458713694000000134e+06 6.514075682159330860e+00 1.978096284342267808e-02
2.458714187067000195e+06 6.466558339322996396e+00 1.977961142934878819e-02
2.458714690659999847e+06 6.483447522739532509e+00 1.978349948054013152e-02
2.458715183726999909e+06 6.460265994929278222e+00 1.978416519501166940e-02
2.458715676793999970e+06 6.489690718995057672e+00 1.978461820259458034e-02
2.458716180387999862e+06 6.452297745763246439e+00 1.978353406795613223e-02
2.458716673454999924e+06 6.465724564232863791e+00 1.978301626882425154e-02
2.458717166521999985e+06 6.481190697750006002e+00 1.978258243412666165e-02
2.458717670115999877e+06 6.493517271355003118e+00 1.978432241598464258e-02
2.458718163182999939e+06 6.463676316303840430e+00 1.978270256158816756e-02
2.458718656250000000e+06 6.503009672906148175e+00 1.978329621456623166e-02
2.458719159843999892e+06 6.470073287262674278e+00 1.978440363283026290e-02
2.458719652910999954e+06 6.504165747852616697e+00 1.978082263932032930e-02
2.458720145978000015e+06 6.503794343858750437e+00 1.977969310529321609e-02
2.458720649571000133e+06 6.481190697750006002e+00 1.978258243412666165e-02
2.458721142638000194e+06 6.478779509894003752e+00 1.978118992548756963e-02
2.458721635706000030e+06 6.496562187004975009e+00 1.978163249610253444e-02
2.458722139299000148e+06 6.477991890481821891e+00 1.978475159500006630e-02
2.458722632366000209e+06 6.472856812504311996e+00 1.978099174529576385e-02
2.458723125432999805e+06 6.433308827918178707e+00 1.978456468733498855e-02
2.458723629027000163e+06 6.499548667134154911e+00 1.978473983895906799e-02
2.458724122094000224e+06 6.471807634569695544e+00 1.978374622215156586e-02
2.458724615160999820e+06 6.448834031643492892e+00 1.978479308810544499e-02
2.458725118755000178e+06 6.462783388102656623e+00 1.977996966901303735e-02
2.458725611821999773e+06 6.497711131131400641e+00 1.978513096033842830e-02
2.458726104888999835e+06 6.466611942828183857e+00 1.977977538928670648e-02
2.458726608481999952e+06 6.504375420763436111e+00 1.978146030798099905e-02
2.458727101549999788e+06 6.482402598679537498e+00 1.978031101413771364e-02
2.458727594616999850e+06 6.482139901411333227e+00 1.977950942343295257e-02
2.458728098209999967e+06 6.457541412439122830e+00 1.978176894502394270e-02
2.458728591277000029e+06 6.482874286401183461e+00 1.978175031533718070e-02
2.458729084344000090e+06 6.484761380533184294e+00 1.978153588155465159e-02
2.458729587937999982e+06 6.446316134765255335e+00 1.978300554675042552e-02
2.458730081005000044e+06 6.528659218658872554e+00 1.978315610666465246e-02
2.458730574072000105e+06 6.507731106731133863e+00 1.977967811895603445e-02
2.458731077665999997e+06 6.475212120888537370e+00 1.978222565560666668e-02
2.458731570733000059e+06 6.425865040156540253e+00 1.977942788505171121e-02
2.458732063800000120e+06 6.483029532904794223e+00 1.978222403230840351e-02
2.458732567394000012e+06 6.472117601258262631e+00 1.978469376303197691e-02
2.458733060461000074e+06 6.454550454753178457e+00 1.978449628858408235e-02
2.458733553528000135e+06 6.477574252373377028e+00 1.978347606604419912e-02
2.458734057120999787e+06 6.486069530683972850e+00 1.977955245664735767e-02
2.458734550187999848e+06 6.469548902634474352e+00 1.978280015220762814e-02
2.458735043256000150e+06 6.502225096622646916e+00 1.978090939587763206e-02
2.458735546848999802e+06 6.469495274784050842e+00 1.978263616719669327e-02
2.458736039915999863e+06 6.479829818075091730e+00 1.978439675565962438e-02
2.458736532982999925e+06 6.477991890481821891e+00 1.978475159500006630e-02
2.458737036576999817e+06 6.447574960293732005e+00 1.978093030205513650e-02
2.458737529643999878e+06 6.486069530683972850e+00 1.977955245664735767e-02
2.458738022710999940e+06 6.485967975335340974e+00 1.978521655644347940e-02
2.458738526304999832e+06 6.443276965804952461e+00 1.977961316286032389e-02
2.458739019371999893e+06 6.511976130686790931e+00 1.978058499374567639e-02
2.458739512438999955e+06 6.456756374923394048e+00 1.977936409312172975e-02
2.458740016032000072e+06 6.473429163065796743e+00 1.978274084342354633e-02
2.458740509099999908e+06 6.467767504186022087e+00 1.978330996725560786e-02
2.458741002166999970e+06 6.457119145549939709e+00 1.978047538986085069e-02
2.458741505760000087e+06 6.486439922489252830e+00 1.978068198264262834e-02
2.458741998827000149e+06 6.478361821007493582e+00 1.977991462615361420e-02
2.458742491894000210e+06 6.488800173422631268e+00 1.978190326517993355e-02
2.458742995488000102e+06 6.486959701493463903e+00 1.978226707142883775e-02
2.458743488555000164e+06 6.468762405378935654e+00 1.978039517494248334e-02
2.458743981622000225e+06 6.452820732111346658e+00 1.978513760806577954e-02
2.458744485216000117e+06 6.503902168639832837e+00 1.978002102788212202e-02
2.458744978283000179e+06 6.483292266226487577e+00 1.978302573302627085e-02
2.458745471349999774e+06 6.482241396821128099e+00 1.977981912508163312e-02
2.458745974944000132e+06 6.479042070977907741e+00 1.978199158429689089e-02
2.458746468011000194e+06 6.473852496557604752e+00 1.978403454673717185e-02
2.458746961077999789e+06 6.454710967986921233e+00 1.978498829395293132e-02
2.458747464670999907e+06 6.461212134060419388e+00 1.978111169130747013e-02
2.458747957737999968e+06 6.478463257261235952e+00 1.978022433414684811e-02
2.458748450805999804e+06 6.480671380997342190e+00 1.978099732007153333e-02
2.458748954398999922e+06 6.470496401295122268e+00 1.977973789745976832e-02
2.458749447465999983e+06 6.431211614904336571e+00 1.978403842447683594e-02
2.458749940533000045e+06 6.478779509894003752e+00 1.978118992548756963e-02
2.458750444126999937e+06 6.503638600108533119e+00 1.978520952144535716e-02
2.458750937193999998e+06 6.483184783126140438e+00 1.978269776062386784e-02
2.458751430261000060e+06 6.482766810230304877e+00 1.978142236407925969e-02
2.458751933854999952e+06 6.521573601123425767e+00 1.977970502815052517e-02
2.458752426922000013e+06 6.460373098064762232e+00 1.978449319174229934e-02
2.458752919989000075e+06 6.457172670810432891e+00 1.978063935696042566e-02
2.458753423582000192e+06 6.460581359244590871e+00 1.978513097872950169e-02
2.458753916650000028e+06 6.438400671514619589e+00 1.978243384170610963e-02
2.458754409717000090e+06 6.473643807573749243e+00 1.978339679509418664e-02
2.458754913310000207e+06 6.504740866849622272e+00 1.978257172249521870e-02
2.458755406376999803e+06 6.454288886184118113e+00 1.978369452827248576e-02
2.458755899443999864e+06 6.490736817855932372e+00 1.978182917375397032e-02
2.458756403038000222e+06 6.481453356550479938e+00 1.978338414936924028e-02
2.458756896104999818e+06 6.464045429328044712e+00 1.978383226747257653e-02
2.458757389171999879e+06 6.483817764813106344e+00 1.978462923193313044e-02
2.458757892765999772e+06 6.490581386789064489e+00 1.978135546623826721e-02
2.458758385832999833e+06 6.472642194090480139e+00 1.978033587336851945e-02
2.458758878899999894e+06 6.453504244075088714e+00 1.978128944227884947e-02
2.458759382493999787e+06 6.490055340026349207e+00 1.977975223266256397e-02
2.458759875560999848e+06 6.482402598679537498e+00 1.978031101413771364e-02
2.458760368627999909e+06 6.486123295924051568e+00 1.977971641609636844e-02
2.458760872221000027e+06 6.492626200685267968e+00 1.978160751915927773e-02
2.458761365288000088e+06 6.501859791876201555e+00 1.977979807475541141e-02
2.458761858355999924e+06 6.476160448956580495e+00 1.978512286414398080e-02
2.458762361949000042e+06 6.477049259809127157e+00 1.978187266059873092e-02
2.458762855016000103e+06 6.489529335898517104e+00 1.978412620642901881e-02
2.458763348083000164e+06 6.486649023977765438e+00 1.978131964676898766e-02
2.458763851677000057e+06 6.457541412439122830e+00 1.978176894502394270e-02
2.458764344744000118e+06 6.470019655065462061e+00 1.978423963452757839e-02
2.458764837811000179e+06 6.475581892673387685e+00 1.978335533425694404e-02
2.458765341405000072e+06 6.478206686279683879e+00 1.977944096448475478e-02
2.458765834472000133e+06 6.512084091111693951e+00 1.978091293112104604e-02
2.458766327539000195e+06 6.503219308548892741e+00 1.978393396296676543e-02
2.458766831131999847e+06 6.486069530683972850e+00 1.977955245664735767e-02
2.458767324200000148e+06 6.449778496504904091e+00 1.978175020712876972e-02
2.458767817267000210e+06 6.493098632320527308e+00 1.978304691469807280e-02
2.458768320859999862e+06 6.462682197355778868e+00 1.977965996500722148e-02
2.458768813926999923e+06 6.492835501599021342e+00 1.978224521312182613e-02
2.458769306993999984e+06 6.477419136505156771e+00 1.978300231909096984e-02
2.458769810587999877e+06 6.486750589990053051e+00 1.978162937676160651e-02
2.458770303654999938e+06 6.459218857825837823e+00 1.978095840237301811e-02
2.458770796721999999e+06 6.480038706475578891e+00 1.978503453953804614e-02
2.458771300315999892e+06 6.474794661992683942e+00 1.978095028949887826e-02
2.458771793382999953e+06 6.468607500524496068e+00 1.977992150176617614e-02
2.458772286450000014e+06 6.490736817855932372e+00 1.978182917375397032e-02
2.458772790043999907e+06 6.493098632320527308e+00 1.978304691469807280e-02
2.458773283110999968e+06 6.471807634569695544e+00 1.978374622215156586e-02
2.458773776178000029e+06 6.446476443226047515e+00 1.978349751504716175e-02
2.458774279771000147e+06 6.435620108600020650e+00 1.977981779393865255e-02
2.458774772838000208e+06 6.487067247177239260e+00 1.978259503669094893e-02
2.458775265906000044e+06 6.462420299250480227e+00 1.978481050974436467e-02
2.458775769499000162e+06 6.489792332633299132e+00 1.978492798423500676e-02
2.458776262566000223e+06 6.460373098064762232e+00 1.978449319174229934e-02
2.458776755632999819e+06 6.465355355325912434e+00 1.978188660953545189e-02
2.458777259227000177e+06 6.465194577391719655e+00 1.978139468129814019e-02
2.458777752293999773e+06 6.484970427911024515e+00 1.978217357320790140e-02
2.458778245360999834e+06 6.498866264127647341e+00 1.978266259227002763e-02
2.458778748955000192e+06 6.470234186521737207e+00 1.978489563589486480e-02
2.458779242021999788e+06 6.495981808105770305e+00 1.977986527803210146e-02
2.458779735088999849e+06 6.474168524111520995e+00 1.978500032407728287e-02
2.458780238681999967e+06 6.502853947946131363e+00 1.978282247191982812e-02
2.458780731749999803e+06 6.485334783734412412e+00 1.978328502779675563e-02
2.458781224816999864e+06 6.474902005995287979e+00 1.978127823293032717e-02
2.458781728409999982e+06 6.457434356248668017e+00 1.978144099345717499e-02
2.458782221477000043e+06 6.487539274318937288e+00 1.978403450408580677e-02
2.458782714544000104e+06 6.471807634569695544e+00 1.978374622215156586e-02
2.458783218137999997e+06 6.475528214813867756e+00 1.978319134464395432e-02
2.458783711205000058e+06 6.515965857248890103e+00 1.978070121579551810e-02
2.459622427943999879e+06 6.424918159459727995e+00 1.978243086391197336e-02
2.459622921010999940e+06 6.465248169592197947e+00 1.978155865601797722e-02
2.459623424604999833e+06 6.465248169592197947e+00 1.978155865601797722e-02
2.459623917671999894e+06 6.476470624122851127e+00 1.978010542107288411e-02
2.459624410738999955e+06 6.503327123796630360e+00 1.978426195586385772e-02
2.459624914332000073e+06 6.462521485896635554e+00 1.978512029439587205e-02
2.459625407399999909e+06 6.476053084090911405e+00 1.978479485697441295e-02
2.459625900466999970e+06 6.468500260875173602e+00 1.977959358082719693e-02
2.459626404060000088e+06 6.503063578568836434e+00 1.978346020504852254e-02
2.459626897127000149e+06 6.439236853858270493e+00 1.978500307011185969e-02
2.459627390194000211e+06 6.463414377912193309e+00 1.978190087396678593e-02
2.459627893788000103e+06 6.482820548093007673e+00 1.978158633902856595e-02
2.459628386855000164e+06 6.469971982374520536e+00 1.978409385939985249e-02
2.459628879922000226e+06 6.461158575315737451e+00 1.978094772029265203e-02
2.459629383516000118e+06 6.475003388076278732e+00 1.978158796227450292e-02
2.459629876583000179e+06 6.499339149816981021e+00 1.978410206458051934e-02
2.459630369649999775e+06 6.466087838734027038e+00 1.978412777075959708e-02
2.459630873244000133e+06 6.450408216589992527e+00 1.978368158592424056e-02
2.459631366311000194e+06 6.468607500524496068e+00 1.977992150176617614e-02
2.459631859377999790e+06 6.456126035100350435e+00 1.978337944764758591e-02
2.459632362970999908e+06 6.475110735539321816e+00 1.978191591627783547e-02
2.459632856037999969e+06 6.510560815118583200e+00 1.978228232138667594e-02
2.459633349105999805e+06 6.458957100071252455e+00 1.978015678543311451e-02
2.459633852698999923e+06 6.495036559669972398e+00 1.978296920439667761e-02
2.459634345765999984e+06 6.473906160526546216e+00 1.978419854333981695e-02
2.459634838833000045e+06 6.470442765590624035e+00 1.977957393783269513e-02
2.459635342426999938e+06 6.498555016375431315e+00 1.978171514866763903e-02
2.459635835493999999e+06 6.480981772214327918e+00 1.978194472929357267e-02
2.459636328561000060e+06 6.492470724374088675e+00 1.978113381695138784e-02
2.459636832154999953e+06 6.483029532904794223e+00 1.978222403230840351e-02
2.459637325222000014e+06 6.446262699497562920e+00 1.978284156003692201e-02
2.459637818289000075e+06 6.455073623692983986e+00 1.978015456416579165e-02
2.459638321882000193e+06 6.456441197319383818e+00 1.978434519300831598e-02
2.459638814950000029e+06 6.484552339894126938e+00 1.978089821045782293e-02
2.459639308017000090e+06 6.498764508414722307e+00 1.978235284609987724e-02
2.459639811610000208e+06 6.454710967986921233e+00 1.978498829395293132e-02
2.459640304676999804e+06 6.483973033910377382e+00 1.978510301784632344e-02
2.459640797743999865e+06 6.500967576406942783e+00 1.978307141119373808e-02
2.459641301338000223e+06 6.469340352379860271e+00 1.978216244035618451e-02
2.459641794404999819e+06 6.494252945328094384e+00 1.978058242516132076e-02
2.459642287471999880e+06 6.469709788853021060e+00 1.978329211539650578e-02
2.459642791065999772e+06 6.466927616927240052e+00 1.978074095871173999e-02
2.459643284132999834e+06 6.468708784048001093e+00 1.978023120986706351e-02
2.459643777199999895e+06 6.472594502076004730e+00 1.978019012700459045e-02
2.459644280793999787e+06 6.464622954894060136e+00 1.977964570219170604e-02
2.459644773860999849e+06 6.469656159668966566e+00 1.978312812630755521e-02
2.459645266927999910e+06 6.472224900878567944e+00 1.978502176852560412e-02
2.459645770521000028e+06 6.460950295528959941e+00 1.978031006815558768e-02
2.459646263588000089e+06 6.513709711629236843e+00 1.977985151929768926e-02
2.459646756655999925e+06 6.449202297088016955e+00 1.977998297854246385e-02
2.459647260249000043e+06 6.491525986845879892e+00 1.978423432537025975e-02
2.459647753316000104e+06 6.483555010195773960e+00 1.978382746623405172e-02
2.459648246383000165e+06 6.474740990658712114e+00 1.978078631982189278e-02
2.459648749977000058e+06 6.474216227723859518e+00 1.978514610588417641e-02
2.459649243044000119e+06 6.480510222190178915e+00 1.978050541394866385e-02
2.459649736111000180e+06 6.488375862483102274e+00 1.978060970123347515e-02
2.459650239705000073e+06 6.459534171024111870e+00 1.978192402954807860e-02
2.459650732772000134e+06 6.489899925278557191e+00 1.978525599361172227e-02
2.459651225839000195e+06 6.497453797863223635e+00 1.978434739635588635e-02
2.459651729431999847e+06 6.482557833887560683e+00 1.978078469664173999e-02
2.459652222500000149e+06 6.470335495515405100e+00 1.978520542187925391e-02
2.459652715567000210e+06 6.453765780845512445e+00 1.978209110512121893e-02
2.459653219159999862e+06 6.479459803723168321e+00 1.978326701754160727e-02
2.459653712226999924e+06 6.455388734537527817e+00 1.978112015210069241e-02
2.459654205293999985e+06 6.474323562136746091e+00 1.977951104650845643e-02
2.459654708887999877e+06 6.469495274784050842e+00 1.978263616719669327e-02
2.459655201954999939e+06 6.489583129818121243e+00 1.978429020379146239e-02
2.459655695022000000e+06 6.486487716520929148e+00 1.978082773263068958e-02
2.459656198615999892e+06 6.462783388102656623e+00 1.977996966901303735e-02
2.459656691682999954e+06 6.449517121317886570e+00 1.978094855810117250e-02
2.459657184750000015e+06 6.492052152810795285e+00 1.977985852123470209e-02
2.459657688343999907e+06 6.473536484430156612e+00 1.978306881654020438e-02
2.459658181410999969e+06 6.485334783734412412e+00 1.978328502779675563e-02
2.459658674478000030e+06 6.511034551754155686e+00 1.978372176602700636e-02
2.459659178071000148e+06 6.474532273033652530e+00 1.978014867288768741e-02
2.459659671138000209e+06 6.476524309794343459e+00 1.978026938510566574e-02
2.459660164206000045e+06 6.466611942828183857e+00 1.977977538928670648e-02
2.459660667799000163e+06 6.479620936408262644e+00 1.978375899234059362e-02
2.459661160866000224e+06 6.464724176028761704e+00 1.977995540597426993e-02
2.459661653932999820e+06 6.454496951228968271e+00 1.978433228951341147e-02
2.459662157527000178e+06 6.456803950237804735e+00 1.977950983339919408e-02
2.459662650593999773e+06 6.490473782846214235e+00 1.978102752152634605e-02
2.459663143660999835e+06 6.491579797316382461e+00 1.978439832362887188e-02
2.459663647255000193e+06 6.470704988816950554e+00 1.978037553115192387e-02
2.459664140321999788e+06 6.456702853113711171e+00 1.978514697968901392e-02
2.459664633388999850e+06 6.489744514252398844e+00 1.978478220403527554e-02
2.459665136981999967e+06 6.453819278308802865e+00 1.978225508561395202e-02
2.459665630049999803e+06 6.474478603874715965e+00 1.977998470985558796e-02
2.459666123116999865e+06 6.493726600993964482e+00 1.978496019746659937e-02
2.459666626709999982e+06 6.468029618993852203e+00 1.978411171198235854e-02
2.459667119777000044e+06 6.445318749467278785e+00 1.977994468555938079e-02
2.459667612844000105e+06 6.471855320786273680e+00 1.978389199471779908e-02
2.459668116437999997e+06 6.514129679551961871e+00 1.978112681456292710e-02
2.459668609505000059e+06 6.490425959444221959e+00 1.978088177006618806e-02
2.459669102572000120e+06 6.500650240694493043e+00 1.978210572801089931e-02
2.459669606166000012e+06 6.460896738954728491e+00 1.978014610378563479e-02
2.459670099233000074e+06 6.468553880477609930e+00 1.977975754061715719e-02
2.459670592300000135e+06 6.485024184040287132e+00 1.978233755438430636e-02
2.459671095894000027e+06 6.474114857967797398e+00 1.978483632082852356e-02
2.459671588961000089e+06 6.465194577391719655e+00 1.978139468129814019e-02
2.459672082028000150e+06 6.464307393293883486e+00 1.978463403336623225e-02
2.459672585620999802e+06 6.495090399240808665e+00 1.978313319216827224e-02
2.459673078687999863e+06 6.470496401295122268e+00 1.977973789745976832e-02
2.459673571756000165e+06 6.453450749223203609e+00 1.978112546979060582e-02
2.459674075348999817e+06 6.465617372378228644e+00 1.978268829657875080e-02
2.459674568415999878e+06 6.455495756814110031e+00 1.978144809834825324e-02
2.459675061482999939e+06 6.474639612686197587e+00 1.978047660302939895e-02
2.459675565076999832e+06 6.460265994929278222e+00 1.978416519501166940e-02
2.459676058143999893e+06 6.480719132524656700e+00 1.978114307238302769e-02
2.459676551210999954e+06 6.479883531592087742e+00 1.978456075526474275e-02
2.459677054804999847e+06 6.492470724374088675e+00 1.978113381695138784e-02
2.459677547871999908e+06 6.478833214704635246e+00 1.978135389851017403e-02
2.459678040938999970e+06 6.472224900878567944e+00 1.978502176852560412e-02
2.459678544532000087e+06 6.474114857967797398e+00 1.978483632082852356e-02
2.459679037599999923e+06 6.497292221717488658e+00 1.978385540692469483e-02
2.459679530666999985e+06 6.482241396821128099e+00 1.977981912508163312e-02
2.459680034260000102e+06 6.513187789233627178e+00 1.978426549170637233e-02
2.459680527327000163e+06 6.460843182824421049e+00 1.977998214077476835e-02
2.459681020394000225e+06 6.473745169954245426e+00 1.978370655761017491e-02
2.459681523988000117e+06 6.509619440829100157e+00 1.977942196380865977e-02
2.459682017055000179e+06 6.461212134060419388e+00 1.978111169130747013e-02
2.459682510121999774e+06 6.485597610479413966e+00 1.978408677151280090e-02
2.459683013716000132e+06 6.490109138306158876e+00 1.977991619376757992e-02
2.459683506783000194e+06 6.432206817184058956e+00 1.978117563774347762e-02
2.459683999849999789e+06 6.440862086154722554e+00 1.978406445616426659e-02
2.459684503444000147e+06 6.484916672227383216e+00 1.978200959339085352e-02
2.459684996511000209e+06 6.476894156512713607e+00 1.978139895204166637e-02
2.459685489577999804e+06 6.478099287490499236e+00 1.978507960145247518e-02
2.459685993170999922e+06 6.502117299644861959e+00 1.978058145856094116e-02
2.459686486237999983e+06 6.484809162196861543e+00 1.978168163783449590e-02
2.459686979305999819e+06 6.467505400000288951e+00 1.978250825501924604e-02
2.459687482898999937e+06 6.474114857967797398e+00 1.978483632082852356e-02
2.459687975965999998e+06 6.497082777138348142e+00 1.978321766105640631e-02
2.459688469033000059e+06 6.449624046250482579e+00 1.978127650150399153e-02
2.459688972626999952e+06 6.462890532973374569e+00 1.978029759618709152e-02
2.459689465694000013e+06 6.449725032536731462e+00 1.978158623082104661e-02
2.459689958761000074e+06 6.508042793971433149e+00 1.978062546499504554e-02
2.459690462354999967e+06 6.508462396522676663e+00 1.978190081015995458e-02
2.459690955422000028e+06 6.476947845694989603e+00 1.978156292679690564e-02
2.459691448489000089e+06 6.444636104456302306e+00 1.978378545545321499e-02
2.459691952082000207e+06 6.479304642702427230e+00 1.978279327559443607e-02
2.459692445150000043e+06 6.487748411246935909e+00 1.978467227628642744e-02
2.459692938217000104e+06 6.482820548093007673e+00 1.978158633902856595e-02
2.459693441810000222e+06 6.445740244662992779e+00 1.978123820601671023e-02
2.459693934876999818e+06 6.501752000954589938e+00 1.977947015586265997e-02
2.459807647255999967e+06 6.491681440533247915e+00 1.978470810182650017e-02
2.459808150849000085e+06 6.487646829611303900e+00 1.978436249864973934e-02
2.459808643916000146e+06 6.515755810712565044e+00 1.978006357160469811e-02
2.459809136983000208e+06 6.456702853113711171e+00 1.978514697968901392e-02
2.459809640577000100e+06 6.444903217806156270e+00 1.978460544173640812e-02
2.459810133644000161e+06 6.512767882034879108e+00 1.978298999408973149e-02
2.459810626711000223e+06 6.485914211382757699e+00 1.978505255140231359e-02
2.459811130305000115e+06 6.463098875307024649e+00 1.978093524792209554e-02
2.459811623372000176e+06 6.500177259611422009e+00 1.978066640095187470e-02
2.459812116438999772e+06 6.523724315353687686e+00 1.978021949717389399e-02
2.459812620031999890e+06 6.459587716303553329e+00 1.978208800865585704e-02
2.459813113100000191e+06 6.430791069754297595e+00 1.978274472090964242e-02
2.459813606166999787e+06 6.457487884122029342e+00 1.978160496856090286e-02
2.459814109759999905e+06 6.490946057862218233e+00 1.978246687486200084e-02
2.459814602826999966e+06 6.454972553661403545e+00 1.977984485726498598e-02
2.459815095894000027e+06 6.471283109376619436e+00 1.978214279481056714e-02
2.459815599487999920e+06 6.510404909334418733e+00 1.978180860301962871e-02
2.459816092554999981e+06 6.441229896355393336e+00 1.978519423982061376e-02
2.459816585622000042e+06 6.439082656040330477e+00 1.978452928659207855e-02
2.459817089215999935e+06 6.448679604005791433e+00 1.978431930961400964e-02
2.459817582282999996e+06 6.461735842957843978e+00 1.978271503507312082e-02
2.459818075350000057e+06 6.512713895930558827e+00 1.978282600750508324e-02
2.459818578943999950e+06 6.487121020687729001e+00 1.978275902136093778e-02
2.459819072011000011e+06 6.465248169592197947e+00 1.978155865601797722e-02
2.459819565078000072e+06 6.458903560019161105e+00 1.977999282233377024e-02
2.459820068671000190e+06 6.484653873077183661e+00 1.978120793385178267e-02
2.459820561737999786e+06 6.479984991672317562e+00 1.978487053600566647e-02
2.459821054806000087e+06 6.458748891250508883e+00 1.977951915879237743e-02
2.459821558399000205e+06 6.487646829611303900e+00 1.978436249864973934e-02
2.459822051465999801e+06 6.476786779483270529e+00 1.978107100660881496e-02
2.459822544532999862e+06 6.460212444027400913e+00 1.978400119868552881e-02
2.459823048127000220e+06 6.492416906518449160e+00 1.978096984575315395e-02
2.459823541193999816e+06 6.479042070977907741e+00 1.978199158429689089e-02
2.459824034260999877e+06 6.494462298682765145e+00 1.978122008607827512e-02
2.459824537854999769e+06 6.472803157233702365e+00 1.978082777527514352e-02
2.459825030921999831e+06 6.480355036015489567e+00 1.978003173813250651e-02
2.459825523988999892e+06 6.458011291153057165e+00 1.978320835230878635e-02
2.459826027582000010e+06 6.475736964544814178e+00 1.978382908966389020e-02
2.459826520649999846e+06 6.488375862483102274e+00 1.978060970123347515e-02
2.459827013716999907e+06 6.445425604796116481e+00 1.978027261231923850e-02
2.459827517310000025e+06 6.461158575315737451e+00 1.978094772029265203e-02
2.459828010377000086e+06 6.487694632535813355e+00 1.978450827575688187e-02
2.459828503444000147e+06 6.461997713324649339e+00 1.978351675568945992e-02
2.459829007038000040e+06 6.492943144696217139e+00 1.978257317802155357e-02
2.459829500105000101e+06 6.490683014373116677e+00 1.978166519679174298e-02
2.459829993172000162e+06 6.481351873479391124e+00 1.978307439190134243e-02
2.459830496766000055e+06 6.431632187556179936e+00 1.977940846048708776e-02
2.459830989833000116e+06 6.467088437959074732e+00 1.978123287069218084e-02
2.459831482900000177e+06 6.467243306436263772e+00 1.978170657527207610e-02
2.459831986494000070e+06 6.469024560506470678e+00 1.978119680154349566e-02
2.459832479561000131e+06 6.483238524453563301e+00 1.978286174614536999e-02
2.459832972628000192e+06 6.458748891250508883e+00 1.977951915879237743e-02
2.459833476220999844e+06 6.459688858597971262e+00 1.978239775067925851e-02
2.459833969287999906e+06 6.467767504186022087e+00 1.978330996725560786e-02
2.459834462356000207e+06 6.463831103070385886e+00 1.978317630136305558e-02
2.459834965948999859e+06 6.462836960315965662e+00 1.978013363192046223e-02
2.459835459015999921e+06 6.502380806523453849e+00 1.978138309271127576e-02
2.459835952082999982e+06 6.468970937002438859e+00 1.978103282982310307e-02
2.459836455676999874e+06 6.453765780845512445e+00 1.978209110512121893e-02
2.459836948743999936e+06 6.461628717230126995e+00 1.978238706782161835e-02
2.459837441810999997e+06 6.456280641058993908e+00 1.978385320363191396e-02
2.459837945404999889e+06 6.476995569786201834e+00 1.978170868327602805e-02
2.459838438471999951e+06 6.458957100071252455e+00 1.978015678543311451e-02
2.459838931539000012e+06 6.426598968678206347e+00 1.978168698731675237e-02
2.459839435132000130e+06 6.471593050943115877e+00 1.978309025889501971e-02
2.459839928199999966e+06 6.450830044614233039e+00 1.978497535075824168e-02
2.459840421267000027e+06 6.452083809019719673e+00 1.978287811173391059e-02
2.459840924860000145e+06 6.469811089635826740e+00 1.978360187627345099e-02
2.459841417927000206e+06 6.493307948463942658e+00 1.978368465506205945e-02
2.459841910993999802e+06 6.474007527014886243e+00 1.978450831840933635e-02
2.459842414588000160e+06 6.480928049593716267e+00 1.978178075137340328e-02
2.459842907655000221e+06 6.491370536881079012e+00 1.978376056025929475e-02
2.459843400721999817e+06 6.479937245554311609e+00 1.978472475622923901e-02
2.459843904316000175e+06 6.491627629220197093e+00 1.978454410100005320e-02
2.459844397382999770e+06 6.468869649374286546e+00 1.978072310917089460e-02
2.459844890449999832e+06 6.456702853113711171e+00 1.978514697968901392e-02
2.459845394044000190e+06 6.491789064497552886e+00 1.978503610755784001e-02
2.459845887110999785e+06 6.495616854116623706e+00 1.978473669978521310e-02
2.459846380177999847e+06 6.498602899674748912e+00 1.978186090626838853e-02
2.459846883770999964e+06 6.480247601609940844e+00 1.977970381536597530e-02
2.459847376838000026e+06 6.427439538172609268e+00 1.978427434070699834e-02
2.459847869905999862e+06 6.491053669634798240e+00 1.978279484343660119e-02
2.459848373498999979e+06 6.479250933983999872e+00 1.978262929064044176e-02
2.459848866566000041e+06 6.480563941347275758e+00 1.978066938129712307e-02
2.459849359633000102e+06 6.490581386789064489e+00 1.978135546623826721e-02
2.459849863226999994e+06 6.491418367243000809e+00 1.978390633293124201e-02
2.459850356294000056e+06 6.451037998157406861e+00 1.977967152771711173e-02
2.459850849361000117e+06 6.508726160544707540e+00 1.978270249777881393e-02
2.459851352955000009e+06 6.439918926956175405e+00 1.978116740261353507e-02
2.459851846022000071e+06 6.487646829611303900e+00 1.978436249864973934e-02
2.459852339089000132e+06 6.491209112011504523e+00 1.978326858542131528e-02
2.459852842681999784e+06 6.471646696182721037e+00 1.978325424767007554e-02
2.459853335750000086e+06 6.510093108966216846e+00 1.978086120031703060e-02
2.459853828817000147e+06 6.489690718995057672e+00 1.978461820259458034e-02
2.459854332409999799e+06 6.486858132207021121e+00 1.978195733145153914e-02
2.459854825476999860e+06 6.459950646008056907e+00 1.978319945843729291e-02
2.459855318543999922e+06 6.460688467608422414e+00 1.977950847748922297e-02
2.459855822137999814e+06 6.477574252373377028e+00 1.978347606604419912e-02
2.459856315204999875e+06 6.496035655512113038e+00 1.978002924007425320e-02
2.459856808271999937e+06 6.507155723350974696e+00 1.978392260352662690e-02
2.459857311865999829e+06 6.478361821007493582e+00 1.977991462615361420e-02
2.459857804932999890e+06 6.478624365163985210e+00 1.978071623327969097e-02
2.459858297999999952e+06 6.441651124158309649e+00 1.978055512363442042e-02
2.459858801593999844e+06 6.503692510984635078e+00 1.977938340561767941e-02
2.459859294660999905e+06 6.455287659572091385e+00 1.978081043008116796e-02
2.459859787727999967e+06 6.451929303560926421e+00 1.978240437909971339e-02
2.459860291321000084e+06 6.504321504226509454e+00 1.978129633407632940e-02
2.459860784388000146e+06 6.461735842957843978e+00 1.978271503507312082e-02
2.459861277455999982e+06 6.479203193274731376e+00 1.978248352737812035e-02
2.459861781049000099e+06 6.463360800912512971e+00 1.978173689641021110e-02
2.459862274116000161e+06 6.446945516804842846e+00 1.978493704811025433e-02
2.459862767183000222e+06 6.487646829611303900e+00 1.978436249864973934e-02
2.459863270777000114e+06 6.466457089469985320e+00 1.978525755803156594e-02
2.459863763844000176e+06 6.501225048839188503e+00 1.978385492464056900e-02
2.459864256910999771e+06 6.444588618797584267e+00 1.978363968367199272e-02
2.459864760505000129e+06 6.475110735539321816e+00 1.978191591627783547e-02
2.459865253572000191e+06 6.493624925755089095e+00 1.978465041532179516e-02
2.459865746638999786e+06 6.494779332324665866e+00 1.978218572602762071e-02
2.459866250231999904e+06 6.500231141795293155e+00 1.978083036963481506e-02
2.459866743300000206e+06 6.491418367243000809e+00 1.978390633293124201e-02
2.459867236366999801e+06 6.501332831024591918e+00 1.978418291622730321e-02
2.459867739959999919e+06 6.434464364481640608e+00 1.978219198596628536e-02
2.459868233026999980e+06 6.466874010805366169e+00 1.978057699077001921e-02
2.459868726094000041e+06 6.512084091111693951e+00 1.978091293112104604e-02
2.459869229687999934e+06 6.477258058573561073e+00 1.978251036310862965e-02
2.459869722754999995e+06 6.478988364436009562e+00 1.978182760598833773e-02
2.459870215822000057e+06 6.469447605956850644e+00 1.978249040388364507e-02
2.459870719415999949e+06 6.450669627889799251e+00 1.978448334571132616e-02
2.459871212483000010e+06 6.482504098202567455e+00 1.978062072833746896e-02
2.459871705550000072e+06 6.479620936408262644e+00 1.978375899234059362e-02
2.459872209143999964e+06 6.473429163065796743e+00 1.978274084342354633e-02
2.459872702211000025e+06 6.491579797316382461e+00 1.978439832362887188e-02
2.459873195278000087e+06 6.463414377912193309e+00 1.978190087396678593e-02
2.459873698871000204e+06 6.468238126994733328e+00 1.978474948667191188e-02
2.459874191937999800e+06 6.473065476118013528e+00 1.978162941940778824e-02
2.459874685006000102e+06 6.463098875307024649e+00 1.978093524792209554e-02
2.459875188599000219e+06 6.452874221740805716e+00 1.977935829701602671e-02
2.459875681665999815e+06 6.496400633031471195e+00 1.978114057418442484e-02
2.459876174732999876e+06 6.473381465252742828e+00 1.978259507933921232e-02
2.459876678326999769e+06 6.485597610479413966e+00 1.978408677151280090e-02
2.459877171393999830e+06 6.470019655065462061e+00 1.978423963452757839e-02
2.459877664460999891e+06 6.448412334141072400e+00 1.978349933518976783e-02
2.459878168054999784e+06 6.489583129818121243e+00 1.978429020379146239e-02
2.459878661121999845e+06 6.478206686279683879e+00 1.977944096448475478e-02
2.459879154188999906e+06 6.490372158538195713e+00 1.978071780095724472e-02
2.459987411249999888e+06 6.486230827741267468e+00 1.978004433907180198e-02
2.459987904316999950e+06 6.479883531592087742e+00 1.978456075526474275e-02
2.459988407910000067e+06 6.463831103070385886e+00 1.978317630136305558e-02
2.459988900977000128e+06 6.481614538811702353e+00 1.978387612708109103e-02
2.459989394044000190e+06 6.448994402719899988e+00 1.977934535750450543e-02
2.459989897638000082e+06 6.481769755147920975e+00 1.978434989495948815e-02
2.459990390705000143e+06 6.489272326659556889e+00 1.978334268223849376e-02
2.459990883772000205e+06 6.463152450135514648e+00 1.978109921883353106e-02
2.459991387366000097e+06 6.503902168639832837e+00 1.978002102788212202e-02
2.459991880433000159e+06 6.424131171077394065e+00 1.978000771347210307e-02
2.459992373500000220e+06 6.468136850840521035e+00 1.978443970782630887e-02
2.459992877094000112e+06 6.527396586125098210e+00 1.977933007505779106e-02
2.459993370161000174e+06 6.476053084090911405e+00 1.978479485697441295e-02
2.459993863227999769e+06 6.449356737242717408e+00 1.978045665319096494e-02
2.459994366820999887e+06 6.508042793971433149e+00 1.978062546499504554e-02
2.459994859887999948e+06 6.500231141795293155e+00 1.978083036963481506e-02
2.459995352955999784e+06 6.507413440866313792e+00 1.978470615068514057e-02
2.459995856548999902e+06 6.485334783734412412e+00 1.978328502779675563e-02
2.459996349615999963e+06 6.480301318590065307e+00 1.977986777606964564e-02
2.459996842683000024e+06 6.494725495332348331e+00 1.978202174610983397e-02
2.459997346276999917e+06 6.430844376772379967e+00 1.978290870682041305e-02
2.459997839343999978e+06 6.502536520153050503e+00 1.978185680088855036e-02
2.459998332411000039e+06 6.485914211382757699e+00 1.978505255140231359e-02
2.459998836004999932e+06 6.480092421724122254e+00 1.978519854442997369e-02
2.459999329071999993e+06 6.514339673667167041e+00 1.978176449302920456e-02
2.459999822139000054e+06 6.477466864068980534e+00 1.978314808617596260e-02
2.460000325732000172e+06 6.500967576406942783e+00 1.978307141119373808e-02
2.460000818800000008e+06 6.468553880477609930e+00 1.977975754061715719e-02
2.460001311867000069e+06 6.468661121015856885e+00 1.978008546427432318e-02
2.460001815460000187e+06 6.498974007207348080e+00 1.978299056408937967e-02
2.460002308526999783e+06 6.504896636995988857e+00 1.978304545913681795e-02
2.460002801593999844e+06 6.463831103070385886e+00 1.978317630136305558e-02
2.460003305188000202e+06 6.497920595966606427e+00 1.977978396184530349e-02
2.460003798254999798e+06 6.480510222190178915e+00 1.978050541394866385e-02
2.460004291321999859e+06 6.491944524484906331e+00 1.977953060133990845e-02
2.460004794916000217e+06 6.506682268935240820e+00 1.978248314427354798e-02
2.460005287982999813e+06 6.469233100580993323e+00 1.978183448226591978e-02
2.460005781049999874e+06 6.459534171024111870e+00 1.978192402954807860e-02
2.460006284644000232e+06 6.489744514252398844e+00 1.978478220403527554e-02
2.460006777710999828e+06 6.517850577641415732e+00 1.978041955238360114e-02
2.460007270777999889e+06 6.481190697750006002e+00 1.978258243412666165e-02
2.460007774371000007e+06 6.459688858597971262e+00 1.978239775067925851e-02
2.460008267438000068e+06 6.457541412439122830e+00 1.978176894502394270e-02
2.460008760505999904e+06 6.455602780865009827e+00 1.978177605003281561e-02
2.460009264099000022e+06 6.516121896202050401e+00 1.978117490764383368e-02
2.460009757166000083e+06 6.465563777117328215e+00 1.978252431249501869e-02
2.460010250233000144e+06 6.478988364436009562e+00 1.978182760598833773e-02
2.460010753827000037e+06 6.481560810945916629e+00 1.978371213315104071e-02
2.460011246894000098e+06 6.465563777117328215e+00 1.978252431249501869e-02
2.460011739961000159e+06 6.475057061585351548e+00 1.978175193859657219e-02
2.460012243555000052e+06 6.505945186958822291e+00 1.978024216935395790e-02
2.460012736622000113e+06 6.447836256772091268e+00 1.978173195034281517e-02
2.460013229689000174e+06 6.451929303560926421e+00 1.978240437909971339e-02
2.460013733281999826e+06 6.477419136505156771e+00 1.978300231909096984e-02
2.460014226350000128e+06 6.463152450135514648e+00 1.978109921883353106e-02
2.460014719417000189e+06 6.506053047398216549e+00 1.978057010104572466e-02
2.460015223009999841e+06 6.441597727560139042e+00 1.978039115723307859e-02
2.460015716076999903e+06 6.485334783734412412e+00 1.978328502779675563e-02
2.460016209143999964e+06 6.445793675599900574e+00 1.978140217943953269e-02
2.460016712737999856e+06 6.497292221717488658e+00 1.978385540692469483e-02
2.460017205804999918e+06 6.455127131997429046e+00 1.978031852860587247e-02
2.460017698871999979e+06 6.472433544121537707e+00 1.977969824095475448e-02
2.460018202465999871e+06 6.487593051742220673e+00 1.978419850068802860e-02
2.460018695532999933e+06 6.473065476118013528e+00 1.978162941940778824e-02
2.460019188599999994e+06 6.465772205627577485e+00 1.978316203601203360e-02
2.460019692193999887e+06 6.458534740608444125e+00 1.978481186601772218e-02
2.460020185260999948e+06 6.462366730490966660e+00 1.978464650806896485e-02
2.460020678328000009e+06 6.429008500641773871e+00 1.978318242176435246e-02
2.460021181921000127e+06 6.453343760849707067e+00 1.978079752889166584e-02
2.460021674988000188e+06 6.483602782970531386e+00 1.978397323939891372e-02
2.460022168056000024e+06 6.436669348378001310e+00 1.978304262251466897e-02
2.460022671649000142e+06 6.476106766301250595e+00 1.978495885987945763e-02
2.460023164716000203e+06 6.482450362962981494e+00 1.978045676139230172e-02
2.460023657782999799e+06 6.471753987996008206e+00 1.978358222929833821e-02
2.460024161377000157e+06 6.439972309638196890e+00 1.978133137544944159e-02
2.460024654444000218e+06 6.487748411246935909e+00 1.978467227628642744e-02
2.460025147510999814e+06 6.463360800912512971e+00 1.978173689641021110e-02
2.460025651105000172e+06 6.478099287490499236e+00 1.978507960145247518e-02
2.460026144171999767e+06 6.494779332324665866e+00 1.978218572602762071e-02
2.460026637238999829e+06 6.505214180000522539e+00 1.978401118819363147e-02
2.460027140831999946e+06 6.476577995910833607e+00 1.978043335049753382e-02
2.460027633899999782e+06 6.481662297288507624e+00 1.978402190060456547e-02
2.460028126966999844e+06 6.473745169954245426e+00 1.978370655761017491e-02
2.460028630559999961e+06 6.518534974065250509e+00 1.978249656354584551e-02
2.460029123627000023e+06 6.482086169190695912e+00 1.977934546569976373e-02
2.460029616694000084e+06 6.430950992134210509e+00 1.978323668272004288e-02
2.460030120287999976e+06 6.480880296527028683e+00 1.978163499436326814e-02
2.460030613355000038e+06 6.453450749223203609e+00 1.978112546979060582e-02
2.460031106422000099e+06 6.424237675142665083e+00 1.978033564127688881e-02
2.460031610015999991e+06 6.456019002374693727e+00 1.978305146938113407e-02
2.460032103083000053e+06 6.476160448956580495e+00 1.978512286414398080e-02
2.460032596150000114e+06 6.472069913109137929e+00 1.978454798455811514e-02
2.460033099744000006e+06 6.482402598679537498e+00 1.978031101413771364e-02
2.460033592811000068e+06 6.494199112699122090e+00 1.978041845853367384e-02
2.460034085878000129e+06 6.447782808903693486e+00 1.978156797418649526e-02
2.460034589470999781e+06 6.473745169954245426e+00 1.978370655761017491e-02
2.460035082537999842e+06 6.459165315603963897e+00 1.978079443262884679e-02
2.460035575606000144e+06 6.498974007207348080e+00 1.978299056408937967e-02
2.460036079198999796e+06 6.490844426159575242e+00 1.978215713175628457e-02
2.460036572265999857e+06 6.496562187004975009e+00 1.978163249610253444e-02
2.460037065332999919e+06 6.434256945200702127e+00 1.978155429371954849e-02
2.460037568926999811e+06 6.490425959444221959e+00 1.978088177006618806e-02
2.460038061993999872e+06 6.446945516804842846e+00 1.978493704811025433e-02
2.460038555060999934e+06 6.463152450135514648e+00 1.978109921883353106e-02
2.460039058654999826e+06 6.481978706085598674e+00 1.978498767732727454e-02
2.460039551721999887e+06 6.450877576261666135e+00 1.978512113238112616e-02
2.460040044788999949e+06 6.471700341867031803e+00 1.978341823780455436e-02
2.460040548382000066e+06 6.478361821007493582e+00 1.977991462615361420e-02
2.460041041449999902e+06 6.487276368888635680e+00 1.978323276248787621e-02
2.460041534516999964e+06 6.461842970461573188e+00 1.978304300776191627e-02
2.460042038110000081e+06 6.464360978140190284e+00 1.978479803493815581e-02
2.460042531177000143e+06 6.514129679551961871e+00 1.978112681456292710e-02
2.460043024244000204e+06 6.506472521661620156e+00 1.978184544264106892e-02
2.460043527838000096e+06 6.459795952165257482e+00 1.978272571810787278e-02
2.460044020905000158e+06 6.480563941347275758e+00 1.978066938129712307e-02
2.460044513972000219e+06 6.479358351866043364e+00 1.978295726190769377e-02
2.460045017566000111e+06 6.492733840312495452e+00 1.978193547348677112e-02
2.460045510633000173e+06 6.468816027154376869e+00 1.978055914137713533e-02
2.460046003699999768e+06 6.470967222670219954e+00 1.978117715695677792e-02
2.460046507294000126e+06 6.458695352924316957e+00 1.977935520097848926e-02
2.460047000361000188e+06 6.479620936408262644e+00 1.978375899234059362e-02
2.460047493427999783e+06 6.524096857463359989e+00 1.978134906126106929e-02
2.460047997020999901e+06 6.492733840312495452e+00 1.978193547348677112e-02
2.460048490087999962e+06 6.484653873077183661e+00 1.978120793385178267e-02
2.460048983155999798e+06 6.480719132524656700e+00 1.978114307238302769e-02
2.460049486748999916e+06 6.461581106365651195e+00 1.978224130634399433e-02
2.460049979815999977e+06 6.460742022456221534e+00 1.977967243657367466e-02
2.460050472883000039e+06 6.507257610451034679e+00 1.978423237427556422e-02
2.460050976476999931e+06 6.473643807573749243e+00 1.978339679509418664e-02
2.460051469543999992e+06 6.477627947193198565e+00 1.978364005801733910e-02
2.460051962611000054e+06 6.438293932648485374e+00 1.978210587911642671e-02
2.460052466204999946e+06 6.492626200685267968e+00 1.978160751915927773e-02
2.460052959272000007e+06 6.482557833887560683e+00 1.978078469664173999e-02
2.460053452339000069e+06 6.469185433685557207e+00 1.978168872485988605e-02
2.460053955932000186e+06 6.499446900736534971e+00 1.978443006026452122e-02
2.460054449000000022e+06 6.476786779483270529e+00 1.978107100660881496e-02
2.460054942067000084e+06 6.449148837896117925e+00 1.977981901688378313e-02
2.460055445660000201e+06 6.475212120888537370e+00 1.978222565560666668e-02
2.460055938726999797e+06 6.472117601258262631e+00 1.978469376303197691e-02
2.460056431793999858e+06 6.441123110585025735e+00 1.978486623146774245e-02
2.460056935388000216e+06 6.495353621345015149e+00 1.978393492973103823e-02
2.460057428454999812e+06 6.480146137417907681e+00 1.977939411552274984e-02
2.460057921521999873e+06 6.455965486677270881e+00 1.978288748228689692e-02
2.460058425116000231e+06 6.459587716303553329e+00 1.978208800865585704e-02
2.460058918182999827e+06 6.484600120017529612e+00 1.978104396203911319e-02
