2.458346727899000049e+06 2.040531014024849280e-02 7.155246037250872181e-04
2.458347220966000110e+06 2.111414987543066765e-02 7.155274247206862281e-04
2.458347714033000171e+06 2.098184140438169934e-02 7.155270833136689879e-04
2.458348217627000064e+06 2.118975815464679141e-02 7.155135014022327537e-04
2.458348710694000125e+06 2.070774460237384540e-02 7.155253210661071360e-04
2.458349203761000186e+06 1.964921478793651977e-02 7.155246381819887428e-04
2.458349707355000079e+06 2.176628944197231061e-02 7.155150883510380836e-04
2.458350200422000140e+06 2.164342562146272589e-02 7.155229012832330614e-04
2.458350693489000201e+06 2.139770520631706363e-02 7.155191857985525056e-04
2.458351197081999853e+06 2.099129345291263909e-02 7.155207461944287093e-04
2.458351690150000155e+06 1.998944793424655905e-02 7.155236245342140849e-04
2.458352183217000216e+06 2.101019097485999285e-02 7.155263111627450587e-04
2.458352686809999868e+06 2.207819678850358666e-02 7.155195774006071086e-04
2.458353179876999930e+06 2.187026271494782806e-02 7.155086092673147756e-04
2.458353672943999991e+06 2.025409301014257854e-02 7.155200205100390679e-04
2.458354176537999883e+06 1.998944793424655905e-02 7.155236245342140849e-04
2.458354669604999945e+06 2.112360316046566627e-02 7.155170381423435998e-04
2.458355162672000006e+06 2.025409301014257854e-02 7.155200205100390679e-04
2.458355666265999898e+06 2.097239361195928423e-02 7.155139533614959541e-04
2.458356159332999960e+06 1.921445187559672058e-02 7.155140451039051965e-04
2.458356652400000021e+06 2.021627795045235695e-02 7.155247523988089893e-04
2.458357155993999913e+06 1.991384855539854101e-02 7.155137155693487615e-04
2.458357649060999975e+06 2.114250295680874039e-02 7.155146206237473746e-04
2.458358142128000036e+06 2.088732383259625514e-02 7.155165609300233754e-04
2.458358645721000154e+06 2.016903873288623111e-02 7.155246647470654871e-04
2.458359138788000215e+06 2.032025716954268674e-02 7.155179577177766528e-04
2.458359631856000051e+06 2.151110895486858104e-02 7.155271202162258445e-04
2.458360135449000169e+06 2.076446758575267032e-02 7.155154469209460072e-04
2.458360628516000230e+06 1.999891340903521553e-02 7.155124679175954745e-04
2.458361121582999825e+06 1.952633788052606997e-02 7.155102217023247236e-04
2.458361625177000184e+06 2.046201506142170806e-02 7.155152977467475143e-04
2.458362118243999779e+06 1.995164919007301821e-02 7.155120747649144908e-04
2.458362611310999840e+06 2.007452140058965315e-02 7.155180975607990145e-04
2.458363114905000199e+06 2.053763352457927890e-02 7.155113021894641536e-04
2.458363607971999794e+06 2.057544325719523268e-02 7.155209595640074421e-04
2.458364101038999856e+06 2.133152969266681118e-02 7.155264570460717448e-04
2.458364604631999973e+06 2.127482517626077749e-02 7.155251088908866006e-04
2.458365097699999809e+06 2.028244934454647916e-02 7.155130052680530074e-04
2.458365590766999871e+06 2.045257528714178666e-02 7.155242832487637879e-04
2.458366094359999988e+06 2.195533155904381625e-02 7.155213655772581314e-04
2.458366587427000050e+06 2.103854009534149305e-02 7.155229126154487177e-04
2.458367080494000111e+06 2.012178016849880402e-02 7.155160575293371137e-04
2.458367584088000003e+06 2.145440131244839843e-02 7.155180679424973881e-04
2.458368077155000065e+06 2.158672704051537231e-02 7.155173874920471707e-04
2.458368570222000126e+06 2.164342562146272589e-02 7.155229012832330614e-04
2.458369073816000018e+06 2.087788014143448709e-02 7.155199547166620280e-04
2.458369566883000080e+06 2.022573906272708347e-02 7.155242995442079486e-04
2.458370059950000141e+06 2.057544325719523268e-02 7.155209595640074421e-04
2.458370563544000033e+06 2.081172123234330956e-02 7.155144378131637548e-04
2.458371056611000095e+06 2.077391737739076039e-02 7.155158047050361224e-04
2.458371549678000156e+06 2.039585895514574657e-02 7.155125419397870626e-04
2.458372053270999808e+06 2.124647076239702392e-02 7.155107783564662333e-04
2.458372546337999869e+06 2.121811505315056301e-02 7.155134396702404059e-04
2.458373039406000171e+06 2.028244934454647916e-02 7.155130052680530074e-04
2.458373542998999823e+06 1.945073423888937433e-02 7.155166440031389278e-04
2.458374036065999884e+06 2.182299735370399688e-02 7.155099520423707435e-04
2.458374529132999945e+06 1.950744539870440802e-02 7.155186519096204184e-04
2.458375032726999838e+06 2.090622403184590888e-02 7.155093248202244521e-04
2.458375525793999899e+06 1.970592384074340911e-02 7.155206137265090463e-04
2.458376018860999960e+06 2.077391737739076039e-02 7.155158047050361224e-04
2.458376522454999853e+06 2.034861242670444811e-02 7.155230909885576442e-04
2.458377015521999914e+06 2.104799829996853791e-02 7.155150264392267940e-04
2.458377508588999975e+06 2.033915003630825877e-02 7.155088245490113250e-04
2.458378012182000093e+06 1.899707774206367203e-02 7.155204862649073346e-04
2.458378505249999929e+06 2.131263758698798139e-02 7.155209057953099399e-04
2.458378998316999990e+06 2.035806046881679862e-02 7.155178063377851030e-04
2.458379501910000108e+06 2.072665411561418897e-02 7.155105627894175384e-04
2.458379994977000169e+06 2.089677179542268406e-02 7.155130176760526569e-04
2.458380488044000231e+06 2.146384878372399607e-02 7.155168442146300854e-04
2.458380991638000123e+06 2.052817777225397072e-02 7.155222016256177972e-04
2.458381484705000184e+06 2.017847773745437556e-02 7.155249953786498810e-04
2.458381977771999780e+06 2.114250295680874039e-02 7.155146206237473746e-04
2.458382481366000138e+06 2.128427198498135733e-02 7.155095683236381739e-04
2.458382974433000199e+06 2.010286702846457441e-02 7.155100751393343554e-04
2.458383467499999795e+06 2.066049868835464348e-02 7.155102756786893342e-04
2.458383971094000153e+06 1.973427609667234919e-02 7.155140534294565993e-04
2.458384464161000215e+06 2.108579597534826836e-02 7.155181688841434889e-04
2.458384957227999810e+06 2.144495799954699786e-02 7.155191519699323705e-04
2.458385460820999928e+06 2.064159249567652787e-02 7.155209265038236198e-04
2.458385953887999989e+06 2.092514133321624753e-02 7.155207625318617433e-04
2.458386446955999825e+06 1.968702079367795968e-02 7.155232773253519460e-04
2.458386950548999943e+06 2.145440131244839843e-02 7.155180679424973881e-04
2.458387443616000004e+06 2.033915003630825877e-02 7.155088245490113250e-04
2.458387936683000065e+06 1.963975202471849105e-02 7.155237411124453113e-04
2.458388440276999958e+06 2.066049868835464348e-02 7.155102756786893342e-04
2.458388933344000019e+06 2.060379404340264772e-02 7.155200784518004828e-04
2.458389426411000080e+06 1.974372984916276594e-02 7.155113138628995924e-04
2.458389930004999973e+06 2.033915003630825877e-02 7.155088245490113250e-04
2.458390423072000034e+06 2.032025716954268674e-02 7.155179577177766528e-04
2.458390916139000095e+06 1.980988708058492934e-02 7.155186760353833293e-04
2.458391419732000213e+06 2.094403717180459007e-02 7.155110268701383308e-04
2.458391912800000049e+06 1.993274909142116538e-02 7.155135471070619979e-04
2.458392405867000110e+06 2.185135637398507788e-02 7.155139696027537502e-04
2.458392909460000228e+06 1.909158564198147265e-02 7.155105521519649226e-04
2.458393402526999824e+06 2.120867807359124932e-02 7.155272840963359561e-04
2.458393895593999885e+06 2.178520244039834283e-02 7.155147959698616306e-04
2.458394399187999777e+06 1.965866400416618059e-02 7.155247109860386409e-04
2.458394892254999839e+06 2.092514133321624753e-02 7.155207625318617433e-04
2.458395385321999900e+06 2.097239361195928423e-02 7.155139533614959541e-04
2.458395888915999793e+06 2.101963643469669657e-02 7.155188705925286802e-04
2.458396381982999854e+06 2.032025716954268674e-02 7.155179577177766528e-04
2.458396875049999915e+06 2.054707470787831003e-02 7.155185064527105551e-04
2.458397378643999808e+06 2.072665411561418897e-02 7.155105627894175384e-04
2.458397871710999869e+06 2.206874314466952119e-02 7.155180906504993166e-04
2.458398364777999930e+06 2.063214588814486425e-02 7.155165183971930361e-04
2.458398868371000048e+06 2.077391737739076039e-02 7.155158047050361224e-04
2.458399361438000109e+06 2.136934447640595133e-02 7.155155604931899560e-04
2.458399854505999945e+06 1.933732515927622658e-02 7.155123846328994945e-04
2.458400358099000063e+06 1.986658409673074804e-02 7.155171772977964939e-04
2.458400851166000124e+06 2.030134445571052382e-02 7.155251385024405863e-04
2.458401344233000185e+06 2.203092844897176425e-02 7.155095276027044959e-04
2.458401847827000078e+06 2.124647076239702392e-02 7.155107783564662333e-04
2.458402340894000139e+06 2.043367116092368804e-02 7.155216345025735246e-04
2.458402833961000200e+06 2.147330041520486774e-02 7.155154806635042339e-04
2.458403337555000093e+06 2.165287655752657844e-02 7.155162568277816148e-04
2.458403830622000154e+06 1.910103058560879558e-02 7.155126738362352530e-04
2.458404323689000215e+06 2.116141966325466375e-02 7.155116259854328153e-04
2.458404827281999867e+06 2.081172123234330956e-02 7.155144378131637548e-04
2.458405320350000169e+06 2.087788014143448709e-02 7.155199547166620280e-04
2.458405813417000230e+06 2.027299904878145445e-02 7.155157211713019392e-04
2.458406317009999882e+06 2.018793975319835635e-02 7.155258286294726051e-04
2.458406810076999944e+06 2.123702117133814682e-02 7.155250677504903893e-04
2.458407303144000005e+06 2.016903873288623111e-02 7.155246647470654871e-04
2.458407806737999897e+06 2.009342637926677180e-02 7.155256872682586380e-04
2.458408299804999959e+06 2.240897540770893023e-02 7.155277276652280763e-04
2.458408792872000020e+06 2.159617310906955523e-02 7.155122355457523529e-04
2.458409296465999912e+06 2.088732383259625514e-02 7.155165609300233754e-04
2.458409789532999974e+06 2.114250295680874039e-02 7.155146206237473746e-04
2.458410282600000035e+06 2.028244934454647916e-02 7.155130052680530074e-04
2.458410786193999927e+06 2.032971077040339469e-02 7.155138000049345633e-04
2.458411279260999989e+06 1.990438667648958965e-02 7.155220656535557370e-04
2.458411772328000050e+06 2.032971077040339469e-02 7.155138000049345633e-04
2.458412275921000168e+06 1.998944793424655905e-02 7.155236245342140849e-04
2.458412768988000229e+06 2.012178016849880402e-02 7.155160575293371137e-04
2.458413262056000065e+06 2.004616035121083856e-02 7.155226977292229338e-04
2.458413765649000183e+06 2.159617310906955523e-02 7.155122355457523529e-04
2.458414258715999778e+06 2.196477708104485269e-02 7.155257392863121312e-04
2.458414751782999840e+06 2.140714742809681978e-02 7.155194574530161864e-04
2.458415255377000198e+06 2.120867807359124932e-02 7.155272840963359561e-04
2.458415748443999793e+06 2.111414987543066765e-02 7.155274247206862281e-04
2.458416241510999855e+06 1.997054881610769994e-02 7.155092973248047741e-04
2.458416745105000213e+06 2.002726295134507617e-02 7.155122270752100515e-04
2.458417238171999808e+06 2.120867807359124932e-02 7.155272840963359561e-04
2.458417731238999870e+06 2.054707470787831003e-02 7.155185064527105551e-04
2.458418234831999987e+06 2.103854009534149305e-02 7.155229126154487177e-04
2.458526481366999913e+06 2.096293076614711565e-02 7.155193387289770146e-04
2.458526984960000031e+06 1.979097544664524741e-02 7.155100436023746797e-04
2.458527478027000092e+06 1.906322614976707630e-02 7.155187315765810553e-04
2.458527971094000153e+06 1.992329658212513635e-02 7.155228868874915181e-04
2.458528474688000046e+06 2.047147804749724354e-02 7.155256654608265843e-04
2.458528967755000107e+06 2.067940315128279083e-02 7.155173925118425140e-04
2.458529460822000168e+06 2.042420683976685358e-02 7.155100179517665231e-04
2.458529964416000061e+06 2.128427198498135733e-02 7.155095683236381739e-04
2.458530457483000122e+06 2.088732383259625514e-02 7.155165609300233754e-04
2.458530950550000183e+06 2.025409301014257854e-02 7.155200205100390679e-04
2.458531454144000076e+06 1.965866400416618059e-02 7.155247109860386409e-04
2.458531947211000137e+06 2.196477708104485269e-02 7.155257392863121312e-04
2.458532440278000198e+06 2.108579597534826836e-02 7.155181688841434889e-04
2.458532943870999850e+06 2.098184140438169934e-02 7.155270833136689879e-04
2.458533436937999912e+06 2.169068163302989571e-02 7.155268931477361824e-04
2.458533930006000213e+06 2.204038619396466239e-02 7.155121923485399443e-04
2.458534433598999865e+06 2.261690636306694716e-02 7.155219778620629115e-04
2.458534926665999927e+06 1.964921478793651977e-02 7.155246381819887428e-04
2.458535419732999988e+06 1.938458019129450996e-02 7.155112193383843158e-04
2.458535923326999880e+06 2.177575391596300522e-02 7.155253673049990831e-04
2.458536416393999942e+06 2.113306067795126669e-02 7.155259631000617827e-04
2.458536909461000003e+06 2.068885234081768720e-02 7.155204017266492134e-04
2.458537413054999895e+06 2.117087461294346953e-02 7.155193319679560180e-04
2.458537906121999957e+06 2.071720674217336633e-02 7.155088086899315421e-04
2.458538399189000018e+06 1.922390448562901963e-02 7.155119270816022968e-04
2.458538902782000136e+06 2.157726523022395274e-02 7.155217390231975597e-04
2.458539395849999972e+06 2.033915003630825877e-02 7.155088245490113250e-04
2.458539888917000033e+06 2.056598903882045012e-02 7.155141981522718199e-04
2.458540392510000151e+06 1.964921478793651977e-02 7.155246381819887428e-04
2.458540885577000212e+06 1.986658409673074804e-02 7.155171772977964939e-04
2.458541378643999808e+06 2.138824744998056235e-02 7.155181161627163300e-04
2.458541882238000166e+06 1.981934054609128457e-02 7.155132968585144193e-04
2.458542375305000227e+06 2.192695877071474536e-02 7.155256920068240808e-04
2.458542868371999823e+06 2.073610579720656585e-02 7.155121696983550482e-04
2.458543371966000181e+06 2.101019097485999285e-02 7.155263111627450587e-04
2.458543865032999776e+06 2.028244934454647916e-02 7.155130052680530074e-04
2.458544358099999838e+06 2.080227340380388229e-02 7.155153313121009190e-04
2.458544861694000196e+06 2.115196893616295634e-02 7.155232658566977946e-04
2.458545354760999791e+06 2.176628944197231061e-02 7.155150883510380836e-04
2.458545847827999853e+06 2.161507764841377049e-02 7.155214151992867313e-04
2.458546351420999970e+06 2.072665411561418897e-02 7.155105627894175384e-04
2.458546844488000032e+06 2.102910550940053150e-02 7.155119377283137823e-04
2.458547337555999868e+06 2.014067400182967954e-02 7.155200998124933197e-04
2.458547841148999985e+06 2.170958892062266679e-02 7.155107534694604742e-04
2.458548334216000047e+06 2.025409301014257854e-02 7.155200205100390679e-04
2.458548827283000108e+06 2.097239361195928423e-02 7.155139533614959541e-04
2.458549330877000000e+06 2.049981774741700680e-02 7.155155091555383783e-04
2.458549823944000062e+06 2.013123413937567205e-02 7.155184860134326807e-04
2.458550317011000123e+06 2.096293076614711565e-02 7.155193387289770146e-04
2.458550820605000015e+06 2.066993923973622915e-02 7.155135777749146954e-04
2.458551313672000077e+06 2.161507764841377049e-02 7.155214151992867313e-04
2.458551806739000138e+06 2.129372298843425215e-02 7.155134851196277151e-04
2.458552310331999790e+06 1.974372984916276594e-02 7.155113138628995924e-04
2.458552803400000092e+06 2.108579597534826836e-02 7.155181688841434889e-04
2.458553296467000153e+06 2.218214807186063425e-02 7.155174400265722949e-04
2.458553800059999805e+06 1.932787018382826558e-02 7.155185677370463427e-04
2.458554293126999866e+06 2.066993923973622915e-02 7.155135777749146954e-04
2.458554786193999927e+06 2.081172123234330956e-02 7.155144378131637548e-04
2.458555289787999820e+06 1.956414171408951339e-02 7.155260181250427736e-04
2.458555782854999881e+06 2.166233162048770283e-02 7.155094701359716262e-04
2.458556275921999943e+06 2.015011829078840189e-02 7.155215577950811701e-04
2.458556779515999835e+06 2.130317818848193739e-02 7.155172643178399003e-04
2.458557272582999896e+06 2.070774460237384540e-02 7.155253210661071360e-04
2.458557765649999958e+06 2.030134445571052382e-02 7.155251385024405863e-04
2.458558269243999850e+06 2.030134445571052382e-02 7.155251385024405863e-04
2.458558762310999911e+06 2.069830584803915990e-02 7.155232642974430077e-04
2.458559255377999973e+06 2.193641229047799124e-02 7.155109145762054979e-04
2.458559758971000090e+06 2.181355252814032655e-02 7.155217412228168442e-04
2.458560252038000152e+06 2.127482517626077749e-02 7.155251088908866006e-04
2.458560745105999988e+06 2.082117335183022652e-02 7.155133959111173447e-04
2.458561248699000105e+06 2.117087461294346953e-02 7.155193319679560180e-04
2.458561741766000167e+06 1.983824274140094657e-02 7.155196468062186834e-04
2.458562234833000228e+06 2.034861242670444811e-02 7.155230909885576442e-04
2.458562738427000120e+06 2.146384878372399607e-02 7.155168442146300854e-04
2.458563231494000182e+06 2.021627795045235695e-02 7.155247523988089893e-04
2.458563724560999777e+06 2.069830584803915990e-02 7.155232642974430077e-04
2.458564228155000135e+06 2.067940315128279083e-02 7.155173925118425140e-04
2.458564721222000197e+06 2.035806046881679862e-02 7.155178063377851030e-04
2.458565214288999792e+06 2.051872637346107905e-02 7.155140409070837038e-04
2.458565717881999910e+06 2.058488286230296394e-02 7.155269169608088984e-04
2.458566210950000212e+06 2.128427198498135733e-02 7.155095683236381739e-04
2.458566704016999807e+06 2.058488286230296394e-02 7.155269169608088984e-04
2.458567207609999925e+06 2.159617310906955523e-02 7.155122355457523529e-04
2.458567700676999986e+06 2.066993923973622915e-02 7.155135777749146954e-04
2.458568193744000047e+06 2.040531014024849280e-02 7.155246037250872181e-04
2.458568697337999940e+06 2.250349638442544764e-02 7.155197540420957627e-04
2.458569190405000001e+06 2.155837390560220654e-02 7.155108213983124707e-04
2.458569683472000062e+06 2.035806046881679862e-02 7.155178063377851030e-04
2.458570187065999955e+06 1.942237790406193751e-02 7.155110679759734294e-04
2.458570680133000016e+06 2.031080796473908046e-02 7.155219568425175408e-04
2.458571173200000077e+06 2.072665411561418897e-02 7.155105627894175384e-04
2.458571676793999970e+06 2.240897540770893023e-02 7.155277276652280763e-04
2.458572169861000031e+06 2.030134445571052382e-02 7.155251385024405863e-04
2.458572662928000093e+06 2.074556178891500888e-02 7.155136292821349508e-04
2.458573166521000210e+06 2.052817777225397072e-02 7.155222016256177972e-04
2.458573659587999806e+06 2.132208154744467954e-02 7.155237504069518820e-04
2.458574152656000108e+06 2.021627795045235695e-02 7.155247523988089893e-04
2.458574656249000225e+06 2.195533155904381625e-02 7.155213655772581314e-04
2.458575149315999821e+06 1.998944793424655905e-02 7.155236245342140849e-04
2.458575642382999882e+06 2.127482517626077749e-02 7.155251088908866006e-04
2.458576145976999775e+06 1.949799703443845511e-02 7.155133009644760837e-04
2.458576639043999836e+06 2.107635960987451137e-02 7.155085512078186542e-04
2.458577132110999897e+06 1.909158564198147265e-02 7.155105521519649226e-04
2.458577635704999790e+06 2.140714742809681978e-02 7.155194574530161864e-04
2.458578128771999851e+06 2.030134445571052382e-02 7.155251385024405863e-04
2.458578621838999912e+06 2.106690806403716323e-02 7.155175431793740250e-04
2.458579125432000030e+06 2.092514133321624753e-02 7.155207625318617433e-04
2.458579618499999866e+06 1.869462680966701290e-02 7.155100969012759965e-04
2.458580111566999927e+06 1.891200613129609756e-02 7.155213066091359710e-04
2.458580615160000045e+06 2.116141966325466375e-02 7.155116259854328153e-04
2.458581108227000106e+06 2.076446758575267032e-02 7.155154469209460072e-04
2.458581601294000167e+06 2.074556178891500888e-02 7.155136292821349508e-04
2.458582104888000060e+06 2.180409170790470821e-02 7.155126448362273458e-04
2.458582597955000121e+06 2.052817777225397072e-02 7.155222016256177972e-04
2.458583091022000182e+06 2.048092654624283915e-02 7.155163670705809876e-04
2.458583594616000075e+06 2.044312103890917262e-02 7.155136203389747193e-04
2.458584087683000136e+06 1.965866400416618059e-02 7.155247109860386409e-04
2.458584580750000197e+06 2.151110895486858104e-02 7.155271202162258445e-04
2.458585084344000090e+06 1.906322614976707630e-02 7.155187315765810553e-04
2.458585577411000151e+06 2.053763352457927890e-02 7.155113021894641536e-04
2.458586070478000212e+06 2.116141966325466375e-02 7.155116259854328153e-04
2.458586574070999864e+06 2.085896714270762259e-02 7.155249763786472464e-04
2.458587067137999926e+06 2.003670942341899755e-02 7.155175394909706011e-04
2.458587560206000227e+06 2.070774460237384540e-02 7.155253210661071360e-04
2.458588063798999880e+06 2.100074975946927477e-02 7.155142581575322375e-04
2.458588556865999941e+06 2.019738760334508290e-02 7.155258463064054393e-04
2.458589049933000002e+06 1.954524865925236915e-02 7.155191058884942260e-04
2.458589553526999895e+06 1.916718788440295584e-02 7.155193763809315939e-04
2.458590046593999956e+06 1.968702079367795968e-02 7.155232773253519460e-04
2.458590539661000017e+06 2.022573906272708347e-02 7.155242995442079486e-04
2.458591043254999910e+06 2.101019097485999285e-02 7.155263111627450587e-04
2.458591536321999971e+06 2.101963643469669657e-02 7.155188705925286802e-04
2.458592029389000032e+06 2.108579597534826836e-02 7.155181688841434889e-04
2.458592532982000150e+06 2.084007127701915235e-02 7.155102073495870837e-04
2.458593026049999986e+06 1.997054881610769994e-02 7.155092973248047741e-04
2.458593519117000047e+06 2.009342637926677180e-02 7.155256872682586380e-04
2.458594022710000165e+06 2.068885234081768720e-02 7.155204017266492134e-04
2.458594515777000226e+06 2.237117525132542584e-02 7.155158208531776486e-04
2.458595008843999822e+06 2.005561573682229301e-02 7.155092297386105374e-04
2.458595512438000180e+06 2.074556178891500888e-02 7.155136292821349508e-04
2.458596005504999775e+06 2.075500297663199559e-02 7.155142823927451408e-04
2.458596498571999837e+06 2.107635960987451137e-02 7.155085512078186542e-04
2.458597002166000195e+06 2.042420683976685358e-02 7.155100179517665231e-04
2.458597495232999790e+06 2.025409301014257854e-02 7.155200205100390679e-04
2.458597988299999852e+06 2.132208154744467954e-02 7.155237504069518820e-04
2.458712204272000119e+06 2.183244626868545424e-02 7.155181269392202597e-04
2.458712697339000180e+06 2.076446758575267032e-02 7.155154469209460072e-04
2.458713200931999832e+06 2.122757578308409956e-02 7.155196515774215390e-04
2.458713694000000134e+06 2.005561573682229301e-02 7.155092297386105374e-04
2.458714187067000195e+06 2.108579597534826836e-02 7.155181688841434889e-04
2.458714690659999847e+06 2.089677179542268406e-02 7.155130176760526569e-04
2.458715183726999909e+06 2.121811505315056301e-02 7.155134396702404059e-04
2.458715676793999970e+06 1.978153551077625749e-02 7.155149281885347066e-04
2.458716180387999862e+06 1.968702079367795968e-02 7.155232773253519460e-04
2.458716673454999924e+06 2.028244934454647916e-02 7.155130052680530074e-04
2.458717166521999985e+06 1.883640414985143091e-02 7.155235433319520480e-04
2.458717670115999877e+06 2.065104342841972071e-02 7.155251886500238294e-04
2.458718163182999939e+06 2.059434576619885091e-02 7.155144201584535957e-04
2.458718656250000000e+06 2.146384878372399607e-02 7.155168442146300854e-04
2.458719159843999892e+06 2.068885234081768720e-02 7.155204017266492134e-04
2.458719652910999954e+06 2.090622403184590888e-02 7.155093248202244521e-04
2.458720145978000015e+06 2.047147804749724354e-02 7.155256654608265843e-04
2.458720649571000133e+06 2.047147804749724354e-02 7.155256654608265843e-04
2.458721142638000194e+06 2.147330041520486774e-02 7.155154806635042339e-04
2.458721635706000030e+06 2.119922576601021916e-02 7.155207904246628763e-04
2.458722139299000148e+06 2.135043854482547229e-02 7.155117914347168626e-04
2.458722632366000209e+06 1.874188203418279686e-02 7.155234842444765757e-04
2.458723125432999805e+06 2.179465506455926724e-02 7.155241543679381798e-04
2.458723629027000163e+06 2.090622403184590888e-02 7.155093248202244521e-04
2.458724122094000224e+06 2.087788014143448709e-02 7.155199547166620280e-04
2.458724615160999820e+06 2.118031427931665531e-02 7.155262429736515811e-04
2.458725118755000178e+06 2.057544325719523268e-02 7.155209595640074421e-04
2.458725611821999773e+06 2.054707470787831003e-02 7.155185064527105551e-04
2.458726104888999835e+06 2.106690806403716323e-02 7.155175431793740250e-04
2.458726608481999952e+06 2.032971077040339469e-02 7.155138000049345633e-04
2.458727101549999788e+06 1.978153551077625749e-02 7.155149281885347066e-04
2.458727594616999850e+06 2.087788014143448709e-02 7.155199547166620280e-04
2.458728098209999967e+06 2.051872637346107905e-02 7.155140409070837038e-04
2.458728591277000029e+06 2.067940315128279083e-02 7.155173925118425140e-04
2.458729084344000090e+06 2.177575391596300522e-02 7.155253673049990831e-04
2.458729587937999982e+06 2.066993923973622915e-02 7.155135777749146954e-04
2.458730081005000044e+06 2.145440131244839843e-02 7.155180679424973881e-04
2.458730574072000105e+06 2.174739286301773447e-02 7.155148409422171143e-04
2.458731077665999997e+06 2.011233063736782983e-02 7.155134735255803784e-04
2.458731570733000059e+06 2.051872637346107905e-02 7.155140409070837038e-04
2.458732063800000120e+06 1.918610425302381267e-02 7.155186903638809191e-04
2.458732567394000012e+06 2.005561573682229301e-02 7.155092297386105374e-04
2.458733060461000074e+06 2.055653916456811128e-02 7.155262251574476652e-04
2.458733553528000135e+06 2.136934447640595133e-02 7.155155604931899560e-04
2.458734057120999787e+06 2.102910550940053150e-02 7.155119377283137823e-04
2.458734550187999848e+06 2.191750932495563700e-02 7.155201370448135197e-04
2.458735043256000150e+06 2.056598903882045012e-02 7.155141981522718199e-04
2.458735546848999802e+06 2.051872637346107905e-02 7.155140409070837038e-04
2.458736039915999863e+06 2.006505710174693452e-02 7.155134114565128278e-04
2.458736532982999925e+06 1.965866400416618059e-02 7.155247109860386409e-04
2.458737036576999817e+06 2.056598903882045012e-02 7.155141981522718199e-04
2.458737529643999878e+06 2.149221616611098062e-02 7.155123335997705999e-04
2.458738022710999940e+06 2.170958892062266679e-02 7.155107534694604742e-04
2.458738526304999832e+06 2.012178016849880402e-02 7.155160575293371137e-04
2.458739019371999893e+06 2.101019097485999285e-02 7.155263111627450587e-04
2.458739512438999955e+06 1.999891340903521553e-02 7.155124679175954745e-04
2.458740016032000072e+06 2.051872637346107905e-02 7.155140409070837038e-04
2.458740509099999908e+06 2.071720674217336633e-02 7.155088086899315421e-04
2.458741002166999970e+06 2.180409170790470821e-02 7.155126448362273458e-04
2.458741505760000087e+06 2.063214588814486425e-02 7.155165183971930361e-04
2.458741998827000149e+06 1.947907815071751175e-02 7.155187341109056935e-04
2.458742491894000210e+06 1.961140913179170928e-02 7.155207190596802680e-04
2.458742995488000102e+06 2.043367116092368804e-02 7.155216345025735246e-04
2.458743488555000164e+06 2.020683987503622131e-02 7.155257072860596399e-04
2.458743981622000225e+06 2.036751289773936976e-02 7.155123625251462579e-04
2.458744485216000117e+06 2.014067400182967954e-02 7.155200998124933197e-04
2.458744978283000179e+06 1.998944793424655905e-02 7.155236245342140849e-04
2.458745471349999774e+06 2.048092654624283915e-02 7.155163670705809876e-04
2.458745974944000132e+06 1.987604631206584330e-02 7.155101457449826365e-04
2.458746468011000194e+06 2.157726523022395274e-02 7.155217390231975597e-04
2.458746961077999789e+06 2.050927932619612745e-02 7.155246257722864623e-04
2.458747464670999907e+06 2.050927932619612745e-02 7.155246257722864623e-04
2.458747957737999968e+06 2.086842149947067127e-02 7.155225401494820113e-04
2.458748450805999804e+06 2.034861242670444811e-02 7.155230909885576442e-04
2.458748954398999922e+06 1.994220608541337134e-02 7.155224048519475506e-04
2.458749447465999983e+06 2.054707470787831003e-02 7.155185064527105551e-04
2.458749940533000045e+06 2.087788014143448709e-02 7.155199547166620280e-04
2.458750444126999937e+06 2.039585895514574657e-02 7.155125419397870626e-04
2.458750937193999998e+06 1.955470191021662502e-02 7.155229733378468560e-04
2.458751430261000060e+06 2.009342637926677180e-02 7.155256872682586380e-04
2.458751933854999952e+06 2.006505710174693452e-02 7.155134114565128278e-04
2.458752426922000013e+06 2.018793975319835635e-02 7.155258286294726051e-04
2.458752919989000075e+06 2.125592455813085646e-02 7.155159120107159806e-04
2.458753423582000192e+06 2.053763352457927890e-02 7.155113021894641536e-04
2.458753916650000028e+06 2.049037940589135132e-02 7.155257800102828762e-04
2.458754409717000090e+06 2.126538256041056452e-02 7.155209085709565145e-04
2.458754913310000207e+06 2.064159249567652787e-02 7.155209265038236198e-04
2.458755406376999803e+06 2.265472527355626847e-02 7.155082246967885270e-04
2.458755899443999864e+06 2.021627795045235695e-02 7.155247523988089893e-04
2.458756403038000222e+06 2.004616035121083856e-02 7.155226977292229338e-04
2.458756896104999818e+06 2.037695094763481568e-02 7.155248682635960466e-04
2.458757389171999879e+06 2.006505710174693452e-02 7.155134114565128278e-04
2.458757892765999772e+06 2.120867807359124932e-02 7.155272840963359561e-04
2.458758385832999833e+06 2.157726523022395274e-02 7.155217390231975597e-04
2.458758878899999894e+06 2.083061057850338349e-02 7.155115464605570899e-04
2.458759382493999787e+06 2.117087461294346953e-02 7.155193319679560180e-04
2.458759875560999848e+06 2.016903873288623111e-02 7.155246647470654871e-04
2.458760368627999909e+06 1.942237790406193751e-02 7.155110679759734294e-04
2.458760872221000027e+06 2.052817777225397072e-02 7.155222016256177972e-04
2.458761365288000088e+06 2.152056157624348404e-02 7.155244054092105852e-04
2.458761858355999924e+06 1.961140913179170928e-02 7.155207190596802680e-04
2.458762361949000042e+06 2.078337146957552270e-02 7.155160146237601274e-04
2.458762855016000103e+06 2.032971077040339469e-02 7.155138000049345633e-04
2.458763348083000164e+06 1.995164919007301821e-02 7.155120747649144908e-04
2.458763851677000057e+06 2.132208154744467954e-02 7.155237504069518820e-04
2.458764344744000118e+06 2.110470082095230668e-02 7.155182205536908188e-04
2.458764837811000179e+06 2.084007127701915235e-02 7.155102073495870837e-04
2.458765341405000072e+06 2.116141966325466375e-02 7.155116259854328153e-04
2.458765834472000133e+06 2.104799829996853791e-02 7.155150264392267940e-04
2.458766327539000195e+06 2.104799829996853791e-02 7.155150264392267940e-04
2.458766831131999847e+06 2.089677179542268406e-02 7.155130176760526569e-04
2.458767324200000148e+06 2.023518596544921291e-02 7.155230305307819227e-04
2.458767817267000210e+06 2.000836493755572126e-02 7.155189096816928773e-04
2.458768320859999862e+06 2.131263758698798139e-02 7.155209057953099399e-04
2.458768813926999923e+06 2.113306067795126669e-02 7.155259631000617827e-04
2.458769306993999984e+06 2.060379404340264772e-02 7.155200784518004828e-04
2.458769810587999877e+06 2.150166048543231470e-02 7.155098908318437536e-04
2.458770303654999938e+06 2.111414987543066765e-02 7.155274247206862281e-04
2.458770796721999999e+06 2.076446758575267032e-02 7.155154469209460072e-04
2.458771300315999892e+06 2.062268460964199537e-02 7.155113054540491535e-04
2.458771793382999953e+06 2.042420683976685358e-02 7.155100179517665231e-04
2.458772286450000014e+06 2.101963643469669657e-02 7.155188705925286802e-04
2.458772790043999907e+06 2.070774460237384540e-02 7.155253210661071360e-04
2.458773283110999968e+06 2.023518596544921291e-02 7.155230305307819227e-04
2.458773776178000029e+06 2.090622403184590888e-02 7.155093248202244521e-04
2.458774279771000147e+06 2.257910899369048804e-02 7.155115769672395565e-04
2.458774772838000208e+06 1.927116633744881125e-02 7.155138181730784190e-04
2.458775265906000044e+06 2.001780249580245585e-02 7.155245387001365164e-04
2.458775769499000162e+06 2.085896714270762259e-02 7.155249763786472464e-04
2.458776262566000223e+06 2.048092654624283915e-02 7.155163670705809876e-04
2.458776755632999819e+06 2.039585895514574657e-02 7.155125419397870626e-04
2.458777259227000177e+06 2.110470082095230668e-02 7.155182205536908188e-04
2.458777752293999773e+06 2.117087461294346953e-02 7.155193319679560180e-04
2.458778245360999834e+06 2.066993923973622915e-02 7.155135777749146954e-04
2.458778748955000192e+06 2.264527504993890314e-02 7.155226126370796413e-04
2.458779242021999788e+06 2.052817777225397072e-02 7.155222016256177972e-04
2.458779735088999849e+06 2.033915003630825877e-02 7.155088245490113250e-04
2.458780238681999967e+06 2.062268460964199537e-02 7.155113054540491535e-04
2.458780731749999803e+06 2.094403717180459007e-02 7.155110268701383308e-04
2.458781224816999864e+06 2.143549910035593212e-02 7.155194374016135908e-04
2.458781728409999982e+06 2.079281071336888317e-02 7.155154175281005363e-04
2.458782221477000043e+06 2.015011829078840189e-02 7.155215577950811701e-04
2.458782714544000104e+06 2.101019097485999285e-02 7.155263111627450587e-04
2.458783218137999997e+06 1.998000534171841605e-02 7.155168670733955301e-04
2.458783711205000058e+06 2.042420683976685358e-02 7.155100179517665231e-04
2.459622427943999879e+06 2.041476570491188372e-02 7.155177203543466348e-04
2.459622921010999940e+06 2.152056157624348404e-02 7.155244054092105852e-04
2.459623424604999833e+06 1.990438667648958965e-02 7.155220656535557370e-04
2.459623917671999894e+06 2.030134445571052382e-02 7.155251385024405863e-04
2.459624410738999955e+06 1.980988708058492934e-02 7.155186760353833293e-04
2.459624914332000073e+06 1.963031189880052804e-02 7.155233379806974926e-04
2.459625407399999909e+06 2.012178016849880402e-02 7.155160575293371137e-04
2.459625900466999970e+06 2.187971194290285956e-02 7.155154712905342773e-04
2.459626404060000088e+06 2.001780249580245585e-02 7.155245387001365164e-04
2.459626897127000149e+06 2.101963643469669657e-02 7.155188705925286802e-04
2.459627390194000211e+06 1.995164919007301821e-02 7.155120747649144908e-04
2.459627893788000103e+06 2.054707470787831003e-02 7.155185064527105551e-04
2.459628386855000164e+06 2.076446758575267032e-02 7.155154469209460072e-04
2.459628879922000226e+06 2.098184140438169934e-02 7.155270833136689879e-04
2.459629383516000118e+06 2.049037940589135132e-02 7.155257800102828762e-04
2.459629876583000179e+06 2.124647076239702392e-02 7.155107783564662333e-04
2.459630369649999775e+06 2.036751289773936976e-02 7.155123625251462579e-04
2.459630873244000133e+06 2.055653916456811128e-02 7.155262251574476652e-04
2.459631366311000194e+06 2.084007127701915235e-02 7.155102073495870837e-04
2.459631859377999790e+06 2.115196893616295634e-02 7.155232658566977946e-04
2.459632362970999908e+06 2.000836493755572126e-02 7.155189096816928773e-04
2.459632856037999969e+06 2.025409301014257854e-02 7.155200205100390679e-04
2.459633349105999805e+06 2.033915003630825877e-02 7.155088245490113250e-04
2.459633852698999923e+06 2.148275620872289876e-02 7.155139771662116397e-04
2.459634345765999984e+06 2.125592455813085646e-02 7.155159120107159806e-04
2.459634838833000045e+06 1.925225476232883190e-02 7.155209347951664925e-04
2.459635342426999938e+06 2.102910550940053150e-02 7.155119377283137823e-04
2.459635835493999999e+06 2.059434576619885091e-02 7.155144201584535957e-04
2.459636328561000060e+06 2.176628944197231061e-02 7.155150883510380836e-04
2.459636832154999953e+06 2.096293076614711565e-02 7.155193387289770146e-04
2.459637325222000014e+06 1.962085823892669237e-02 7.155221109027373088e-04
2.459637818289000075e+06 2.118031427931665531e-02 7.155262429736515811e-04
2.459638321882000193e+06 2.124647076239702392e-02 7.155107783564662333e-04
2.459638814950000029e+06 1.958305303155026891e-02 7.155142385020318114e-04
2.459639308017000090e+06 2.184189927485535518e-02 7.155261747775281365e-04
2.459639811610000208e+06 2.107635960987451137e-02 7.155085512078186542e-04
2.459640304676999804e+06 2.005561573682229301e-02 7.155092297386105374e-04
2.459640797743999865e+06 1.939402718348533922e-02 7.155205320448309149e-04
2.459641301338000223e+06 2.074556178891500888e-02 7.155136292821349508e-04
2.459641794404999819e+06 2.049981774741700680e-02 7.155155091555383783e-04
2.459642287471999880e+06 2.002726295134507617e-02 7.155122270752100515e-04
2.459642791065999772e+06 2.061324665528855085e-02 7.155255913360459435e-04
2.459643284132999834e+06 2.065104342841972071e-02 7.155251886500238294e-04
2.459643777199999895e+06 2.080227340380388229e-02 7.155153313121009190e-04
2.459644280793999787e+06 2.162453612282210294e-02 7.155158470426490301e-04
2.459644773860999849e+06 2.117087461294346953e-02 7.155193319679560180e-04
2.459645266927999910e+06 2.125592455813085646e-02 7.155159120107159806e-04
2.459645770521000028e+06 1.967755794735443972e-02 7.155237012056878338e-04
2.459646263588000089e+06 2.087788014143448709e-02 7.155199547166620280e-04
2.459646756655999925e+06 2.249404709120240986e-02 7.155093538718523090e-04
2.459647260249000043e+06 2.139770520631706363e-02 7.155191857985525056e-04
2.459647753316000104e+06 2.228611668218656930e-02 7.155253163888056211e-04
2.459648246383000165e+06 2.191750932495563700e-02 7.155201370448135197e-04
2.459648749977000058e+06 2.077391737739076039e-02 7.155158047050361224e-04
2.459649243044000119e+06 2.058488286230296394e-02 7.155269169608088984e-04
2.459649736111000180e+06 2.091568054379913319e-02 7.155247462816215036e-04
2.459650239705000073e+06 2.256021322447887556e-02 7.155153701059385274e-04
2.459650732772000134e+06 2.077391737739076039e-02 7.155158047050361224e-04
2.459651225839000195e+06 2.086842149947067127e-02 7.155225401494820113e-04
2.459651729431999847e+06 2.091568054379913319e-02 7.155247462816215036e-04
2.459652222500000149e+06 2.099129345291263909e-02 7.155207461944287093e-04
2.459652715567000210e+06 2.168123416514675106e-02 7.155147797106344845e-04
2.459653219159999862e+06 2.124647076239702392e-02 7.155107783564662333e-04
2.459653712226999924e+06 2.079281071336888317e-02 7.155154175281005363e-04
2.459654205293999985e+06 2.149221616611098062e-02 7.155123335997705999e-04
2.459654708887999877e+06 1.981934054609128457e-02 7.155132968585144193e-04
2.459655201954999939e+06 2.068885234081768720e-02 7.155204017266492134e-04
2.459655695022000000e+06 2.166233162048770283e-02 7.155094701359716262e-04
2.459656198615999892e+06 2.097239361195928423e-02 7.155139533614959541e-04
2.459656691682999954e+06 2.015011829078840189e-02 7.155215577950811701e-04
2.459657184750000015e+06 2.107635960987451137e-02 7.155085512078186542e-04
2.459657688343999907e+06 2.047147804749724354e-02 7.155256654608265843e-04
2.459658181410999969e+06 2.049037940589135132e-02 7.155257800102828762e-04
2.459658674478000030e+06 2.000836493755572126e-02 7.155189096816928773e-04
2.459659178071000148e+06 2.075500297663199559e-02 7.155142823927451408e-04
2.459659671138000209e+06 2.028244934454647916e-02 7.155130052680530074e-04
2.459660164206000045e+06 2.133152969266681118e-02 7.155264570460717448e-04
2.459660667799000163e+06 2.139770520631706363e-02 7.155191857985525056e-04
2.459661160866000224e+06 2.031080796473908046e-02 7.155219568425175408e-04
2.459661653932999820e+06 2.037695094763481568e-02 7.155248682635960466e-04
2.459662157527000178e+06 2.035806046881679862e-02 7.155178063377851030e-04
2.459662650593999773e+06 2.069830584803915990e-02 7.155232642974430077e-04
2.459663143660999835e+06 2.041476570491188372e-02 7.155177203543466348e-04
2.459663647255000193e+06 1.998000534171841605e-02 7.155168670733955301e-04
2.459664140321999788e+06 1.869462680966701290e-02 7.155100969012759965e-04
2.459664633388999850e+06 1.914829016620721649e-02 7.155193655039404459e-04
2.459665136981999967e+06 1.977208186681652866e-02 7.155189863104465670e-04
2.459665630049999803e+06 2.192695877071474536e-02 7.155256920068240808e-04
2.459666123116999865e+06 2.077391737739076039e-02 7.155158047050361224e-04
2.459666626709999982e+06 2.117087461294346953e-02 7.155193319679560180e-04
2.459667119777000044e+06 2.151110895486858104e-02 7.155271202162258445e-04
2.459667612844000105e+06 2.075500297663199559e-02 7.155142823927451408e-04
2.459668116437999997e+06 1.963975202471849105e-02 7.155237411124453113e-04
2.459668609505000059e+06 2.056598903882045012e-02 7.155141981522718199e-04
2.459669102572000120e+06 2.067940315128279083e-02 7.155173925118425140e-04
2.459669606166000012e+06 2.039585895514574657e-02 7.155125419397870626e-04
2.459670099233000074e+06 1.956414171408951339e-02 7.155260181250427736e-04
2.459670592300000135e+06 1.991384855539854101e-02 7.155137155693487615e-04
2.459671095894000027e+06 2.032025716954268674e-02 7.155179577177766528e-04
2.459671588961000089e+06 1.945073423888937433e-02 7.155166440031389278e-04
2.459672082028000150e+06 1.929006095585459463e-02 7.155224459409050908e-04
2.459672585620999802e+06 2.040531014024849280e-02 7.155246037250872181e-04
2.459673078687999863e+06 2.041476570491188372e-02 7.155177203543466348e-04
2.459673571756000165e+06 2.123702117133814682e-02 7.155250677504903893e-04
2.459674075348999817e+06 2.072665411561418897e-02 7.155105627894175384e-04
2.459674568415999878e+06 2.093458712055594473e-02 7.155159697652091174e-04
2.459675061482999939e+06 2.069830584803915990e-02 7.155232642974430077e-04
2.459675565076999832e+06 2.054707470787831003e-02 7.155185064527105551e-04
2.459676058143999893e+06 2.046201506142170806e-02 7.155152977467475143e-04
2.459676551210999954e+06 2.158672704051537231e-02 7.155173874920471707e-04
2.459677054804999847e+06 2.084007127701915235e-02 7.155102073495870837e-04
2.459677547871999908e+06 1.991384855539854101e-02 7.155137155693487615e-04
2.459678040938999970e+06 2.073610579720656585e-02 7.155121696983550482e-04
2.459678544532000087e+06 1.968702079367795968e-02 7.155232773253519460e-04
2.459679037599999923e+06 2.107635960987451137e-02 7.155085512078186542e-04
2.459679530666999985e+06 2.038641214757501083e-02 7.155191144065276183e-04
2.459680034260000102e+06 2.010286702846457441e-02 7.155100751393343554e-04
2.459680527327000163e+06 1.993274909142116538e-02 7.155135471070619979e-04
2.459681020394000225e+06 2.032025716954268674e-02 7.155179577177766528e-04
2.459681523988000117e+06 2.095349148888698762e-02 7.155252325909481877e-04
2.459682017055000179e+06 2.046201506142170806e-02 7.155152977467475143e-04
2.459682510121999774e+06 1.859065964739357868e-02 7.155204753610903143e-04
2.459683013716000132e+06 2.110470082095230668e-02 7.155182205536908188e-04
2.459683506783000194e+06 2.116141966325466375e-02 7.155116259854328153e-04
2.459683999849999789e+06 1.992329658212513635e-02 7.155228868874915181e-04
2.459684503444000147e+06 2.056598903882045012e-02 7.155141981522718199e-04
2.459684996511000209e+06 2.071720674217336633e-02 7.155088086899315421e-04
2.459685489577999804e+06 2.155837390560220654e-02 7.155108213983124707e-04
2.459685993170999922e+06 2.046201506142170806e-02 7.155152977467475143e-04
2.459686486237999983e+06 2.061324665528855085e-02 7.155255913360459435e-04
2.459686979305999819e+06 2.058488286230296394e-02 7.155269169608088984e-04
2.459687482898999937e+06 2.117087461294346953e-02 7.155193319679560180e-04
2.459687975965999998e+06 2.068885234081768720e-02 7.155204017266492134e-04
2.459688469033000059e+06 2.035806046881679862e-02 7.155178063377851030e-04
2.459688972626999952e+06 2.032971077040339469e-02 7.155138000049345633e-04
2.459689465694000013e+06 1.983824274140094657e-02 7.155196468062186834e-04
2.459689958761000074e+06 2.041476570491188372e-02 7.155177203543466348e-04
2.459690462354999967e+06 2.148275620872289876e-02 7.155139771662116397e-04
2.459690955422000028e+06 2.074556178891500888e-02 7.155136292821349508e-04
2.459691448489000089e+06 2.108579597534826836e-02 7.155181688841434889e-04
2.459691952082000207e+06 2.152056157624348404e-02 7.155244054092105852e-04
2.459692445150000043e+06 2.056598903882045012e-02 7.155141981522718199e-04
2.459692938217000104e+06 2.062268460964199537e-02 7.155113054540491535e-04
2.459693441810000222e+06 2.051872637346107905e-02 7.155140409070837038e-04
2.459693934876999818e+06 2.006505710174693452e-02 7.155134114565128278e-04
2.459807647255999967e+06 2.000836493755572126e-02 7.155189096816928773e-04
2.459808150849000085e+06 1.983824274140094657e-02 7.155196468062186834e-04
2.459808643916000146e+06 2.003670942341899755e-02 7.155175394909706011e-04
2.459809136983000208e+06 2.148275620872289876e-02 7.155139771662116397e-04
2.459809640577000100e+06 2.040531014024849280e-02 7.155246037250872181e-04
2.459810133644000161e+06 2.124647076239702392e-02 7.155107783564662333e-04
2.459810626711000223e+06 2.133152969266681118e-02 7.155264570460717448e-04
2.459811130305000115e+06 2.113306067795126669e-02 7.155259631000617827e-04
2.459811623372000176e+06 2.028244934454647916e-02 7.155130052680530074e-04
2.459812116438999772e+06 1.980988708058492934e-02 7.155186760353833293e-04
2.459812620031999890e+06 2.051872637346107905e-02 7.155140409070837038e-04
2.459813113100000191e+06 2.240897540770893023e-02 7.155277276652280763e-04
2.459813606166999787e+06 1.904432568859397087e-02 7.155109409492210314e-04
2.459814109759999905e+06 1.992329658212513635e-02 7.155228868874915181e-04
2.459814602826999966e+06 2.099129345291263909e-02 7.155207461944287093e-04
2.459815095894000027e+06 2.098184140438169934e-02 7.155270833136689879e-04
2.459815599487999920e+06 2.161507764841377049e-02 7.155214151992867313e-04
2.459816092554999981e+06 2.136934447640595133e-02 7.155155604931899560e-04
2.459816585622000042e+06 2.163397881049471810e-02 7.155094779943490949e-04
2.459817089215999935e+06 2.072665411561418897e-02 7.155105627894175384e-04
2.459817582282999996e+06 2.112360316046566627e-02 7.155170381423435998e-04
2.459818075350000057e+06 2.131263758698798139e-02 7.155209057953099399e-04
2.459818578943999950e+06 2.079281071336888317e-02 7.155154175281005363e-04
2.459819072011000011e+06 2.089677179542268406e-02 7.155130176760526569e-04
2.459819565078000072e+06 2.218214807186063425e-02 7.155174400265722949e-04
2.459820068671000190e+06 2.100074975946927477e-02 7.155142581575322375e-04
2.459820561737999786e+06 1.997054881610769994e-02 7.155092973248047741e-04
2.459821054806000087e+06 1.983824274140094657e-02 7.155196468062186834e-04
2.459821558399000205e+06 2.212544427430462174e-02 7.155224224400324020e-04
2.459822051465999801e+06 2.053763352457927890e-02 7.155113021894641536e-04
2.459822544532999862e+06 2.090622403184590888e-02 7.155093248202244521e-04
2.459823048127000220e+06 2.062268460964199537e-02 7.155113054540491535e-04
2.459823541193999816e+06 2.027299904878145445e-02 7.155157211713019392e-04
2.459824034260999877e+06 2.021627795045235695e-02 7.155247523988089893e-04
2.459824537854999769e+06 2.062268460964199537e-02 7.155113054540491535e-04
2.459825030921999831e+06 2.079281071336888317e-02 7.155154175281005363e-04
2.459825523988999892e+06 2.062268460964199537e-02 7.155113054540491535e-04
2.459826027582000010e+06 1.928061133210772285e-02 7.155093367880692445e-04
2.459826520649999846e+06 1.981934054609128457e-02 7.155132968585144193e-04
2.459827013716999907e+06 2.074556178891500888e-02 7.155136292821349508e-04
2.459827517310000025e+06 2.035806046881679862e-02 7.155178063377851030e-04
2.459828010377000086e+06 2.119922576601021916e-02 7.155207904246628763e-04
2.459828503444000147e+06 1.940347877962744771e-02 7.155118126257985212e-04
2.459829007038000040e+06 2.059434576619885091e-02 7.155144201584535957e-04
2.459829500105000101e+06 2.182299735370399688e-02 7.155099520423707435e-04
2.459829993172000162e+06 2.066049868835464348e-02 7.155102756786893342e-04
2.459830496766000055e+06 2.040531014024849280e-02 7.155246037250872181e-04
2.459830989833000116e+06 2.114250295680874039e-02 7.155146206237473746e-04
2.459831482900000177e+06 1.969647004951267585e-02 7.155220285446247915e-04
2.459831986494000070e+06 1.990438667648958965e-02 7.155220656535557370e-04
2.459832479561000131e+06 2.014067400182967954e-02 7.155200998124933197e-04
2.459832972628000192e+06 2.120867807359124932e-02 7.155272840963359561e-04
2.459833476220999844e+06 1.972482687085624214e-02 7.155166263261300910e-04
2.459833969287999906e+06 2.135989925547320673e-02 7.155140747053031353e-04
2.459834462356000207e+06 2.181355252814032655e-02 7.155217412228168442e-04
2.459834965948999859e+06 2.208763413854702984e-02 7.155202751059033155e-04
2.459835459015999921e+06 2.049981774741700680e-02 7.155155091555383783e-04
2.459835952082999982e+06 2.074556178891500888e-02 7.155136292821349508e-04
2.459836455676999874e+06 2.138824744998056235e-02 7.155181161627163300e-04
2.459836948743999936e+06 2.045257528714178666e-02 7.155242832487637879e-04
2.459837441810999997e+06 2.036751289773936976e-02 7.155123625251462579e-04
2.459837945404999889e+06 2.117087461294346953e-02 7.155193319679560180e-04
2.459838438471999951e+06 1.986658409673074804e-02 7.155171772977964939e-04
2.459838931539000012e+06 2.055653916456811128e-02 7.155262251574476652e-04
2.459839435132000130e+06 2.037695094763481568e-02 7.155248682635960466e-04
2.459839928199999966e+06 1.997054881610769994e-02 7.155092973248047741e-04
2.459840421267000027e+06 1.889309898766568935e-02 7.155194179482010771e-04
2.459840924860000145e+06 2.093458712055594473e-02 7.155159697652091174e-04
2.459841417927000206e+06 2.046201506142170806e-02 7.155152977467475143e-04
2.459841910993999802e+06 2.144495799954699786e-02 7.155191519699323705e-04
2.459842414588000160e+06 2.080227340380388229e-02 7.155153313121009190e-04
2.459842907655000221e+06 2.132208154744467954e-02 7.155237504069518820e-04
2.459843400721999817e+06 2.192695877071474536e-02 7.155256920068240808e-04
2.459843904316000175e+06 2.038641214757501083e-02 7.155191144065276183e-04
2.459844397382999770e+06 2.080227340380388229e-02 7.155153313121009190e-04
2.459844890449999832e+06 2.051872637346107905e-02 7.155140409070837038e-04
2.459845394044000190e+06 2.042420683976685358e-02 7.155100179517665231e-04
2.459845887110999785e+06 2.027299904878145445e-02 7.155157211713019392e-04
2.459846380177999847e+06 2.052817777225397072e-02 7.155222016256177972e-04
2.459846883770999964e+06 2.118031427931665531e-02 7.155262429736515811e-04
2.459847376838000026e+06 2.044312103890917262e-02 7.155136203389747193e-04
2.459847869905999862e+06 2.175684912034932944e-02 7.155253809680023206e-04
2.459848373498999979e+06 2.038641214757501083e-02 7.155191144065276183e-04
2.459848866566000041e+06 2.018793975319835635e-02 7.155258286294726051e-04
2.459849359633000102e+06 2.115196893616295634e-02 7.155232658566977946e-04
2.459849863226999994e+06 2.053763352457927890e-02 7.155113021894641536e-04
2.459850356294000056e+06 2.039585895514574657e-02 7.155125419397870626e-04
2.459850849361000117e+06 2.007452140058965315e-02 7.155180975607990145e-04
2.459851352955000009e+06 1.952633788052606997e-02 7.155102217023247236e-04
2.459851846022000071e+06 2.043367116092368804e-02 7.155216345025735246e-04
2.459852339089000132e+06 2.037695094763481568e-02 7.155248682635960466e-04
2.459852842681999784e+06 2.054707470787831003e-02 7.155185064527105551e-04
2.459853335750000086e+06 1.991384855539854101e-02 7.155137155693487615e-04
2.459853828817000147e+06 2.021627795045235695e-02 7.155247523988089893e-04
2.459854332409999799e+06 2.053763352457927890e-02 7.155113021894641536e-04
2.459854825476999860e+06 2.060379404340264772e-02 7.155200784518004828e-04
2.459855318543999922e+06 2.071720674217336633e-02 7.155088086899315421e-04
2.459855822137999814e+06 2.143549910035593212e-02 7.155194374016135908e-04
2.459856315204999875e+06 2.096293076614711565e-02 7.155193387289770146e-04
2.459856808271999937e+06 2.051872637346107905e-02 7.155140409070837038e-04
2.459857311865999829e+06 1.983824274140094657e-02 7.155196468062186834e-04
2.459857804932999890e+06 2.031080796473908046e-02 7.155219568425175408e-04
2.459858297999999952e+06 2.033915003630825877e-02 7.155088245490113250e-04
2.459858801593999844e+06 2.154892452294667610e-02 7.155147581633907860e-04
2.459859294660999905e+06 2.076446758575267032e-02 7.155154469209460072e-04
2.459859787727999967e+06 2.164342562146272589e-02 7.155229012832330614e-04
2.459860291321000084e+06 2.084007127701915235e-02 7.155102073495870837e-04
2.459860784388000146e+06 1.977208186681652866e-02 7.155189863104465670e-04
2.459861277455999982e+06 2.024463728056744710e-02 7.155216042349428918e-04
2.459861781049000099e+06 1.916718788440295584e-02 7.155193763809315939e-04
2.459862274116000161e+06 2.145440131244839843e-02 7.155180679424973881e-04
2.459862767183000222e+06 1.978153551077625749e-02 7.155149281885347066e-04
2.459863270777000114e+06 2.252240688090871926e-02 7.155194578007534334e-04
2.459863763844000176e+06 2.082117335183022652e-02 7.155133959111173447e-04
2.459864256910999771e+06 2.044312103890917262e-02 7.155136203389747193e-04
2.459864760505000129e+06 2.124647076239702392e-02 7.155107783564662333e-04
2.459865253572000191e+06 2.075500297663199559e-02 7.155142823927451408e-04
2.459865746638999786e+06 2.044312103890917262e-02 7.155136203389747193e-04
2.459866250231999904e+06 2.204038619396466239e-02 7.155121923485399443e-04
2.459866743300000206e+06 2.083061057850338349e-02 7.155115464605570899e-04
2.459867236366999801e+06 1.982878025989077975e-02 7.155253535782435653e-04
2.459867739959999919e+06 2.032971077040339469e-02 7.155138000049345633e-04
2.459868233026999980e+06 2.046201506142170806e-02 7.155152977467475143e-04
2.459868726094000041e+06 1.999891340903521553e-02 7.155124679175954745e-04
2.459869229687999934e+06 2.010286702846457441e-02 7.155100751393343554e-04
2.459869722754999995e+06 2.149221616611098062e-02 7.155123335997705999e-04
2.459870215822000057e+06 2.062268460964199537e-02 7.155113054540491535e-04
2.459870719415999949e+06 2.034861242670444811e-02 7.155230909885576442e-04
2.459871212483000010e+06 2.122757578308409956e-02 7.155196515774215390e-04
2.459871705550000072e+06 1.996109676626537516e-02 7.155199593066397315e-04
2.459872209143999964e+06 2.012178016849880402e-02 7.155160575293371137e-04
2.459872702211000025e+06 2.081172123234330956e-02 7.155144378131637548e-04
2.459873195278000087e+06 2.141659381647066651e-02 7.155195900202297949e-04
2.459873698871000204e+06 2.141659381647066651e-02 7.155195900202297949e-04
2.459874191937999800e+06 2.145440131244839843e-02 7.155180679424973881e-04
2.459874685006000102e+06 2.128427198498135733e-02 7.155095683236381739e-04
2.459875188599000219e+06 2.057544325719523268e-02 7.155209595640074421e-04
2.459875681665999815e+06 2.095349148888698762e-02 7.155252325909481877e-04
2.459876174732999876e+06 2.021627795045235695e-02 7.155247523988089893e-04
2.459876678326999769e+06 1.903487372044094378e-02 7.155239898492842714e-04
2.459877171393999830e+06 1.924280593541773457e-02 7.155242293847509285e-04
2.459877664460999891e+06 1.989494761721942451e-02 7.155125813735257806e-04
2.459878168054999784e+06 2.016903873288623111e-02 7.155246647470654871e-04
2.459878661121999845e+06 2.003670942341899755e-02 7.155175394909706011e-04
2.459879154188999906e+06 2.066993923973622915e-02 7.155135777749146954e-04
2.459987411249999888e+06 2.160562331109948039e-02 7.155666406251054261e-04
2.459987904316999950e+06 2.121811505315056301e-02 7.155720674887479198e-04
2.459988407910000067e+06 2.039585895514574657e-02 7.155688977807338463e-04
2.459988900977000128e+06 1.989494761721942451e-02 7.155675531452969969e-04
2.459989394044000190e+06 1.946964352603081788e-02 7.155666835627060582e-04
2.459989897638000082e+06 2.049981774741700680e-02 7.155721522452435784e-04
2.459990390705000143e+06 2.103854009534149305e-02 7.155810442500108465e-04
2.459990883772000205e+06 2.158672704051537231e-02 7.155770338231153254e-04
2.459991387366000097e+06 2.005561573682229301e-02 7.155831173575328674e-04
2.459991880433000159e+06 2.173794071569323111e-02 7.155842604444332842e-04
2.459992373500000220e+06 2.207819678850358666e-02 7.155805817127734942e-04
2.459992877094000112e+06 2.067940315128279083e-02 7.155935782485275563e-04
2.459993370161000174e+06 2.045257528714178666e-02 7.155996333207151295e-04
2.459993863227999769e+06 2.105746075667934425e-02 7.155845671108665255e-04
2.459994366820999887e+06 2.117087461294346953e-02 7.155973283524191472e-04
2.459994859887999948e+06 2.064159249567652787e-02 7.155969729409055596e-04
2.459995352955999784e+06 2.030134445571052382e-02 7.155999314194188372e-04
2.459995856548999902e+06 2.097239361195928423e-02 7.156105348032864959e-04
2.459996349615999963e+06 2.232391704384481881e-02 7.156080872950715179e-04
2.459996842683000024e+06 2.103854009534149305e-02 7.156197986730524103e-04
2.459997346276999917e+06 1.929006095585459463e-02 7.156290467572248978e-04
2.459997839343999978e+06 1.966811776448007532e-02 7.156333084230861400e-04
2.459998332411000039e+06 2.132208154744467954e-02 7.156415805840464842e-04
2.459998836004999932e+06 2.148275620872289876e-02 7.156326952642978571e-04
2.459999329071999993e+06 2.122757578308409956e-02 7.156369594963619919e-04
2.459999822139000054e+06 2.030134445571052382e-02 7.156560261071526338e-04
2.460000325732000172e+06 1.995164919007301821e-02 7.156590839489327662e-04
2.460000818800000008e+06 2.174739286301773447e-02 7.156750816545943625e-04
2.460001311867000069e+06 2.047147804749724354e-02 7.156765048854145600e-04
2.460001815460000187e+06 2.092514133321624753e-02 7.156749446710703377e-04
2.460002308526999783e+06 2.066049868835464348e-02 7.157005659038638036e-04
2.460002801593999844e+06 1.950744539870440802e-02 7.156983221215302594e-04
2.460003305188000202e+06 2.019738760334508290e-02 7.157118711208570409e-04
2.460003798254999798e+06 2.042420683976685358e-02 7.157169432382706146e-04
2.460004291321999859e+06 2.164342562146272589e-02 7.157421789317011673e-04
2.460004794916000217e+06 2.064159249567652787e-02 7.157490658150693309e-04
2.460005287982999813e+06 2.000836493755572126e-02 7.157584786884629326e-04
2.460005781049999874e+06 2.110470082095230668e-02 7.157709164751033942e-04
2.460006284644000232e+06 2.025409301014257854e-02 7.157998411458626337e-04
2.460006777710999828e+06 2.148275620872289876e-02 7.158107724114273459e-04
2.460007270777999889e+06 2.107635960987451137e-02 7.158385559656940548e-04
2.460007774371000007e+06 2.007452140058965315e-02 7.158509052756262432e-04
2.460008267438000068e+06 1.968702079367795968e-02 7.158677932339496848e-04
2.460008760505999904e+06 1.985714467508732303e-02 7.159087702475349334e-04
2.460009264099000022e+06 2.179465506455926724e-02 7.159256267508070292e-04
2.460009757166000083e+06 2.017847773745437556e-02 7.159524518693955852e-04
2.460010250233000144e+06 2.117087461294346953e-02 7.159873102747342510e-04
2.460010753827000037e+06 2.118975815464679141e-02 7.160209301032434935e-04
2.460011246894000098e+06 1.973427609667234919e-02 7.160593316289914217e-04
2.460011739961000159e+06 2.086842149947067127e-02 7.160991559445896958e-04
2.460012243555000052e+06 2.072665411561418897e-02 7.161405312687016498e-04
2.460012736622000113e+06 2.033915003630825877e-02 7.161832143299713162e-04
2.460013229689000174e+06 1.997054881610769994e-02 7.162450395328508537e-04
2.460013733281999826e+06 2.014067400182967954e-02 7.162992101565803914e-04
2.460014226350000128e+06 2.110470082095230668e-02 7.163734990569333317e-04
2.460014719417000189e+06 1.971536401101741526e-02 7.164262997603213163e-04
2.460015223009999841e+06 2.015011829078840189e-02 7.165051818694480887e-04
2.460015716076999903e+06 2.030134445571052382e-02 7.165909375693815288e-04
2.460016209143999964e+06 2.032971077040339469e-02 7.166934344068477507e-04
2.460016712737999856e+06 2.133152969266681118e-02 7.168035162653801787e-04
2.460017205804999918e+06 2.043367116092368804e-02 7.169143223942380698e-04
2.460017698871999979e+06 2.101019097485999285e-02 7.170356970419826002e-04
2.460018202465999871e+06 2.029190404558429972e-02 7.171734999061484721e-04
2.460018695532999933e+06 2.065104342841972071e-02 7.173321184706397610e-04
2.460019188599999994e+06 2.044312103890917262e-02 7.175094742311337098e-04
2.460019692193999887e+06 2.202147476238962287e-02 7.177175289236247197e-04
2.460020185260999948e+06 2.149221616611098062e-02 7.179273312398737859e-04
2.460020678328000009e+06 2.152056157624348404e-02 7.181804421505285502e-04
2.460021181921000127e+06 2.034861242670444811e-02 7.184655480393514759e-04
2.460021674988000188e+06 2.055653916456811128e-02 7.187827479857468579e-04
2.460022168056000024e+06 2.127482517626077749e-02 7.191305591054755753e-04
2.460022671649000142e+06 2.066993923973622915e-02 7.195495739032746127e-04
2.460023164716000203e+06 2.130317818848193739e-02 7.200104623744057845e-04
2.460023657782999799e+06 2.183244626868545424e-02 7.205251250452784570e-04
2.460024161377000157e+06 2.146384878372399607e-02 7.211509907748658420e-04
2.460024654444000218e+06 2.248460176576912509e-02 7.218358158391148961e-04
2.460025147510999814e+06 2.270197285248092001e-02 7.226250523316779051e-04
2.460025651105000172e+06 2.162453612282210294e-02 7.235622883009713889e-04
2.460026144171999767e+06 2.256021322447887556e-02 7.246372300587920930e-04
2.460026637238999829e+06 2.328794678334180149e-02 7.258767752130190765e-04
2.460027140831999946e+06 2.300441533500728955e-02 7.273576864938308389e-04
2.460027633899999782e+06 2.292881445961586148e-02 7.290642589980293742e-04
2.460028126966999844e+06 2.274923515719441680e-02 7.310857919504081632e-04
2.460028630559999961e+06 2.396845276850876824e-02 7.335333804857594071e-04
2.460029123627000023e+06 2.366599672062761478e-02 7.364398107929426328e-04
2.460029616694000084e+06 2.423309026497186269e-02 7.399360958432035567e-04
2.460030120287999976e+06 2.573584308805925563e-02 7.442926462465006710e-04
2.460030613355000038e+06 2.693615484688739042e-02 7.495826140615414633e-04
2.460031106422000099e+06 2.553736007212750736e-02 7.562400493239108783e-04
2.460031610015999991e+06 2.887367075975040207e-02 7.649126817574538467e-04
2.460032103083000053e+06 2.945965116446526422e-02 7.760949653925507986e-04
2.460032596150000114e+06 3.334411537486822036e-02 7.911784616952308950e-04
2.460033099744000006e+06 3.660479677074321425e-02 8.129520418171561069e-04
2.460033592811000068e+06 4.168014297017504088e-02 8.450149336816830184e-04
2.460034085878000129e+06 5.094237635186433383e-02 8.976669840175290072e-04
2.460034589470999781e+06 7.234011586122866821e-02 1.002946903020203321e-03
2.460035082537999842e+06 1.447274132763955168e-01 1.300463812237944621e-03
2.460035575606000144e+06 6.328010629528465492e-01 2.573783099203450636e-03
2.460036079198999796e+06 1.057598436249029272e-01 1.142308491467802951e-03
2.460036572265999857e+06 6.129152116030640168e-02 9.552171374671837535e-04
2.460037065332999919e+06 4.788964305005188188e-02 8.761170307617100611e-04
2.460037568926999811e+06 3.911884287590684794e-02 8.316755452635161234e-04
2.460038061993999872e+06 3.495083855662137889e-02 8.042899348020906853e-04
2.460038555060999934e+06 3.255967040772488746e-02 7.855204633706949508e-04
2.460039058654999826e+06 3.024408152065599653e-02 7.717178728832291279e-04
2.460039551721999887e+06 2.901541589880276065e-02 7.616392909179047193e-04
2.460040044788999949e+06 2.630292217670420624e-02 7.538611392967394919e-04
2.460040548382000066e+06 2.435593464338395298e-02 7.476127537267514061e-04
2.460041041449999902e+06 2.584925316486266431e-02 7.427156782624714897e-04
2.460041534516999964e+06 2.414802406594683190e-02 7.387398668621384702e-04
2.460042038110000081e+06 2.398735707091494487e-02 7.353933340008174391e-04
2.460042531177000143e+06 2.447881555624456876e-02 7.326941336768383588e-04
2.460043024244000204e+06 2.300441533500728955e-02 7.304299246755898908e-04
2.460043527838000096e+06 2.216325789491963363e-02 7.284828313081772666e-04
2.460044020905000158e+06 2.303276093895345947e-02 7.268750156379938116e-04
2.460044513972000219e+06 2.221050330161702252e-02 7.254943660714744877e-04
2.460045017566000111e+06 2.066049868835464348e-02 7.243016840817517515e-04
2.460045510633000173e+06 2.115196893616295634e-02 7.232769758275909514e-04
2.460046003699999768e+06 2.111414987543066765e-02 7.224116098691105679e-04
2.460046507294000126e+06 2.204982769045937124e-02 7.216269696925444203e-04
2.460047000361000188e+06 2.155837390560220654e-02 7.209712203405778614e-04
2.460047493427999783e+06 2.208763413854702984e-02 7.204027061881680336e-04
2.460047997020999901e+06 2.029190404558429972e-02 7.198834823804504089e-04
2.460048490087999962e+06 2.074556178891500888e-02 7.194497471989805748e-04
2.460048983155999798e+06 2.054707470787831003e-02 7.190573982696498410e-04
2.460049486748999916e+06 2.221050330161702252e-02 7.187027650694800904e-04
2.460049979815999977e+06 2.189862264842807466e-02 7.183928638222663102e-04
2.460050472883000039e+06 2.103854009534149305e-02 7.181388361707508050e-04
2.460050976476999931e+06 1.988549471891454951e-02 7.178832644493140071e-04
2.460051469543999992e+06 2.006505710174693452e-02 7.176756417207484553e-04
2.460051962611000054e+06 2.057544325719523268e-02 7.174728799717489287e-04
2.460052466204999946e+06 2.121811505315056301e-02 7.173113594378000436e-04
2.460052959272000007e+06 2.052817777225397072e-02 7.171482165643081790e-04
2.460053452339000069e+06 2.027299904878145445e-02 7.170094909441021092e-04
2.460053955932000186e+06 1.944127753028952396e-02 7.168877521000283429e-04
2.460054449000000022e+06 2.062268460964199537e-02 7.167839164831285624e-04
2.460054942067000084e+06 2.063214588814486425e-02 7.166756958232208246e-04
2.460055445660000201e+06 2.151110895486858104e-02 7.165969932465919697e-04
2.460055938726999797e+06 2.152056157624348404e-02 7.165154638947770094e-04
2.460056431793999858e+06 2.101963643469669657e-02 7.164287812210047351e-04
2.460056935388000216e+06 2.061324665528855085e-02 7.163609534146594829e-04
2.460057428454999812e+06 1.952633788052606997e-02 7.163015362619553315e-04
2.460057921521999873e+06 1.922390448562901963e-02 7.162378677663254782e-04
2.460058425116000231e+06 2.143549910035593212e-02 7.161906934269888017e-04
2.460058918182999827e+06 2.059434576619885091e-02 7.161403672414616171e-04
