2.458346727899000049e+06 4.249810840595492634e-01 4.208178390571444896e-03
2.458347220966000110e+06 4.247858093369768495e-01 4.208200984000863912e-03
2.458347714033000171e+06 4.349919300315715498e-01 4.208347490880165812e-03
2.458348217627000064e+06 4.264435990473349203e-01 4.208127812419195160e-03
2.458348710694000125e+06 4.282640305628767630e-01 4.208341696676869831e-03
2.458349203761000186e+06 4.245261039452014606e-01 4.207974193580515075e-03
2.458349707355000079e+06 4.266388499599864659e-01 4.208089795844385111e-03
2.458350200422000140e+06 4.252085611252940378e-01 4.208081087531842686e-03
2.458350693489000201e+06 4.228033308243972499e-01 4.208032091834163109e-03
2.458351197081999853e+06 4.216980570187763844e-01 4.208295189729170660e-03
2.458351690150000155e+06 4.238759732900760357e-01 4.208166860486669929e-03
2.458352183217000216e+06 4.194556030135596636e-01 4.208324143196989255e-03
2.458352686809999868e+06 4.359669828221663934e-01 4.208143709266957792e-03
2.458353179876999930e+06 4.252085611252940378e-01 4.208081087531842686e-03
2.458353672943999991e+06 4.264110004605812798e-01 4.208198869957521619e-03
2.458354176537999883e+06 4.247208680982295093e-01 4.208339999142449508e-03
2.458354669604999945e+06 4.278086879610931703e-01 4.208201557064513397e-03
2.458355162672000006e+06 4.235185138534369731e-01 4.208128740137850529e-03
2.458355666265999898e+06 4.290765697503144960e-01 4.208027046237392856e-03
2.458356159332999960e+06 4.166928034693296867e-01 4.208238216629286120e-03
2.458356652400000021e+06 4.229006960982399921e-01 4.208222126721131162e-03
2.458357155993999913e+06 4.209832339527042055e-01 4.208140999688339892e-03
2.458357649060999975e+06 4.228356536093271223e-01 4.208353790615525919e-03
2.458358142128000036e+06 4.242657758048530292e-01 4.208129119780328574e-03
2.458358645721000154e+06 4.208529735072064071e-01 4.208001778306751789e-03
2.458359138788000215e+06 4.213082854040079428e-01 4.208285894108438306e-03
2.458359631856000051e+06 4.312866348557139462e-01 4.208251129176709786e-03
2.458360135449000169e+06 4.220881892291379889e-01 4.208300900699247712e-03
2.458360628516000230e+06 4.219257198336787695e-01 4.208235481192926057e-03
2.458361121582999825e+06 4.202680742601135888e-01 4.208346818805614419e-03
2.458361625177000184e+06 4.285240492141678126e-01 4.208133976465563107e-03
2.458362118243999779e+06 4.299540062522037021e-01 4.208316167793295891e-03
2.458362611310999840e+06 4.185780013864686677e-01 4.208000861637562449e-03
2.458363114905000199e+06 4.228683683412735039e-01 4.208289914165034944e-03
2.458363607971999794e+06 4.229006960982399921e-01 4.208222126721131162e-03
2.458364101038999856e+06 4.270937341676014354e-01 4.208249433058973074e-03
2.458364604631999973e+06 4.218608272969495698e-01 4.207976799156061196e-03
2.458365097699999809e+06 4.189355352873977978e-01 4.208122495889489098e-03
2.458365590766999871e+06 4.201380350990106538e-01 4.208205558291741415e-03
2.458366094359999988e+06 4.285887824815656222e-01 4.207980171639643524e-03
2.458366587427000050e+06 4.272235652929773364e-01 4.208348225641299692e-03
2.458367080494000111e+06 4.249485972716872673e-01 4.208248097320317974e-03
2.458367584088000003e+06 4.223156736980623327e-01 4.208235162202392417e-03
2.458368077155000065e+06 4.285887824815656222e-01 4.207980171639643524e-03
2.458368570222000126e+06 4.229006960982399921e-01 4.208222126721131162e-03
2.458369073816000018e+06 4.223483481992413302e-01 4.208171755529903531e-03
2.458369566883000080e+06 4.216005803222712123e-01 4.208099047383491963e-03
2.458370059950000141e+06 4.296290112761345648e-01 4.208300796176871715e-03
2.458370563544000033e+06 4.214705170462471062e-01 4.208353608615493686e-03
2.458371056611000095e+06 4.214056945200960747e-01 4.208094489217752143e-03
2.458371549678000156e+06 4.279387364234345514e-01 4.208298359002291510e-03
2.458372053270999808e+06 4.274837396837107839e-01 4.208154973295128928e-03
2.458372546337999869e+06 4.298890667838995427e-01 4.208076493863529763e-03
2.458373039406000171e+06 4.182203874217979012e-01 4.208257689630047482e-03
2.458373542998999823e+06 4.207556921541423245e-01 4.208191677756264321e-03
2.458374036065999884e+06 4.290113676741635906e-01 4.208177866508261422e-03
2.458374529132999945e+06 4.281011554482741510e-01 4.208318385327584031e-03
2.458375032726999838e+06 4.273861065201454146e-01 4.207981145584199605e-03
2.458375525793999899e+06 4.308316498150663865e-01 4.208176559154728699e-03
2.458376018860999960e+06 4.270610858826318079e-01 4.208321080051066580e-03
2.458376522454999853e+06 4.222833906619064548e-01 4.208302409865471994e-03
2.458377015521999914e+06 4.242986011851420658e-01 4.208063908653959101e-03
2.458377508588999975e+06 4.253386026837071010e-01 4.208192791218765341e-03
2.458378012182000093e+06 4.284589310985246757e-01 4.208283762861649013e-03
2.458378505249999929e+06 4.257285739206172481e-01 4.208129963146883985e-03
2.458378998316999990e+06 4.251110560486384138e-01 4.208290752751150422e-03
2.458379501910000108e+06 4.130847858919981519e-01 4.208325002636586001e-03
2.458379994977000169e+06 4.307340454618159287e-01 4.208016643629635019e-03
2.458380488044000231e+06 4.186427745281652291e-01 4.208266447390184364e-03
2.458380991638000123e+06 4.277436785510801975e-01 4.208350015647230498e-03
2.458381484705000184e+06 4.225755836741913463e-01 4.208100633158099943e-03
2.458381977771999780e+06 4.232256688451067062e-01 4.208337440372677922e-03
2.458382481366000138e+06 4.247208680982295093e-01 4.208339999142449508e-03
2.458382974433000199e+06 4.270937341676014354e-01 4.208249433058973074e-03
2.458383467499999795e+06 4.282963763357374720e-01 4.208265067266041791e-03
2.458383971094000153e+06 4.199430517972027599e-01 4.208186466961745358e-03
2.458384464161000215e+06 4.209180986910338595e-01 4.208265268550225556e-03
2.458384957227999810e+06 4.331393096436281787e-01 4.207977424073075165e-03
2.458385460820999928e+06 4.202030496492021316e-01 4.208082717342549219e-03
2.458385953887999989e+06 4.272562259992943590e-01 4.208276431063945333e-03
2.458386446955999825e+06 4.266062364476862490e-01 4.208161036107800103e-03
2.458386950548999943e+06 4.231933162462799825e-01 4.208015742841175570e-03
2.458387443616000004e+06 4.237783834762116619e-01 4.207978634437104654e-03
2.458387936683000065e+06 4.229006960982399921e-01 4.208222126721131162e-03
2.458388440276999958e+06 4.258262206335045597e-01 4.208310754835122187e-03
2.458388933344000019e+06 4.256960299924615332e-01 4.208200362008678724e-03
2.458389426411000080e+06 4.255012105605791572e-01 4.208233988123612906e-03
2.458389930004999973e+06 4.253386026837071010e-01 4.208192791218765341e-03
2.458390423072000034e+06 4.244932609644179178e-01 4.208039621169150195e-03
2.458390916139000095e+06 4.219906223524722555e-01 4.208105475517447645e-03
2.458391419732000213e+06 4.219583641641849736e-01 4.208172433733687462e-03
2.458391912800000049e+06 4.289465705802710249e-01 4.208332419787842033e-03
2.458392405867000110e+06 4.274187796525356076e-01 4.208302840470784685e-03
2.458392909460000228e+06 4.207882459597787617e-01 4.208129704626641446e-03
2.458393402526999824e+06 4.268660348920304548e-01 4.207971652255242459e-03
2.458393895593999885e+06 4.256634885520567679e-01 4.208270725517193264e-03
2.458394399187999777e+06 4.237132059982276489e-01 4.208111952292046057e-03
2.458394892254999839e+06 4.189355352873977978e-01 4.208122495889489098e-03
2.458395385321999900e+06 4.291737985194958860e-01 4.208190017994647113e-03
2.458395888915999793e+06 4.257285739206172481e-01 4.208129963146883985e-03
2.458396381982999854e+06 4.316764932611807937e-01 4.208079259633925456e-03
2.458396875049999915e+06 4.281662191883995883e-01 4.208169263340761843e-03
2.458397378643999808e+06 4.279387364234345514e-01 4.208298359002291510e-03
2.458397871710999869e+06 4.203656300437399462e-01 4.208162178734050664e-03
2.458398364777999930e+06 4.250460650861859202e-01 4.208038871310561778e-03
2.458398868371000048e+06 4.164000758997725704e-01 4.208350069588110039e-03
2.458399361438000109e+06 4.245910154038595175e-01 4.208226544106795884e-03
2.458399854505999945e+06 4.343421732210944186e-01 4.208062050514838233e-03
2.458400358099000063e+06 4.178954089907841452e-01 4.208066827350617593e-03
2.458400851166000124e+06 4.254686840127373526e-01 4.208304169640038513e-03
2.458401344233000185e+06 4.258262206335045597e-01 4.208310754835122187e-03
2.458401847827000078e+06 4.204632084727479291e-01 4.207977226183283806e-03
2.458402340894000139e+06 4.268011687267003751e-01 4.208118409606823561e-03
2.458402833961000200e+06 4.233558838250999212e-01 4.208072530157808480e-03
2.458403337555000093e+06 4.288813882586744453e-01 4.208087939867005516e-03
2.458403830622000154e+06 4.217306837350442428e-01 4.208232356590998167e-03
2.458404323689000215e+06 4.216005803222712123e-01 4.208099047383491963e-03
2.458404827281999867e+06 4.261510864586439129e-01 4.207988807871531137e-03
2.458405320350000169e+06 4.368122406873612418e-01 4.208256128483485632e-03
2.458405813417000230e+06 4.296290112761345648e-01 4.208300796176871715e-03
2.458406317009999882e+06 4.191628648834033743e-01 4.208089595987000997e-03
2.458406810076999944e+06 4.216980570187763844e-01 4.208295189729170660e-03
2.458407303144000005e+06 4.215683519499290877e-01 4.208165646876593780e-03
2.458407806737999897e+06 4.277763790194041849e-01 4.208277742128083664e-03
2.458408299804999959e+06 4.214382986163193734e-01 4.208031909848044226e-03
2.458408792872000020e+06 4.273861065201454146e-01 4.207981145584199605e-03
2.458409296465999912e+06 4.263136123003091749e-01 4.208023056613655576e-03
2.458409789532999974e+06 4.286539203323029290e-01 4.208224904722471411e-03
2.458410282600000035e+06 4.232907713279251416e-01 4.208205055418101984e-03
2.458410786193999927e+06 4.248836311459265325e-01 4.207996072793702795e-03
2.458411279260999989e+06 4.260537576602232424e-01 4.208204973846363037e-03
2.458411772328000050e+06 4.338543937330404665e-01 4.208131404644899556e-03
2.458412275921000168e+06 4.261185102324017704e-01 4.208059606642312878e-03
2.458412768988000229e+06 4.246234748550357652e-01 4.208157165080456813e-03
2.458413262056000065e+06 4.259886225775833535e-01 4.208346323668035044e-03
2.458413765649000183e+06 4.224456086974007207e-01 4.207973574096825035e-03
2.458414258715999778e+06 4.233235212722620822e-01 4.208140748248650510e-03
2.458414751782999840e+06 4.275487095876521204e-01 4.208006963967314204e-03
2.458415255377000198e+06 4.244932609644179178e-01 4.208039621169150195e-03
2.458415748443999793e+06 4.141247626689888994e-01 4.208239981777897598e-03
2.458416241510999855e+06 4.219257198336787695e-01 4.208235481192926057e-03
2.458416745105000213e+06 4.196828282748045202e-01 4.208284601180502585e-03
2.458417238171999808e+06 4.225105911878460629e-01 4.208231716951185697e-03
2.458417731238999870e+06 4.279064176602335179e-01 4.207980540149806013e-03
2.458418234831999987e+06 4.258909386241147010e-01 4.208165822910302223e-03
2.458526481366999913e+06 4.284912915917634679e-01 4.208206949551632561e-03
2.458526984960000031e+06 4.212430998498103984e-01 4.208022759993382093e-03
2.458527478027000092e+06 4.298890667838995427e-01 4.208076493863529763e-03
2.458527971094000153e+06 4.224133157286363849e-01 4.208040961421869765e-03
2.458528474688000046e+06 4.297916759716161605e-01 4.208310717861819296e-03
2.458528967755000107e+06 4.204632084727479291e-01 4.207977226183283806e-03
2.458529460822000168e+06 4.186103867044939641e-01 4.208326434041518953e-03
2.458529964416000061e+06 4.185128528018254301e-01 4.208116846444617982e-03
2.458530457483000122e+06 4.303438491201269644e-01 4.208168269682246998e-03
2.458530950550000183e+06 4.281989519594258664e-01 4.208096586799266008e-03
2.458531454144000076e+06 4.200405321341725284e-01 4.208002687946825991e-03
2.458531947211000137e+06 4.259886225775833535e-01 4.208346323668035044e-03
2.458532440278000198e+06 4.275813951508431465e-01 4.208328660827683268e-03
2.458532943870999850e+06 4.215683519499290877e-01 4.208165646876593780e-03
2.458533436937999912e+06 4.245910154038595175e-01 4.208226544106795884e-03
2.458533930006000213e+06 4.228033308243972499e-01 4.208032091834163109e-03
2.458534433598999865e+06 4.221531167397072903e-01 4.208170605761170184e-03
2.458534926665999927e+06 4.170502635708039918e-01 4.208007080721740643e-03
2.458535419732999988e+06 4.274187796525356076e-01 4.208302840470784685e-03
2.458535923326999880e+06 4.276136893658614158e-01 4.208252659210236744e-03
2.458536416393999942e+06 4.185780013864686677e-01 4.208000861637562449e-03
2.458536909461000003e+06 4.215683519499290877e-01 4.208165646876593780e-03
2.458537413054999895e+06 4.218930780286655469e-01 4.208298493710368668e-03
2.458537906121999957e+06 4.266062364476862490e-01 4.208161036107800103e-03
2.458538399189000018e+06 4.279064176602335179e-01 4.207980540149806013e-03
2.458538902782000136e+06 4.331393096436281787e-01 4.207977424073075165e-03
2.458539395849999972e+06 4.221857786638784638e-01 4.208107343826035344e-03
2.458539888917000033e+06 4.261510864586439129e-01 4.207988807871531137e-03
2.458540392510000151e+06 4.203005903388271070e-01 4.208285306826670819e-03
2.458540885577000212e+06 4.248836311459265325e-01 4.207996072793702795e-03
2.458541378643999808e+06 4.260211888740770281e-01 4.208275666456508073e-03
2.458541882238000166e+06 4.206905920981366953e-01 4.208315519694519856e-03
2.458542375305000227e+06 4.181552944971357322e-01 4.207987840557913042e-03
2.458542868371999823e+06 4.288813882586744453e-01 4.208087939867005516e-03
2.458543371966000181e+06 4.198780774743347544e-01 4.208308812998988457e-03
2.458543865032999776e+06 4.205929608993821955e-01 4.208113641441852196e-03
2.458544358099999838e+06 4.241684869194097818e-01 4.208336169570540790e-03
2.458544861694000196e+06 4.241032494431824507e-01 4.208079537394826541e-03
2.458545354760999791e+06 4.189679482677667877e-01 4.208062193963406361e-03
2.458545847827999853e+06 4.211131468560855295e-01 4.208276028159515895e-03
2.458546351420999970e+06 4.254686840127373526e-01 4.208304169640038513e-03
2.458546844488000032e+06 4.224782932516314427e-01 4.208299144389550210e-03
2.458547337555999868e+06 4.295965648600990061e-01 4.207982977140326854e-03
2.458547841148999985e+06 4.193578721801701215e-01 4.208116112717060105e-03
2.458548334216000047e+06 4.180578666284320288e-01 4.208162539260597648e-03
2.458548827283000108e+06 4.191952954522309427e-01 4.208029082120977836e-03
2.458549330877000000e+06 4.267363124183725098e-01 4.208265025187558732e-03
2.458549823944000062e+06 4.175376090685348762e-01 4.208309565448121840e-03
2.458550317011000123e+06 4.225432807697623860e-01 4.208168130472605788e-03
2.458550820605000015e+06 4.153926425240631604e-01 4.208115797464808717e-03
2.458551313672000077e+06 4.242657758048530292e-01 4.208129119780328574e-03
2.458551806739000138e+06 4.195205119603256927e-01 4.208202577879171027e-03
2.458552310331999790e+06 4.201055315961990111e-01 4.208266926733014550e-03
2.458552803400000092e+06 4.266710729867865814e-01 4.208014644367786931e-03
2.458553296467000153e+06 4.262162463825536207e-01 4.208239663739337701e-03
2.458553800059999805e+06 4.190655882298708335e-01 4.208270930311418245e-03
2.458554293126999866e+06 4.239407853415863570e-01 4.208029375463329114e-03
2.458554786193999927e+06 4.237783834762116619e-01 4.207978634437104654e-03
2.458555289787999820e+06 4.219583641641849736e-01 4.208172433733687462e-03
2.458555782854999881e+06 4.228033308243972499e-01 4.208032091834163109e-03
2.458556275921999943e+06 4.214382986163193734e-01 4.208031909848044226e-03
2.458556779515999835e+06 4.217955562525033120e-01 4.208102709759901049e-03
2.458557272582999896e+06 4.188055227055932361e-01 4.208359482436067715e-03
2.458557765649999958e+06 4.201055315961990111e-01 4.208266926733014550e-03
2.458558269243999850e+06 4.136048283568057315e-01 4.208289747393561576e-03
2.458558762310999911e+06 4.199430517972027599e-01 4.208186466961745358e-03
2.458559255377999973e+06 4.256960299924615332e-01 4.208200362008678724e-03
2.458559758971000090e+06 4.247208680982295093e-01 4.208339999142449508e-03
2.458560252038000152e+06 4.222180542377192980e-01 4.208040171161246332e-03
2.458560745105999988e+06 4.252410677870669398e-01 4.208011128561418672e-03
2.458561248699000105e+06 4.166928034693296867e-01 4.208238216629286120e-03
2.458561741766000167e+06 4.233235212722620822e-01 4.208140748248650510e-03
2.458562234833000228e+06 4.235508913132134401e-01 4.208060341520470336e-03
2.458562738427000120e+06 4.259560587705519819e-01 4.208024625457467381e-03
2.458563231494000182e+06 4.285564146256257700e-01 4.208057091862015681e-03
2.458563724560999777e+06 4.238107808026951306e-01 4.208300329131716561e-03
2.458564228155000135e+06 4.222180542377192980e-01 4.208040171161246332e-03
2.458564721222000197e+06 4.289137806591068469e-01 4.208010722640128168e-03
2.458565214288999792e+06 4.247858093369768495e-01 4.208200984000863912e-03
2.458565717881999910e+06 4.218930780286655469e-01 4.208298493710368668e-03
2.458566210950000212e+06 4.254361599513192815e-01 4.207982474651847209e-03
2.458566704016999807e+06 4.280364958311733137e-01 4.208077004781980539e-03
2.458567207609999925e+06 4.221857786638784638e-01 4.208107343826035344e-03
2.458567700676999986e+06 4.256960299924615332e-01 4.208200362008678724e-03
2.458568193744000047e+06 4.286215475570262501e-01 4.208301866451772538e-03
2.458568697337999940e+06 4.216331994967815189e-01 4.208036288856117045e-03
2.458569190405000001e+06 4.348945848287035787e-01 4.208206826103032261e-03
2.458569683472000062e+06 4.151325622585628761e-01 4.208157524999888745e-03
2.458570187065999955e+06 4.200730306079853982e-01 4.208328260492085263e-03
2.458570680133000016e+06 4.220881892291379889e-01 4.208300900699247712e-03
2.458571173200000077e+06 4.229334158625155937e-01 4.208158180172858441e-03
2.458571676793999970e+06 4.232256688451067062e-01 4.208337440372677922e-03
2.458572169861000031e+06 4.284265730492130553e-01 4.208360540567711652e-03
2.458572662928000093e+06 4.242009140688127178e-01 4.208267188117796424e-03
2.458573166521000210e+06 4.268660348920304548e-01 4.207971652255242459e-03
2.458573659587999806e+06 4.186103867044939641e-01 4.208326434041518953e-03
2.458574152656000108e+06 4.223483481992413302e-01 4.208171755529903531e-03
2.458574656249000225e+06 4.160424067048646424e-01 4.208183986505874274e-03
2.458575149315999821e+06 4.260859364963809348e-01 4.208130369999511095e-03
2.458575642382999882e+06 4.238759732900760357e-01 4.208166860486669929e-03
2.458576145976999775e+06 4.216980570187763844e-01 4.208295189729170660e-03
2.458576639043999836e+06 4.258909386241147010e-01 4.208165822910302223e-03
2.458577132110999897e+06 4.275813951508431465e-01 4.208328660827683268e-03
2.458577635704999790e+06 4.289789679037705472e-01 4.208255160986285222e-03
2.458578128771999851e+06 4.214056945200960747e-01 4.208094489217752143e-03
2.458578621838999912e+06 4.272235652929773364e-01 4.208348225641299692e-03
2.458579125432000030e+06 4.209832339527042055e-01 4.208140999688339892e-03
2.458579618499999866e+06 4.244283644504548425e-01 4.208178122168249394e-03
2.458580111566999927e+06 4.251435552562690123e-01 4.208220899621716027e-03
2.458580615160000045e+06 4.259560587705519819e-01 4.208024625457467381e-03
2.458581108227000106e+06 4.222833906619064548e-01 4.208302409865471994e-03
2.458581601294000167e+06 4.155874268767091317e-01 4.208175200439570954e-03
2.458582104888000060e+06 4.220232717044767323e-01 4.208042358217636489e-03
2.458582597955000121e+06 4.244283644504548425e-01 4.208178122168249394e-03
2.458583091022000182e+06 4.211131468560855295e-01 4.208276028159515895e-03
2.458583594616000075e+06 4.261510864586439129e-01 4.207988807871531137e-03
2.458584087683000136e+06 4.262162463825536207e-01 4.208239663739337701e-03
2.458584580750000197e+06 4.258909386241147010e-01 4.208165822910302223e-03
2.458585084344000090e+06 4.207231408669928063e-01 4.208253616110549204e-03
2.458585577411000151e+06 4.216658211950325974e-01 4.208361864001073684e-03
2.458586070478000212e+06 4.268011687267003751e-01 4.208118409606823561e-03
2.458586574070999864e+06 4.213082854040079428e-01 4.208285894108438306e-03
2.458587067137999926e+06 4.232907713279251416e-01 4.208205055418101984e-03
2.458587560206000227e+06 4.228356536093271223e-01 4.208353790615525919e-03
2.458588063798999880e+06 4.240384125541662441e-01 4.208217313973595594e-03
2.458588556865999941e+06 4.277113745190279648e-01 4.208032192893536652e-03
2.458589049933000002e+06 4.202355606969697122e-01 4.208021244824612997e-03
2.458589553526999895e+06 4.184804750293998343e-01 4.208176725016572056e-03
2.458590046593999956e+06 4.231282287521365704e-01 4.208147977420903518e-03
2.458590539661000017e+06 4.165301090188471278e-01 4.208129696518277639e-03
2.458591043254999910e+06 4.264435990473349203e-01 4.208127812419195160e-03
2.458591536321999971e+06 4.191304368235300171e-01 4.208150075304091867e-03
2.458592029389000032e+06 4.216658211950325974e-01 4.208361864001073684e-03
2.458592532982000150e+06 4.264435990473349203e-01 4.208127812419195160e-03
2.458593026049999986e+06 4.160424067048646424e-01 4.208183986505874274e-03
2.458593519117000047e+06 4.234210063381743661e-01 4.208329849710696138e-03
2.458594022710000165e+06 4.234210063381743661e-01 4.208329849710696138e-03
2.458594515777000226e+06 4.265736254284575035e-01 4.208232240889541072e-03
2.458595008843999822e+06 4.224782932516314427e-01 4.208299144389550210e-03
2.458595512438000180e+06 4.206255021145269279e-01 4.208051812167206730e-03
2.458596005504999775e+06 4.200405321341725284e-01 4.208002687946825991e-03
2.458596498571999837e+06 4.243310382816176118e-01 4.207994786538380924e-03
2.458597002166000195e+06 4.343093708579294221e-01 4.208144263222062670e-03
2.458597495232999790e+06 4.168551775294183637e-01 4.208342303476771823e-03
2.458597988299999852e+06 4.319043717375500857e-01 4.208311676987329213e-03
2.458712204272000119e+06 4.178626941202573386e-01 4.208122265323844396e-03
2.458712697339000180e+06 4.231282287521365704e-01 4.208147977420903518e-03
2.458713200931999832e+06 4.228683683412735039e-01 4.208289914165034944e-03
2.458713694000000134e+06 4.222180542377192980e-01 4.208040171161246332e-03
2.458714187067000195e+06 4.191628648834033743e-01 4.208089595987000997e-03
2.458714690659999847e+06 4.347968609474568424e-01 4.208062137758115072e-03
2.458715183726999909e+06 4.250785593253402217e-01 4.208360570610207053e-03
2.458715676793999970e+06 4.274837396837107839e-01 4.208154973295128928e-03
2.458716180387999862e+06 4.289789679037705472e-01 4.208255160986285222e-03
2.458716673454999924e+06 4.305389030867271538e-01 4.208092923063353266e-03
2.458717166521999985e+06 4.206580458473805906e-01 4.207989948134952148e-03
2.458717670115999877e+06 4.268986682655962484e-01 4.208293346416074748e-03
2.458718163182999939e+06 4.278737072513783546e-01 4.208052956148793274e-03
2.458718656250000000e+06 4.286215475570262501e-01 4.208301866451772538e-03
2.458719159843999892e+06 4.269635492491185569e-01 4.208146436023697465e-03
2.458719652910999954e+06 4.307015155914559190e-01 4.208095536808574393e-03
2.458720145978000015e+06 4.196503599885527680e-01 4.208345544278168163e-03
2.458720649571000133e+06 4.247208680982295093e-01 4.208339999142449508e-03
2.458721142638000194e+06 4.181876471103916360e-01 4.208313411954431489e-03
2.458721635706000030e+06 4.211457283179406708e-01 4.208213732302664399e-03
2.458722139299000148e+06 4.266062364476862490e-01 4.208161036107800103e-03
2.458722632366000209e+06 4.226405861579728418e-01 4.208358675827451011e-03
2.458723125432999805e+06 4.296290112761345648e-01 4.208300796176871715e-03
2.458723629027000163e+06 4.223806362013194926e-01 4.208104438045786981e-03
2.458724122094000224e+06 4.227383033103453980e-01 4.208163605630194440e-03
2.458724615160999820e+06 4.342445734706330551e-01 4.208316331383524060e-03
2.458725118755000178e+06 4.202355606969697122e-01 4.208021244824612997e-03
2.458725611821999773e+06 4.243959199140844296e-01 4.208247319902981738e-03
2.458726104888999835e+06 4.275487095876521204e-01 4.208006963967314204e-03
2.458726608481999952e+06 4.235832712482060503e-01 4.207991907851079370e-03
2.458727101549999788e+06 4.190003637559246430e-01 4.208001857516020273e-03
2.458727594616999850e+06 4.187079433373166459e-01 4.208150246509121187e-03
2.458728098209999967e+06 4.270288334013001008e-01 4.208003259482630785e-03
2.458728591277000029e+06 4.243959199140844296e-01 4.208247319902981738e-03
2.458729084344000090e+06 4.173426794453299338e-01 4.208266828115331953e-03
2.458729587937999982e+06 4.241684869194097818e-01 4.208336169570540790e-03
2.458730081005000044e+06 4.229334158625155937e-01 4.208158180172858441e-03
2.458730574072000105e+06 4.170176148623416235e-01 4.208061745025461382e-03
2.458731077665999997e+06 4.286862955526189456e-01 4.208147907361752330e-03
2.458731570733000059e+06 4.220881892291379889e-01 4.208300900699247712e-03
2.458732063800000120e+06 4.342117784783904311e-01 4.207998511173729334e-03
2.458732567394000012e+06 4.320018433981994144e-01 4.208067738514039216e-03
2.458733060461000074e+06 4.207882459597787617e-01 4.208129704626641446e-03
2.458733553528000135e+06 4.180902117037081367e-01 4.208103048857930219e-03
2.458734057120999787e+06 4.268011687267003751e-01 4.208118409606823561e-03
2.458734550187999848e+06 4.182203874217979012e-01 4.208257689630047482e-03
2.458735043256000150e+06 4.199755427289764143e-01 4.208125241956315286e-03
2.458735546848999802e+06 4.273211613252134722e-01 4.208128859354934651e-03
2.458736039915999863e+06 4.256309495992142145e-01 4.208341053677434017e-03
2.458736532982999925e+06 4.279064176602335179e-01 4.207980540149806013e-03
2.458737036576999817e+06 4.210805679148582059e-01 4.208338289190604459e-03
2.458737529643999878e+06 4.279714518036885074e-01 4.208225901865383922e-03
2.458738022710999940e+06 4.279064176602335179e-01 4.207980540149806013e-03
2.458738526304999832e+06 4.342445734706330551e-01 4.208316331383524060e-03
2.458739019371999893e+06 4.173103922020409140e-01 4.208325617398027407e-03
2.458739512438999955e+06 4.229006960982399921e-01 4.208222126721131162e-03
2.458740016032000072e+06 4.299540062522037021e-01 4.208316167793295891e-03
2.458740509099999908e+06 4.232584137524755818e-01 4.208273203412086876e-03
2.458741002166999970e+06 4.289789679037705472e-01 4.208255160986285222e-03
2.458741505760000087e+06 4.200080361745672231e-01 4.208063982286331869e-03
2.458741998827000149e+06 4.213404938945884415e-01 4.208219543356538604e-03
2.458742491894000210e+06 4.151325622585628761e-01 4.208157524999888745e-03
2.458742995488000102e+06 4.252085611252940378e-01 4.208081087531842686e-03
2.458743488555000164e+06 4.275487095876521204e-01 4.208006963967314204e-03
2.458743981622000225e+06 4.232256688451067062e-01 4.208337440372677922e-03
2.458744485216000117e+06 4.154251640118835076e-01 4.208062634164899674e-03
2.458744978283000179e+06 4.296614601427728442e-01 4.208222906388289254e-03
2.458745471349999774e+06 4.222180542377192980e-01 4.208040171161246332e-03
2.458745974944000132e+06 4.218608272969495698e-01 4.207976799156061196e-03
2.458746468011000194e+06 4.225755836741913463e-01 4.208100633158099943e-03
2.458746961077999789e+06 4.239083780771785159e-01 4.208098135526064723e-03
2.458747464670999907e+06 4.226405861579728418e-01 4.208358675827451011e-03
2.458747957737999968e+06 4.207556921541423245e-01 4.208191677756264321e-03
2.458748450805999804e+06 4.239083780771785159e-01 4.208098135526064723e-03
2.458748954398999922e+06 4.291413864820104451e-01 4.208267461148006844e-03
2.458749447465999983e+06 4.225432807697623860e-01 4.208168130472605788e-03
2.458749940533000045e+06 4.212105108549170085e-01 4.208085160300145851e-03
2.458750444126999937e+06 4.225105911878460629e-01 4.208231716951185697e-03
2.458750937193999998e+06 4.155223610425608505e-01 4.208281774155130973e-03
2.458751430261000060e+06 4.222833906619064548e-01 4.208302409865471994e-03
2.458751933854999952e+06 4.335943355792318821e-01 4.208005124979837148e-03
2.458752426922000013e+06 4.221857786638784638e-01 4.208107343826035344e-03
2.458752919989000075e+06 4.253060885660835400e-01 4.208262826128461587e-03
2.458753423582000192e+06 4.309939759285445482e-01 4.208174249689254805e-03
2.458753916650000028e+06 4.262162463825536207e-01 4.208239663739337701e-03
2.458754409717000090e+06 4.241360622488322685e-01 4.208014472136181218e-03
2.458754913310000207e+06 4.306364632207069776e-01 4.208253215420364179e-03
2.458755406376999803e+06 4.321315744925860458e-01 4.208137406754283716e-03
2.458755899443999864e+06 4.212756913661094282e-01 4.208348334091611791e-03
2.458756403038000222e+06 4.250785593253402217e-01 4.208360570610207053e-03
2.458756896104999818e+06 4.264435990473349203e-01 4.208127812419195160e-03
2.458757389171999879e+06 4.217633129756350185e-01 4.208169488538780062e-03
2.458757892765999772e+06 4.288813882586744453e-01 4.208087939867005516e-03
2.458758385832999833e+06 4.303763519767814238e-01 4.208089711444526482e-03
2.458758878899999894e+06 4.169527091403743557e-01 4.208174846465634854e-03
2.458759382493999787e+06 4.259234974527925099e-01 4.208095241876842578e-03
2.458759875560999848e+06 4.268337971413291854e-01 4.208046986531678406e-03
2.458760368627999909e+06 4.294664081449052762e-01 4.208290279194944021e-03
2.458760872221000027e+06 4.311893245660527452e-01 4.208095910479203554e-03
2.458761365288000088e+06 4.288489983045775111e-01 4.208165121430025579e-03
2.458761858355999924e+06 4.259560587705519819e-01 4.208024625457467381e-03
2.458762361949000042e+06 4.203331089333034454e-01 4.208223760137807384e-03
2.458762855016000103e+06 4.241032494431824507e-01 4.208079537394826541e-03
2.458763348083000164e+06 4.215683519499290877e-01 4.208165646876593780e-03
2.458763851677000057e+06 4.191952954522309427e-01 4.208029082120977836e-03
2.458764344744000118e+06 4.101920131826566340e-01 4.208323177230220008e-03
2.458764837811000179e+06 4.356422576081622200e-01 4.208219250469085598e-03
2.458765341405000072e+06 4.271586447976603584e-01 4.208102156613255374e-03
2.458765834472000133e+06 4.303763519767814238e-01 4.208089711444526482e-03
2.458766327539000195e+06 4.262810236501198280e-01 4.208094002446752767e-03
2.458766831131999847e+06 4.194227660035109162e-01 4.207994695262127875e-03
2.458767324200000148e+06 4.261510864586439129e-01 4.207988807871531137e-03
2.458767817267000210e+06 4.236808161306455101e-01 4.208180496450070890e-03
2.458768320859999862e+06 4.219583641641849736e-01 4.208172433733687462e-03
2.458768813926999923e+06 4.325867370516317534e-01 4.208187123830112349e-03
2.458769306993999984e+06 4.225432807697623860e-01 4.208168130472605788e-03
2.458769810587999877e+06 4.241032494431824507e-01 4.208079537394826541e-03
2.458770303654999938e+06 4.250785593253402217e-01 4.208360570610207053e-03
2.458770796721999999e+06 4.230958836019133584e-01 4.208215980082294361e-03
2.458771300315999892e+06 4.218608272969495698e-01 4.207976799156061196e-03
2.458771793382999953e+06 4.255337395950347656e-01 4.208163771281551654e-03
2.458772286450000014e+06 4.250785593253402217e-01 4.208360570610207053e-03
2.458772790043999907e+06 4.205929608993821955e-01 4.208113641441852196e-03
2.458773283110999968e+06 4.209180986910338595e-01 4.208265268550225556e-03
2.458773776178000029e+06 4.196178942141732260e-01 4.208019970395768423e-03
2.458774279771000147e+06 4.239407853415863570e-01 4.208029375463329114e-03
2.458774772838000208e+06 4.274837396837107839e-01 4.208154973295128928e-03
2.458775265906000044e+06 4.195854309514728819e-01 4.208080874164455559e-03
2.458775769499000162e+06 4.297263652285909230e-01 4.208067019491338462e-03
2.458776262566000223e+06 4.307340454618159287e-01 4.208016643629635019e-03
2.458776755632999819e+06 4.265736254284575035e-01 4.208232240889541072e-03
2.458777259227000177e+06 4.240708297595469634e-01 4.208148443246568018e-03
2.458777752293999773e+06 4.231282287521365704e-01 4.208147977420903518e-03
2.458778245360999834e+06 4.221208461298772696e-01 4.208237708650086617e-03
2.458778748955000192e+06 4.287186732181605398e-01 4.208070874364685209e-03
2.458779242021999788e+06 4.172127769235489114e-01 4.208109760056865344e-03
2.458779735088999849e+06 4.201055315961990111e-01 4.208266926733014550e-03
2.458780238681999967e+06 4.254036383761349294e-01 4.208052615485446783e-03
2.458780731749999803e+06 4.232256688451067062e-01 4.208337440372677922e-03
2.458781224816999864e+06 4.294339740089735402e-01 4.207972460952662253e-03
2.458781728409999982e+06 4.193578721801701215e-01 4.208116112717060105e-03
2.458782221477000043e+06 4.265736254284575035e-01 4.208232240889541072e-03
2.458782714544000104e+06 4.293691130853915516e-01 4.208127823608381023e-03
2.458783218137999997e+06 4.183178531657714694e-01 4.208082563935838273e-03
2.458783711205000058e+06 4.221208461298772696e-01 4.208237708650086617e-03
2.459622427943999879e+06 4.282963763357374720e-01 4.208659542806656405e-03
2.459622921010999940e+06 4.257936692409492463e-01 4.208773400267928032e-03
2.459623424604999833e+06 4.277763790194041849e-01 4.208671738733469996e-03
2.459623917671999894e+06 4.247858093369768495e-01 4.208592226189781030e-03
2.459624410738999955e+06 4.171478408260435033e-01 4.208607420829646797e-03
2.459624914332000073e+06 4.217306837350442428e-01 4.208620784905248158e-03
2.459625407399999909e+06 4.211457283179406708e-01 4.208989511403467103e-03
2.459625900466999970e+06 4.243310382816176118e-01 4.208776433196974830e-03
2.459626404060000088e+06 4.130847858919981519e-01 4.208705467784640969e-03
2.459626897127000149e+06 4.330092760150326958e-01 4.208708220064009790e-03
2.459627390194000211e+06 4.260211888740770281e-01 4.209060426487548114e-03
2.459627893788000103e+06 4.108745107948519326e-01 4.208891892002763514e-03
2.459628386855000164e+06 4.282963763357374720e-01 4.209054018347270151e-03
2.459628879922000226e+06 4.234533763436233444e-01 4.209041586228052384e-03
2.459629383516000118e+06 4.333667628904830371e-01 4.208989710993541605e-03
2.459629876583000179e+06 4.241684869194097818e-01 4.209117516798459128e-03
2.459630369649999775e+06 4.250460650861859202e-01 4.209213316990525686e-03
2.459630873244000133e+06 4.198131132044061187e-01 4.209204344771065240e-03
2.459631366311000194e+06 4.246884012020309962e-01 4.209191758833477973e-03
2.459631859377999790e+06 4.220881892291379889e-01 4.209078415877204847e-03
2.459632362970999908e+06 4.234210063381743661e-01 4.209109820028499906e-03
2.459632856037999969e+06 4.246234748550357652e-01 4.209330443100461547e-03
2.459633349105999805e+06 4.228033308243972499e-01 4.209200340610352170e-03
2.459633852698999923e+06 4.255658791554550180e-01 4.209265525292609118e-03
2.459634345765999984e+06 4.261185102324017704e-01 4.209629485249529249e-03
2.459634838833000045e+06 4.269635492491185569e-01 4.209326179908200530e-03
2.459635342426999938e+06 4.226405861579728418e-01 4.209526474923509266e-03
2.459635835493999999e+06 4.280688244188720071e-01 4.209577628792870140e-03
2.459636328561000060e+06 4.270288334013001008e-01 4.209576491844340893e-03
2.459636832154999953e+06 4.285564146256257700e-01 4.209635952040933701e-03
2.459637325222000014e+06 4.239083780771785159e-01 4.209659871705514339e-03
2.459637818289000075e+06 4.163352662931989467e-01 4.209995824585499070e-03
2.459638321882000193e+06 4.159125258375761525e-01 4.209934824797724288e-03
2.459638814950000029e+06 4.295312837659767125e-01 4.210112826490691219e-03
2.459639308017000090e+06 4.197481589858642059e-01 4.210099498684729061e-03
2.459639811610000208e+06 4.272235652929773364e-01 4.210315662866937619e-03
2.459640304676999804e+06 4.336917891838119044e-01 4.210149240639616576e-03
2.459640797743999865e+06 4.204632084727479291e-01 4.210300791741639417e-03
2.459641301338000223e+06 4.297916759716161605e-01 4.210685834436664332e-03
2.459641794404999819e+06 4.270288334013001008e-01 4.210756416115623256e-03
2.459642287471999880e+06 4.226082782845653196e-01 4.210761632933560095e-03
2.459642791065999772e+06 4.281662191883995883e-01 4.210929752970916928e-03
2.459643284132999834e+06 4.279714518036885074e-01 4.210985135783803894e-03
2.459643777199999895e+06 4.237783834762116619e-01 4.211101148960386641e-03
2.459644280793999787e+06 4.279387364234345514e-01 4.211451528138940303e-03
2.459644773860999849e+06 4.295965648600990061e-01 4.211544034666820854e-03
2.459645266927999910e+06 4.267036914557589822e-01 4.211873419427969445e-03
2.459645770521000028e+06 4.235832712482060503e-01 4.211893253955148984e-03
2.459646263588000089e+06 4.205929608993821955e-01 4.211987445769793843e-03
2.459646756655999925e+06 4.248186749521846717e-01 4.212439296480939739e-03
2.459647260249000043e+06 4.292390252822381735e-01 4.212783025344981648e-03
2.459647753316000104e+06 4.253711192869942259e-01 4.212824096357740793e-03
2.459648246383000165e+06 4.346995593983618567e-01 4.213126027761036722e-03
2.459648749977000058e+06 4.210479914940637447e-01 4.213441909309923426e-03
2.459649243044000119e+06 4.247208680982295093e-01 4.213816552404022267e-03
2.459649736111000180e+06 4.250135733309854946e-01 4.213980428079486772e-03
2.459650239705000073e+06 4.219257198336787695e-01 4.214453208379101250e-03
2.459650732772000134e+06 4.250460650861859202e-01 4.214694063497024211e-03
2.459651225839000195e+06 4.219906223524722555e-01 4.215101494595615075e-03
2.459651729431999847e+06 4.286215475570262501e-01 4.215802592104922648e-03
2.459652222500000149e+06 4.301488835219651197e-01 4.216166319571630801e-03
2.459652715567000210e+06 4.197806348388098407e-01 4.216611349505411908e-03
2.459653219159999862e+06 4.264435990473349203e-01 4.217161501021551157e-03
2.459653712226999924e+06 4.293038665546277666e-01 4.217768850729600692e-03
2.459654205293999985e+06 4.210479914940637447e-01 4.218483303218899944e-03
2.459654708887999877e+06 4.280364958311733137e-01 4.219115617873032097e-03
2.459655201954999939e+06 4.256634885520567679e-01 4.220032242357655075e-03
2.459655695022000000e+06 4.319365946283120206e-01 4.220560493727472037e-03
2.459656198615999892e+06 4.237783834762116619e-01 4.221639635476460636e-03
2.459656691682999954e+06 4.274187796525356076e-01 4.222474861261892899e-03
2.459657184750000015e+06 4.301813716533274268e-01 4.223616567015041172e-03
2.459657688343999907e+06 4.256634885520567679e-01 4.224736849093839279e-03
2.459658181410999969e+06 4.246559367876963642e-01 4.226079389158090942e-03
2.459658674478000030e+06 4.358047906658757409e-01 4.227450494123937731e-03
2.459659178071000148e+06 4.281011554482741510e-01 4.228821763575221077e-03
2.459659671138000209e+06 4.340170592477751721e-01 4.230495877258175740e-03
2.459660164206000045e+06 4.289465705802710249e-01 4.232036883286459383e-03
2.459660667799000163e+06 4.317090967693062997e-01 4.234242306141464650e-03
2.459661160866000224e+06 4.342117784783904311e-01 4.236393102914209896e-03
2.459661653932999820e+06 4.278413933993051033e-01 4.238471561725333514e-03
2.459662157527000178e+06 4.264762001262096258e-01 4.241051843517063512e-03
2.459662650593999773e+06 4.303763519767814238e-01 4.244161316921300602e-03
2.459663143660999835e+06 4.377224284613276395e-01 4.247261686246682315e-03
2.459663647255000193e+06 4.369422090369216582e-01 4.250556987621180102e-03
2.459664140321999788e+06 4.331720236348273745e-01 4.254575319306824928e-03
2.459664633388999850e+06 4.369096127224482151e-01 4.258690473043331808e-03
2.459665136981999967e+06 4.425651375520748276e-01 4.263679629091820557e-03
2.459665630049999803e+06 4.337245449024886290e-01 4.268790583307930341e-03
2.459666123116999865e+06 4.432480156389406734e-01 4.274749199129159773e-03
2.459666626709999982e+06 4.483834765876089645e-01 4.281739767806633928e-03
2.459667119777000044e+06 4.471808529651358222e-01 4.289201541194213006e-03
2.459667612844000105e+06 4.452303897699977919e-01 4.297558158548308964e-03
2.459668116437999997e+06 4.501387493773095216e-01 4.307207816029913310e-03
2.459668609505000059e+06 4.577770329774301650e-01 4.318316319569828060e-03
2.459669102572000120e+06 4.542339596259221124e-01 4.330495469786180621e-03
2.459669606166000012e+06 4.585243458951862583e-01 4.344792455014939020e-03
2.459670099233000074e+06 4.655775171891620157e-01 4.361025568700255435e-03
2.459670592300000135e+06 4.662276219524381649e-01 4.379567979270071292e-03
2.459671095894000027e+06 4.690556806567360293e-01 4.401813542983170659e-03
2.459671588961000089e+06 4.800415175421563485e-01 4.427093518743252347e-03
2.459672082028000150e+06 4.946682086370497444e-01 4.457196014914435213e-03
2.459672585620999802e+06 4.962608327761471316e-01 4.493028753035143395e-03
2.459673078687999863e+06 5.100420704023796992e-01 4.536061531541649323e-03
2.459673571756000165e+06 5.272041254286425893e-01 4.588178748524822034e-03
2.459674075348999817e+06 5.384825076351716922e-01 4.653599416689236518e-03
2.459674568415999878e+06 5.691008051001424928e-01 4.734748228843288498e-03
2.459675061482999939e+06 5.856773111500921392e-01 4.838675783301027954e-03
2.459675565076999832e+06 6.430785146779557371e-01 4.980627159920117571e-03
2.459676058143999893e+06 6.917035426814294174e-01 5.171198704933969818e-03
2.459676551210999954e+06 7.785196881346680975e-01 5.445942582986829442e-03
2.459677054804999847e+06 9.187386777183170761e-01 5.875094347451818161e-03
2.459677547871999908e+06 1.158841394327744467e+00 6.535276088586794603e-03
2.459678040938999970e+06 1.481696312318570019e+00 7.346141000232811642e-03
2.459678544532000087e+06 1.448575714699059436e+00 7.269987898352869848e-03
2.459679037599999923e+06 1.128320295442265087e+00 6.432780447202202274e-03
2.459679530666999985e+06 8.994644434249063902e-01 5.807345947179885955e-03
2.459680034260000102e+06 7.714340427299374303e-01 5.402771350178210003e-03
2.459680527327000163e+06 6.918010231731450688e-01 5.141980374736582898e-03
2.459681020394000225e+06 6.320595534714501529e-01 4.959904046652299434e-03
2.459681523988000117e+06 5.976712977415005179e-01 4.823817755322535629e-03
2.459682017055000179e+06 5.640629832561201429e-01 4.723486811335646934e-03
2.459682510121999774e+06 5.260662011271901584e-01 4.644655471472143582e-03
2.459683013716000132e+06 5.220686322146959046e-01 4.580991070678549354e-03
2.459683506783000194e+06 5.128051758995790799e-01 4.530407317792754969e-03
2.459683999849999789e+06 4.971707844409186672e-01 4.488903638393507145e-03
2.459684503444000147e+06 4.919380326765941946e-01 4.453438046910666859e-03
2.459684996511000209e+06 4.845921782971506775e-01 4.423982225361443830e-03
2.459685489577999804e+06 4.792291202611968504e-01 4.399297564832894795e-03
2.459685993170999922e+06 4.759139116079709186e-01 4.377630785820231345e-03
2.459686486237999983e+06 4.620021535968998339e-01 4.359449415850198510e-03
2.459686979305999819e+06 4.585893872533208238e-01 4.343296878615569151e-03
2.459687482898999937e+06 4.598896121817393490e-01 4.329349712674175447e-03
2.459687975965999998e+06 4.499435183720241205e-01 4.317357709779963935e-03
2.459688469033000059e+06 4.450356480089013300e-01 4.306335643493710251e-03
2.459688972626999952e+06 4.479281948698866089e-01 4.296782339140227912e-03
2.459689465694000013e+06 4.533562423583051837e-01 4.288723121561069732e-03
2.459689958761000074e+06 4.496187356239678135e-01 4.281112178548060997e-03
2.459690462354999967e+06 4.361621751542635872e-01 4.274704744556660947e-03
2.459690955422000028e+06 4.385347368105761978e-01 4.268876374426047032e-03
2.459691448489000089e+06 4.399976936126549498e-01 4.263665257004115722e-03
2.459691952082000207e+06 4.367796540686547102e-01 4.258630593423764349e-03
2.459692445150000043e+06 4.381124551882595863e-01 4.254274283944326114e-03
2.459692938217000104e+06 4.335943355792318821e-01 4.250736125110125135e-03
2.459693441810000222e+06 4.414927742158847312e-01 4.247249015438515733e-03
2.459693934876999818e+06 4.300514338485356136e-01 4.244125869150314721e-03
2.459807647255999967e+06 4.306039407199455660e-01 4.208332000863151089e-03
2.459808150849000085e+06 4.262162463825536207e-01 4.208239663739337701e-03
2.459808643916000146e+06 4.272888892024814811e-01 4.208204600914064279e-03
2.459809136983000208e+06 4.212105108549170085e-01 4.208085160300145851e-03
2.459809640577000100e+06 4.305063879538976734e-01 4.208171630762325317e-03
2.459810133644000161e+06 4.234857488237186995e-01 4.208193227817192891e-03
2.459810626711000223e+06 4.190327817520640430e-01 4.208327429997028857e-03
2.459811130305000115e+06 4.334969038731657509e-01 4.208257352752661253e-03
2.459811623372000176e+06 4.284589310985246757e-01 4.208283762861649013e-03
2.459812116438999772e+06 4.263462034418599722e-01 4.208344754704287059e-03
2.459812620031999890e+06 4.325544656596130300e-01 4.208271586356788184e-03
2.459813113100000191e+06 4.187403387089315143e-01 4.208090156366264822e-03
2.459813606166999787e+06 4.251435552562690123e-01 4.208220899621716027e-03
2.459814109759999905e+06 4.205278860214420877e-01 4.208237195738366576e-03
2.459814602826999966e+06 4.269635492491185569e-01 4.208146436023697465e-03
2.459815095894000027e+06 4.241360622488322685e-01 4.208014472136181218e-03
2.459815599487999920e+06 4.272888892024814811e-01 4.208204600914064279e-03
2.459816092554999981e+06 4.228683683412735039e-01 4.208289914165034944e-03
2.459816585622000042e+06 4.279387364234345514e-01 4.208298359002291510e-03
2.459817089215999935e+06 4.258587745145730463e-01 4.208240244493554987e-03
2.459817582282999996e+06 4.309614264277316642e-01 4.208253370352205841e-03
2.459818075350000057e+06 4.217633129756350185e-01 4.208169488538780062e-03
2.459818578943999950e+06 4.267363124183725098e-01 4.208265025187558732e-03
2.459819072011000011e+06 4.290765697503144960e-01 4.208027046237392856e-03
2.459819565078000072e+06 4.155223610425608505e-01 4.208281774155130973e-03
2.459820068671000190e+06 4.254036383761349294e-01 4.208052615485446783e-03
2.459820561737999786e+06 4.201705411166135051e-01 4.208144155163253373e-03
2.459821054806000087e+06 4.250135733309854946e-01 4.208108648569853540e-03
2.459821558399000205e+06 4.322617426730965828e-01 4.208210613251561066e-03
2.459822051465999801e+06 4.258909386241147010e-01 4.208165822910302223e-03
2.459822544532999862e+06 4.252085611252940378e-01 4.208081087531842686e-03
2.459823048127000220e+06 4.237783834762116619e-01 4.208368948752514577e-03
2.459823541193999816e+06 4.250785593253402217e-01 4.208360570610207053e-03
2.459824034260999877e+06 4.255337395950347656e-01 4.208163771281551654e-03
2.459824537854999769e+06 4.199755427289764143e-01 4.208125241956315286e-03
2.459825030921999831e+06 4.193254290337783408e-01 4.208176769577176395e-03
2.459825523988999892e+06 4.228033308243972499e-01 4.208032091834163109e-03
2.459826027582000010e+06 4.223156736980623327e-01 4.208235162202392417e-03
2.459826520649999846e+06 4.345370383122039160e-01 4.208349079480775377e-03
2.459827013716999907e+06 4.294015423225305828e-01 4.208050160148735057e-03
2.459827517310000025e+06 4.255658791554550180e-01 4.208089643313292320e-03
2.459828010377000086e+06 4.310916391820499016e-01 4.208333722009775617e-03
2.459828503444000147e+06 4.284912915917634679e-01 4.208206949551632561e-03
2.459829007038000040e+06 4.254686840127373526e-01 4.208304169640038513e-03
2.459829500105000101e+06 4.179927989989350445e-01 4.208277540929214466e-03
2.459829993172000162e+06 4.197481589858642059e-01 4.208166486977344897e-03
2.459830496766000055e+06 4.241684869194097818e-01 4.208336169570540790e-03
2.459830989833000116e+06 4.259234974527925099e-01 4.208095241876842578e-03
2.459831482900000177e+06 4.239407853415863570e-01 4.208029375463329114e-03
2.459831986494000070e+06 4.230631512685067985e-01 4.208280071785699787e-03
2.459832479561000131e+06 4.283614697459572906e-01 4.208115577511021763e-03
2.459832972628000192e+06 4.284912915917634679e-01 4.208206949551632561e-03
2.459833476220999844e+06 4.286215475570262501e-01 4.208301866451772538e-03
2.459833969287999906e+06 4.218281905122725495e-01 4.208039771922522654e-03
2.459834462356000207e+06 4.240384125541662441e-01 4.208217313973595594e-03
2.459834965948999859e+06 4.161727114403129257e-01 4.208352064598483086e-03
2.459835459015999921e+06 4.168551775294183637e-01 4.208342303476771823e-03
2.459835952082999982e+06 4.167250429298711145e-01 4.208179989448672560e-03
2.459836455676999874e+06 4.256309495992142145e-01 4.208341053677434017e-03
2.459836948743999936e+06 4.297916759716161605e-01 4.208310717861819296e-03
2.459837441810999997e+06 4.242657758048530292e-01 4.208129119780328574e-03
2.459837945404999889e+06 4.222833906619064548e-01 4.208302409865471994e-03
2.459838438471999951e+06 4.212105108549170085e-01 4.208085160300145851e-03
2.459838931539000012e+06 4.191952954522309427e-01 4.208029082120977836e-03
2.459839435132000130e+06 4.222507211860937471e-01 4.208365746606562534e-03
2.459839928199999966e+06 4.277113745190279648e-01 4.208032192893536652e-03
2.459840421267000027e+06 4.242657758048530292e-01 4.208129119780328574e-03
2.459840924860000145e+06 4.193254290337783408e-01 4.208176769577176395e-03
2.459841417927000206e+06 4.262162463825536207e-01 4.208239663739337701e-03
2.459841910993999802e+06 4.151000636770206809e-01 4.208210411396208321e-03
2.459842414588000160e+06 4.240708297595469634e-01 4.208148443246568018e-03
2.459842907655000221e+06 4.212430998498103984e-01 4.208022759993382093e-03
2.459843400721999817e+06 4.282312928170530220e-01 4.208019998820002744e-03
2.459843904316000175e+06 4.239083780771785159e-01 4.208098135526064723e-03
2.459844397382999770e+06 4.253060885660835400e-01 4.208262826128461587e-03
2.459844890449999832e+06 4.274837396837107839e-01 4.208154973295128928e-03
2.459845394044000190e+06 4.265410169021098263e-01 4.208303410194620502e-03
2.459845887110999785e+06 4.244932609644179178e-01 4.208039621169150195e-03
2.459846380177999847e+06 4.237132059982276489e-01 4.208111952292046057e-03
2.459846883770999964e+06 4.262162463825536207e-01 4.208239663739337701e-03
2.459847376838000026e+06 4.237459886262739395e-01 4.208047248812420670e-03
2.459847869905999862e+06 4.229006960982399921e-01 4.208222126721131162e-03
2.459848373498999979e+06 4.223156736980623327e-01 4.208235162202392417e-03
2.459848866566000041e+06 4.261185102324017704e-01 4.208059606642312878e-03
2.459849359633000102e+06 4.248186749521846717e-01 4.208135299428990284e-03
2.459849863226999994e+06 4.216980570187763844e-01 4.208295189729170660e-03
2.459850356294000056e+06 4.270610858826318079e-01 4.208321080051066580e-03
2.459850849361000117e+06 4.318717534818802828e-01 4.207993857129044106e-03
2.459851352955000009e+06 4.273538294926249037e-01 4.208056958111163273e-03
2.459851846022000071e+06 4.284912915917634679e-01 4.208206949551632561e-03
2.459852339089000132e+06 4.265736254284575035e-01 4.208232240889541072e-03
2.459852842681999784e+06 4.230958836019133584e-01 4.208215980082294361e-03
2.459853335750000086e+06 4.246884012020309962e-01 4.208018301415347544e-03
2.459853828817000147e+06 4.212105108549170085e-01 4.208085160300145851e-03
2.459854332409999799e+06 4.260211888740770281e-01 4.208275666456508073e-03
2.459854825476999860e+06 4.256634885520567679e-01 4.208270725517193264e-03
2.459855318543999922e+06 4.277436785510801975e-01 4.208350015647230498e-03
2.459855822137999814e+06 4.256309495992142145e-01 4.208341053677434017e-03
2.459856315204999875e+06 4.312866348557139462e-01 4.208251129176709786e-03
2.459856808271999937e+06 4.360971013352689662e-01 4.208194689157898453e-03
2.459857311865999829e+06 4.233235212722620822e-01 4.208140748248650510e-03
2.459857804932999890e+06 4.241684869194097818e-01 4.208336169570540790e-03
2.459858297999999952e+06 4.215683519499290877e-01 4.208165646876593780e-03
2.459858801593999844e+06 4.224782932516314427e-01 4.208299144389550210e-03
2.459859294660999905e+06 4.292390252822381735e-01 4.208038900316439339e-03
2.459859787727999967e+06 4.208529735072064071e-01 4.208001778306751789e-03
2.459860291321000084e+06 4.244608114671695187e-01 4.208108889258629741e-03
2.459860784388000146e+06 4.240708297595469634e-01 4.208148443246568018e-03
2.459861277455999982e+06 4.280037754787650583e-01 4.208149533204195644e-03
2.459861781049000099e+06 4.226405861579728418e-01 4.208358675827451011e-03
2.459862274116000161e+06 4.214056945200960747e-01 4.208094489217752143e-03
2.459862767183000222e+06 4.235185138534369731e-01 4.208128740137850529e-03
2.459863270777000114e+06 4.251760569484246965e-01 4.208151011216946895e-03
2.459863763844000176e+06 4.287514482236052804e-01 4.207997681433611574e-03
2.459864256910999771e+06 4.238759732900760357e-01 4.208166860486669929e-03
2.459864760505000129e+06 4.241032494431824507e-01 4.208079537394826541e-03
2.459865253572000191e+06 4.243959199140844296e-01 4.208247319902981738e-03
2.459865746638999786e+06 4.276786790198366384e-01 4.208104425316397390e-03
2.459866250231999904e+06 4.230308110929953958e-01 4.208348004415417461e-03
2.459866743300000206e+06 4.222180542377192980e-01 4.208040171161246332e-03
2.459867236366999801e+06 4.227383033103453980e-01 4.208163605630194440e-03
2.459867739959999919e+06 4.243310382816176118e-01 4.207994786538380924e-03
2.459868233026999980e+06 4.270937341676014354e-01 4.208249433058973074e-03
2.459868726094000041e+06 4.294664081449052762e-01 4.208290279194944021e-03
2.459869229687999934e+06 4.202355606969697122e-01 4.208021244824612997e-03
2.459869722754999995e+06 4.233235212722620822e-01 4.208140748248650510e-03
2.459870215822000057e+06 4.317743111731431327e-01 4.208237452901415244e-03
2.459870719415999949e+06 4.198131132044061187e-01 4.208044358271495998e-03
2.459871212483000010e+06 4.228356536093271223e-01 4.208353790615525919e-03
2.459871705550000072e+06 4.263462034418599722e-01 4.208344754704287059e-03
2.459872209143999964e+06 4.201705411166135051e-01 4.208144155163253373e-03
2.459872702211000025e+06 4.216005803222712123e-01 4.208099047383491963e-03
2.459873195278000087e+06 4.291089768923449510e-01 4.208344868602372467e-03
2.459873698871000204e+06 4.232584137524755818e-01 4.208273203412086876e-03
2.459874191937999800e+06 4.246559367876963642e-01 4.208087750851632718e-03
2.459874685006000102e+06 4.289465705802710249e-01 4.208332419787842033e-03
2.459875188599000219e+06 4.242657758048530292e-01 4.208129119780328574e-03
2.459875681665999815e+06 4.267363124183725098e-01 4.208265025187558732e-03
2.459876174732999876e+06 4.258587745145730463e-01 4.208240244493554987e-03
2.459876678326999769e+06 4.258262206335045597e-01 4.208310754835122187e-03
2.459877171393999830e+06 4.166275645735197930e-01 4.208346816338934780e-03
2.459877664460999891e+06 4.206580458473805906e-01 4.207989948134952148e-03
2.459878168054999784e+06 4.246884012020309962e-01 4.208018301415347544e-03
2.459878661121999845e+06 4.229006960982399921e-01 4.208222126721131162e-03
2.459879154188999906e+06 4.232256688451067062e-01 4.208337440372677922e-03
2.459987411249999888e+06 4.261510864586439129e-01 4.207988807871531137e-03
2.459987904316999950e+06 4.281338832452590282e-01 4.208245780116778682e-03
2.459988407910000067e+06 4.184804750293998343e-01 4.208176725016572056e-03
2.459988900977000128e+06 4.278086879610931703e-01 4.208201557064513397e-03
2.459989394044000190e+06 4.213730929462504160e-01 4.208157033718905836e-03
2.459989897638000082e+06 4.230958836019133584e-01 4.208215980082294361e-03
2.459990390705000143e+06 4.247858093369768495e-01 4.208200984000863912e-03
2.459990883772000205e+06 4.209180986910338595e-01 4.208265268550225556e-03
2.459991387366000097e+06 4.253060885660835400e-01 4.208262826128461587e-03
2.459991880433000159e+06 4.236484287390389070e-01 4.208249005538491384e-03
2.459992373500000220e+06 4.299864796649451315e-01 4.208237979811639030e-03
2.459992877094000112e+06 4.220232717044767323e-01 4.208042358217636489e-03
2.459993370161000174e+06 4.244283644504548425e-01 4.208178122168249394e-03
2.459993863227999769e+06 4.235508913132134401e-01 4.208060341520470336e-03
2.459994366820999887e+06 4.260859364963809348e-01 4.208130369999511095e-03
2.459994859887999948e+06 4.268011687267003751e-01 4.208118409606823561e-03
2.459995352955999784e+06 4.166601827445701178e-01 4.208292533631425268e-03
2.459995856548999902e+06 4.262162463825536207e-01 4.208239663739337701e-03
2.459996349615999963e+06 4.234210063381743661e-01 4.208329849710696138e-03
2.459996842683000024e+06 4.277113745190279648e-01 4.208032192893536652e-03
2.459997346276999917e+06 4.253060885660835400e-01 4.208262826128461587e-03
2.459997839343999978e+06 4.219583641641849736e-01 4.208172433733687462e-03
2.459998332411000039e+06 4.237459886262739395e-01 4.208047248812420670e-03
2.459998836004999932e+06 4.242333436972306471e-01 4.208198171522716836e-03
2.459999329071999993e+06 4.199430517972027599e-01 4.208186466961745358e-03
2.459999822139000054e+06 4.196178942141732260e-01 4.208019970395768423e-03
2.460000325732000172e+06 4.244283644504548425e-01 4.208178122168249394e-03
2.460000818800000008e+06 4.175702984878403301e-01 4.208254441576628375e-03
2.460001311867000069e+06 4.267363124183725098e-01 4.208265025187558732e-03
2.460001815460000187e+06 4.175702984878403301e-01 4.208254441576628375e-03
2.460002308526999783e+06 4.281338832452590282e-01 4.208245780116778682e-03
2.460002801593999844e+06 4.292066083186997227e-01 4.208116414954015186e-03
2.460003305188000202e+06 4.240708297595469634e-01 4.208148443246568018e-03
2.460003798254999798e+06 4.336917891838119044e-01 4.208152016142159384e-03
2.460004291321999859e+06 4.219906223524722555e-01 4.208105475517447645e-03
2.460004794916000217e+06 4.345694576171084123e-01 4.208262796582465728e-03
2.460005287982999813e+06 4.299540062522037021e-01 4.208316167793295891e-03
2.460005781049999874e+06 4.216980570187763844e-01 4.208295189729170660e-03
2.460006284644000232e+06 4.236160438232185466e-01 4.208317479562269717e-03
2.460006777710999828e+06 4.190980112724181361e-01 4.208210520077245581e-03
2.460007270777999889e+06 4.197481589858642059e-01 4.208166486977344897e-03
2.460007774371000007e+06 4.294988447305122525e-01 4.208212538386367843e-03
2.460008267438000068e+06 4.207882459597787617e-01 4.208129704626641446e-03
2.460008760505999904e+06 4.281338832452590282e-01 4.208245780116778682e-03
2.460009264099000022e+06 4.207882459597787617e-01 4.208129704626641446e-03
2.460009757166000083e+06 4.216331994967815189e-01 4.208036288856117045e-03
2.460010250233000144e+06 4.217633129756350185e-01 4.208169488538780062e-03
2.460010753827000037e+06 4.241032494431824507e-01 4.208079537394826541e-03
2.460011246894000098e+06 4.255658791554550180e-01 4.208089643313292320e-03
2.460011739961000159e+06 4.222507211860937471e-01 4.207976839320118172e-03
2.460012243555000052e+06 4.205929608993821955e-01 4.208113641441852196e-03
2.460012736622000113e+06 4.181229443868044737e-01 4.208047399812383203e-03
2.460013229689000174e+06 4.323592949847900324e-01 4.208363881922073252e-03
2.460013733281999826e+06 4.280688244188720071e-01 4.208000564962658188e-03
2.460014226350000128e+06 4.209506650620413737e-01 4.208203151520803487e-03
2.460014719417000189e+06 4.239735855774113271e-01 4.208354950073382901e-03
2.460015223009999841e+06 4.306689881778147933e-01 4.208174394070492673e-03
2.460015716076999903e+06 4.222507211860937471e-01 4.207976839320118172e-03
2.460016209143999964e+06 4.262162463825536207e-01 4.208239663739337701e-03
2.460016712737999856e+06 4.270288334013001008e-01 4.208003259482630785e-03
2.460017205804999918e+06 4.320340735609847771e-01 4.207983769800880368e-03
2.460017698871999979e+06 4.299540062522037021e-01 4.208316167793295891e-03
2.460018202465999871e+06 4.224133157286363849e-01 4.208040961421869765e-03
2.460018695532999933e+06 4.235508913132134401e-01 4.208060341520470336e-03
2.460019188599999994e+06 4.282640305628767630e-01 4.208341696676869831e-03
2.460019692193999887e+06 4.282640305628767630e-01 4.208341696676869831e-03
2.460020185260999948e+06 4.294988447305122525e-01 4.208212538386367843e-03
2.460020678328000009e+06 4.253060885660835400e-01 4.208262826128461587e-03
2.460021181921000127e+06 4.207882459597787617e-01 4.208129704626641446e-03
2.460021674988000188e+06 4.276136893658614158e-01 4.208252659210236744e-03
2.460022168056000024e+06 4.198780774743347544e-01 4.208308812998988457e-03
2.460022671649000142e+06 4.172127769235489114e-01 4.208109760056865344e-03
2.460023164716000203e+06 4.267036914557589822e-01 4.208336341815312187e-03
2.460023657782999799e+06 4.264762001262096258e-01 4.208056719421904811e-03
2.460024161377000157e+06 4.246234748550357652e-01 4.208157165080456813e-03
2.460024654444000218e+06 4.166601827445701178e-01 4.208292533631425268e-03
2.460025147510999814e+06 4.272888892024814811e-01 4.208204600914064279e-03
2.460025651105000172e+06 4.346018793407065428e-01 4.208176477385390871e-03
2.460026144171999767e+06 4.253060885660835400e-01 4.208262826128461587e-03
2.460026637238999829e+06 4.250135733309854946e-01 4.208108648569853540e-03
2.460027140831999946e+06 4.280364958311733137e-01 4.208077004781980539e-03
2.460027633899999782e+06 4.225755836741913463e-01 4.208100633158099943e-03
2.460028126966999844e+06 4.209180986910338595e-01 4.208265268550225556e-03
2.460028630559999961e+06 4.209180986910338595e-01 4.208265268550225556e-03
2.460029123627000023e+06 4.280688244188720071e-01 4.208000564962658188e-03
2.460029616694000084e+06 4.252085611252940378e-01 4.208081087531842686e-03
2.460030120287999976e+06 4.221208461298772696e-01 4.208237708650086617e-03
2.460030613355000038e+06 4.239735855774113271e-01 4.208354950073382901e-03
2.460031106422000099e+06 4.221857786638784638e-01 4.208107343826035344e-03
2.460031610015999991e+06 4.156525028993905968e-01 4.208068490161392082e-03
2.460032103083000053e+06 4.258262206335045597e-01 4.208310754835122187e-03
2.460032596150000114e+06 4.225755836741913463e-01 4.208100633158099943e-03
2.460033099744000006e+06 4.335619890193813664e-01 4.208090529047111943e-03
2.460033592811000068e+06 4.269313041339425907e-01 4.208221846907369591e-03
2.460034085878000129e+06 4.250785593253402217e-01 4.208360570610207053e-03
2.460034589470999781e+06 4.216980570187763844e-01 4.208295189729170660e-03
2.460035082537999842e+06 4.351221582929829523e-01 4.208004340330636500e-03
2.460035575606000144e+06 4.187727365869714502e-01 4.208030031734695357e-03
2.460036079198999796e+06 4.205929608993821955e-01 4.208113641441852196e-03
2.460036572265999857e+06 4.348297001295993724e-01 4.207979469819270874e-03
2.460037065332999919e+06 4.270288334013001008e-01 4.208003259482630785e-03
2.460037568926999811e+06 4.216658211950325974e-01 4.208361864001073684e-03
2.460038061993999872e+06 4.259886225775833535e-01 4.208346323668035044e-03
2.460038555060999934e+06 4.150025831964714307e-01 4.207986634679593101e-03
2.460039058654999826e+06 4.179927989989350445e-01 4.208277540929214466e-03
2.460039551721999887e+06 4.246559367876963642e-01 4.208087750851632718e-03
2.460040044788999949e+06 4.268986682655962484e-01 4.208293346416074748e-03
2.460040548382000066e+06 4.231282287521365704e-01 4.208147977420903518e-03
2.460041041449999902e+06 4.196503599885527680e-01 4.208345544278168163e-03
2.460041534516999964e+06 4.229006960982399921e-01 4.208222126721131162e-03
2.460042038110000081e+06 4.217306837350442428e-01 4.208232356590998167e-03
2.460042531177000143e+06 4.195529702002546713e-01 4.208141743323920957e-03
2.460043024244000204e+06 4.298890667838995427e-01 4.208076493863529763e-03
2.460043527838000096e+06 4.347319908284036916e-01 4.208235116028364274e-03
2.460044020905000158e+06 4.200405321341725284e-01 4.208002687946825991e-03
2.460044513972000219e+06 4.287838308099730655e-01 4.208315501580736813e-03
2.460045017566000111e+06 4.282312928170530220e-01 4.208019998820002744e-03
2.460045510633000173e+06 4.289789679037705472e-01 4.208255160986285222e-03
2.460046003699999768e+06 4.211779243812356910e-01 4.208147525766143919e-03
2.460046507294000126e+06 4.244283644504548425e-01 4.208178122168249394e-03
2.460047000361000188e+06 4.260211888740770281e-01 4.208275666456508073e-03
2.460047493427999783e+06 4.252410677870669398e-01 4.208011128561418672e-03
2.460047997020999901e+06 4.219906223524722555e-01 4.208105475517447645e-03
2.460048490087999962e+06 4.302467515492138239e-01 4.208011333396491187e-03
2.460048983155999798e+06 4.198455940828500488e-01 4.207983241958262663e-03
2.460049486748999916e+06 4.251110560486384138e-01 4.208290752751150422e-03
2.460049979815999977e+06 4.317417027398979812e-01 4.208317287452165850e-03
2.460050472883000039e+06 4.257285739206172481e-01 4.208129963146883985e-03
2.460050976476999931e+06 4.255337395950347656e-01 4.208163771281551654e-03
2.460051469543999992e+06 4.302138622384417133e-01 4.208085902403947871e-03
2.460051962611000054e+06 4.266062364476862490e-01 4.208161036107800103e-03
2.460052466204999946e+06 4.180251390399382094e-01 4.208218119358347539e-03
2.460052959272000007e+06 4.210154175935084675e-01 4.208074937265782363e-03
2.460053452339000069e+06 4.275164202800340596e-01 4.208082924296086859e-03
2.460053955932000186e+06 4.317090967693062997e-01 4.207999467170167596e-03
2.460054449000000022e+06 4.271263849484916442e-01 4.208177750517078618e-03
2.460054942067000084e+06 4.235185138534369731e-01 4.208128740137850529e-03
2.460055445660000201e+06 4.244608114671695187e-01 4.208108889258629741e-03
2.460055938726999797e+06 4.191628648834033743e-01 4.208089595987000997e-03
2.460056431793999858e+06 4.266062364476862490e-01 4.208161036107800103e-03
2.460056935388000216e+06 4.240384125541662441e-01 4.208217313973595594e-03
2.460057428454999812e+06 4.243959199140844296e-01 4.208247319902981738e-03
2.460057921521999873e+06 4.209832339527042055e-01 4.208140999688339892e-03
2.460058425116000231e+06 4.241032494431824507e-01 4.208079537394826541e-03
2.460058918182999827e+06 4.230958836019133584e-01 4.208215980082294361e-03
