2.458346727899000049e+06 6.278171860065814291e-01 3.957481386545677084e-03
2.458347220966000110e+06 6.214554485426224684e-01 3.957446525586647001e-03
2.458347714033000171e+06 6.326810110906507800e-01 3.957256585427905947e-03
2.458348217627000064e+06 6.243647845719990652e-01 3.956996242560600896e-03
2.458348710694000125e+06 6.222802249014539600e-01 3.957540454222720043e-03
2.458349203761000186e+06 6.256894035714051228e-01 3.957323257247370545e-03
2.458349707355000079e+06 6.254289786642666105e-01 3.957404261360789217e-03
2.458350200422000140e+06 6.360030524237478833e-01 3.957532781300270724e-03
2.458350693489000201e+06 6.251030242130376502e-01 3.957069006806589705e-03
2.458351197081999853e+06 6.337663843219681903e-01 3.957040670183522603e-03
2.458351690150000155e+06 6.205648890652035732e-01 3.957491030562686543e-03
2.458352183217000216e+06 6.298147102410990295e-01 3.957311117042407698e-03
2.458352686809999868e+06 6.215636380852335163e-01 3.956990517233616687e-03
2.458353179876999930e+06 6.257326261570478332e-01 3.957020307848513503e-03
2.458353672943999991e+06 6.240606512845534581e-01 3.957367881134001529e-03
2.458354176537999883e+06 6.294458868964556419e-01 3.957312655805157731e-03
2.458354669604999945e+06 6.306180539546982766e-01 3.957131375710615413e-03
2.458355162672000006e+06 6.259718451068139178e-01 3.957380002604172879e-03
2.458355666265999898e+06 6.287077299127997732e-01 3.957304368588527785e-03
2.458356159332999960e+06 6.305315176095689367e-01 3.957169100710540566e-03
2.458356652400000021e+06 6.254502925583905748e-01 3.957539125107609537e-03
2.458357155993999913e+06 6.228014284644561860e-01 3.957413445500295411e-03
2.458357649060999975e+06 6.249942186038763836e-01 3.957531520153056287e-03
2.458358142128000036e+06 6.305094498381581536e-01 3.957030605011738027e-03
2.458358645721000154e+06 6.208907645878362080e-01 3.957281770763992554e-03
2.458359138788000215e+06 6.308138209082873038e-01 3.957197812302367702e-03
2.458359631856000051e+06 6.224103415708276410e-01 3.957221440193714294e-03
2.458360135449000169e+06 6.262319192791335754e-01 3.957293842965555614e-03
2.458360628516000230e+06 6.166347564918771562e-01 3.957417063560648464e-03
2.458361121582999825e+06 6.298582178026754796e-01 3.957004366994589309e-03
2.458361625177000184e+06 6.250160933427130194e-01 3.957094372288076645e-03
2.458362118243999779e+06 6.223891312711746782e-01 3.957086587272846089e-03
2.458362611310999840e+06 6.239307642744014171e-01 3.957118887594467463e-03
2.458363114905000199e+06 6.254502925583905748e-01 3.957539125107609537e-03
2.458363607971999794e+06 6.295108212472542153e-01 3.957141095768861548e-03
2.458364101038999856e+06 6.330499808697305220e-01 3.957232153937428540e-03
2.458364604631999973e+06 6.310741630642936473e-01 3.957087258685284756e-03
2.458365097699999809e+06 6.228014284644561860e-01 3.957413445500295411e-03
2.458365590766999871e+06 6.237784975675824128e-01 3.957302217993791636e-03
2.458366094359999988e+06 6.237566661429655435e-01 3.957163717636060472e-03
2.458366587427000050e+06 6.337885660857794923e-01 3.957179166234604979e-03
2.458367080494000111e+06 6.301408000306178980e-01 3.957038510625925619e-03
2.458367584088000003e+06 6.324636935838134910e-01 3.957062361636860121e-03
2.458368077155000065e+06 6.282730053036476026e-01 3.957461365331221663e-03
2.458368570222000126e+06 6.274477987196090956e-01 3.957464535862167954e-03
2.458369073816000018e+06 6.290546832809813527e-01 3.957170690247200848e-03
2.458369566883000080e+06 6.244734806026215335e-01 3.957109957020494423e-03
2.458370059950000141e+06 6.245384772152822173e-01 3.957521821977327652e-03
2.458370563544000033e+06 6.173729541396449916e-01 3.957037049174279286e-03
2.458371056611000095e+06 6.276437376712235006e-01 3.957544207577022750e-03
2.458371549678000156e+06 6.259718451068139178e-01 3.957380002604172879e-03
2.458372053270999808e+06 6.232139987810411119e-01 3.957164998982067201e-03
2.458372546337999869e+06 6.248209746938340192e-01 3.957010002214936956e-03
2.458373039406000171e+06 6.252550383604190687e-01 3.957455415765555144e-03
2.458373542998999823e+06 6.309439785583882410e-01 3.957433191554858565e-03
2.458374036065999884e+06 6.276651270417653583e-01 3.957100975147080126e-03
2.458374529132999945e+06 6.249510470238587301e-01 3.957258153002435330e-03
2.458375032726999838e+06 6.274264167551119042e-01 3.957329674657177228e-03
2.458375525793999899e+06 6.180682007959451552e-01 3.957508382886260230e-03
2.458376018860999960e+06 6.212597248558164864e-01 3.957344554112932414e-03
2.458376522454999853e+06 6.239089275206506358e-01 3.957555035011415395e-03
2.458377015521999914e+06 6.221501354333457412e-01 3.957286140476301561e-03
2.458377508588999975e+06 6.250379688471634498e-01 3.957232870218728438e-03
2.458378012182000093e+06 6.305530053923014133e-01 3.957303956443358230e-03
2.458378505249999929e+06 6.272958292213601794e-01 3.957083788408988397e-03
2.458378998316999990e+06 6.230619069967094914e-01 3.957346998119561435e-03
2.458379501910000108e+06 6.270572593841037268e-01 3.957311474435943471e-03
2.458379994977000169e+06 6.282949947997101825e-01 3.957021195030984220e-03
2.458380488044000231e+06 6.257977538244284821e-01 3.957432163474472117e-03
2.458380991638000123e+06 6.272091710861155134e-01 3.957114815837795181e-03
2.458381484705000184e+06 6.315951697568232825e-01 3.957445575661593454e-03
2.458381977771999780e+06 6.146807323035573534e-01 3.957331716463325863e-03
2.458382481366000138e+06 6.220848144172780314e-01 3.957443616921044356e-03
2.458382974433000199e+06 6.313130982475956277e-01 3.957422556089783099e-03
2.458383467499999795e+06 6.296412899664366458e-01 3.957381308554721970e-03
2.458383971094000153e+06 6.255153908398495277e-01 3.957374913767473627e-03
2.458384464161000215e+06 6.279039281479965595e-01 3.957449849684188496e-03
2.458384957227999810e+06 6.254070894749883536e-01 3.957265757431673546e-03
2.458385460820999928e+06 6.304229283961912955e-01 3.957068243825525959e-03
2.458385953887999989e+06 6.226712300372463371e-01 3.957159638251282578e-03
2.458386446955999825e+06 6.275131049060304056e-01 3.957298476795976551e-03
2.458386950548999943e+06 6.297712056848164819e-01 3.957037765116167526e-03
2.458387443616000004e+06 6.277738194296190732e-01 3.957208022858043836e-03
2.458387936683000065e+06 6.213684526260079277e-01 3.957464834532287840e-03
2.458388440276999958e+06 6.292505444679250548e-01 3.957243664527271797e-03
2.458388933344000019e+06 6.330499808697305220e-01 3.957232153937428540e-03
2.458389426411000080e+06 6.223237851623679706e-01 3.957244304769342962e-03
2.458389930004999973e+06 6.234528290750721569e-01 3.957533035331180747e-03
2.458390423072000034e+06 6.347004408994506575e-01 3.957026822556285878e-03
2.458390916139000095e+06 6.263622853330501616e-01 3.957540753043172800e-03
2.458391419732000213e+06 6.293154586669773565e-01 3.957072277309342870e-03
2.458391912800000049e+06 6.217806463589546917e-01 3.957226670264268886e-03
2.458392405867000110e+06 6.236268424018580614e-01 3.957488868215462523e-03
2.458392909460000228e+06 6.272091710861155134e-01 3.957114815837795181e-03
2.458393402526999824e+06 6.246253416559823801e-01 3.957496955909934992e-03
2.458393895593999885e+06 6.257764280896291886e-01 3.957297303372644091e-03
2.458394399187999777e+06 6.221936865878622269e-01 3.956990093045914363e-03
2.458394892254999839e+06 6.202608928919615128e-01 3.957266218288966846e-03
2.458395385321999900e+06 6.225840639265723953e-01 3.957179106976911609e-03
2.458395888915999793e+06 6.297712056848164819e-01 3.957037765116167526e-03
2.458396381982999854e+06 6.217376967569744339e-01 3.957525965752112761e-03
2.458396875049999915e+06 6.259931775011964294e-01 3.957514865524282104e-03
2.458397378643999808e+06 6.286637228004144928e-01 3.957027372569859626e-03
2.458397871710999869e+06 6.271872195924506066e-01 3.957553982815830394e-03
2.458398364777999930e+06 6.306401255272429118e-01 3.957269874936382263e-03
2.458398868371000048e+06 6.277957914542229290e-01 3.957346524766453856e-03
2.458399361438000109e+06 6.376101178504971490e-01 3.957549324931754556e-03
2.458399854505999945e+06 6.266883192133295699e-01 3.957291925697310406e-03
2.458400358099000063e+06 6.333106626067651623e-01 3.957111788568756436e-03
2.458400851166000124e+06 6.255372838196653351e-01 3.957513421517050607e-03
2.458401344233000185e+06 6.223455664362854689e-01 3.957382807947616536e-03
2.458401847827000078e+06 6.309654803973114845e-01 3.956986915603843621e-03
2.458402340894000139e+06 6.276870952621459443e-01 3.957239473308830913e-03
2.458402833961000200e+06 6.254940747273273205e-01 3.957240055616595420e-03
2.458403337555000093e+06 6.275784178896653964e-01 3.957132340290487986e-03
2.458403830622000154e+06 6.285554552559200481e-01 3.957503741055290285e-03
2.458404323689000215e+06 6.233879454473664206e-01 3.957121169207358270e-03
2.458404827281999867e+06 6.239738653733493123e-01 3.957392245124643354e-03
2.458405320350000169e+06 6.265798147683414587e-01 3.957183863849915613e-03
2.458405813417000230e+06 6.216941775199846809e-01 3.957248954222499643e-03
2.458406317009999882e+06 6.279039281479965595e-01 3.957449849684188496e-03
2.458406810076999944e+06 6.253638893758443063e-01 3.956992408638644078e-03
2.458407303144000005e+06 6.246903540746850947e-01 3.957333500067676882e-03
2.458407806737999897e+06 6.319210173457637802e-01 3.957159186646970472e-03
2.458408299804999959e+06 6.294458868964556419e-01 3.957312655805157731e-03
2.458408792872000020e+06 6.238003297562971783e-01 3.957440723199023673e-03
2.458409296465999912e+06 6.330068358571607767e-01 3.957545472802596366e-03
2.458409789532999974e+06 6.302058060694405439e-01 3.957446723201641682e-03
2.458410282600000035e+06 6.257326261570478332e-01 3.957020307848513503e-03
2.458410786193999927e+06 6.216506613291734595e-01 3.957544523500954731e-03
2.458411279260999989e+06 6.165915944409933180e-01 3.957140059653769387e-03
2.458411772328000050e+06 6.167000732348694170e-01 3.957268249320728890e-03
2.458412275921000168e+06 6.322033604740290302e-01 3.957180408051905011e-03
2.458412768988000229e+06 6.211944973260639102e-01 3.957501204412344244e-03
2.458413262056000065e+06 6.227578347703560668e-01 3.957136441846665145e-03
2.458413765649000183e+06 6.323769039714220996e-01 3.957101795770868666e-03
2.458414258715999778e+06 6.325073841369949212e-01 3.957335715262226376e-03
2.458414751782999840e+06 6.253852010518028415e-01 3.957127258350012777e-03
2.458415255377000198e+06 6.215853927540747614e-01 3.957129011529349726e-03
2.458415748443999793e+06 6.319862070338214677e-01 3.957567411671762160e-03
2.458416241510999855e+06 6.163309825852101298e-01 3.957170499401945450e-03
2.458416745105000213e+06 6.240175441908523135e-01 3.957094525286758945e-03
2.458417238171999808e+06 6.281862121758632345e-01 3.957493240487550308e-03
2.458417731238999870e+06 6.316388003124320250e-01 3.957137194925057326e-03
2.458418234831999987e+06 6.280560449650771648e-01 3.957251664609670420e-03
2.458526481366999913e+06 6.205431701126452593e-01 3.957352523596763087e-03
2.458526984960000031e+06 6.259499369179262196e-01 3.957241499524082051e-03
2.458527478027000092e+06 6.335060984823224217e-01 3.957165968195960372e-03
2.458527971094000153e+06 6.272524986572048933e-01 3.957388173086692600e-03
2.458528474688000046e+06 6.226276454565331520e-01 3.957456113617144160e-03
2.458528967755000107e+06 6.247772396392995420e-01 3.957308467904152582e-03
2.458529460822000168e+06 6.252550383604190687e-01 3.957455415765555144e-03
2.458529964416000061e+06 6.258847934126353652e-01 3.957406124938903959e-03
2.458530457483000122e+06 6.182851276199883284e-01 3.957188986608792432e-03
2.458530950550000183e+06 6.303358382660716464e-01 3.957682713930551523e-03
2.458531454144000076e+06 6.271872195924506066e-01 3.957553982815830394e-03
2.458531947211000137e+06 6.222584459144040459e-01 3.957401945527033553e-03
2.458532440278000198e+06 6.210211627071683393e-01 3.957540888790854992e-03
2.458532943870999850e+06 6.249291745615574989e-01 3.957119654186919307e-03
2.458533436937999912e+06 6.261454081183241982e-01 3.957323861614342811e-03
2.458533930006000213e+06 6.339403568784932608e-01 3.957543020203181140e-03
2.458534433598999865e+06 6.258196566869221877e-01 3.957570673227782214e-03
2.458534926665999927e+06 6.283164063643416064e-01 3.957156045723359862e-03
2.458535419732999988e+06 6.250160933427130194e-01 3.957670033383842503e-03
2.458535923326999880e+06 6.254289786642666105e-01 3.957404261360789217e-03
2.458536416393999942e+06 6.244953371156771738e-01 3.957248455496609196e-03
2.458536909461000003e+06 6.257326261570478332e-01 3.957596628895389615e-03
2.458537413054999895e+06 6.291850574636852489e-01 3.957411329372302090e-03
2.458537906121999957e+06 6.278391595490114829e-01 3.957619898021790504e-03
2.458538399189000018e+06 6.269486910610325703e-01 3.957203748951512202e-03
2.458538902782000136e+06 6.238434218448365431e-01 3.957139521936182784e-03
2.458539395849999972e+06 6.288594622586980432e-01 3.957680223596236890e-03
2.458539888917000033e+06 6.260369976726420926e-01 3.957215294284560300e-03
2.458540392510000151e+06 6.279473037128612267e-01 3.957144869236918668e-03
2.458540885577000212e+06 6.356124568470822300e-01 3.957443980827245536e-03
2.458541378643999808e+06 6.239957043999188047e-01 3.957530753480815837e-03
2.458541882238000166e+06 6.262319192791335754e-01 3.957293842965555614e-03
2.458542375305000227e+06 6.226712300372463371e-01 3.957159638251282578e-03
2.458542868371999823e+06 6.263842079540935526e-01 3.957679266597108510e-03
2.458543371966000181e+06 6.230619069967094914e-01 3.957346998119561435e-03
2.458543865032999776e+06 6.288160236863294950e-01 3.957406846173900164e-03
2.458544358099999838e+06 6.274264167551119042e-01 3.957329674657177228e-03
2.458544861694000196e+06 6.196094032062317014e-01 3.957675163086656067e-03
2.458545354760999791e+06 6.248641372884651268e-01 3.957283352223330171e-03
2.458545847827999853e+06 6.342662460151634596e-01 3.957240747501698450e-03
2.458546351420999970e+06 6.243866372807038712e-01 3.957709818402028665e-03
2.458546844488000032e+06 6.223891312711746782e-01 3.957659828847128608e-03
2.458547337555999868e+06 6.276437376712235006e-01 3.957544207577022750e-03
2.458547841148999985e+06 6.311392653899042804e-01 3.957495476289906063e-03
2.458548334216000047e+06 6.303793818271382632e-01 3.957375509542805474e-03
2.458548827283000108e+06 6.252550383604190687e-01 3.957455415765555144e-03
2.458549330877000000e+06 6.279473037128612267e-01 3.957723230077205348e-03
2.458549823944000062e+06 6.192836298266309880e-01 3.957305471538844800e-03
2.458550317011000123e+06 6.300102278073620443e-01 3.957379089705664356e-03
2.458550820605000015e+06 6.163094118137939503e-01 3.957599645599916421e-03
2.458551313672000077e+06 6.244084907542513108e-01 3.957273236400135445e-03
2.458551806739000138e+06 6.282949947997101825e-01 3.957599876106595270e-03
2.458552310331999790e+06 6.223891312711746782e-01 3.957659828847128608e-03
2.458552803400000092e+06 6.297062444752372645e-01 3.957209575609276983e-03
2.458553296467000153e+06 6.262105787489833375e-01 3.957735748834850451e-03
2.458553800059999805e+06 6.209559602246207399e-01 3.957697298775834406e-03
2.458554293126999866e+06 6.263842079540935526e-01 3.957679266597108510e-03
2.458554786193999927e+06 6.272524986572048933e-01 3.957388173086692600e-03
2.458555289787999820e+06 6.252769222279226380e-01 3.957593926332695147e-03
2.458555782854999881e+06 6.274917207160479737e-01 3.957741562482719987e-03
2.458556275921999943e+06 6.254940747273273205e-01 3.957240055616595420e-03
2.458556779515999835e+06 6.242561074610364358e-01 3.957457408921448948e-03
2.458557272582999896e+06 6.276217709683014068e-01 3.957405698749974325e-03
2.458557765649999958e+06 6.267535463514036786e-01 3.957703809593856280e-03
2.458558269243999850e+06 6.279473037128612267e-01 3.957723230077205348e-03
2.458558762310999911e+06 6.320729430256021297e-01 3.957528401335067697e-03
2.458559255377999973e+06 6.353514128313159093e-01 3.957574211993244301e-03
2.458559758971000090e+06 6.230837141048216621e-01 3.957485504892092713e-03
2.458560252038000152e+06 6.327241338953818461e-01 3.957526307452137806e-03
2.458560745105999988e+06 6.292070788814876359e-01 3.957549838396422041e-03
2.458561248699000105e+06 6.342662460151634596e-01 3.957824928302923657e-03
2.458561741766000167e+06 6.207386680537114731e-01 3.957455817939665131e-03
2.458562234833000228e+06 6.249729202516941529e-01 3.957396656665396716e-03
2.458562738427000120e+06 6.235177194560127534e-01 3.957370663280548526e-03
2.458563231494000182e+06 6.309875641297488791e-01 3.957706570797132721e-03
2.458563724560999777e+06 6.255804958968869123e-01 3.957786806301617083e-03
2.458564228155000135e+06 6.266011678816248986e-01 3.957318720085843851e-03
2.458564721222000197e+06 6.236480948812685998e-01 3.957623734845586681e-03
2.458565214288999792e+06 6.260802442700659221e-01 3.957488658474516557e-03
2.458565717881999910e+06 6.339403568784932608e-01 3.957543020203181140e-03
2.458566210950000212e+06 6.299017283697497804e-01 3.957857877545606883e-03
2.458566704016999807e+06 6.262970989140699274e-01 3.957705727061653668e-03
2.458567207609999925e+06 6.271005764611420341e-01 3.957584845270006001e-03
2.458567700676999986e+06 6.261234938549601337e-01 3.957762041548441856e-03
2.458568193744000047e+06 6.257545267400792532e-01 3.957735144404974509e-03
2.458568697337999940e+06 6.304664779734386881e-01 3.957341597857233842e-03
2.458569190405000001e+06 6.292285215288845324e-01 3.957684707104337264e-03
2.458569683472000062e+06 6.220412708833930049e-01 3.957739532338556965e-03
2.458570187065999955e+06 6.263622853330501616e-01 3.957540753043172800e-03
2.458570680133000016e+06 6.213902004633765630e-01 3.957603345429083416e-03
2.458571173200000077e+06 6.238870915311572896e-01 3.957416525805420963e-03
2.458571676793999970e+06 6.268401415354187822e-01 3.957673283247048306e-03
2.458572169861000031e+06 6.272744524356308471e-01 3.957526681300344538e-03
2.458572662928000093e+06 6.202826019648436384e-01 3.957404722234211109e-03
2.458573166521000210e+06 6.225840639265723953e-01 3.957752528090804738e-03
2.458573659587999806e+06 6.245384772152822173e-01 3.957521821977327652e-03
2.458574152656000108e+06 6.306180539546982766e-01 3.957712196402778972e-03
2.458574656249000225e+06 6.291850574636852489e-01 3.957411329372302090e-03
2.458575149315999821e+06 6.200004432733068338e-01 3.957888715044356742e-03
2.458575642382999882e+06 6.239089275206506358e-01 3.957555035011415395e-03
2.458576145976999775e+06 6.223673484725454896e-01 3.957521315973489863e-03
2.458576639043999836e+06 6.256456077302039454e-01 3.957622500806513496e-03
2.458577132110999897e+06 6.325941916569394197e-01 3.957878833821227085e-03
2.458577635704999790e+06 6.257764280896291886e-01 3.957873664762590234e-03
2.458578128771999851e+06 6.286637228004144928e-01 3.957606393256510487e-03
2.458578621838999912e+06 6.276651270417653583e-01 3.957679076093047199e-03
2.458579125432000030e+06 6.302058060694405439e-01 3.957446723201641682e-03
2.458579618499999866e+06 6.273611195904524873e-01 3.957495650642147908e-03
2.458580111566999927e+06 6.229970640528236236e-01 3.957508952857963745e-03
2.458580615160000045e+06 6.229970640528236236e-01 3.957508952857963745e-03
2.458581108227000106e+06 6.181763700118304561e-01 3.957631631994318507e-03
2.458581601294000167e+06 6.223237851623679706e-01 3.957817486157634741e-03
2.458582104888000060e+06 6.240393847461763732e-01 3.957807784736668694e-03
2.458582597955000121e+06 6.329199717122581115e-01 3.957585340825715316e-03
2.458583091022000182e+06 6.297712056848164819e-01 3.957617805832250833e-03
2.458583594616000075e+06 6.342224339683040224e-01 3.957551540885085109e-03
2.458584087683000136e+06 6.303578999610938149e-01 3.957821232453104764e-03
2.458584580750000197e+06 6.282730053036476026e-01 3.958040026153758321e-03
2.458585084344000090e+06 6.298367536966892333e-01 3.958029723647137066e-03
2.458585577411000151e+06 6.258196566869221877e-01 3.957570673227782214e-03
2.458586070478000212e+06 6.329199717122581115e-01 3.957585340825715316e-03
2.458586574070999864e+06 6.196094032062317014e-01 3.957675163086656067e-03
2.458587067137999926e+06 6.263190192535947887e-01 3.957844246389665040e-03
2.458587560206000227e+06 6.190885901411756764e-01 3.957769746774879652e-03
2.458588063798999880e+06 6.223673484725454896e-01 3.958094537485071750e-03
2.458588556865999941e+06 6.383263905664471327e-01 3.957879678748133304e-03
2.458589049933000002e+06 6.279039281479965595e-01 3.958028170574103173e-03
2.458589553526999895e+06 6.232788643039863796e-01 3.958150930716496617e-03
2.458590046593999956e+06 6.247553732600273912e-01 3.957745388291376842e-03
2.458590539661000017e+06 6.280560449650771648e-01 3.957830125604350560e-03
2.458591043254999910e+06 6.299667097456710385e-01 3.957685953866178601e-03
2.458591536321999971e+06 6.289463484058461784e-01 3.957647754102461800e-03
2.458592029389000032e+06 6.311613552048001008e-01 3.958215309350266928e-03
2.458592532982000150e+06 6.244297698713310307e-01 3.957983216753667953e-03
2.458593026049999986e+06 6.240175441908523135e-01 3.958244008082776287e-03
2.458593519117000047e+06 6.267968424479642975e-01 3.957977207530406598e-03
2.458594022710000165e+06 6.312479779910381561e-01 3.958177147754186713e-03
2.458594515777000226e+06 6.209559602246207399e-01 3.958269220350802212e-03
2.458595008843999822e+06 6.261454081183241982e-01 3.957900562847453847e-03
2.458595512438000180e+06 6.258415603160141227e-01 3.958285609207866200e-03
2.458596005504999775e+06 6.213684526260079277e-01 3.958037136026797652e-03
2.458596498571999837e+06 6.244297698713310307e-01 3.957983216753667953e-03
2.458597002166000195e+06 6.226058543102220844e-01 3.957891049056847833e-03
2.458597495232999790e+06 6.203911587270187766e-01 3.958097314678206066e-03
2.458597988299999852e+06 6.250160933427130194e-01 3.958245694479607495e-03
2.458712204272000119e+06 8.265585069344422164e-01 4.518247358020768822e-03
2.458712697339000180e+06 8.319215991200727967e-01 4.525343212164227406e-03
2.458713200931999832e+06 8.398041182306180685e-01 4.531093743614176238e-03
2.458713694000000134e+06 8.430606131064555253e-01 4.536240092375933702e-03
2.458714187067000195e+06 8.331377249187577050e-01 4.540399313148518051e-03
2.458714690659999847e+06 8.462743930564371464e-01 4.544179046344072430e-03
2.458715183726999909e+06 8.416493648126182059e-01 4.546475933098008057e-03
2.458715676793999970e+06 8.444718943668996225e-01 4.549278257928528711e-03
2.458716180387999862e+06 8.441678342628587961e-01 4.550750276436811917e-03
2.458716673454999924e+06 8.458832008435968053e-01 4.551427536147372409e-03
2.458717166521999985e+06 8.482940092991444470e-01 4.549554481559654057e-03
2.458717670115999877e+06 8.417796064244212895e-01 4.546404172984586274e-03
2.458718163182999939e+06 8.505299281108743559e-01 4.540395209929298792e-03
2.458718656250000000e+06 8.430606131064555253e-01 4.533134142295567118e-03
2.458719159843999892e+06 8.308579887686565746e-01 4.522618562504921932e-03
2.458719652910999954e+06 8.269278143449222407e-01 4.510364944163904391e-03
2.458720145978000015e+06 8.222161444029327804e-01 4.496782408165391626e-03
2.458720649571000133e+06 8.079505854886269711e-01 4.482015387413619198e-03
2.458721142638000194e+06 8.115334025447825672e-01 4.466013069247583810e-03
2.458721635706000030e+06 8.100786755738395017e-01 4.449800236880426148e-03
2.458722139299000148e+06 8.113375943009173419e-01 4.432055641794430817e-03
2.458722632366000209e+06 7.954652276767805175e-01 4.414952214887342061e-03
2.458723125432999805e+06 7.863458516168694290e-01 4.398378110577133050e-03
2.458723629027000163e+06 7.732743418204026664e-01 4.380815943774193921e-03
2.458724122094000224e+06 7.726884134516641689e-01 4.363974721042964550e-03
2.458724615160999820e+06 7.712116829584370059e-01 4.347821036731663695e-03
2.458725118755000178e+06 7.558388311622425970e-01 4.330769617936611540e-03
2.458725611821999773e+06 7.528859627956842049e-01 4.315237279502226464e-03
2.458726104888999835e+06 7.486733946017262165e-01 4.300056743319544822e-03
2.458726608481999952e+06 7.438312156077432347e-01 4.285262141242598098e-03
2.458727101549999788e+06 7.442005728761136307e-01 4.270939616151124552e-03
2.458727594616999850e+06 7.363834172721984705e-01 4.257276021524306585e-03
2.458728098209999967e+06 7.279802548179732380e-01 4.243560279699197350e-03
2.458728591277000029e+06 7.159297341407153681e-01 4.231341907774372607e-03
2.458729084344000090e+06 7.212057822335955493e-01 4.218683970279816543e-03
2.458729587937999982e+06 7.082431780579191427e-01 4.206786358674498641e-03
2.458730081005000044e+06 7.033138988475483577e-01 4.196293185000105758e-03
2.458730574072000105e+06 7.136932676058500569e-01 4.185256985013904689e-03
2.458731077665999997e+06 7.061152645162842578e-01 4.175286757803590119e-03
2.458731570733000059e+06 7.010561443508549484e-01 4.165388579093068540e-03
2.458732063800000120e+06 7.017725876829217224e-01 4.156071906809460752e-03
2.458732567394000012e+06 6.826649413784489084e-01 4.147285439685006840e-03
2.458733060461000074e+06 6.855961971710228253e-01 4.138572018292308724e-03
2.458733553528000135e+06 6.894830593575177469e-01 4.130918064134925585e-03
2.458734057120999787e+06 6.873766892757975366e-01 4.122729794721324663e-03
2.458734550187999848e+06 6.860958619911011747e-01 4.115679600224350816e-03
2.458735043256000150e+06 6.812102906880278530e-01 4.108959592730658528e-03
2.458735546848999802e+06 6.784308684527640132e-01 4.102192256160965868e-03
2.458736039915999863e+06 6.788434000537659774e-01 4.095933334693308177e-03
2.458736532982999925e+06 6.718080445715312043e-01 4.089990879144598211e-03
2.458737036576999817e+06 6.763028226165651580e-01 4.083718757506048409e-03
2.458737529643999878e+06 6.551108615960781201e-01 4.078241375872971447e-03
2.458738022710999940e+06 6.671618434188076874e-01 4.073379740531454969e-03
2.458738526304999832e+06 6.693110576234024833e-01 4.068624552589674391e-03
2.458739019371999893e+06 6.583026449223746690e-01 4.063550894715359067e-03
2.458739512438999955e+06 6.556535243121406342e-01 4.059276066425388310e-03
2.458740016032000072e+06 6.648382535692484163e-01 4.054906611607673843e-03
2.458740509099999908e+06 6.514627676604696216e-01 4.050730854513212575e-03
2.458741002166999970e+06 6.599964506721749391e-01 4.046651804434793151e-03
2.458741505760000087e+06 6.531347635493356396e-01 4.043080378620133621e-03
2.458741998827000149e+06 6.563918801429441396e-01 4.039664997716668066e-03
2.458742491894000210e+06 6.500518520986007243e-01 4.035970722716066515e-03
2.458742995488000102e+06 6.530481447474122403e-01 4.032920511761735154e-03
2.458743488555000164e+06 6.547416974559295832e-01 4.030112236215557288e-03
2.458743981622000225e+06 6.530048396543197686e-01 4.027240122566785353e-03
2.458744485216000117e+06 6.484880835352507811e-01 4.024469928986038406e-03
2.458744978283000179e+06 6.449707211312498689e-01 4.021650713058132383e-03
2.458745471349999774e+06 6.557404886856091908e-01 4.018745246398097021e-03
2.458745974944000132e+06 6.471420197084809534e-01 4.016712394505603939e-03
2.458746468011000194e+06 6.446886138515722786e-01 4.013953859637098276e-03
2.458746961077999789e+06 6.478803378643765987e-01 4.011747505861727042e-03
2.458747464670999907e+06 6.445366240505838729e-01 4.010039341399326308e-03
2.458747957737999968e+06 6.483799849387301695e-01 4.007675216000701306e-03
2.458748450805999804e+06 6.384134087063834118e-01 4.006047264939032945e-03
2.458748954398999922e+06 6.396941807629733523e-01 4.004068053928102819e-03
2.458749447465999983e+06 6.508330518520064611e-01 4.002456828989988356e-03
2.458749940533000045e+06 6.484229833269532506e-01 4.000774355935684916e-03
2.458750444126999937e+06 6.434073236564175069e-01 3.998865102781307655e-03
2.458750937193999998e+06 6.398898184706292014e-01 3.997630934351302338e-03
2.458751430261000060e+06 6.375666620454571998e-01 3.996036160722723878e-03
2.458751933854999952e+06 6.335060984823224217e-01 3.994508731682326619e-03
2.458752426922000013e+06 6.363938880285988642e-01 3.993374762799518050e-03
2.458752919989000075e+06 6.361553735804580390e-01 3.991878083469803905e-03
2.458753423582000192e+06 6.357640988964735618e-01 3.990593953661768223e-03
2.458753916650000028e+06 6.337663843219681903e-01 3.989145292821092391e-03
2.458754409717000090e+06 6.367198655673543817e-01 3.988382985430838877e-03
2.458754913310000207e+06 6.360680773785513109e-01 3.987229416930804238e-03
2.458755406376999803e+06 6.307487521524349772e-01 3.985836678884547950e-03
2.458755899443999864e+06 6.384134087063834118e-01 3.984879247687043817e-03
2.458756403038000222e+06 6.268834436139694155e-01 3.983928823576426102e-03
2.458756896104999818e+06 6.347869647414851046e-01 3.983291311306302700e-03
2.458757389171999879e+06 6.332237567693435043e-01 3.982230483125744069e-03
2.458757892765999772e+06 6.324205885291824814e-01 3.981256868522599184e-03
2.458758385832999833e+06 6.391729688149183630e-01 3.980789805281765951e-03
2.458758878899999894e+06 6.366113832861898247e-01 3.980081027793782797e-03
2.458759382493999787e+06 6.330499808697305220e-01 3.978805395383676509e-03
2.458759875560999848e+06 6.311828644516692677e-01 3.978115791399773789e-03
2.458760368627999909e+06 6.272524986572048933e-01 3.977608404628011317e-03
2.458760872221000027e+06 6.275784178896653964e-01 3.976785057142647427e-03
2.458761365288000088e+06 6.347220707542530205e-01 3.976453494274160248e-03
2.458761858355999924e+06 6.312043744315465332e-01 3.975925918118394624e-03
2.458762361949000042e+06 6.387821914804837631e-01 3.974825990631436663e-03
2.458762855016000103e+06 6.368500687065634658e-01 3.974534556961741537e-03
2.458763348083000164e+06 6.277304558482101893e-01 3.973701350417683208e-03
2.458763851677000057e+06 6.316824338820368201e-01 3.973700982344448122e-03
2.458764344744000118e+06 6.295322742458385745e-01 3.972931108153864195e-03
2.458764837811000179e+06 6.298147102410990295e-01 3.972393217459162067e-03
2.458765341405000072e+06 6.375883895777536559e-01 3.972095476050427516e-03
2.458765834472000133e+06 6.292505444679250548e-01 3.971732693761774111e-03
2.458766327539000195e+06 6.323553540344598600e-01 3.970945046239295409e-03
2.458766831131999847e+06 6.311392653899042804e-01 3.970865393439534062e-03
2.458767324200000148e+06 6.385868924148864201e-01 3.970081779450958075e-03
2.458767817267000210e+06 6.315300204044509425e-01 3.969833897378934918e-03
2.458768320859999862e+06 6.333975803714491093e-01 3.969322491007290336e-03
2.458768813926999923e+06 6.321596909213329507e-01 3.969134117592350817e-03
2.458769306993999984e+06 6.338317643801758550e-01 3.968540714930206617e-03
2.458769810587999877e+06 6.259280294957962898e-01 3.968633021691449041e-03
2.458770303654999938e+06 6.317475989575562778e-01 3.968292303424059315e-03
2.458770796721999999e+06 6.375883895777536559e-01 3.967984791790764819e-03
2.458771300315999892e+06 6.314218407911260655e-01 3.967409191108867313e-03
2.458771793382999953e+06 6.304229283961912955e-01 3.966939140398532265e-03
2.458772286450000014e+06 6.324421406892627440e-01 3.966830026685293047e-03
2.458772790043999907e+06 6.286857259715527002e-01 3.966430523392649489e-03
2.458773283110999968e+06 6.316603258300745871e-01 3.966580540131152410e-03
2.458773776178000029e+06 6.264274785367824894e-01 3.966030117252199866e-03
2.458774279771000147e+06 6.333322450995374497e-01 3.965996450667327519e-03
2.458774772838000208e+06 6.254721832597727182e-01 3.965742774986002854e-03
2.458775265906000044e+06 6.249291745615574989e-01 3.965177788755445791e-03
2.458775769499000162e+06 6.342224339683040224e-01 3.965145366719993562e-03
2.458776262566000223e+06 6.231273306108130461e-01 3.964649590752505719e-03
2.458776755632999819e+06 6.293803795626499165e-01 3.964436662391527914e-03
2.458777259227000177e+06 6.294673376821547928e-01 3.964404646549893850e-03
2.458777752293999773e+06 6.307702473382686970e-01 3.964476959479523374e-03
2.458778245360999834e+06 6.288594622586980432e-01 3.964051434259131812e-03
2.458778748955000192e+06 6.300537488752780968e-01 3.964035775638345520e-03
2.458779242021999788e+06 6.241911402349999971e-01 3.963944366098657093e-03
2.458779735088999849e+06 6.382393842874094503e-01 3.963806447081433780e-03
2.458780238681999967e+06 6.238870915311572896e-01 3.963162738272105884e-03
2.458780731749999803e+06 6.312915845626630995e-01 3.963102106683151493e-03
2.458781224816999864e+06 6.205431701126452593e-01 3.963067937409006126e-03
2.458781728409999982e+06 6.286422994000472331e-01 3.962682535812076488e-03
2.458782221477000043e+06 6.310090674540177469e-01 3.963072072306456604e-03
2.458782714544000104e+06 6.268401415354187822e-01 3.962869353203171512e-03
2.458783218137999997e+06 6.284032174803604320e-01 3.962333030820243233e-03
2.458783711205000058e+06 6.311177576287918534e-01 3.962592142456839751e-03
2.459622427943999879e+06 6.338749656189179849e-01 3.957134797694382075e-03
2.459622921010999940e+06 6.297277041336185599e-01 3.957344432721431396e-03
2.459623424604999833e+06 6.297062444752372645e-01 3.957209575609276983e-03
2.459623917671999894e+06 6.326373085441585609e-01 3.956983237268447799e-03
2.459624410738999955e+06 6.258196566869221877e-01 3.956994272022825408e-03
2.459624914332000073e+06 6.251462062916322004e-01 3.957342360891016701e-03
2.459625407399999909e+06 6.311177576287918534e-01 3.957360614030535663e-03
2.459625900466999970e+06 6.211075379393251605e-01 3.957519265392331863e-03
2.459626404060000088e+06 6.304008644252596660e-01 3.957510372309796728e-03
2.459626897127000149e+06 6.245384772152822173e-01 3.957521821977327652e-03
2.459627390194000211e+06 6.283598104231762349e-01 3.957429405820417356e-03
2.459627893788000103e+06 6.281428201083545382e-01 3.957219875981090283e-03
2.459628386855000164e+06 6.221065873272418889e-01 3.957009145733531193e-03
2.459628879922000226e+06 6.322685792889257694e-01 3.957006294383757714e-03
2.459629383516000118e+06 6.252769222279226380e-01 3.957018025004649039e-03
2.459629876583000179e+06 6.238652563058948441e-01 3.957278021447067050e-03
2.459630369649999775e+06 6.248860074744679860e-01 3.957421856768261401e-03
2.459630873244000133e+06 6.317039608866609202e-01 3.957545417681159437e-03
2.459631366311000194e+06 6.239957043999188047e-01 3.957530753480815837e-03
2.459631859377999790e+06 6.231703762086125975e-01 3.957461973846196183e-03
2.459632362970999908e+06 6.301408000306178980e-01 3.957038510625925619e-03
2.459632856037999969e+06 6.325504951075140436e-01 3.957022842143615403e-03
2.459633349105999805e+06 6.309654803973114845e-01 3.956986915603843621e-03
2.459633852698999923e+06 6.309224774521957624e-01 3.957298331417996064e-03
2.459634345765999984e+06 6.216071481843274960e-01 3.957267510672372000e-03
2.459634838833000045e+06 6.249729202516941529e-01 3.957396656665396716e-03
2.459635342426999938e+06 6.291415964007714967e-01 3.957137970523865594e-03
2.459635835493999999e+06 6.249078784259252117e-01 3.956984804734694876e-03
2.459636328561000060e+06 6.257326261570478332e-01 3.957020307848513503e-03
2.459636832154999953e+06 6.207603938486793149e-01 3.957022587069202423e-03
2.459637325222000014e+06 6.206300504839525889e-01 3.957334959146514668e-03
2.459637818289000075e+06 6.253638893758443063e-01 3.956992408638644078e-03
2.459638321882000193e+06 6.231273306108130461e-01 3.957188611499496377e-03
2.459638814950000029e+06 6.262319192791335754e-01 3.957293842965555614e-03
2.459639308017000090e+06 6.329199717122581115e-01 3.957002399988945873e-03
2.459639811610000208e+06 6.267096760243187070e-01 3.957426785615862294e-03
2.459640304676999804e+06 6.335930430693056392e-01 3.957125502699869284e-03
2.459640797743999865e+06 6.263190192535947887e-01 3.957267385254787696e-03
2.459641301338000223e+06 6.285340355450593774e-01 3.957368878514277120e-03
2.459641794404999819e+06 6.356341177823302546e-01 3.956993405269975360e-03
2.459642287471999880e+06 6.198051778317319460e-01 3.957213063265859788e-03
2.459642791065999772e+06 6.255591775657334264e-01 3.957075772819566156e-03
2.459643284132999834e+06 6.331152870229443952e-01 3.957057265760790046e-03
2.459643777199999895e+06 6.304664779734386881e-01 3.957341597857233842e-03
2.459644280793999787e+06 6.182634884560734845e-01 3.957050490214010161e-03
2.459644773860999849e+06 6.229534566649880256e-01 3.957231942519187987e-03
2.459645266927999910e+06 6.258415603160141227e-01 3.957132766449977627e-03
2.459645770521000028e+06 6.179378535789308291e-01 3.957242907720339570e-03
2.459646263588000089e+06 6.214771994248399212e-01 3.957012634188617622e-03
2.459646756655999925e+06 6.323769039714220996e-01 3.957101795770868666e-03
2.459647260249000043e+06 6.329631108042683696e-01 3.957272104688192536e-03
2.459647753316000104e+06 6.295322742458385745e-01 3.957275950547303744e-03
2.459648246383000165e+06 6.254502925583905748e-01 3.957539125107609537e-03
2.459648749977000058e+06 6.227148176689252246e-01 3.957436643528684274e-03
2.459649243044000119e+06 6.238434218448365431e-01 3.957139521936182784e-03
2.459649736111000180e+06 6.220848144172780314e-01 3.957443616921044356e-03
2.459650239705000073e+06 6.307266767781016803e-01 3.957232063721745526e-03
2.459650732772000134e+06 6.264707521085984832e-01 3.957072076193560856e-03
2.459651225839000195e+06 6.249078784259252117e-01 3.956984804734694876e-03
2.459651729431999847e+06 6.262970989140699274e-01 3.957128886116156007e-03
2.459652222500000149e+06 6.310090674540177469e-01 3.957260264017401462e-03
2.459652715567000210e+06 6.264707521085984832e-01 3.957072076193560856e-03
2.459653219159999862e+06 6.197401030183160575e-01 3.957368387824146232e-03
2.459653712226999924e+06 6.325941916569394197e-01 3.957296193038977068e-03
2.459654205293999985e+06 6.274917207160479737e-01 3.957163621249880185e-03
2.459654708887999877e+06 6.273397405797768167e-01 3.957360788376823937e-03
2.459655201954999939e+06 6.290767001356994959e-01 3.957309190848972043e-03
2.459655695022000000e+06 6.291850574636852489e-01 3.957411329372302090e-03
2.459656198615999892e+06 6.239957043999188047e-01 3.957530753480815837e-03
2.459656691682999954e+06 6.289029038318025844e-01 3.957374378922961199e-03
2.459657184750000015e+06 6.305530053923014133e-01 3.957303956443358230e-03
2.459657688343999907e+06 6.264494034395818867e-01 3.957514209585834448e-03
2.459658181410999969e+06 6.221719106295390267e-01 3.957424645118821395e-03
2.459658674478000030e+06 6.220195002594185452e-01 3.957028115543859657e-03
2.459659178071000148e+06 6.264707521085984832e-01 3.957072076193560856e-03
2.459659671138000209e+06 6.279692818093987050e-01 3.957283368934957912e-03
2.459660164206000045e+06 6.260802442700659221e-01 3.957488658474516557e-03
2.459660667799000163e+06 6.262538373373773837e-01 3.957432347877661884e-03
2.459661160866000224e+06 6.282730053036476026e-01 3.957461365331221663e-03
2.459661653932999820e+06 6.250160933427130194e-01 3.957094372288076645e-03
2.459662157527000178e+06 6.224756967683509057e-01 3.957063640566591337e-03
2.459662650593999773e+06 6.302272827523036636e-01 3.957001127616938639e-03
2.459663143660999835e+06 6.290332465575863008e-01 3.957035839055773017e-03
2.459663647255000193e+06 6.350044956742207924e-01 3.957167863522521867e-03
2.459664140321999788e+06 6.311392653899042804e-01 3.957495476289906063e-03
2.459664633388999850e+06 6.290112312236860737e-01 3.957476688774689763e-03
2.459665136981999967e+06 6.237135800470907654e-01 3.957464837328145135e-03
2.459665630049999803e+06 6.302058060694405439e-01 3.957446723201641682e-03
2.459666123116999865e+06 6.257326261570478332e-01 3.957020307848513503e-03
2.459666626709999982e+06 6.249510470238587301e-01 3.957258153002435330e-03
2.459667119777000044e+06 6.221936865878622269e-01 3.956990093045914363e-03
2.459667612844000105e+06 6.245166191923801069e-01 3.957383313933747135e-03
2.459668116437999997e+06 6.249291745615574989e-01 3.957119654186919307e-03
2.459668609505000059e+06 6.297062444752372645e-01 3.957209575609276983e-03
2.459669102572000120e+06 6.213684526260079277e-01 3.957464834532287840e-03
2.459669606166000012e+06 6.305094498381581536e-01 3.957030605011738027e-03
2.459670099233000074e+06 6.305750746881525481e-01 3.957442461709435692e-03
2.459670592300000135e+06 6.237135800470907654e-01 3.957464837328145135e-03
2.459671095894000027e+06 6.169386801209989502e-01 3.957094687949309041e-03
2.459671588961000089e+06 6.303578999610938149e-01 3.957240651371624063e-03
2.459672082028000150e+06 6.313997418595782563e-01 3.957384145913790154e-03
2.459672585620999802e+06 6.276651270417653583e-01 3.957100975147080126e-03
2.459673078687999863e+06 6.363505151147247352e-01 3.957350468028086009e-03
2.459673571756000165e+06 6.298802627810263788e-01 3.957142861775063934e-03
2.459674075348999817e+06 6.315521238957355621e-01 3.957175859139571393e-03
2.459674568415999878e+06 6.328115540035298414e-01 3.957490256706663011e-03
2.459675061482999939e+06 6.179594813456555924e-01 3.957381410849717361e-03
2.459675565076999832e+06 6.289243361132665910e-01 3.957509241651421643e-03
2.459676058143999893e+06 6.333538283278140613e-01 3.957381500723801231e-03
2.459676551210999954e+06 6.290767001356994959e-01 3.957309190848972043e-03
2.459677054804999847e+06 6.227148176689252246e-01 3.957436643528684274e-03
2.459677547871999908e+06 6.286637228004144928e-01 3.957027372569859626e-03
2.459678040938999970e+06 6.294458868964556419e-01 3.957312655805157731e-03
2.459678544532000087e+06 6.220195002594185452e-01 3.957028115543859657e-03
2.459679037599999923e+06 6.227360390675907853e-01 3.956997947290880578e-03
2.459679530666999985e+06 6.252550383604190687e-01 3.957455415765555144e-03
2.459680034260000102e+06 6.295757622967539380e-01 3.957549318927391750e-03
2.459680527327000163e+06 6.305965639552617574e-01 3.956996525858948351e-03
2.459681020394000225e+06 6.251899671742150444e-01 3.957043557719711925e-03
2.459681523988000117e+06 6.218241716488528414e-01 3.957503680233982225e-03
2.459682017055000179e+06 6.281648050479474721e-01 3.957358378304359423e-03
2.459682510121999774e+06 6.293154586669773565e-01 3.957072277309342870e-03
2.459683013716000132e+06 6.229316541157144949e-01 3.957093444621005013e-03
2.459683506783000194e+06 6.304229283961912955e-01 3.957068243825525959e-03
2.459683999849999789e+06 6.342440475331847516e-01 3.957102249295352259e-03
2.459684503444000147e+06 6.248422678678899889e-01 3.957144852525875528e-03
2.459684996511000209e+06 6.248641372884651268e-01 3.957283352223330171e-03
2.459685489577999804e+06 6.248860074744679860e-01 3.957421856768261401e-03
2.459685993170999922e+06 6.250160933427130194e-01 3.957094372288076645e-03
2.459686486237999983e+06 6.236917508945014621e-01 3.957326331278951045e-03
2.459686979305999819e+06 6.269486910610325703e-01 3.957203748951512202e-03
2.459687482898999937e+06 6.215418841777768932e-01 3.957424489015871384e-03
2.459687975965999998e+06 6.196744642957239257e-01 3.957519991132429221e-03
2.459688469033000059e+06 6.223455664362854689e-01 3.957382807947616536e-03
2.459688972626999952e+06 6.295757622967539380e-01 3.957549318927391750e-03
2.459689465694000013e+06 6.278605555793063120e-01 3.957176488174968081e-03
2.459689958761000074e+06 6.178291570569812707e-01 3.957115862348311447e-03
2.459690462354999967e+06 6.286422994000472331e-01 3.957471527217349370e-03
2.459690955422000028e+06 6.333759956522043710e-01 3.957520008703921226e-03
2.459691448489000089e+06 6.250598451172544312e-01 3.957371372996794368e-03
2.459691952082000207e+06 6.266663859487932031e-01 3.957153425699795439e-03
2.459692445150000043e+06 6.229752599773489274e-01 3.957370445264784230e-03
2.459692938217000104e+06 6.316172755283291362e-01 3.957002344875086217e-03
2.459693441810000222e+06 6.329852644535821637e-01 3.957410608839462100e-03
2.459693934876999818e+06 6.268834436139694155e-01 3.957369298085917572e-03
2.459807647255999967e+06 6.299887585212297081e-01 3.957244231412479843e-03
2.459808150849000085e+06 6.261454081183241982e-01 3.957323861614342811e-03
2.459808643916000146e+06 6.279906822741092576e-01 3.957418228561917529e-03
2.459809136983000208e+06 6.240175441908523135e-01 3.957094525286758945e-03
2.459809640577000100e+06 6.331152870229443952e-01 3.957057265760790046e-03
2.459810133644000161e+06 6.308568164474988027e-01 3.957467530320691110e-03
2.459810626711000223e+06 6.292285215288845324e-01 3.957105166218833660e-03
2.459811130305000115e+06 6.298147102410990295e-01 3.957311117042407698e-03
2.459811623372000176e+06 6.277738194296190732e-01 3.957208022858043836e-03
2.459812116438999772e+06 6.225410588283916136e-01 3.957479145674023917e-03
2.459812620031999890e+06 6.198268709546298494e-01 3.957351565350684247e-03
2.459813113100000191e+06 6.286208767297376543e-01 3.957336665774095243e-03
2.459813606166999787e+06 6.228668247274300462e-01 3.957255305792216869e-03
2.459814109759999905e+06 6.295977973891886403e-01 3.957107951779992132e-03
2.459814602826999966e+06 6.221719106295390267e-01 3.957424645118821395e-03
2.459815095894000027e+06 6.221501354333457412e-01 3.957286140476301561e-03
2.459815599487999920e+06 6.315951697568232825e-01 3.957445575661593454e-03
2.459816092554999981e+06 6.268182029573013958e-01 3.957534769902521475e-03
2.459816585622000042e+06 6.263409403603295011e-01 3.957405889240877758e-03
2.459817089215999935e+06 6.333106626067651623e-01 3.957111788568756436e-03
2.459817582282999996e+06 6.271438965305214941e-01 3.957280614113584290e-03
2.459818075350000057e+06 6.228668247274300462e-01 3.957255305792216869e-03
2.459818578943999950e+06 6.257113026416502022e-01 3.957461763188973615e-03
2.459819072011000011e+06 6.301187459338070118e-01 3.957480380310083971e-03
2.459819565078000072e+06 6.255153908398495277e-01 3.957374913767473627e-03
2.459820068671000190e+06 6.287291555429630474e-01 3.957439228931116347e-03
2.459820561737999786e+06 6.272311233480805104e-01 3.957253314483967499e-03
2.459821054806000087e+06 6.259066993215064434e-01 3.957544633780868404e-03
2.459821558399000205e+06 6.276870952621459443e-01 3.957239473308830913e-03
2.459822051465999801e+06 6.241261797701956882e-01 3.957208576732650605e-03
2.459822544532999862e+06 6.244953371156771738e-01 3.957248455496609196e-03
2.459823048127000220e+06 6.323553540344598600e-01 3.957549367731887785e-03
2.459823541193999816e+06 6.253852010518028415e-01 3.957127258350012777e-03
2.459824034260999877e+06 6.250811464317352906e-01 3.957506235622816788e-03
2.459824537854999769e+06 6.254721832597727182e-01 3.957101557434464234e-03
2.459825030921999831e+06 6.227796312359690223e-01 3.957274941249747623e-03
2.459825523988999892e+06 6.224974833591602197e-01 3.957202137421635645e-03
2.459826027582000010e+06 6.295108212472542153e-01 3.957141095768861548e-03
2.459826520649999846e+06 6.266663859487932031e-01 3.957153425699795439e-03
2.459827013716999907e+06 6.228668247274300462e-01 3.957255305792216869e-03
2.459827517310000025e+06 6.240606512845534581e-01 3.957367881134001529e-03
2.459828010377000086e+06 6.249291745615574989e-01 3.957119654186919307e-03
2.459828503444000147e+06 6.394556073158066400e-01 3.957224790631387254e-03
2.459829007038000040e+06 6.313130982475956277e-01 3.957422556089783099e-03
2.459829500105000101e+06 6.230401006518172524e-01 3.957208496194583938e-03
2.459829993172000162e+06 6.234746498654203384e-01 3.957097307241142815e-03
2.459830496766000055e+06 6.255372838196653351e-01 3.957513421517050607e-03
2.459830989833000116e+06 6.244953371156771738e-01 3.957248455496609196e-03
2.459831482900000177e+06 6.270572593841037268e-01 3.957311474435943471e-03
2.459831986494000070e+06 6.248209746938340192e-01 3.957010002214936956e-03
2.459832479561000131e+06 6.254940747273273205e-01 3.957240055616595420e-03
2.459832972628000192e+06 6.253201163193793377e-01 3.957291375567243037e-03
2.459833476220999844e+06 6.287940159549431085e-01 3.957268342154319531e-03
2.459833969287999906e+06 6.286637228004144928e-01 3.957027372569859626e-03
2.459834462356000207e+06 6.206300504839525889e-01 3.957334959146514668e-03
2.459834965948999859e+06 6.223891312711746782e-01 3.957086587272846089e-03
2.459835459015999921e+06 6.216724190438200903e-01 3.957110455728929214e-03
2.459835952082999982e+06 6.250160933427130194e-01 3.957094372288076645e-03
2.459836455676999874e+06 6.235395425175181972e-01 3.957509170881358222e-03
2.459836948743999936e+06 6.252550383604190687e-01 3.957455415765555144e-03
2.459837441810999997e+06 6.305094498381581536e-01 3.957030605011738027e-03
2.459837945404999889e+06 6.214983786469112648e-01 3.957147484589237929e-03
2.459838438471999951e+06 6.297932476177514616e-01 3.957176261065573422e-03
2.459838931539000012e+06 6.203694458547932555e-01 3.957387405117869517e-03
2.459839435132000130e+06 6.244516248545151083e-01 3.957546604592718058e-03
2.459839928199999966e+06 6.218894652965455405e-01 3.957346450182158519e-03
2.459840421267000027e+06 6.182418500495008296e-01 3.957481420453533641e-03
2.459840924860000145e+06 6.276003830752338031e-01 3.957270839550015157e-03
2.459841417927000206e+06 6.250160933427130194e-01 3.957094372288076645e-03
2.459841910993999802e+06 6.216506613291734595e-01 3.957544523500954731e-03
2.459842414588000160e+06 6.281428201083545382e-01 3.957219875981090283e-03
2.459842907655000221e+06 6.302058060694405439e-01 3.957446723201641682e-03
2.459843400721999817e+06 6.260802442700659221e-01 3.957488658474516557e-03
2.459843904316000175e+06 6.256894035714051228e-01 3.957323257247370545e-03
2.459844397382999770e+06 6.228668247274300462e-01 3.957255305792216869e-03
2.459844890449999832e+06 6.245821955561995376e-01 3.957223591146831303e-03
2.459845394044000190e+06 6.211075379393251605e-01 3.957519265392331863e-03
2.459845887110999785e+06 6.261454081183241982e-01 3.957323861614342811e-03
2.459846380177999847e+06 6.269486910610325703e-01 3.957203748951512202e-03
2.459846883770999964e+06 6.332237567693435043e-01 3.957151995900434933e-03
2.459847376838000026e+06 6.282296072408912746e-01 3.957188003026556808e-03
2.459847869905999862e+06 6.256242871801923622e-01 3.957487634218443372e-03
2.459848373498999979e+06 6.211075379393251605e-01 3.957519265392331863e-03
2.459848866566000041e+06 6.227148176689252246e-01 3.957436643528684274e-03
2.459849359633000102e+06 6.290546832809813527e-01 3.957170690247200848e-03
2.459849863226999994e+06 6.266883192133295699e-01 3.957291925697310406e-03
2.459850356294000056e+06 6.226276454565331520e-01 3.957456113617144160e-03
2.459850849361000117e+06 6.246690660775007231e-01 3.957198643328082091e-03
2.459851352955000009e+06 6.252982309401394767e-01 3.957152875588980899e-03
2.459851846022000071e+06 6.289029038318025844e-01 3.957374378922961199e-03
2.459852339089000132e+06 6.318121888347789650e-01 3.957059611025491239e-03
2.459852842681999784e+06 6.237566661429655435e-01 3.957163717636060472e-03
2.459853335750000086e+06 6.190452563314154943e-01 3.957492718181536764e-03
2.459853828817000147e+06 6.167653968965065570e-01 3.957119359152414667e-03
2.459854332409999799e+06 6.311177576287918534e-01 3.957360614030535663e-03
2.459854825476999860e+06 6.270139452991997375e-01 3.957038122485017316e-03
2.459855318543999922e+06 6.273177845163518951e-01 3.957222285969205604e-03
2.459855822137999814e+06 6.301622744981485447e-01 3.957173361908384798e-03
2.459856315204999875e+06 6.283818029574097519e-01 3.956989154448331027e-03
2.459856808271999937e+06 6.353081109665008608e-01 3.957304486704117143e-03
2.459857311865999829e+06 6.213032136806693195e-01 3.957049330927417223e-03
2.459857804932999890e+06 6.240175441908523135e-01 3.957094525286758945e-03
2.459858297999999952e+06 6.263190192535947887e-01 3.957267385254787696e-03
2.459858801593999844e+06 6.301837496975040143e-01 3.957308217786417899e-03
2.459859294660999905e+06 6.262757561627511071e-01 3.956994036349329932e-03
2.459859787727999967e+06 6.230837141048216621e-01 3.957485504892092713e-03
2.459860291321000084e+06 6.246034805929394640e-01 3.957358448736633151e-03
2.459860784388000146e+06 6.276870952621459443e-01 3.957239473308830913e-03
2.459861277455999982e+06 6.303578999610938149e-01 3.957240651371624063e-03
2.459861781049000099e+06 6.255591775657334264e-01 3.957075772819566156e-03
2.459862274116000161e+06 6.337231904834991214e-01 3.957354661886117696e-03
2.459862767183000222e+06 6.338533646314901127e-01 3.956999947726088686e-03
2.459863270777000114e+06 6.274917207160479737e-01 3.957163621249880185e-03
2.459863763844000176e+06 6.257113026416502022e-01 3.957461763188973615e-03
2.459864256910999771e+06 6.210211627071683393e-01 3.957540888790854992e-03
2.459864760505000129e+06 6.243429326281103586e-01 3.957432794003439697e-03
2.459865253572000191e+06 6.362204141085749942e-01 3.957127373708901885e-03
2.459865746638999786e+06 6.233661276915585248e-01 3.956982675186094915e-03
2.459866250231999904e+06 6.246034805929394640e-01 3.957358448736633151e-03
2.459866743300000206e+06 6.266883192133295699e-01 3.957291925697310406e-03
2.459867236366999801e+06 6.241911402349999971e-01 3.957045550668173567e-03
2.459867739959999919e+06 6.247340830471400652e-01 3.957035116160902317e-03
2.459868233026999980e+06 6.237135800470907654e-01 3.957464837328145135e-03
2.459868726094000041e+06 6.284032174803604320e-01 3.957124004048788446e-03
2.459869229687999934e+06 6.217806463589546917e-01 3.957226670264268886e-03
2.459869722754999995e+06 6.339403568784932608e-01 3.957543020203181140e-03
2.459870215822000057e+06 6.235613663428286602e-01 3.957073362087238852e-03
2.459870719415999949e+06 6.250379688471634498e-01 3.957232870218728438e-03
2.459871212483000010e+06 6.249291745615574989e-01 3.957119654186919307e-03
2.459871705550000072e+06 6.283164063643416064e-01 3.957156045723359862e-03
2.459872209143999964e+06 6.306616170112072650e-01 3.957404734103469289e-03
2.459872702211000025e+06 6.277738194296190732e-01 3.957208022858043836e-03
2.459873195278000087e+06 6.183500496560510040e-01 3.957034983435347812e-03
2.459873698871000204e+06 6.294673376821547928e-01 3.957447516430179224e-03
2.459874191937999800e+06 6.260583322873505274e-01 3.957350151591613498e-03
2.459874685006000102e+06 6.236917508945014621e-01 3.957326331278951045e-03
2.459875188599000219e+06 6.295322742458385745e-01 3.957275950547303744e-03
2.459875681665999815e+06 6.310956693397536954e-01 3.957222111629020954e-03
2.459876174732999876e+06 6.274917207160479737e-01 3.957163621249880185e-03
2.459876678326999769e+06 6.285554552559200481e-01 3.957503741055290285e-03
2.459877171393999830e+06 6.297932476177514616e-01 3.957176261065573422e-03
2.459877664460999891e+06 6.244084907542513108e-01 3.957273236400135445e-03
2.459878168054999784e+06 6.272091710861155134e-01 3.957114815837795181e-03
2.459878661121999845e+06 6.278605555793063120e-01 3.957176488174968081e-03
2.459879154188999906e+06 6.281214144591418247e-01 3.957085023113539671e-03
2.459987411249999888e+06 6.238003297562971783e-01 3.957440723199023673e-03
2.459987904316999950e+06 6.203477337424895266e-01 3.957248901778701207e-03
2.459988407910000067e+06 6.262319192791335754e-01 3.957293842965555614e-03
2.459988900977000128e+06 6.339187536626851305e-01 3.957408156323625852e-03
2.459989394044000190e+06 6.269267486838250303e-01 3.957065252040065963e-03
2.459989897638000082e+06 6.239957043999188047e-01 3.957530753480815837e-03
2.459990390705000143e+06 6.321381483864871864e-01 3.957354443697601830e-03
2.459990883772000205e+06 6.223673484725454896e-01 3.957521315973489863e-03
2.459991387366000097e+06 6.324858297535714824e-01 3.957200858447141624e-03
2.459991880433000159e+06 6.313130982475956277e-01 3.957422556089783099e-03
2.459992373500000220e+06 6.243216564702402938e-01 3.957297933880124519e-03
2.459992877094000112e+06 6.245166191923801069e-01 3.957383313933747135e-03
2.459993370161000174e+06 6.233661276915585248e-01 3.956982675186094915e-03
2.459993863227999769e+06 6.177859114026716947e-01 3.957407881376454918e-03
2.459994366820999887e+06 6.278171860065814291e-01 3.957481386545677084e-03
2.459994859887999948e+06 6.248860074744679860e-01 3.957421856768261401e-03
2.459995352955999784e+06 6.264707521085984832e-01 3.957072076193560856e-03
2.459995856548999902e+06 6.275784178896653964e-01 3.957132340290487986e-03
2.459996349615999963e+06 6.225628477068668731e-01 3.957044255498674140e-03
2.459996842683000024e+06 6.250160933427130194e-01 3.957094372288076645e-03
2.459997346276999917e+06 6.269053844755035909e-01 3.957507805638946045e-03
2.459997839343999978e+06 6.274264167551119042e-01 3.957329674657177228e-03
2.459998332411000039e+06 6.228014284644561860e-01 3.957413445500295411e-03
2.459998836004999932e+06 6.259718451068139178e-01 3.957380002604172879e-03
2.459999329071999993e+06 6.266444534518922360e-01 3.957014930549597465e-03
2.459999822139000054e+06 6.290112312236860737e-01 3.957476688774689763e-03
2.460000325732000172e+06 6.307487521524349772e-01 3.957370566471584902e-03
2.460000818800000008e+06 6.149412127424438435e-01 3.957309551438060145e-03
2.460001311867000069e+06 6.235177194560127534e-01 3.957370663280548526e-03
2.460001815460000187e+06 6.262970989140699274e-01 3.957128886116156007e-03
2.460002308526999783e+06 6.318773672959642207e-01 3.957467825777948728e-03
2.460002801593999844e+06 6.337663843219681903e-01 3.957040670183522603e-03
2.460003305188000202e+06 6.267535463514036786e-01 3.957126548244731777e-03
2.460003798254999798e+06 6.296192533518191192e-01 3.957242805428924648e-03
2.460004291321999859e+06 6.270353132071481150e-01 3.957172973754248362e-03
2.460004794916000217e+06 6.222802249014539600e-01 3.957540454222720043e-03
2.460005287982999813e+06 6.220848144172780314e-01 3.957443616921044356e-03
2.460005781049999874e+06 6.214336984216571880e-01 3.957308020178339561e-03
2.460006284644000232e+06 6.234091897854457942e-01 3.957256023306725615e-03
2.460006777710999828e+06 6.229970640528236236e-01 3.957508952857963745e-03
2.460007270777999889e+06 6.263190192535947887e-01 3.957267385254787696e-03
2.460007774371000007e+06 6.251462062916322004e-01 3.957342360891016701e-03
2.460008267438000068e+06 6.330937119236017541e-01 3.957505519292035638e-03
2.460008760505999904e+06 6.202391845788682856e-01 3.957127719191175751e-03
2.460009264099000022e+06 6.294893689797381731e-01 3.957006245585959446e-03
2.460009757166000083e+06 6.198485648367850764e-01 3.957490072283068559e-03
2.460010250233000144e+06 6.257764280896291886e-01 3.957297303372644091e-03
2.460010753827000037e+06 6.337447870347409085e-01 3.957489523942644277e-03
2.460011246894000098e+06 6.277084861102663060e-01 3.957374331439877761e-03
2.460011739961000159e+06 6.248422678678899889e-01 3.957144852525875528e-03
2.460012243555000052e+06 6.311613552048001008e-01 3.957052667168051673e-03
2.460012736622000113e+06 6.287291555429630474e-01 3.957439228931116347e-03
2.460013229689000174e+06 6.255372838196653351e-01 3.957513421517050607e-03
2.460013733281999826e+06 6.249291745615574989e-01 3.957119654186919307e-03
2.460014226350000128e+06 6.287940159549431085e-01 3.957268342154319531e-03
2.460014719417000189e+06 6.328331194872578447e-01 3.957042262541190202e-03
2.460015223009999841e+06 6.238652563058948441e-01 3.957278021447067050e-03
2.460015716076999903e+06 6.292505444679250548e-01 3.957243664527271797e-03
2.460016209143999964e+06 6.285988758282373690e-01 3.957198164210736467e-03
2.460016712737999856e+06 6.267968424479642975e-01 3.957399906304104147e-03
2.460017205804999918e+06 6.349828561950326966e-01 3.957033012427435374e-03
2.460017698871999979e+06 6.271005764611420341e-01 3.957007264294339251e-03
2.460018202465999871e+06 6.305750746881525481e-01 3.957442461709435692e-03
2.460018695532999933e+06 6.218676999855663468e-01 3.957207948276358390e-03
2.460019188599999994e+06 6.250160933427130194e-01 3.957094372288076645e-03
2.460019692193999887e+06 6.227796312359690223e-01 3.957274941249747623e-03
2.460020185260999948e+06 6.270572593841037268e-01 3.957311474435943471e-03
2.460020678328000009e+06 6.204345867513421098e-01 3.957231502849425583e-03
2.460021181921000127e+06 6.280780268675483224e-01 3.957390168045536553e-03
2.460021674988000188e+06 6.233879454473664206e-01 3.957121169207358270e-03
2.460022168056000024e+06 6.289897959810383243e-01 3.957341827155554624e-03
2.460022671649000142e+06 6.271005764611420341e-01 3.957007264294339251e-03
2.460023164716000203e+06 6.262757561627511071e-01 3.956994036349329932e-03
2.460023657782999799e+06 6.242342593207031998e-01 3.957318903132239600e-03
2.460024161377000157e+06 6.295543078161955908e-01 3.957414454833176574e-03
2.460024654444000218e+06 6.243647845719990652e-01 3.956996242560600896e-03
2.460025147510999814e+06 6.271005764611420341e-01 3.957007264294339251e-03
2.460025651105000172e+06 6.274697593335187840e-01 3.957025125742851326e-03
2.460026144171999767e+06 6.252118487642331912e-01 3.957182053871857556e-03
2.460026637238999829e+06 6.312264665252527163e-01 3.957460881204185460e-03
2.460027140831999946e+06 6.309003959977061982e-01 3.957159831196289772e-03
2.460027633899999782e+06 6.242998060357782819e-01 3.957159433672331576e-03
2.460028126966999844e+06 6.327462791805262832e-01 3.957082039640444360e-03
2.460028630559999961e+06 6.265798147683414587e-01 3.957183863849915613e-03
2.460029123627000023e+06 6.227796312359690223e-01 3.957274941249747623e-03
2.460029616694000084e+06 6.228232264558442033e-01 3.956978313207754755e-03
2.460030120287999976e+06 6.240175441908523135e-01 3.957094525286758945e-03
2.460030613355000038e+06 6.305965639552617574e-01 3.956996525858948351e-03
2.460031106422000099e+06 6.223455664362854689e-01 3.957382807947616536e-03
2.460031610015999991e+06 6.248860074744679860e-01 3.957421856768261401e-03
2.460032103083000053e+06 6.272744524356308471e-01 3.957526681300344538e-03
2.460032596150000114e+06 6.225628477068668731e-01 3.957044255498674140e-03
2.460033099744000006e+06 6.239738653733493123e-01 3.957392245124643354e-03
2.460033592811000068e+06 6.274044576581352395e-01 3.957191173338497729e-03
2.460034085878000129e+06 6.282730053036476026e-01 3.957461365331221663e-03
2.460034589470999781e+06 6.299667097456710385e-01 3.957105733084200806e-03
2.460035082537999842e+06 6.251462062916322004e-01 3.957342360891016701e-03
2.460035575606000144e+06 6.275784178896653964e-01 3.957132340290487986e-03
2.460036079198999796e+06 6.293589317402837890e-01 3.957345631619683772e-03
2.460036572265999857e+06 6.281862121758632345e-01 3.957493240487550308e-03
2.460037065332999919e+06 6.308353183115907870e-01 3.957332669013655276e-03
2.460037568926999811e+06 6.295757622967539380e-01 3.957549318927391750e-03
2.460038061993999872e+06 6.270572593841037268e-01 3.957311474435943471e-03
2.460038555060999934e+06 6.249942186038763836e-01 3.957531520153056287e-03
2.460039058654999826e+06 6.257113026416502022e-01 3.957461763188973615e-03
2.460039551721999887e+06 6.239957043999188047e-01 3.957530753480815837e-03
2.460040044788999949e+06 6.245166191923801069e-01 3.957383313933747135e-03
2.460040548382000066e+06 6.322901262687053991e-01 3.957141144568325150e-03
2.460041041449999902e+06 6.281648050479474721e-01 3.957358378304359423e-03
2.460041534516999964e+06 6.301187459338070118e-01 3.957480380310083971e-03
2.460042038110000081e+06 6.219112313693085925e-01 3.957484956935513297e-03
2.460042531177000143e+06 6.261886622047330153e-01 3.957020492232512891e-03
2.460043024244000204e+06 6.299452419425312089e-01 3.957551085115762653e-03
2.460043527838000096e+06 6.294024078167073100e-01 3.957039303772628448e-03
2.460044020905000158e+06 6.212162390750134433e-01 3.957067555281433557e-03
2.460044513972000219e+06 6.275784178896653964e-01 3.957132340290487986e-03
2.460045017566000111e+06 6.221719106295390267e-01 3.957424645118821395e-03
2.460045510633000173e+06 6.230837141048216621e-01 3.957485504892092713e-03
2.460046003699999768e+06 6.234528290750721569e-01 3.957533035331180747e-03
2.460046507294000126e+06 6.263409403603295011e-01 3.957405889240877758e-03
2.460047000361000188e+06 6.320729430256021297e-01 3.957528401335067697e-03
2.460047493427999783e+06 6.269920006381798361e-01 3.957477112343918066e-03
2.460047997020999901e+06 6.289463484058461784e-01 3.957068473108007849e-03
2.460048490087999962e+06 6.241474492664444984e-01 3.957343433810765407e-03
2.460048983155999798e+06 6.277084861102663060e-01 3.957374331439877761e-03
2.460049486748999916e+06 6.272744524356308471e-01 3.957526681300344538e-03
2.460049979815999977e+06 6.325941916569394197e-01 3.957296193038977068e-03
2.460050472883000039e+06 6.292285215288845324e-01 3.957105166218833660e-03
2.460050976476999931e+06 6.284900405906087562e-01 3.957091877980162785e-03
2.460051469543999992e+06 6.262970989140699274e-01 3.957128886116156007e-03
2.460051962611000054e+06 6.246472034841605847e-01 3.957060146595326247e-03
2.460052466204999946e+06 6.256675052675986226e-01 3.957184756153292633e-03
2.460052959272000007e+06 6.297712056848164819e-01 3.957037765116167526e-03
2.460053452339000069e+06 6.283164063643416064e-01 3.957156045723359862e-03
2.460053955932000186e+06 6.239520271111168581e-01 3.957253741616081032e-03
2.460054449000000022e+06 6.295322742458385745e-01 3.957275950547303744e-03
2.460054942067000084e+06 6.301408000306178980e-01 3.957038510625925619e-03
2.460055445660000201e+06 6.356341177823302546e-01 3.956993405269975360e-03
2.460055938726999797e+06 6.276651270417653583e-01 3.957100975147080126e-03
2.460056431793999858e+06 6.220195002594185452e-01 3.957028115543859657e-03
2.460056935388000216e+06 6.261454081183241982e-01 3.957323861614342811e-03
2.460057428454999812e+06 6.194793015192817665e-01 3.957414716860179968e-03
2.460057921521999873e+06 6.246034805929394640e-01 3.957358448736633151e-03
2.460058425116000231e+06 6.297062444752372645e-01 3.957209575609276983e-03
2.460058918182999827e+06 6.234964714194941582e-01 3.957235805274517126e-03
