2.458346727899000049e+06 4.504784292328184447e-02 9.417120718172057592e-04
2.458347220966000110e+06 4.470527801161473108e-02 9.417153162276777024e-04
2.458347714033000171e+06 4.647164009101165116e-02 9.416859723031097097e-04
2.458348217627000064e+06 4.467317298072875920e-02 9.416973529382379002e-04
2.458348710694000125e+06 4.536899928153781403e-02 9.416981430001270751e-04
2.458349203761000186e+06 4.509068157500552287e-02 9.416939402338696686e-04
2.458349707355000079e+06 4.359192021294657632e-02 9.417098592769445123e-04
2.458350200422000140e+06 4.574369054164981879e-02 9.417231980531879949e-04
2.458350693489000201e+06 4.504784292328184447e-02 9.417120718172057592e-04
2.458351197081999853e+06 4.636458747097359223e-02 9.416945648760767680e-04
2.458351690150000155e+06 4.378462152387462003e-02 9.417190633827066766e-04
2.458352183217000216e+06 4.483372256114885601e-02 9.416956333649829534e-04
2.458352686809999868e+06 4.455540544375605899e-02 9.417181076236543717e-04
2.458353179876999930e+06 4.544394232649905802e-02 9.417050420932339926e-04
2.458353672943999991e+06 4.518700945364368532e-02 9.417079935502078872e-04
2.458354176537999883e+06 4.564735313456402821e-02 9.417159144001033570e-04
2.458354669604999945e+06 4.591498005500486979e-02 9.416972293860436001e-04
2.458355162672000006e+06 4.425565776661937595e-02 9.417006238729757001e-04
2.458355666265999898e+06 4.343133710134830516e-02 9.417209572261767440e-04
2.458356159332999960e+06 4.298170112951180816e-02 9.417100599464662018e-04
2.458356652400000021e+06 4.554026988046331464e-02 9.416878562265944795e-04
2.458357155993999913e+06 4.650375265273676978e-02 9.416942175662630470e-04
2.458357649060999975e+06 4.715676452000598651e-02 9.417139852590091995e-04
2.458358142128000036e+06 4.446976147448191558e-02 9.417101054017629549e-04
2.458358645721000154e+06 4.752074055544332210e-02 9.417170112870023755e-04
2.458359138788000215e+06 4.441622045328778856e-02 9.417217463632978442e-04
2.458359631856000051e+06 4.587216101353328718e-02 9.417062748298187869e-04
2.458360135449000169e+06 4.593638340734168546e-02 9.417131135535672121e-04
2.458360628516000230e+06 4.588285146391620634e-02 9.417144399727203283e-04
2.458361121582999825e+06 4.560453165391044339e-02 9.417145667611269248e-04
2.458361625177000184e+06 4.426633842863880036e-02 9.416832691086650560e-04
2.458362118243999779e+06 4.607553641384548593e-02 9.417225142523640881e-04
2.458362611310999840e+06 4.483372256114885601e-02 9.416956333649829534e-04
2.458363114905000199e+06 4.530477730733128983e-02 9.417003962759279380e-04
2.458363607971999794e+06 4.397732408013019234e-02 9.416917323547430727e-04
2.458364101038999856e+06 4.490865000805036727e-02 9.416976520194900689e-04
2.458364604631999973e+06 4.414858615621746613e-02 9.416993762491410527e-04
2.458365097699999809e+06 4.488727074025658514e-02 9.417041160097770021e-04
2.458365590766999871e+06 4.485515895076834514e-02 9.416914427677035033e-04
2.458366094359999988e+06 4.429847748394975804e-02 9.417141607015096791e-04
2.458366587427000050e+06 4.531546074071558100e-02 9.417137756040276728e-04
2.458367080494000111e+06 4.634319802135223459e-02 9.416869680373597543e-04
2.458367584088000003e+06 4.417002041646681670e-02 9.417090708770696136e-04
2.458368077155000065e+06 4.556170837990160954e-02 9.417115255736951572e-04
2.458368570222000126e+06 4.394517517462670497e-02 9.416913990085025964e-04
2.458369073816000018e+06 4.487656425692660572e-02 9.416861655574293747e-04
2.458369566883000080e+06 4.556170837990160954e-02 9.417115255736951572e-04
2.458370059950000141e+06 4.495148049837729282e-02 9.416849318047356169e-04
2.458370563544000033e+06 4.414858615621746613e-02 9.416993762491410527e-04
2.458371056611000095e+06 4.275691869975509901e-02 9.417077485179884376e-04
2.458371549678000156e+06 4.528333458098710712e-02 9.417134724100690180e-04
2.458372053270999808e+06 4.441622045328778856e-02 9.417217463632978442e-04
2.458372546337999869e+06 4.496220485494475255e-02 9.417025368783883080e-04
2.458373039406000171e+06 4.471598481503623324e-02 9.416937450506878771e-04
2.458373542998999823e+06 4.366686364357232064e-02 9.417201045091981191e-04
2.458374036065999884e+06 4.548673870224036880e-02 9.417120918213567641e-04
2.458374529132999945e+06 4.556170837990160954e-02 9.417115255736951572e-04
2.458375032726999838e+06 4.498361981295713463e-02 9.416953125888172325e-04
2.458375525793999899e+06 4.465174131102438854e-02 9.416979631508238732e-04
2.458376018860999960e+06 4.434129779178503511e-02 9.416851349363865482e-04
2.458376522454999853e+06 4.347416006056691040e-02 9.416884983882243404e-04
2.458377015521999914e+06 4.452328502108560127e-02 9.416953333079448180e-04
2.458377508588999975e+06 4.358120157645908876e-02 9.417191447650774625e-04
2.458378012182000093e+06 4.391309021648828054e-02 9.416914302293752717e-04
2.458378505249999929e+06 4.417002041646681670e-02 9.417090708770696136e-04
2.458378998316999990e+06 4.404153021042964827e-02 9.416874185041023294e-04
2.458379501910000108e+06 4.393449107305878731e-02 9.417052427389532160e-04
2.458379994977000169e+06 4.397732408013019234e-02 9.416917323547430727e-04
2.458380488044000231e+06 4.440550362746298330e-02 9.416990209422963429e-04
2.458380991638000123e+06 4.533687692272744818e-02 9.416995066394778183e-04
2.458381484705000184e+06 4.428774827681864618e-02 9.416900276862391703e-04
2.458381977771999780e+06 4.420213025286363201e-02 9.417015573380077510e-04
2.458382481366000138e+06 4.541180873198604612e-02 9.417083718125042642e-04
2.458382974433000199e+06 4.453398925493730343e-02 9.417166479512204501e-04
2.458383467499999795e+06 4.443762093617883296e-02 9.416843410203572760e-04
2.458383971094000153e+06 4.606484349620523083e-02 9.417161017206244307e-04
2.458384464161000215e+06 4.494080009176409235e-02 9.417095408690887666e-04
2.458384957227999810e+06 4.479092176446684143e-02 9.417042248722423767e-04
2.458385460820999928e+06 4.566875791938725115e-02 9.416948129928209323e-04
2.458385953887999989e+06 4.407366841946908087e-02 9.416845044995157633e-04
2.458386446955999825e+06 4.510135606180197543e-02 9.417091715651339451e-04
2.458386950548999943e+06 4.565803324633219834e-02 9.416839320679026935e-04
2.458387443616000004e+06 4.483372256114885601e-02 9.416956333649829534e-04
2.458387936683000065e+06 4.474807939875164592e-02 9.417102070478052325e-04
2.458388440276999958e+06 4.529405467525506046e-02 9.416861035893138400e-04
2.458388933344000019e+06 4.467317298072875920e-02 9.416973529382379002e-04
2.458389426411000080e+06 4.402011775821169925e-02 9.417161099438114275e-04
2.458389930004999973e+06 4.418072110269433833e-02 9.416930588460206784e-04
2.458390423072000034e+06 4.545465857673620935e-02 9.417177814871506092e-04
2.458390916139000095e+06 4.456611739996072657e-02 9.416982328756993374e-04
2.458391419732000213e+06 4.522981381393307437e-02 9.416835662136943284e-04
2.458391912800000049e+06 4.454469606228796119e-02 9.416968912310188936e-04
2.458392405867000110e+06 4.467317298072875920e-02 9.416973529382379002e-04
2.458392909460000228e+06 4.497289034850748130e-02 9.417192293970631269e-04
2.458393402526999824e+06 4.348485237058678093e-02 9.417198480706289549e-04
2.458393895593999885e+06 4.480160781553037957e-02 9.417225741254611282e-04
2.458394399187999777e+06 4.377389582209022245e-02 9.416899613698782390e-04
2.458394892254999839e+06 4.474807939875164592e-02 9.417102070478052325e-04
2.458395385321999900e+06 4.409506630695075174e-02 9.416949512953151722e-04
2.458395888915999793e+06 4.457679087476020680e-02 9.417184835630943232e-04
2.458396381982999854e+06 4.672856022662193881e-02 9.416844471777136190e-04
2.458396875049999915e+06 4.461963363122240650e-02 9.417194528271585156e-04
2.458397378643999808e+06 4.548673870224036880e-02 9.417120918213567641e-04
2.458397871710999869e+06 4.426633842863880036e-02 9.416832691086650560e-04
2.458398364777999930e+06 4.445903173018287552e-02 9.416876292955361164e-04
2.458398868371000048e+06 4.469457377183230079e-02 9.416956578621271754e-04
2.458399361438000109e+06 4.363474074923746893e-02 9.417105561694927383e-04
2.458399854505999945e+06 4.489797977789942302e-02 9.417220214277357594e-04
2.458400358099000063e+06 4.429847748394975804e-02 9.417141607015096791e-04
2.458400851166000124e+06 4.450188427140446684e-02 9.416935593147007398e-04
2.458401344233000185e+06 4.531546074071558100e-02 9.417137756040276728e-04
2.458401847827000078e+06 4.420213025286363201e-02 9.417015573380077510e-04
2.458402340894000139e+06 4.336710185464342365e-02 9.416861930590586039e-04
2.458402833961000200e+06 4.377389582209022245e-02 9.416899613698782390e-04
2.458403337555000093e+06 4.338851636132359108e-02 9.417116087441909297e-04
2.458403830622000154e+06 4.542251740471952431e-02 9.417212600071773196e-04
2.458404323689000215e+06 4.474807939875164592e-02 9.417102070478052325e-04
2.458404827281999867e+06 4.540110258389625647e-02 9.416954373526782588e-04
2.458405320350000169e+06 4.464104989007901259e-02 9.417191783801147570e-04
2.458405813417000230e+06 4.585074535451777455e-02 9.416889352862270338e-04
2.458406317009999882e+06 4.425565776661937595e-02 9.417006238729757001e-04
2.458406810076999944e+06 4.413789325315804063e-02 9.417152092088328531e-04
2.458407303144000005e+06 4.464104989007901259e-02 9.417191783801147570e-04
2.458407806737999897e+06 4.541180873198604612e-02 9.417083718125042642e-04
2.458408299804999959e+06 4.394517517462670497e-02 9.416913990085025964e-04
2.458408792872000020e+06 4.516558086770396802e-02 9.417190061474060847e-04
2.458409296465999912e+06 4.485515895076834514e-02 9.416914427677035033e-04
2.458409789532999974e+06 4.413789325315804063e-02 9.417152092088328531e-04
2.458410282600000035e+06 4.415928164975339854e-02 9.416834803482543531e-04
2.458410786193999927e+06 4.412720293994772114e-02 9.416903366010124891e-04
2.458411279260999989e+06 4.425565776661937595e-02 9.417006238729757001e-04
2.458411772328000050e+06 4.685703456578493159e-02 9.416840755100294681e-04
2.458412275921000168e+06 4.529405467525506046e-02 9.416861035893138400e-04
2.458412768988000229e+06 4.277830770141326233e-02 9.417060312539263667e-04
2.458413262056000065e+06 4.571155550297542614e-02 9.416931640064624479e-04
2.458413765649000183e+06 4.606484349620523083e-02 9.417161017206244307e-04
2.458414258715999778e+06 4.372038724748370658e-02 9.417066242139592210e-04
2.458414751782999840e+06 4.626826347388854344e-02 9.416984362916755663e-04
2.458415255377000198e+06 4.349558737123896540e-02 9.417119626801859168e-04
2.458415748443999793e+06 4.414858615621746613e-02 9.416993762491410527e-04
2.458416241510999855e+06 4.354910158795699537e-02 9.417073895125618139e-04
2.458416745105000213e+06 4.393449107305878731e-02 9.417052427389532160e-04
2.458417238171999808e+06 4.392376911374133025e-02 9.417181567206230498e-04
2.458417731238999870e+06 4.442693986551188301e-02 9.417035091803544616e-04
2.458418234831999987e+06 4.365616678835237269e-02 9.416904600790944151e-04
2.458526481366999913e+06 4.491936414627918650e-02 9.417154574166385073e-04
2.458526984960000031e+06 4.526194369124532380e-02 9.416855047854893893e-04
2.458527478027000092e+06 4.288537381450624464e-02 9.416930121984936914e-04
2.458527971094000153e+06 4.579722884766709856e-02 9.416865068545211999e-04
2.458528474688000046e+06 4.547605677386861583e-02 9.417003688061203678e-04
2.458528967755000107e+06 4.546533547885842769e-02 9.416877320364710167e-04
2.458529460822000168e+06 4.560453165391044339e-02 9.417145667611269248e-04
2.458529964416000061e+06 4.581861951055105769e-02 9.417043383993236672e-04
2.458530457483000122e+06 4.554026988046331464e-02 9.416878562265944795e-04
2.458530950550000183e+06 4.472669418271064956e-02 9.417133043330152241e-04
2.458531454144000076e+06 4.534756792560271088e-02 9.417127378987394382e-04
2.458531947211000137e+06 4.490865000805036727e-02 9.416976520194900689e-04
2.458532440278000198e+06 4.605415306010931381e-02 9.417096414457862361e-04
2.458532943870999850e+06 4.488727074025658514e-02 9.417041160097770021e-04
2.458533436937999912e+06 4.527265872156726462e-02 9.416999452418966339e-04
2.458533930006000213e+06 4.633248566028404930e-02 9.416826634175410639e-04
2.458534433598999865e+06 4.551888339306796316e-02 9.417067923997834294e-04
2.458534926665999927e+06 4.485515895076834514e-02 9.416914427677035033e-04
2.458535419732999988e+06 4.507996809441810332e-02 9.417193162286332728e-04
2.458535923326999880e+06 4.472669418271064956e-02 9.417133043330152241e-04
2.458536416393999942e+06 4.605415306010931381e-02 9.417096414457862361e-04
2.458536909461000003e+06 4.703903460339065729e-02 9.417024611121532253e-04
2.458537413054999895e+06 4.421283871806161447e-02 9.416853659982176751e-04
2.458537906121999957e+06 4.570086287153344445e-02 9.416833478346719978e-04
2.458538399189000018e+06 4.260702391995253163e-02 9.417027345375032950e-04
2.458538902782000136e+06 4.396659166766424265e-02 9.417048862797227022e-04
2.458539395849999972e+06 4.606484349620523083e-02 9.417161017206244307e-04
2.458539888917000033e+06 4.425565776661937595e-02 9.417006238729757001e-04
2.458540392510000151e+06 4.468387209507482943e-02 9.417171102876465381e-04
2.458540885577000212e+06 4.468387209507482943e-02 9.417171102876465381e-04
2.458541378643999808e+06 4.579722884766709856e-02 9.416865068545211999e-04
2.458541882238000166e+06 4.461963363122240650e-02 9.417194528271585156e-04
2.458542375305000227e+06 4.418072110269433833e-02 9.416930588460206784e-04
2.458542868371999823e+06 4.327074773125259149e-02 9.417061839340050162e-04
2.458543371966000181e+06 4.391309021648828054e-02 9.416914302293752717e-04
2.458543865032999776e+06 4.576509834941421689e-02 9.417002562349227786e-04
2.458544358099999838e+06 4.423422269058240042e-02 9.416926678777275649e-04
2.458544861694000196e+06 4.518700945364368532e-02 9.417079935502078872e-04
2.458545354760999791e+06 4.377389582209022245e-02 9.416899613698782390e-04
2.458545847827999853e+06 4.527265872156726462e-02 9.416999452418966339e-04
2.458546351420999970e+06 4.426633842863880036e-02 9.416832691086650560e-04
2.458546844488000032e+06 4.585074535451777455e-02 9.416889352862270338e-04
2.458547337555999868e+06 4.525123119693232748e-02 9.417126963381114522e-04
2.458547841148999985e+06 4.421283871806161447e-02 9.416853659982176751e-04
2.458548334216000047e+06 4.585074535451777455e-02 9.416889352862270338e-04
2.458548827283000108e+06 4.507996809441810332e-02 9.417193162286332728e-04
2.458549330877000000e+06 4.377389582209022245e-02 9.416899613698782390e-04
2.458549823944000062e+06 4.365616678835237269e-02 9.416904600790944151e-04
2.458550317011000123e+06 4.653588740469701696e-02 9.417020245690050240e-04
2.458550820605000015e+06 4.404153021042964827e-02 9.416874185041023294e-04
2.458551313672000077e+06 4.572229274794090831e-02 9.417038005628861714e-04
2.458551806739000138e+06 4.558311498809033968e-02 9.416921575445057029e-04
2.458552310331999790e+06 4.500500351949738437e-02 9.416870004659262054e-04
2.458552803400000092e+06 4.578651617592058298e-02 9.417192576278293759e-04
2.458553296467000153e+06 4.708185874234884633e-02 9.416925031772475311e-04
2.458553800059999805e+06 4.407366841946908087e-02 9.416845044995157633e-04
2.458554293126999866e+06 4.574369054164981879e-02 9.417231980531879949e-04
2.458554786193999927e+06 4.541180873198604612e-02 9.417083718125042642e-04
2.458555289787999820e+06 4.549746504439842326e-02 9.416827310327067005e-04
2.458555782854999881e+06 4.428774827681864618e-02 9.416900276862391703e-04
2.458556275921999943e+06 4.609697215292424960e-02 9.416936064866951320e-04
2.458556779515999835e+06 4.581861951055105769e-02 9.417043383993236672e-04
2.458557272582999896e+06 4.641812567212964813e-02 9.417131433024032022e-04
2.458557765649999958e+06 4.481233768970146331e-02 9.417004722210569213e-04
2.458558269243999850e+06 4.414858615621746613e-02 9.416993762491410527e-04
2.458558762310999911e+06 4.423422269058240042e-02 9.416926678777275649e-04
2.458559255377999973e+06 4.446976147448191558e-02 9.417101054017629549e-04
2.458559758971000090e+06 4.503713962109612973e-02 9.416957260865156621e-04
2.458560252038000152e+06 4.520840656776949767e-02 9.416958911897420001e-04
2.458560745105999988e+06 4.414858615621746613e-02 9.416993762491410527e-04
2.458561248699000105e+06 4.429847748394975804e-02 9.417141607015096791e-04
2.458561741766000167e+06 4.441622045328778856e-02 9.417217463632978442e-04
2.458562234833000228e+06 4.446976147448191558e-02 9.417101054017629549e-04
2.458562738427000120e+06 4.478019701812873538e-02 9.416849634720262600e-04
2.458563231494000182e+06 4.458750797242393149e-02 9.416984906968469066e-04
2.458563724560999777e+06 4.521910892404667343e-02 9.417105807108932256e-04
2.458564228155000135e+06 4.393449107305878731e-02 9.417052427389532160e-04
2.458564721222000197e+06 4.486586032730023599e-02 9.417094930776640860e-04
2.458565214288999792e+06 4.655728002729129372e-02 9.417061181146807415e-04
2.458565717881999910e+06 4.776695970789033435e-02 9.417128839091861185e-04
2.458566210950000212e+06 4.413789325315804063e-02 9.417152092088328531e-04
2.458566704016999807e+06 4.449114677645903820e-02 9.417122129565327644e-04
2.458567207609999925e+06 4.470527801161473108e-02 9.417153162276777024e-04
2.458567700676999986e+06 4.449114677645903820e-02 9.417122129565327644e-04
2.458568193744000047e+06 4.485515895076834514e-02 9.416914427677035033e-04
2.458568697337999940e+06 4.520840656776949767e-02 9.416958911897420001e-04
2.458569190405000001e+06 4.482302885009657040e-02 9.417187219314722023e-04
2.458569683472000062e+06 4.429847748394975804e-02 9.417141607015096791e-04
2.458570187065999955e+06 4.387023895983492572e-02 9.417018468364355853e-04
2.458570680133000016e+06 4.545465857673620935e-02 9.417177814871506092e-04
2.458571173200000077e+06 4.459822764667936007e-02 9.417195102704945192e-04
2.458571676793999970e+06 4.556170837990160954e-02 9.417115255736951572e-04
2.458572169861000031e+06 4.481233768970146331e-02 9.417004722210569213e-04
2.458572662928000093e+06 4.623614318559361031e-02 9.416834676621998893e-04
2.458573166521000210e+06 4.406295307818318407e-02 9.416990598134580576e-04
2.458573659587999806e+06 4.446976147448191558e-02 9.417101054017629549e-04
2.458574152656000108e+06 4.610767252850974524e-02 9.416998658043950268e-04
2.458574656249000225e+06 4.400941543634621922e-02 9.416898275442167491e-04
2.458575149315999821e+06 4.276763155866452476e-02 9.417073532154747332e-04
2.458575642382999882e+06 4.406295307818318407e-02 9.416990598134580576e-04
2.458576145976999775e+06 4.577580601003157501e-02 9.417097804782490790e-04
2.458576639043999836e+06 4.439483027654422820e-02 9.417180081296669955e-04
2.458577132110999897e+06 4.470527801161473108e-02 9.417153162276777024e-04
2.458577635704999790e+06 4.565803324633219834e-02 9.416839320679026935e-04
2.458578128771999851e+06 4.606484349620523083e-02 9.417161017206244307e-04
2.458578621838999912e+06 4.630036343194496307e-02 9.417121039041088807e-04
2.458579125432000030e+06 4.188977233129381750e-02 9.417071647619883017e-04
2.458579618499999866e+06 4.334569791714457110e-02 9.417004959297418931e-04
2.458580111566999927e+06 4.272479622111505920e-02 9.417085788304132643e-04
2.458580615160000045e+06 4.495148049837729282e-02 9.416849318047356169e-04
2.458581108227000106e+06 4.524052123802836667e-02 9.416981542097604485e-04
2.458581601294000167e+06 4.357052570545111303e-02 9.416891061783122388e-04
2.458582104888000060e+06 4.505854876916116913e-02 9.416868716732185868e-04
2.458582597955000121e+06 4.702833465620050862e-02 9.417048259786325176e-04
2.458583091022000182e+06 4.767061996041844357e-02 9.417015407889291288e-04
2.458583594616000075e+06 4.559382206350114791e-02 9.417033854938859508e-04
2.458584087683000136e+06 4.483372256114885601e-02 9.416956333649829534e-04
2.458584580750000197e+06 4.389165935872252344e-02 9.417169661291848945e-04
2.458585084344000090e+06 4.524052123802836667e-02 9.416981542097604485e-04
2.458585577411000151e+06 4.453398925493730343e-02 9.417166479512204501e-04
2.458586070478000212e+06 4.698551592574415348e-02 9.417129203017516204e-04
2.458586574070999864e+06 4.507996809441810332e-02 9.417193162286332728e-04
2.458587067137999926e+06 4.499431039589193299e-02 9.417119047476368594e-04
2.458587560206000227e+06 4.393449107305878731e-02 9.417052427389532160e-04
2.458588063798999880e+06 4.519770674450162423e-02 9.417227844970782816e-04
2.458588556865999941e+06 4.455540544375605899e-02 9.417181076236543717e-04
2.458589049933000002e+06 4.525123119693232748e-02 9.417126963381114522e-04
2.458589553526999895e+06 4.410578945761350206e-02 9.417208404081641240e-04
2.458590046593999956e+06 4.581861951055105769e-02 9.417043383993236672e-04
2.458590539661000017e+06 4.433059904343506635e-02 9.417029033913046788e-04
2.458591043254999910e+06 4.304596021940175488e-02 9.416906635797390275e-04
2.458591536321999971e+06 4.288537381450624464e-02 9.416930121984936914e-04
2.458592029389000032e+06 4.157934082551464211e-02 9.416983484742263988e-04
2.458592532982000150e+06 4.485515895076834514e-02 9.416914427677035033e-04
2.458593026049999986e+06 4.362405176300378218e-02 9.417209454197552352e-04
2.458593519117000047e+06 4.437340953154515072e-02 9.417131877384858369e-04
2.458594022710000165e+06 4.464104989007901259e-02 9.417191783801147570e-04
2.458594515777000226e+06 4.207177158973070957e-02 9.416911665033801280e-04
2.458595008843999822e+06 4.465174131102438854e-02 9.416979631508238732e-04
2.458595512438000180e+06 4.533687692272744818e-02 9.416995066394778183e-04
2.458596005504999775e+06 4.359192021294657632e-02 9.417098592769445123e-04
2.458596498571999837e+06 4.378462152387462003e-02 9.417190633827066766e-04
2.458597002166000195e+06 4.438411861177970347e-02 9.416951851289932871e-04
2.458597495232999790e+06 4.544394232649905802e-02 9.417050420932339926e-04
2.458597988299999852e+06 4.478019701812873538e-02 9.416849634720262600e-04
2.458712204272000119e+06 4.598989309038467588e-02 9.417087674746957510e-04
2.458712697339000180e+06 4.423422269058240042e-02 9.416926678777275649e-04
2.458713200931999832e+06 4.487656425692660572e-02 9.416861655574293747e-04
2.458713694000000134e+06 4.573299039333117433e-02 9.417135228086805174e-04
2.458714187067000195e+06 4.465174131102438854e-02 9.416979631508238732e-04
2.458714690659999847e+06 4.474807939875164592e-02 9.417102070478052325e-04
2.458715183726999909e+06 4.556170837990160954e-02 9.417115255736951572e-04
2.458715676793999970e+06 4.572229274794090831e-02 9.417038005628861714e-04
2.458716180387999862e+06 4.559382206350114791e-02 9.417033854938859508e-04
2.458716673454999924e+06 4.521910892404667343e-02 9.417105807108932256e-04
2.458717166521999985e+06 4.618260220198213556e-02 9.416989372454903466e-04
2.458717670115999877e+06 4.572229274794090831e-02 9.417038005628861714e-04
2.458718163182999939e+06 4.440550362746298330e-02 9.416990209422963429e-04
2.458718656250000000e+06 4.273550103165259934e-02 9.417083612957900286e-04
2.458719159843999892e+06 4.385953268087534190e-02 9.417144066632088207e-04
2.458719652910999954e+06 4.475879645299941229e-02 9.416883980613247745e-04
2.458720145978000015e+06 4.364543235454072800e-02 9.417001052896090216e-04
2.458720649571000133e+06 4.430916848008130404e-02 9.416965725165668197e-04
2.458721142638000194e+06 4.609697215292424960e-02 9.416936064866951320e-04
2.458721635706000030e+06 4.478019701812873538e-02 9.416849634720262600e-04
2.458722139299000148e+06 4.592568048431230204e-02 9.417051951859849255e-04
2.458722632366000209e+06 4.544394232649905802e-02 9.417050420932339926e-04
2.458723125432999805e+06 4.448045284026783813e-02 9.416907021297717681e-04
2.458723629027000163e+06 4.427706244899241861e-02 9.417074991064742096e-04
2.458724122094000224e+06 4.588285146391620634e-02 9.417144399727203283e-04
2.458724615160999820e+06 4.491936414627918650e-02 9.417154574166385073e-04
2.458725118755000178e+06 4.463031992302680245e-02 9.416983560425620054e-04
2.458725611821999773e+06 4.641812567212964813e-02 9.417131433024032022e-04
2.458726104888999835e+06 4.470527801161473108e-02 9.417153162276777024e-04
2.458726608481999952e+06 4.572229274794090831e-02 9.417038005628861714e-04
2.458727101549999788e+06 4.473740611525210686e-02 9.416916142957019054e-04
2.458727594616999850e+06 4.512275417660091548e-02 9.416988052962361978e-04
2.458728098209999967e+06 4.577580601003157501e-02 9.417097804782490790e-04
2.458728591277000029e+06 4.358120157645908876e-02 9.417191447650774625e-04
2.458729084344000090e+06 4.407366841946908087e-02 9.416845044995157633e-04
2.458729587937999982e+06 4.347416006056691040e-02 9.416884983882243404e-04
2.458730081005000044e+06 4.388094785223795036e-02 9.416892247642337033e-04
2.458730574072000105e+06 4.542251740471952431e-02 9.417212600071773196e-04
2.458731077665999997e+06 4.405224034204777844e-02 9.417135523878949208e-04
2.458731570733000059e+06 4.691053651563849292e-02 9.417223533801484742e-04
2.458732063800000120e+06 4.457679087476020680e-02 9.417184835630943232e-04
2.458732567394000012e+06 4.411647458316592801e-02 9.417051862678047121e-04
2.458733060461000074e+06 4.566875791938725115e-02 9.416948129928209323e-04
2.458733553528000135e+06 4.511207462534714413e-02 9.416836749370749958e-04
2.458734057120999787e+06 4.511207462534714413e-02 9.416836749370749958e-04
2.458734550187999848e+06 4.617188443719424246e-02 9.416930231271021870e-04
2.458735043256000150e+06 4.554026988046331464e-02 9.416878562265944795e-04
2.458735546848999802e+06 4.513347782551542509e-02 9.417147573954204320e-04
2.458736039915999863e+06 4.318510700107865141e-02 9.417117978351937681e-04
2.458736532982999925e+06 4.425565776661937595e-02 9.417006238729757001e-04
2.458737036576999817e+06 4.442693986551188301e-02 9.417035091803544616e-04
2.458737529643999878e+06 4.525123119693232748e-02 9.417126963381114522e-04
2.458738022710999940e+06 4.456611739996072657e-02 9.416982328756993374e-04
2.458738526304999832e+06 4.415928164975339854e-02 9.416834803482543531e-04
2.458739019371999893e+06 4.475879645299941229e-02 9.416883980613247745e-04
2.458739512438999955e+06 4.286397075933034290e-02 9.416967860531790403e-04
2.458740016032000072e+06 4.467317298072875920e-02 9.416973529382379002e-04
2.458740509099999908e+06 4.519770674450162423e-02 9.417227844970782816e-04
2.458741002166999970e+06 4.459822764667936007e-02 9.417195102704945192e-04
2.458741505760000087e+06 4.415928164975339854e-02 9.416834803482543531e-04
2.458741998827000149e+06 4.654656105151034479e-02 9.417036620651760177e-04
2.458742491894000210e+06 4.426633842863880036e-02 9.416832691086650560e-04
2.458742995488000102e+06 4.496220485494475255e-02 9.417025368783883080e-04
2.458743488555000164e+06 4.539039895985508971e-02 9.416824566502330360e-04
2.458743981622000225e+06 4.617188443719424246e-02 9.416930231271021870e-04
2.458744485216000117e+06 4.565803324633219834e-02 9.416839320679026935e-04
2.458744978283000179e+06 4.445903173018287552e-02 9.416876292955361164e-04
2.458745471349999774e+06 4.539039895985508971e-02 9.416824566502330360e-04
2.458745974944000132e+06 4.486586032730023599e-02 9.417094930776640860e-04
2.458746468011000194e+06 4.501574064538760300e-02 9.417043594916862242e-04
2.458746961077999789e+06 4.674999836286417021e-02 9.416858899198313421e-04
2.458747464670999907e+06 4.557241042708720657e-02 9.417228566766857331e-04
2.458747957737999968e+06 4.618260220198213556e-02 9.416989372454903466e-04
2.458748450805999804e+06 4.479092176446684143e-02 9.417042248722423767e-04
2.458748954398999922e+06 4.444834551319609001e-02 9.417069149571379938e-04
2.458749447465999983e+06 4.535830322607214971e-02 9.416850138534877410e-04
2.458749940533000045e+06 4.484441882346683339e-02 9.417137834164947090e-04
2.458750444126999937e+06 4.544394232649905802e-02 9.417050420932339926e-04
2.458750937193999998e+06 4.474807939875164592e-02 9.417102070478052325e-04
2.458751430261000060e+06 4.343133710134830516e-02 9.417209572261767440e-04
2.458751933854999952e+06 4.496220485494475255e-02 9.417025368783883080e-04
2.458752426922000013e+06 4.443762093617883296e-02 9.416843410203572760e-04
2.458752919989000075e+06 4.355981232957034655e-02 9.416982785679918434e-04
2.458753423582000192e+06 4.440550362746298330e-02 9.416990209422963429e-04
2.458753916650000028e+06 4.378462152387462003e-02 9.417190633827066766e-04
2.458754409717000090e+06 4.487656425692660572e-02 9.416861655574293747e-04
2.458754913310000207e+06 4.324935151542018408e-02 9.417185451633921026e-04
2.458755406376999803e+06 4.540110258389625647e-02 9.416954373526782588e-04
2.458755899443999864e+06 4.391309021648828054e-02 9.416914302293752717e-04
2.458756403038000222e+06 4.443762093617883296e-02 9.416843410203572760e-04
2.458756896104999818e+06 4.390237347992651668e-02 9.417042293452664329e-04
2.458757389171999879e+06 4.516558086770396802e-02 9.417190061474060847e-04
2.458757892765999772e+06 4.472669418271064956e-02 9.417133043330152241e-04
2.458758385832999833e+06 4.626826347388854344e-02 9.416984362916755663e-04
2.458758878899999894e+06 4.628966097221288989e-02 9.417075962590837346e-04
2.458759382493999787e+06 4.622541299535456311e-02 9.417203788207670215e-04
2.458759875560999848e+06 4.236082405991880434e-02 9.416844027393983952e-04
2.458760368627999909e+06 4.365616678835237269e-02 9.416904600790944151e-04
2.458760872221000027e+06 4.459822764667936007e-02 9.417195102704945192e-04
2.458761365288000088e+06 4.474807939875164592e-02 9.417102070478052325e-04
2.458761858355999924e+06 4.687844529013786982e-02 9.416825996013205267e-04
2.458762361949000042e+06 4.534756792560271088e-02 9.417127378987394382e-04
2.458762855016000103e+06 4.415928164975339854e-02 9.416834803482543531e-04
2.458763348083000164e+06 4.546533547885842769e-02 9.416877320364710167e-04
2.458763851677000057e+06 4.551888339306796316e-02 9.417067923997834294e-04
2.458764344744000118e+06 4.339922757973743023e-02 9.417042538236114566e-04
2.458764837811000179e+06 4.400941543634621922e-02 9.416898275442167491e-04
2.458765341405000072e+06 4.467317298072875920e-02 9.416973529382379002e-04
2.458765834472000133e+06 4.339922757973743023e-02 9.417042538236114566e-04
2.458766327539000195e+06 4.526194369124532380e-02 9.416855047854893893e-04
2.458766831131999847e+06 4.524052123802836667e-02 9.416981542097604485e-04
2.458767324200000148e+06 4.452328502108560127e-02 9.416953333079448180e-04
2.458767817267000210e+06 4.495148049837729282e-02 9.416849318047356169e-04
2.458768320859999862e+06 4.589354440569522187e-02 9.417225577756788146e-04
2.458768813926999923e+06 4.572229274794090831e-02 9.417038005628861714e-04
2.458769306993999984e+06 4.419142438128393496e-02 9.417176855933805796e-04
2.458769810587999877e+06 4.551888339306796316e-02 9.417067923997834294e-04
2.458770303654999938e+06 4.520840656776949767e-02 9.416958911897420001e-04
2.458770796721999999e+06 4.446976147448191558e-02 9.417101054017629549e-04
2.458771300315999892e+06 4.605415306010931381e-02 9.417096414457862361e-04
2.458771793382999953e+06 4.431986205637835491e-02 9.417197410934849064e-04
2.458772286450000014e+06 4.398801859793799451e-02 9.417181630396536350e-04
2.458772790043999907e+06 4.374177476633956535e-02 9.416838444806090473e-04
2.458773283110999968e+06 4.470527801161473108e-02 9.417153162276777024e-04
2.458773776178000029e+06 4.489797977789942302e-02 9.417220214277357594e-04
2.458774279771000147e+06 4.604342269740280963e-02 9.417022661101153791e-04
2.458774772838000208e+06 4.478019701812873538e-02 9.416849634720262600e-04
2.458775265906000044e+06 4.592568048431230204e-02 9.417051951859849255e-04
2.458775769499000162e+06 4.346347037963478599e-02 9.416971385220571263e-04
2.458776262566000223e+06 4.446976147448191558e-02 9.417101054017629549e-04
2.458776755632999819e+06 4.518700945364368532e-02 9.417079935502078872e-04
2.458777259227000177e+06 4.542251740471952431e-02 9.417212600071773196e-04
2.458777752293999773e+06 4.437340953154515072e-02 9.417131877384858369e-04
2.458778245360999834e+06 4.543322860269204816e-02 9.416922563641963060e-04
2.458778748955000192e+06 4.612908073181209989e-02 9.417122409106619017e-04
2.458779242021999788e+06 4.491936414627918650e-02 9.417154574166385073e-04
2.458779735088999849e+06 4.539039895985508971e-02 9.416824566502330360e-04
2.458780238681999967e+06 4.503713962109612973e-02 9.416957260865156621e-04
2.458780731749999803e+06 4.467317298072875920e-02 9.416973529382379002e-04
2.458781224816999864e+06 4.707114905397167398e-02 9.416950674764382710e-04
2.458781728409999982e+06 4.600061097808233468e-02 9.417163908958987601e-04
2.458782221477000043e+06 4.579722884766709856e-02 9.416865068545211999e-04
2.458782714544000104e+06 4.443762093617883296e-02 9.416843410203572760e-04
2.458783218137999997e+06 4.418072110269433833e-02 9.416930588460206784e-04
2.458783711205000058e+06 4.403082268269525867e-02 9.417017955504545894e-04
2.459622427943999879e+06 4.349558737123896540e-02 9.417119626801859168e-04
2.459622921010999940e+06 4.594708882467404137e-02 9.417209844662461022e-04
2.459623424604999833e+06 4.499431039589193299e-02 9.417119047476368594e-04
2.459623917671999894e+06 4.437340953154515072e-02 9.417131877384858369e-04
2.459624410738999955e+06 4.480160781553037957e-02 9.417225741254611282e-04
2.459624914332000073e+06 4.615049887513406057e-02 9.417244244944108795e-04
2.459625407399999909e+06 4.373109983832599440e-02 9.416956989546373209e-04
2.459625900466999970e+06 4.473740611525210686e-02 9.416916142957019054e-04
2.459626404060000088e+06 4.409506630695075174e-02 9.416949512953151722e-04
2.459626897127000149e+06 4.592568048431230204e-02 9.417051951859849255e-04
2.459627390194000211e+06 4.481233768970146331e-02 9.417004722210569213e-04
2.459627893788000103e+06 4.419142438128393496e-02 9.417176855933805796e-04
2.459628386855000164e+06 4.582933969351516562e-02 9.417136170660313568e-04
2.459628879922000226e+06 4.464104989007901259e-02 9.417191783801147570e-04
2.459629383516000118e+06 4.398801859793799451e-02 9.417181630396536350e-04
2.459629876583000179e+06 4.388094785223795036e-02 9.416892247642337033e-04
2.459630369649999775e+06 4.366686364357232064e-02 9.417201045091981191e-04
2.459630873244000133e+06 4.460890881180328699e-02 9.416985318218253293e-04
2.459631366311000194e+06 4.539039895985508971e-02 9.417242627526372593e-04
2.459631859377999790e+06 4.506925715933830789e-02 9.417031166834112033e-04
2.459632362970999908e+06 4.442693986551188301e-02 9.417035091803544616e-04
2.459632856037999969e+06 4.490865000805036727e-02 9.416976520194900689e-04
2.459633349105999805e+06 4.525123119693232748e-02 9.417126963381114522e-04
2.459633852698999923e+06 4.467317298072875920e-02 9.416973529382379002e-04
2.459634345765999984e+06 4.396659166766424265e-02 9.417048862797227022e-04
2.459634838833000045e+06 4.533687692272744818e-02 9.416995066394778183e-04
2.459635342426999938e+06 4.352768800494238866e-02 9.417254271850245776e-04
2.459635835493999999e+06 4.435199912217119983e-02 9.417081527562987976e-04
2.459636328561000060e+06 4.494080009176409235e-02 9.417095408690887666e-04
2.459636832154999953e+06 4.303525691577932827e-02 9.416943354420547483e-04
2.459637325222000014e+06 4.593638340734168546e-02 9.417131135535672121e-04
2.459637818289000075e+06 4.514420402295873935e-02 9.416890845412458598e-04
2.459638321882000193e+06 4.592568048431230204e-02 9.417051951859849255e-04
2.459638814950000029e+06 4.650375265273676978e-02 9.416942175662630470e-04
2.459639308017000090e+06 4.512275417660091548e-02 9.416988052962361978e-04
2.459639811610000208e+06 4.531546074071558100e-02 9.417137756040276728e-04
2.459640304676999804e+06 4.556170837990160954e-02 9.417115255736951572e-04
2.459640797743999865e+06 4.527265872156726462e-02 9.416999452418966339e-04
2.459641301338000223e+06 4.559382206350114791e-02 9.417033854938859508e-04
2.459641794404999819e+06 4.385953268087534190e-02 9.417144066632088207e-04
2.459642287471999880e+06 4.619332245465811171e-02 9.417048033681196632e-04
2.459642791065999772e+06 4.533687692272744818e-02 9.416995066394778183e-04
2.459643284132999834e+06 4.428774827681864618e-02 9.416900276862391703e-04
2.459643777199999895e+06 4.544394232649905802e-02 9.417050420932339926e-04
2.459644280793999787e+06 4.357052570545111303e-02 9.416891061783122388e-04
2.459644773860999849e+06 4.421283871806161447e-02 9.417260875275581611e-04
2.459645266927999910e+06 4.367756311978993750e-02 9.417094784077266207e-04
2.459645770521000028e+06 4.433059904343506635e-02 9.417029033913046788e-04
2.459646263588000089e+06 4.487656425692660572e-02 9.417274984005824740e-04
2.459646756655999925e+06 4.497289034850748130e-02 9.417192293970631269e-04
2.459647260249000043e+06 4.573299039333117433e-02 9.417135228086805174e-04
2.459647753316000104e+06 4.471598481503623324e-02 9.416937450506878771e-04
2.459648246383000165e+06 4.441622045328778856e-02 9.417217463632978442e-04
2.459648749977000058e+06 4.579722884766709856e-02 9.417286876610991451e-04
2.459649243044000119e+06 4.423422269058240042e-02 9.416926678777275649e-04
2.459649736111000180e+06 4.369896993778719235e-02 9.416880409382438841e-04
2.459650239705000073e+06 4.377389582209022245e-02 9.416899613698782390e-04
2.459650732772000134e+06 4.350628495122721429e-02 9.417031486635935944e-04
2.459651225839000195e+06 4.721030432821961276e-02 9.416961103033500086e-04
2.459651729431999847e+06 4.496220485494475255e-02 9.417025368783883080e-04
2.459652222500000149e+06 4.375249259766010590e-02 9.417130929538190679e-04
2.459652715567000210e+06 4.467317298072875920e-02 9.416973529382379002e-04
2.459653219159999862e+06 4.558311498809033968e-02 9.416921575445057029e-04
2.459653712226999924e+06 4.551888339306796316e-02 9.417067923997834294e-04
2.459654205293999985e+06 4.544394232649905802e-02 9.417050420932339926e-04
2.459654708887999877e+06 4.509068157500552287e-02 9.416939402338696686e-04
2.459655201954999939e+06 4.525123119693232748e-02 9.417126963381114522e-04
2.459655695022000000e+06 4.344205889081498295e-02 9.417133679188623152e-04
2.459656198615999892e+06 4.403082268269525867e-02 9.417017955504545894e-04
2.459656691682999954e+06 4.562591635904631598e-02 9.416938987658028410e-04
2.459657184750000015e+06 4.552957538103837021e-02 9.417183196536700954e-04
2.459657688343999907e+06 4.591498005500486979e-02 9.416972293860436001e-04
2.459658181410999969e+06 4.572229274794090831e-02 9.417038005628861714e-04
2.459658674478000030e+06 4.398801859793799451e-02 9.417181630396536350e-04
2.459659178071000148e+06 4.542251740471952431e-02 9.417212600071773196e-04
2.459659671138000209e+06 4.463031992302680245e-02 9.416983560425620054e-04
2.459660164206000045e+06 4.424493893053581955e-02 9.417170480867641811e-04
2.459660667799000163e+06 4.395590235924514561e-02 9.417188450542416690e-04
2.459661160866000224e+06 4.610767252850974524e-02 9.416998658043950268e-04
2.459661653932999820e+06 4.459822764667936007e-02 9.417195102704945192e-04
2.459662157527000178e+06 4.430916848008130404e-02 9.416965725165668197e-04
2.459662650593999773e+06 4.427706244899241861e-02 9.417074991064742096e-04
2.459663143660999835e+06 4.671784484536311427e-02 9.417266807579590532e-04
2.459663647255000193e+06 4.377389582209022245e-02 9.416899613698782390e-04
2.459664140321999788e+06 4.458750797242393149e-02 9.416984906968469066e-04
2.459664633388999850e+06 4.478019701812873538e-02 9.417262075576721559e-04
2.459665136981999967e+06 4.405224034204777844e-02 9.417135523878949208e-04
2.459665630049999803e+06 4.556170837990160954e-02 9.417115255736951572e-04
2.459666123116999865e+06 4.361332522582253568e-02 9.416902363467972948e-04
2.459666626709999982e+06 4.378462152387462003e-02 9.417190633827066766e-04
2.459667119777000044e+06 4.476951607395499022e-02 9.417077588609615519e-04
2.459667612844000105e+06 4.467317298072875920e-02 9.416973529382379002e-04
2.459668116437999997e+06 4.300312336305436162e-02 9.417041235239558428e-04
2.459668609505000059e+06 4.380604046541186625e-02 9.416955794437023184e-04
2.459669102572000120e+06 4.368826521764743870e-02 9.416987905606152712e-04
2.459669606166000012e+06 4.482302885009657040e-02 9.417187219314722023e-04
2.459670099233000074e+06 4.555096689193272042e-02 9.416992805209910365e-04
2.459670592300000135e+06 4.479092176446684143e-02 9.417042248722423767e-04
2.459671095894000027e+06 4.414858615621746613e-02 9.416993762491410527e-04
2.459671588961000089e+06 4.472669418271064956e-02 9.417133043330152241e-04
2.459672082028000150e+06 4.635387016567373702e-02 9.416903569795138929e-04
2.459672585620999802e+06 4.438411861177970347e-02 9.416951851289932871e-04
2.459673078687999863e+06 4.393449107305878731e-02 9.417052427389532160e-04
2.459673571756000165e+06 4.441622045328778856e-02 9.417217463632978442e-04
2.459674075348999817e+06 4.513347782551542509e-02 9.417147573954204320e-04
2.459674568415999878e+06 4.497289034850748130e-02 9.417192293970631269e-04
2.459675061482999939e+06 4.591498005500486979e-02 9.416972293860436001e-04
2.459675565076999832e+06 4.484441882346683339e-02 9.417137834164947090e-04
2.459676058143999893e+06 4.517631469459647969e-02 9.416931568528429542e-04
2.459676551210999954e+06 4.664294890511888614e-02 9.417205380720316491e-04
2.459677054804999847e+06 4.434129779178503511e-02 9.417259747809064111e-04
2.459677547871999908e+06 4.504784292328184447e-02 9.417120718172057592e-04
2.459678040938999970e+06 4.514420402295873935e-02 9.416890845412458598e-04
2.459678544532000087e+06 4.453398925493730343e-02 9.417166479512204501e-04
2.459679037599999923e+06 4.503713962109612973e-02 9.416957260865156621e-04
2.459679530666999985e+06 4.486586032730023599e-02 9.417094930776640860e-04
2.459680034260000102e+06 4.585074535451777455e-02 9.416889352862270338e-04
2.459680527327000163e+06 4.445903173018287552e-02 9.416876292955361164e-04
2.459681020394000225e+06 4.606484349620523083e-02 9.417161017206244307e-04
2.459681523988000117e+06 4.417002041646681670e-02 9.417090708770696136e-04
2.459682017055000179e+06 4.617188443719424246e-02 9.416930231271021870e-04
2.459682510121999774e+06 4.436270303521679809e-02 9.416902672785133592e-04
2.459683013716000132e+06 4.380604046541186625e-02 9.416955794437023184e-04
2.459683506783000194e+06 4.434129779178503511e-02 9.417259747809064111e-04
2.459683999849999789e+06 4.343133710134830516e-02 9.417209572261767440e-04
2.459684503444000147e+06 4.426633842863880036e-02 9.417240399130600648e-04
2.459684996511000209e+06 4.441622045328778856e-02 9.417217463632978442e-04
2.459685489577999804e+06 4.511207462534714413e-02 9.417252246932934041e-04
2.459685993170999922e+06 4.502643886199951540e-02 9.417208058434963728e-04
2.459686486237999983e+06 4.509068157500552287e-02 9.416939402338696686e-04
2.459686979305999819e+06 4.328146974009735443e-02 9.417003459860579049e-04
2.459687482898999937e+06 4.427706244899241861e-02 9.417074991064742096e-04
2.459687975965999998e+06 4.598989309038467588e-02 9.417087674746957510e-04
2.459688469033000059e+06 4.527265872156726462e-02 9.416999452418966339e-04
2.459688972626999952e+06 4.472669418271064956e-02 9.417133043330152241e-04
2.459689465694000013e+06 4.478019701812873538e-02 9.417262075576721559e-04
2.459689958761000074e+06 4.521910892404667343e-02 9.417105807108932256e-04
2.459690462354999967e+06 4.320651122866763644e-02 9.417010110139606600e-04
2.459690955422000028e+06 4.542251740471952431e-02 9.417212600071773196e-04
2.459691448489000089e+06 4.449114677645903820e-02 9.417122129565327644e-04
2.459691952082000207e+06 4.451258336011403027e-02 9.417149721092633831e-04
2.459692445150000043e+06 4.535830322607214971e-02 9.417267903946284794e-04
2.459692938217000104e+06 4.393449107305878731e-02 9.417052427389532160e-04
2.459693441810000222e+06 4.358120157645908876e-02 9.417191447650774625e-04
2.459693934876999818e+06 4.275691869975509901e-02 9.417077485179884376e-04
2.459807647255999967e+06 4.435199912217119983e-02 9.417081527562987976e-04
2.459808150849000085e+06 4.484441882346683339e-02 9.417137834164947090e-04
2.459808643916000146e+06 4.274620852430856960e-02 9.417080845348694239e-04
2.459809136983000208e+06 4.435199912217119983e-02 9.417081527562987976e-04
2.459809640577000100e+06 4.563663348812517506e-02 9.417049299702842874e-04
2.459810133644000161e+06 4.506925715933830789e-02 9.417031166834112033e-04
2.459810626711000223e+06 4.497289034850748130e-02 9.417192293970631269e-04
2.459811130305000115e+06 4.339922757973743023e-02 9.417042538236114566e-04
2.459811623372000176e+06 4.418072110269433833e-02 9.417337507939444212e-04
2.459812116438999772e+06 4.394517517462670497e-02 9.417318740106089088e-04
2.459812620031999890e+06 4.550815200138602634e-02 9.417362658500638434e-04
2.459813113100000191e+06 4.464104989007901259e-02 9.417191783801147570e-04
2.459813606166999787e+06 4.433059904343506635e-02 9.417029033913046788e-04
2.459814109759999905e+06 4.572229274794090831e-02 9.417038005628861714e-04
2.459814602826999966e+06 4.476951607395499022e-02 9.417077588609615519e-04
2.459815095894000027e+06 4.519770674450162423e-02 9.417227844970782816e-04
2.459815599487999920e+06 4.410578945761350206e-02 9.417208404081641240e-04
2.459816092554999981e+06 4.463031992302680245e-02 9.417394620863021957e-04
2.459816585622000042e+06 4.357052570545111303e-02 9.417292361155054931e-04
2.459817089215999935e+06 4.668575644142426706e-02 9.417248382643816397e-04
2.459817582282999996e+06 4.512275417660091548e-02 9.417403648886848522e-04
2.459818075350000057e+06 4.463031992302680245e-02 9.417394620863021957e-04
2.459818578943999950e+06 4.441622045328778856e-02 9.417217463632978442e-04
2.459819072011000011e+06 4.361332522582253568e-02 9.417304057038058344e-04
2.459819565078000072e+06 4.347416006056691040e-02 9.417285395693786179e-04
2.459820068671000190e+06 4.522981381393307437e-02 9.417252244117130895e-04
2.459820561737999786e+06 4.531546074071558100e-02 9.417137756040276728e-04
2.459821054806000087e+06 4.541180873198604612e-02 9.417083718125042642e-04
2.459821558399000205e+06 4.430916848008130404e-02 9.417373827688969813e-04
2.459822051465999801e+06 4.449114677645903820e-02 9.417122129565327644e-04
2.459822544532999862e+06 4.472669418271064956e-02 9.417133043330152241e-04
2.459823048127000220e+06 4.411647458316592801e-02 9.417458190424969275e-04
2.459823541193999816e+06 4.636458747097359223e-02 9.417372682392582788e-04
2.459824034260999877e+06 4.446976147448191558e-02 9.417101054017629549e-04
2.459824537854999769e+06 4.412720293994772114e-02 9.417309792568865148e-04
2.459825030921999831e+06 4.567944303923304750e-02 9.417047797304723767e-04
2.459825523988999892e+06 4.392376911374133025e-02 9.417181567206230498e-04
2.459826027582000010e+06 4.560453165391044339e-02 9.417145667611269248e-04
2.459826520649999846e+06 4.535830322607214971e-02 9.417267903946284794e-04
2.459827013716999907e+06 4.565803324633219834e-02 9.417259846705941127e-04
2.459827517310000025e+06 4.426633842863880036e-02 9.417240399130600648e-04
2.459828010377000086e+06 4.309947698495184693e-02 9.417102313004151355e-04
2.459828503444000147e+06 4.512275417660091548e-02 9.417403648886848522e-04
2.459829007038000040e+06 4.343133710134830516e-02 9.417209572261767440e-04
2.459829500105000101e+06 4.435199912217119983e-02 9.417081527562987976e-04
2.459829993172000162e+06 4.431986205637835491e-02 9.417197410934849064e-04
2.459830496766000055e+06 4.518700945364368532e-02 9.417079935502078872e-04
2.459830989833000116e+06 4.440550362746298330e-02 9.417399199225762966e-04
2.459831482900000177e+06 4.566875791938725115e-02 9.417368754733011511e-04
2.459831986494000070e+06 4.445903173018287552e-02 9.417285775770204651e-04
2.459832479561000131e+06 4.499431039589193299e-02 9.417119047476368594e-04
2.459832972628000192e+06 4.701759383809805265e-02 9.417495785036475182e-04
2.459833476220999844e+06 4.587216101353328718e-02 9.417485246514720708e-04
2.459833969287999906e+06 4.611837538794685137e-02 9.417485538800382527e-04
2.459834462356000207e+06 4.628966097221288989e-02 9.417502306124094728e-04
2.459834965948999859e+06 4.548673870224036880e-02 9.417120918213567641e-04
2.459835459015999921e+06 4.292821199144040284e-02 9.417242869228100669e-04
2.459835952082999982e+06 4.733875152467170722e-02 9.417293903440945944e-04
2.459836455676999874e+06 4.502643886199951540e-02 9.417208058434963728e-04
2.459836948743999936e+06 4.584002016444242017e-02 9.417219811654552707e-04
2.459837441810999997e+06 4.519770674450162423e-02 9.417227844970782816e-04
2.459837945404999889e+06 4.579722884766709856e-02 9.417286876610991451e-04
2.459838438471999951e+06 4.457679087476020680e-02 9.417184835630943232e-04
2.459838931539000012e+06 4.482302885009657040e-02 9.417187219314722023e-04
2.459839435132000130e+06 4.587216101353328718e-02 9.417485246514720708e-04
2.459839928199999966e+06 4.566875791938725115e-02 9.417368754733011511e-04
2.459840421267000027e+06 4.512275417660091548e-02 9.417403648886848522e-04
2.459840924860000145e+06 4.491936414627918650e-02 9.417154574166385073e-04
2.459841417927000206e+06 4.340994144240393343e-02 9.417368199139685174e-04
2.459841910993999802e+06 4.531546074071558100e-02 9.417137756040276728e-04
2.459842414588000160e+06 4.452328502108560127e-02 9.417363407688969165e-04
2.459842907655000221e+06 4.719960889481147198e-02 9.417436049450714523e-04
2.459843400721999817e+06 4.525123119693232748e-02 9.417543742622690129e-04
2.459843904316000175e+06 4.491936414627918650e-02 9.417154574166385073e-04
2.459844397382999770e+06 4.592568048431230204e-02 9.417474943008923667e-04
2.459844890449999832e+06 4.626826347388854344e-02 9.417410509371771732e-04
2.459845394044000190e+06 4.530477730733128983e-02 9.417421235178755849e-04
2.459845887110999785e+06 4.486586032730023599e-02 9.417508160621339795e-04
2.459846380177999847e+06 4.517631469459647969e-02 9.417347657763516788e-04
2.459846883770999964e+06 4.482302885009657040e-02 9.417187219314722023e-04
2.459847376838000026e+06 4.314229061566095258e-02 9.417317789627747222e-04
2.459847869905999862e+06 4.511207462534714413e-02 9.417252246932934041e-04
2.459848373498999979e+06 4.483372256114885601e-02 9.417369267494762972e-04
2.459848866566000041e+06 4.425565776661937595e-02 9.417413848401174096e-04
2.459849359633000102e+06 4.537969785926720262e-02 9.417530222203383426e-04
2.459849863226999994e+06 4.459822764667936007e-02 9.417195102704945192e-04
2.459850356294000056e+06 4.452328502108560127e-02 9.417363407688969165e-04
2.459850849361000117e+06 4.442693986551188301e-02 9.417444279041393149e-04
2.459851352955000009e+06 4.542251740471952431e-02 9.417212600071773196e-04
2.459851846022000071e+06 4.370967728085171922e-02 9.417577457120421269e-04
2.459852339089000132e+06 4.350628495122721429e-02 9.417432194328657436e-04
2.459852842681999784e+06 4.418072110269433833e-02 9.417337507939444212e-04
2.459853335750000086e+06 4.512275417660091548e-02 9.417403648886848522e-04
2.459853828817000147e+06 4.478019701812873538e-02 9.417262075576721559e-04
2.459854332409999799e+06 4.533687692272744818e-02 9.417412634462638899e-04
2.459854825476999860e+06 4.574369054164981879e-02 9.417231980531879949e-04
2.459855318543999922e+06 4.428774827681864618e-02 9.417308182098331091e-04
2.459855822137999814e+06 4.559382206350114791e-02 9.417453789558922908e-04
2.459856315204999875e+06 4.440550362746298330e-02 9.417399199225762966e-04
2.459856808271999937e+06 4.597917769989537384e-02 9.417434448711723294e-04
2.459857311865999829e+06 4.463031992302680245e-02 9.417394620863021957e-04
2.459857804932999890e+06 4.291749843721643504e-02 9.417264325232851344e-04
2.459858297999999952e+06 4.338851636132359108e-02 9.417515710445833674e-04
2.459858801593999844e+06 4.500500351949738437e-02 9.417284516060118842e-04
2.459859294660999905e+06 4.407366841946908087e-02 9.417250978482742153e-04
2.459859787727999967e+06 4.452328502108560127e-02 9.417363407688969165e-04
2.459860291321000084e+06 4.482302885009657040e-02 9.417600054666934320e-04
2.459860784388000146e+06 4.507996809441810332e-02 9.417608364136441108e-04
2.459861277455999982e+06 4.437340953154515072e-02 9.417540571590107563e-04
2.459861781049000099e+06 4.277830770141326233e-02 9.417454315313730437e-04
2.459862274116000161e+06 4.454469606228796119e-02 9.417379184122687610e-04
2.459862767183000222e+06 4.398801859793799451e-02 9.417586775020109864e-04
2.459863270777000114e+06 4.640739599132327059e-02 9.417519203982037271e-04
2.459863763844000176e+06 4.536899928153781403e-02 9.417399293926991162e-04
2.459864256910999771e+06 4.544394232649905802e-02 9.417468975109009183e-04
2.459864760505000129e+06 4.365616678835237269e-02 9.417306688946398699e-04
2.459865253572000191e+06 4.510135606180197543e-02 9.417507114491907800e-04
2.459865746638999786e+06 4.413789325315804063e-02 9.417558617108491180e-04
2.459866250231999904e+06 4.495148049837729282e-02 9.417677354918584272e-04
2.459866743300000206e+06 4.474807939875164592e-02 9.417514215520306989e-04
2.459867236366999801e+06 4.491936414627918650e-02 9.417568296799463555e-04
2.459867739959999919e+06 4.554026988046331464e-02 9.417717445038408398e-04
2.459868233026999980e+06 4.399871571646574858e-02 9.417445508899907440e-04
2.459868726094000041e+06 4.435199912217119983e-02 9.417490024571082731e-04
2.459869229687999934e+06 4.487656425692660572e-02 9.417688312437356817e-04
2.459869722754999995e+06 4.445903173018287552e-02 9.417695258585045970e-04
2.459870215822000057e+06 4.511207462534714413e-02 9.417667744495118124e-04
2.459870719415999949e+06 4.409506630695075174e-02 9.417355643522564096e-04
2.459871212483000010e+06 4.374177476633956535e-02 9.417644198074235154e-04
2.459871705550000072e+06 4.475879645299941229e-02 9.417708468113195020e-04
2.459872209143999964e+06 4.469457377183230079e-02 9.417368230858489189e-04
2.459872702211000025e+06 4.495148049837729282e-02 9.417677354918584272e-04
2.459873195278000087e+06 4.634319802135223459e-02 9.417723353629004358e-04
2.459873698871000204e+06 4.554026988046331464e-02 9.417717445038408398e-04
2.459874191937999800e+06 4.481233768970146331e-02 9.417417459093553947e-04
2.459874685006000102e+06 4.513347782551542509e-02 9.417563268647150638e-04
2.459875188599000219e+06 4.446976147448191558e-02 9.417510635657071714e-04
2.459875681665999815e+06 4.317440886393125038e-02 9.417568656580508572e-04
2.459876174732999876e+06 4.471598481503623324e-02 9.417761149387306966e-04
2.459876678326999769e+06 4.511207462534714413e-02 9.417667744495118124e-04
2.459877171393999830e+06 4.604342269740280963e-02 9.417446736696089222e-04
2.459877664460999891e+06 4.469457377183230079e-02 9.417779883095708793e-04
2.459878168054999784e+06 4.512275417660091548e-02 9.417819244811336150e-04
2.459878661121999845e+06 4.469457377183230079e-02 9.417779883095708793e-04
2.459879154188999906e+06 4.512275417660091548e-02 9.417819244811336150e-04
2.459987411249999888e+06 4.608623181360616688e-02 9.431720766154745323e-04
2.459987904316999950e+06 4.412720293994772114e-02 9.431941148683511142e-04
2.459988407910000067e+06 4.687844529013786982e-02 9.432369587753530217e-04
2.459988900977000128e+06 4.414858615621746613e-02 9.432852079203583179e-04
2.459989394044000190e+06 4.680350742012986953e-02 9.433241227346420531e-04
2.459989897638000082e+06 4.539039895985508971e-02 9.433547007463935095e-04
2.459990390705000143e+06 4.458750797242393149e-02 9.433822218083801362e-04
2.459990883772000205e+06 4.618260220198213556e-02 9.434429029362197822e-04
2.459991387366000097e+06 4.536899928153781403e-02 9.434531714881465130e-04
2.459991880433000159e+06 4.415928164975339854e-02 9.435137294138474552e-04
2.459992373500000220e+06 4.609697215292424960e-02 9.435617092227373834e-04
2.459992877094000112e+06 4.566875791938725115e-02 9.435876246144342481e-04
2.459993370161000174e+06 4.706044180172245378e-02 9.436480739753354621e-04
2.459993863227999769e+06 4.382742951828013517e-02 9.436893075759627972e-04
2.459994366820999887e+06 4.434129779178503511e-02 9.437271271623740541e-04
2.459994859887999948e+06 4.468387209507482943e-02 9.437748786433142276e-04
2.459995352955999784e+06 4.424493893053581955e-02 9.437953539179306465e-04
2.459995856548999902e+06 4.517631469459647969e-02 9.438568208753042241e-04
2.459996349615999963e+06 4.540110258389625647e-02 9.439116832753998787e-04
2.459996842683000024e+06 4.428774827681864618e-02 9.439742970074916110e-04
2.459997346276999917e+06 4.491936414627918650e-02 9.440323041618862467e-04
2.459997839343999978e+06 4.458750797242393149e-02 9.440803542204794733e-04
2.459998332411000039e+06 4.578651617592058298e-02 9.441230011988646295e-04
2.459998836004999932e+06 4.495148049837729282e-02 9.442104442619827934e-04
2.459999329071999993e+06 4.623614318559361031e-02 9.442385713595602718e-04
2.459999822139000054e+06 4.544394232649905802e-02 9.443000779885972647e-04
2.460000325732000172e+06 4.487656425692660572e-02 9.443728003623816933e-04
2.460000818800000008e+06 4.364543235454072800e-02 9.444336324457473049e-04
2.460001311867000069e+06 4.418072110269433833e-02 9.445008032527434268e-04
2.460001815460000187e+06 4.635387016567373702e-02 9.445935144476468905e-04
2.460002308526999783e+06 4.391309021648828054e-02 9.446439481354329060e-04
2.460002801593999844e+06 4.442693986551188301e-02 9.447314947404200506e-04
2.460003305188000202e+06 4.433059904343506635e-02 9.448059826775402018e-04
2.460003798254999798e+06 4.497289034850748130e-02 9.449086897297473290e-04
2.460004291321999859e+06 4.549746504439842326e-02 9.449932034317626295e-04
2.460004794916000217e+06 4.536899928153781403e-02 9.450410544058784369e-04
2.460005287982999813e+06 4.634319802135223459e-02 9.451443447217504693e-04
2.460005781049999874e+06 4.497289034850748130e-02 9.452400622318443213e-04
2.460006284644000232e+06 4.460890881180328699e-02 9.453141282790820683e-04
2.460006777710999828e+06 4.569017274126153244e-02 9.454188009083205196e-04
2.460007270777999889e+06 4.487656425692660572e-02 9.455301199706692312e-04
2.460007774371000007e+06 4.686773870532111308e-02 9.456547062886198028e-04
2.460008267438000068e+06 4.435199912217119983e-02 9.457522731364173540e-04
2.460008760505999904e+06 4.694269294538669368e-02 9.458699903951372188e-04
2.460009264099000022e+06 4.507996809441810332e-02 9.459543750997289908e-04
2.460009757166000083e+06 4.600061097808233468e-02 9.460803081254968733e-04
2.460010250233000144e+06 4.634319802135223459e-02 9.462114362910069819e-04
2.460010753827000037e+06 4.499431039589193299e-02 9.463118880880254553e-04
2.460011246894000098e+06 4.658940885697477469e-02 9.464753838499998613e-04
2.460011739961000159e+06 4.698551592574415348e-02 9.466030246165394553e-04
2.460012243555000052e+06 4.519770674450162423e-02 9.467182196548738641e-04
2.460012736622000113e+06 4.591498005500486979e-02 9.468988082981364849e-04
2.460013229689000174e+06 4.565803324633219834e-02 9.470246126097070808e-04
2.460013733281999826e+06 4.579722884766709856e-02 9.472121925162429752e-04
2.460014226350000128e+06 4.539039895985508971e-02 9.473680865771779086e-04
2.460014719417000189e+06 4.596850714457300507e-02 9.475369665182392653e-04
2.460015223009999841e+06 4.543322860269204816e-02 9.477180155588480013e-04
2.460015716076999903e+06 4.560453165391044339e-02 9.478890556689720812e-04
2.460016209143999964e+06 4.563663348812517506e-02 9.480518967809212173e-04
2.460016712737999856e+06 4.536899928153781403e-02 9.482586066339141091e-04
2.460017205804999918e+06 4.574369054164981879e-02 9.484642374093312260e-04
2.460017698871999979e+06 4.537969785926720262e-02 9.486911991104758158e-04
2.460018202465999871e+06 4.593638340734168546e-02 9.489056389064336140e-04
2.460018695532999933e+06 4.558311498809033968e-02 9.491232548198236208e-04
2.460019188599999994e+06 4.780978602563099727e-02 9.493825315903801389e-04
2.460019692193999887e+06 4.605415306010931381e-02 9.496417031975254745e-04
2.460020185260999948e+06 4.516558086770396802e-02 9.498724174560418910e-04
2.460020678328000009e+06 4.655728002729129372e-02 9.501536435128224781e-04
2.460021181921000127e+06 4.606484349620523083e-02 9.504561232089308188e-04
2.460021674988000188e+06 4.655728002729129372e-02 9.507539752670051032e-04
2.460022168056000024e+06 4.604342269740280963e-02 9.510743367581535844e-04
2.460022671649000142e+06 4.597917769989537384e-02 9.513988772585556209e-04
2.460023164716000203e+06 4.649304600067025173e-02 9.517117904298748148e-04
2.460023657782999799e+06 4.726381786003070601e-02 9.520792950319011344e-04
2.460024161377000157e+06 4.757429924717325453e-02 9.524620604930251425e-04
2.460024654444000218e+06 4.596850714457300507e-02 9.528716250428728111e-04
2.460025147510999814e+06 4.572229274794090831e-02 9.532424304418877321e-04
2.460025651105000172e+06 4.697478488702679089e-02 9.536986781198873936e-04
2.460026144171999767e+06 4.758499193055609061e-02 9.541662650467858412e-04
2.460026637238999829e+06 4.701759383809805265e-02 9.546111053724379465e-04
2.460027140831999946e+06 4.814167536910327061e-02 9.551305598737693057e-04
2.460027633899999782e+06 4.733875152467170722e-02 9.556815828025469993e-04
2.460028126966999844e+06 4.812026385327015932e-02 9.562569695550010096e-04
2.460028630559999961e+06 4.706044180172245378e-02 9.568247316616388266e-04
2.460029123627000023e+06 4.829155611027527439e-02 9.574814985721899789e-04
2.460029616694000084e+06 4.801321636876960952e-02 9.581096598666902176e-04
2.460030120287999976e+06 4.648234181361781542e-02 9.588563087766951943e-04
2.460030613355000038e+06 4.738158668360446107e-02 9.596011489898487005e-04
2.460031106422000099e+06 4.764924240480665485e-02 9.603699010632783329e-04
2.460031610015999991e+06 4.611837538794685137e-02 9.612453102839416640e-04
2.460032103083000053e+06 4.609697215292424960e-02 9.621153659420651023e-04
2.460032596150000114e+06 4.759568701720048867e-02 9.631043334332222219e-04
2.460033099744000006e+06 4.995084046566111713e-02 9.641566331225559852e-04
2.460033592811000068e+06 4.916938768742751265e-02 9.652402900235725622e-04
2.460034085878000129e+06 4.892314864241284478e-02 9.663993558799782117e-04
2.460034589470999781e+06 4.881611349362237340e-02 9.677021049116557236e-04
2.460035082537999842e+06 5.026133271078282727e-02 9.690387711342821628e-04
2.460035575606000144e+06 4.942628852166889436e-02 9.704655827882836686e-04
2.460036079198999796e+06 5.062529885622100295e-02 9.720460648088534439e-04
2.460036572265999857e+06 5.229531701003873462e-02 9.737191447073989016e-04
2.460037065332999919e+06 5.019707368228336353e-02 9.754283369271467448e-04
2.460037568926999811e+06 5.087153005095307323e-02 9.772892984066575660e-04
2.460038061993999872e+06 5.174933818100967836e-02 9.791389930570721777e-04
2.460038555060999934e+06 5.301256280682189320e-02 9.808242158606756203e-04
2.460039058654999826e+06 5.158877316274818742e-02 9.822779261847286707e-04
2.460039551721999887e+06 5.045399966732316138e-02 9.831161678905933794e-04
2.460040044788999949e+06 5.217754003779274952e-02 9.834443897643230150e-04
2.460040548382000066e+06 5.253084659324663147e-02 9.836686272474608281e-04
2.460041041449999902e+06 5.345146341608603829e-02 9.843661897990492807e-04
2.460041534516999964e+06 5.213473855682326102e-02 9.859989165271439756e-04
2.460042038110000081e+06 5.260574797516969631e-02 9.891895894733660800e-04
2.460042531177000143e+06 5.291621837056734168e-02 9.947839340977478878e-04
2.460043024244000204e+06 5.660953662502840600e-02 1.004203111787116192e-03
2.460043527838000096e+06 5.784065468591308157e-02 1.015121048934351051e-03
2.460044020905000158e+06 5.841871502178744985e-02 1.020154648946090337e-03
2.460044513972000219e+06 5.890047538682043754e-02 1.021677869908651322e-03
2.460045017566000111e+06 5.893259975480688584e-02 1.022235093863823425e-03
2.460045510633000173e+06 5.808687331289046768e-02 1.022331259906079969e-03
2.460046003699999768e+06 5.881482376213589824e-02 1.021763114225837090e-03
2.460046507294000126e+06 5.860075345982324047e-02 1.020418993173601886e-03
2.460047000361000188e+06 5.862213078031826979e-02 1.018469539896646849e-03
2.460047493427999783e+06 5.709130890740859998e-02 1.015851725261322910e-03
2.460047997020999901e+06 5.751951295327640407e-02 1.012769514647201110e-03
2.460048490087999962e+06 5.732678680044882985e-02 1.009428906623899367e-03
2.460048983155999798e+06 5.789416572796271532e-02 1.005928909500923476e-03
2.460049486748999916e+06 5.537845050841089939e-02 1.002358864539966378e-03
2.460049979815999977e+06 5.458624247125978129e-02 9.988793416542546266e-04
2.460050472883000039e+06 5.560322736938646399e-02 9.955703193131263794e-04
2.460050976476999931e+06 5.346219676813773747e-02 9.923438554840294506e-04
2.460051469543999992e+06 5.317315136320927699e-02 9.893784504301902840e-04
2.460051962611000054e+06 5.207053021995141501e-02 9.865590485611927443e-04
2.460052466204999946e+06 5.106423146439077049e-02 9.839072488819079320e-04
2.460052959272000007e+06 5.158877316274818742e-02 9.814701709123861521e-04
2.460053452339000069e+06 5.238097765821835700e-02 9.792219315056395045e-04
2.460053955932000186e+06 5.172794196251818272e-02 9.771142908010703541e-04
2.460054449000000022e+06 5.015427997813615146e-02 9.751972900768320421e-04
2.460054942067000084e+06 5.114985418632572722e-02 9.734024550036072219e-04
2.460055445660000201e+06 4.883751976546032991e-02 9.717249317740779069e-04
2.460055938726999797e+06 5.040049478915636927e-02 9.701899379214571793e-04
2.460056431793999858e+06 5.030412509303703456e-02 9.687518450253982966e-04
2.460056935388000216e+06 4.983311096386341260e-02 9.673919642564859185e-04
2.460057428454999812e+06 5.034695390862637537e-02 9.661451649942102027e-04
2.460057921521999873e+06 4.764924240480665485e-02 9.649779913439365201e-04
2.460058425116000231e+06 4.942628852166889436e-02 9.638647051494668525e-04
2.460058918182999827e+06 4.746724215957701803e-02 9.628660596755297561e-04
