2.458346727899000049e+06 2.083203036878730430e+01 3.614832501927896929e-02
2.458347220966000110e+06 2.085693078932922262e+01 3.613390309984919335e-02
2.458347714033000171e+06 2.087013219644317985e+01 3.613755197382755718e-02
2.458348217627000064e+06 2.075957221886054427e+01 3.613731523522970696e-02
2.458348710694000125e+06 2.082115417482969377e+01 3.614862933330777878e-02
2.458349203761000186e+06 2.072407713204916391e+01 3.613278975044267177e-02
2.458349707355000079e+06 2.087072809011565511e+01 3.613858378993477227e-02
2.458350200422000140e+06 2.083819030924134097e+01 3.613982123866137791e-02
2.458350693489000201e+06 2.077475926778923210e+01 3.614461789601663283e-02
2.458351197081999853e+06 2.085057326727401517e+01 3.614209300292367533e-02
2.458351690150000155e+06 2.078664504228021315e+01 3.614615195462485969e-02
2.458352183217000216e+06 2.082437615870179926e+01 3.613504321865567553e-02
2.458352686809999868e+06 2.085253217623062127e+01 3.614548854839795544e-02
2.458353179876999930e+06 2.085752630606901192e+01 3.613493481177206673e-02
2.458353672943999991e+06 2.081375317171493577e+01 3.613578008796605734e-02
2.458354176537999883e+06 2.078476889660813143e+01 3.614288950190995553e-02
2.458354669604999945e+06 2.077747651045197586e+01 3.614934544527530907e-02
2.458355162672000006e+06 2.084590719614827847e+01 3.613400490028866041e-02
2.458355666265999898e+06 2.081866131515372942e+01 3.614430135707505376e-02
2.458356159332999960e+06 2.083431374799271296e+01 3.613309809099514436e-02
2.458356652400000021e+06 2.085748788512110963e+01 3.613486824882363585e-02
2.458357155993999913e+06 2.083918835263370539e+01 3.614155215239492347e-02
2.458357649060999975e+06 2.079621985059366907e+01 3.614364767988217930e-02
2.458358142128000036e+06 2.088472687266565231e+01 3.614358775341827007e-02
2.458358645721000154e+06 2.080991948979835016e+01 3.614829088848786620e-02
2.458359138788000215e+06 2.080158366957201110e+01 3.613381098362886817e-02
2.458359631856000051e+06 2.089679104206959437e+01 3.614521962611457612e-02
2.458360135449000169e+06 2.081866131515372942e+01 3.614430135707505376e-02
2.458360628516000230e+06 2.081720408928450894e+01 3.614177139560611346e-02
2.458361121582999825e+06 2.074961294654311672e+01 3.613908968859891324e-02
2.458361625177000184e+06 2.086288672194153904e+01 3.614422154478514476e-02
2.458362118243999779e+06 2.085285867894896938e+01 3.614605450365784151e-02
2.458362611310999840e+06 2.077093276815365641e+01 3.613796042454250207e-02
2.458363114905000199e+06 2.079930387748645515e+01 3.614900769156936117e-02
2.458363607971999794e+06 2.082882638469175518e+01 3.614276537596085997e-02
2.458364101038999856e+06 2.081542104377215097e+01 3.613867576263737891e-02
2.458364604631999973e+06 2.091383127640136408e+01 3.613616945127959279e-02
2.458365097699999809e+06 2.077992616052002361e+01 3.613446840874359745e-02
2.458365590766999871e+06 2.077663450993813399e+01 3.614788050474584957e-02
2.458366094359999988e+06 2.079367252111605779e+01 3.613922044359478558e-02
2.458366587427000050e+06 2.080033837402041286e+01 3.613164781784326818e-02
2.458367080494000111e+06 2.085172554437271941e+01 3.614409034398152754e-02
2.458367584088000003e+06 2.084997794905492796e+01 3.614106108662262784e-02
2.458368077155000065e+06 2.084972830453775217e+01 3.614062835629710396e-02
2.458368570222000126e+06 2.083657818627057523e+01 3.613702532235992665e-02
2.458369073816000018e+06 2.076138872422792403e+01 3.614047732481399239e-02
2.458369566883000080e+06 2.072417257017109549e+01 3.613295614847197162e-02
2.458370059950000141e+06 2.082249660752237830e+01 3.613178176858473228e-02
2.458370563544000033e+06 2.079984027667402202e+01 3.614993994865215582e-02
2.458371056611000095e+06 2.081290970110113037e+01 3.613431569716831632e-02
2.458371549678000156e+06 2.081486507157004340e+01 3.613771051196563999e-02
2.458372053270999808e+06 2.086073470491609427e+01 3.614049325055757739e-02
2.458372546337999869e+06 2.071279944169355858e+01 3.613220409400174499e-02
2.458373039406000171e+06 2.078643444606345270e+01 3.614578574628116159e-02
2.458373542998999823e+06 2.082865372888482014e+01 3.614246577874852956e-02
2.458374036065999884e+06 2.086809475307816797e+01 3.613402405101403397e-02
2.458374529132999945e+06 2.075374135474215009e+01 3.614628003545311552e-02
2.458375032726999838e+06 2.080974699071587253e+01 3.614799124547318082e-02
2.458375525793999899e+06 2.079966786114088251e+01 3.614964029196795353e-02
2.458376018860999960e+06 2.084366094174227513e+01 3.614930899540571424e-02
2.458376522454999853e+06 2.084786566672811503e+01 3.613739968588676466e-02
2.458377015521999914e+06 2.082412682072434151e+01 3.613461056038428515e-02
2.458377508588999975e+06 2.084972830453775217e+01 3.614062835629710396e-02
2.458378012182000093e+06 2.085203282902029187e+01 3.614462298690546832e-02
2.458378505249999929e+06 2.085443364621732698e+01 3.614878452996263258e-02
2.458378998316999990e+06 2.081965842320653337e+01 3.614603248538347802e-02
2.458379501910000108e+06 2.084715521985990705e+01 3.613616820719045553e-02
2.458379994977000169e+06 2.081599620305660281e+01 3.613967432494601117e-02
2.458380488044000231e+06 2.082207469077843598e+01 3.615022748629905663e-02
2.458380991638000123e+06 2.079654547159044853e+01 3.614421360631830255e-02
2.458381484705000184e+06 2.085072690054136757e+01 3.614235930868735236e-02
2.458381977771999780e+06 2.083057220713597602e+01 3.614579477616921416e-02
2.458382481366000138e+06 2.072728409366728997e+01 3.613838114392896317e-02
2.458382974433000199e+06 2.091733731803142859e+01 3.614222739985786803e-02
2.458383467499999795e+06 2.075936189692723133e+01 3.613694911641353313e-02
2.458383971094000153e+06 2.079587508097767667e+01 3.614304847331384352e-02
2.458384464161000215e+06 2.083220305258436866e+01 3.614862466506055250e-02
2.458384957227999810e+06 2.072770408967371125e+01 3.613911341428770185e-02
2.458385460820999928e+06 2.084156849516786281e+01 3.614568005047198718e-02
2.458385953887999989e+06 2.083519646584867147e+01 3.613462899483300267e-02
2.458386446955999825e+06 2.081467336046080518e+01 3.613737767288435071e-02
2.458386950548999943e+06 2.073841686375053683e+01 3.613869053483106247e-02
2.458387443616000004e+06 2.078917236331212948e+01 3.613139920880607814e-02
2.458387936683000065e+06 2.084844172250302563e+01 3.613839821293562266e-02
2.458388440276999958e+06 2.081283302364938237e+01 3.613418257367486536e-02
2.458388933344000019e+06 2.079214044314855059e+01 3.613655770552634539e-02
2.458389426411000080e+06 2.079208299242077018e+01 3.613645785666540905e-02
2.458389930004999973e+06 2.079621985059366907e+01 3.614364767988217930e-02
2.458390423072000034e+06 2.075865446606211506e+01 3.613571765307168476e-02
2.458390916139000095e+06 2.084798087660972499e+01 3.613759938908928798e-02
2.458391419732000213e+06 2.081954336984015441e+01 3.614583273557806647e-02
2.458391912800000049e+06 2.076052825450443251e+01 3.613897945841672982e-02
2.458392405867000110e+06 2.078147647891115568e+01 3.613716427640430856e-02
2.458392909460000228e+06 2.084406409778607028e+01 3.615000819179167019e-02
2.458393402526999824e+06 2.079334694510238535e+01 3.613865459533890934e-02
2.458393895593999885e+06 2.080325056644841908e+01 3.613670650050959665e-02
2.458394399187999777e+06 2.080959365939846961e+01 3.614772489821188595e-02
2.458394892254999839e+06 2.082282263995276494e+01 3.613234750922795363e-02
2.458395385321999900e+06 2.078838732918519483e+01 3.614918163868825751e-02
2.458395888915999793e+06 2.083245248726270304e+01 3.614905749113001693e-02
2.458396381982999854e+06 2.076798684372864301e+01 3.613283500713958263e-02
2.458396875049999915e+06 2.082004193901983768e+01 3.614669832604063687e-02
2.458397378643999808e+06 2.082782883756122772e+01 3.614103440412287649e-02
2.458397871710999869e+06 2.077697896056951876e+01 3.614847979142325057e-02
2.458398364777999930e+06 2.078963190923964532e+01 3.613219789559704576e-02
2.458398868371000048e+06 2.070713429016418061e+01 3.614139356124967950e-02
2.458399361438000109e+06 2.084832651007469551e+01 3.613819850531865135e-02
2.458399854505999945e+06 2.081099284955198669e+01 3.615015538972352060e-02
2.458400358099000063e+06 2.078122765458739707e+01 3.613673159273658037e-02
2.458400851166000124e+06 2.076842679291214466e+01 3.613360044537770183e-02
2.458401344233000185e+06 2.084897938892050107e+01 3.613933019640754030e-02
2.458401847827000078e+06 2.080051079511165923e+01 3.613194732538171222e-02
2.458402340894000139e+06 2.084911380769142397e+01 3.613956319603098960e-02
2.458402833961000200e+06 2.081954336984015441e+01 3.614583273557806647e-02
2.458403337555000093e+06 2.090404829120675245e+01 3.613851916390309338e-02
2.458403830622000154e+06 2.076282291968833960e+01 3.614297390677221472e-02
2.458404323689000215e+06 2.082640933362922553e+01 3.613857124097498430e-02
2.458404827281999867e+06 2.085502909165753493e+01 3.614981666678698802e-02
2.458405320350000169e+06 2.083348863251146099e+01 3.613166708736425398e-02
2.458405813417000230e+06 2.072569963989613484e+01 3.613561862115809847e-02
2.458406317009999882e+06 2.080150703384681776e+01 3.613367786199482568e-02
2.458406810076999944e+06 2.082765619002321955e+01 3.614073482125902681e-02
2.458407303144000005e+06 2.084894098371651339e+01 3.613926362536239167e-02
2.458407806737999897e+06 2.078905747841747598e+01 3.615034696940579856e-02
2.458408299804999959e+06 2.081283302364938237e+01 3.613418257367486536e-02
2.458408792872000020e+06 2.079112550366095391e+01 3.613479374959976259e-02
2.458409296465999912e+06 2.079229364586543127e+01 3.613682397050442530e-02
2.458409789532999974e+06 2.079076166949346671e+01 3.613416140900815171e-02
2.458410282600000035e+06 2.079809702989079767e+01 3.614691020103433239e-02
2.458410786193999927e+06 2.081446248028003509e+01 3.613701155343562038e-02
2.458411279260999989e+06 2.081024532529997373e+01 3.614885688762594501e-02
2.458411772328000050e+06 2.078452003286311012e+01 3.614245674969210342e-02
2.458412275921000168e+06 2.082986234958879024e+01 3.614456301138782579e-02
2.458412768988000229e+06 2.081133786980169020e+01 3.613158676357794419e-02
2.458413262056000065e+06 2.080758129058031258e+01 3.614422927231821653e-02
2.458413765649000183e+06 2.083707716338592064e+01 3.613789070190984165e-02
2.458414258715999778e+06 2.074349829574519077e+01 3.614754541992355047e-02
2.458414751782999840e+06 2.081542104377215097e+01 3.613867576263737891e-02
2.458415255377000198e+06 2.078892344684277660e+01 3.615011390025702626e-02
2.458415748443999793e+06 2.082424189941987791e+01 3.613481024817349202e-02
2.458416241510999855e+06 2.084128056024723108e+01 3.614518068289708508e-02
2.458416745105000213e+06 2.081294803993291609e+01 3.613438225909892249e-02
2.458417238171999808e+06 2.073211456158683319e+01 3.614680314895341029e-02
2.458417731238999870e+06 2.075622644079869517e+01 3.613149105758031027e-02
2.458418234831999987e+06 2.086202204556525075e+01 3.614272352320617443e-02
2.458526481366999913e+06 2.083511970628958920e+01 3.613449587018530140e-02
2.458526984960000031e+06 2.080384455048564618e+01 3.613773829247646924e-02
2.458527478027000092e+06 2.078300777109971520e+01 3.613982705916804483e-02
2.458527971094000153e+06 2.080470681555657464e+01 3.613923610743063897e-02
2.458528474688000046e+06 2.087930315355705346e+01 3.613420134062261119e-02
2.458528967755000107e+06 2.082441451865559046e+01 3.613510978192640416e-02
2.458529460822000168e+06 2.079646885442662807e+01 3.614408044635965961e-02
2.458529964416000061e+06 2.081350396093045063e+01 3.613534742087188417e-02
2.458530457483000122e+06 2.079355761135267855e+01 3.613902073143399757e-02
2.458530950550000183e+06 2.081220044545108649e+01 3.613308432356718281e-02
2.458531454144000076e+06 2.081066700234602607e+01 3.614958937025419122e-02
2.458531947211000137e+06 2.077359211069239464e+01 3.614258723723758060e-02
2.458532440278000198e+06 2.076427633881930390e+01 3.614550395241818148e-02
2.458532943870999850e+06 2.081045616275496357e+01 3.614922312708481605e-02
2.458533436937999912e+06 2.088280340681515668e+01 3.614025895926252507e-02
2.458533930006000213e+06 2.079434284072554107e+01 3.614038545319614437e-02
2.458534433598999865e+06 2.084381452407761515e+01 3.614957535433909602e-02
2.458534926665999927e+06 2.081087784407313990e+01 3.614995561713404276e-02
2.458535419732999988e+06 2.088505387947892444e+01 3.614415367891605363e-02
2.458535923326999880e+06 2.082903741039930168e+01 3.614313155370391800e-02
2.458536416393999942e+06 2.087297726146132248e+01 3.614247832906068714e-02
2.458536909461000003e+06 2.083174256563992444e+01 3.614782561516285964e-02
2.458537413054999895e+06 2.085086133057895097e+01 3.614259232784027692e-02
2.458537906121999957e+06 2.083753776825197335e+01 3.613868953219567109e-02
2.458538399189000018e+06 2.085873660215704462e+01 3.613703160741322390e-02
2.458538902782000136e+06 2.077971563237435149e+01 3.613410231876954676e-02
2.458539395849999972e+06 2.079388319066491064e+01 3.613958658542273245e-02
2.458539888917000033e+06 2.076817812483719194e+01 3.613316780438118048e-02
2.458540392510000151e+06 2.089471250662065671e+01 3.614162437935389965e-02
2.458540885577000212e+06 2.085792973029532149e+01 3.613563373013396751e-02
2.458541378643999808e+06 2.082008029098975754e+01 3.614676491078100407e-02
2.458541882238000166e+06 2.081333143213524295e+01 3.613504788514899230e-02
2.458542375305000227e+06 2.085464493136293385e+01 3.614915076868829152e-02
2.458542868371999823e+06 2.082523927475430270e+01 3.613654092190604628e-02
2.458543371966000181e+06 2.088670822770991720e+01 3.614701673194165021e-02
2.458543865032999776e+06 2.082850025825801055e+01 3.614219947220036200e-02
2.458544358099999838e+06 2.081854626729755608e+01 3.614410161683619116e-02
2.458544861694000196e+06 2.077156409203795562e+01 3.613905882285713828e-02
2.458545354760999791e+06 2.077960079973938079e+01 3.613390263489248827e-02
2.458545847827999853e+06 2.081467336046080518e+01 3.613737767288435071e-02
2.458546351420999970e+06 2.082090487543025503e+01 3.614819651236482467e-02
2.458546844488000032e+06 2.080576074362179284e+01 3.614106685445952344e-02
2.458547337555999868e+06 2.084826890409928879e+01 3.613809865192401521e-02
2.458547841148999985e+06 2.079192979125610918e+01 3.613619159438508088e-02
2.458548334216000047e+06 2.072774227155080595e+01 3.613917998505602330e-02
2.458548827283000108e+06 2.085393425347318797e+01 3.614791888954246857e-02
2.458549330877000000e+06 2.081492258524712469e+01 3.613781036428780069e-02
2.458549823944000062e+06 2.083149313946168135e+01 3.614739280384298564e-02
2.458550317011000123e+06 2.081175956898585611e+01 3.613231889626235954e-02
2.458550820605000015e+06 2.079359591453655653e+01 3.613908730203158753e-02
2.458551313672000077e+06 2.078356289238237053e+01 3.614079236637347814e-02
2.458551806739000138e+06 2.085193680208146461e+01 3.614445653514851420e-02
2.458552310331999790e+06 2.077368777683967949e+01 3.614275368038595559e-02
2.458552803400000092e+06 2.079047443649029958e+01 3.613366220056819789e-02
2.458553296467000153e+06 2.073532276696246157e+01 3.613329877291193704e-02
2.458553800059999805e+06 2.083807515346425632e+01 3.613962152318048876e-02
2.458554293126999866e+06 2.077546724748730966e+01 3.614584966266842780e-02
2.458554786193999927e+06 2.073856967061599477e+01 3.613895681552446032e-02
2.458555289787999820e+06 2.084832651007469551e+01 3.613819850531865135e-02
2.458555782854999881e+06 2.082637097000085191e+01 3.613850467132800892e-02
2.458556275921999943e+06 2.084081987264837110e+01 3.614438170912716991e-02
2.458556779515999835e+06 2.084356495335733683e+01 3.614914252206895967e-02
2.458557272582999896e+06 2.080545414085985811e+01 3.614053426394031598e-02
2.458557765649999958e+06 2.085777604395568119e+01 3.613536747392587928e-02
2.458558269243999850e+06 2.084170286615875867e+01 3.614591309103445255e-02
2.458558762310999911e+06 2.082690806722938603e+01 3.613943665754539708e-02
2.458559255377999973e+06 2.083840142981885890e+01 3.614018738657624047e-02
2.458559758971000090e+06 2.078825330193109266e+01 3.614894857705262809e-02
2.458560252038000152e+06 2.083116697127334049e+01 3.614682682762875715e-02
2.458560745105999988e+06 2.080282903967821184e+01 3.613597427892103336e-02
2.458561248699000105e+06 2.076439108676794376e+01 3.614570370040667141e-02
2.458561741766000167e+06 2.088974795321412614e+01 3.613303718178546842e-02
2.458562234833000228e+06 2.077527589924378049e+01 3.614551674862315211e-02
2.458562738427000120e+06 2.085702683926626122e+01 3.613406950300566273e-02
2.458563231494000182e+06 2.083391078053558942e+01 3.613239922167638812e-02
2.458563724560999777e+06 2.083790242099182777e+01 3.613932195202852748e-02
2.458564228155000135e+06 2.082890312106527730e+01 3.614289853107448963e-02
2.458564721222000197e+06 2.082128841420425758e+01 3.614886239288517961e-02
2.458565214288999792e+06 2.080470681555657464e+01 3.613923610743063897e-02
2.458565717881999910e+06 2.077152582943816128e+01 3.613899225231201329e-02
2.458566210950000212e+06 2.082928680717384040e+01 3.614356431400164715e-02
2.458566704016999807e+06 2.074902051090752408e+01 3.613805785804744680e-02
2.458567207609999925e+06 2.080449603635008060e+01 3.613886996915349065e-02
2.458567700676999986e+06 2.081404072632801316e+01 3.613627932566604306e-02
2.458568193744000047e+06 2.077535243832971545e+01 3.614564991387332615e-02
2.458568697337999940e+06 2.080725549679068820e+01 3.614366334563682420e-02
2.458569190405000001e+06 2.081994605940424137e+01 3.614653186472654295e-02
2.458569683472000062e+06 2.078875112180221052e+01 3.614981424213089406e-02
2.458570187065999955e+06 2.081220044545108649e+01 3.613308432356718281e-02
2.458570680133000016e+06 2.082128841420425758e+01 3.614886239288517961e-02
2.458571173200000077e+06 2.080137292200711840e+01 3.613344490031539930e-02
2.458571676793999970e+06 2.075156237028922135e+01 3.614248495191216271e-02
2.458572169861000031e+06 2.078821500858865434e+01 3.614888198828990207e-02
2.458572662928000093e+06 2.080620149300786537e+01 3.614183246708115721e-02
2.458573166521000210e+06 2.084452485709872605e+01 3.613160877305272856e-02
2.458573659587999806e+06 2.079788631765025286e+01 3.614654398500859872e-02
2.458574152656000108e+06 2.080150703384681776e+01 3.613367786199482568e-02
2.458574656249000225e+06 2.087268889261562066e+01 3.614197900571902017e-02
2.458575149315999821e+06 2.082057887302718413e+01 3.614763052356653045e-02
2.458575642382999882e+06 2.085282026659914578e+01 3.614598792022620521e-02
2.458576145976999775e+06 2.080775377171062956e+01 3.614452888414875636e-02
2.458576639043999836e+06 2.082719580358524070e+01 3.613993594576297291e-02
2.458577132110999897e+06 2.084569599952742891e+01 3.613363881501057556e-02
2.458577635704999790e+06 2.082295689008435247e+01 3.613258046383221317e-02
2.458578128771999851e+06 2.086056178461240407e+01 3.614019367217950057e-02
2.458578621838999912e+06 2.084057033778422863e+01 3.614394893904257500e-02
2.458579125432000030e+06 2.076722173691180018e+01 3.613150384882443666e-02
2.458579618499999866e+06 2.080233088268892772e+01 3.613510894526294343e-02
2.458580111566999927e+06 2.081944749252048155e+01 3.614566627825004791e-02
2.458580615160000045e+06 2.088459222428955187e+01 3.614335472784761805e-02
2.458581108227000106e+06 2.078771720155562264e+01 3.614801634553593129e-02
2.458581601294000167e+06 2.082587224926234271e+01 3.613763927707549367e-02
2.458582104888000060e+06 2.083078325053125823e+01 3.614616098460452648e-02
2.458582597955000121e+06 2.089557853793125375e+01 3.614312235537623513e-02
2.458583091022000182e+06 2.082395420387335960e+01 3.613431103076942402e-02
2.458583594616000075e+06 2.079426623167649879e+01 3.614025230734091432e-02
2.458584087683000136e+06 2.076559597851465000e+01 3.614780112093229220e-02
2.458584580750000197e+06 2.082562289337163719e+01 3.613720658772053701e-02
2.458585084344000090e+06 2.076622714018943583e+01 3.614889981835080202e-02
2.458585577411000151e+06 2.076123574922615944e+01 3.614021103291724379e-02
2.458586070478000212e+06 2.082420353978399064e+01 3.613474368545439852e-02
2.458586574070999864e+06 2.080371042357546685e+01 3.613750530461855986e-02
2.458587067137999926e+06 2.077143017324697993e+01 3.613882582648560854e-02
2.458587560206000227e+06 2.084723202375953122e+01 3.613630133799927008e-02
2.458588063798999880e+06 2.081471170254144099e+01 3.613744424045544495e-02
2.458588556865999941e+06 2.083085999411421696e+01 3.614629415222817693e-02
2.458589049933000002e+06 2.079597084974214027e+01 3.614321491858641516e-02
2.458589553526999895e+06 2.081024532529997373e+01 3.614885688762594501e-02
2.458590046593999956e+06 2.081229628939679444e+01 3.613325072295302948e-02
2.458590539661000017e+06 2.086851760232451980e+01 3.613475623308520790e-02
2.458591043254999910e+06 2.082487484361309882e+01 3.613590855073980923e-02
2.458591536321999971e+06 2.083995611084749555e+01 3.614288368091007203e-02
2.458592029389000032e+06 2.084352655812716293e+01 3.614907593294896387e-02
2.458592532982000150e+06 2.078247180599932165e+01 3.613889506288284204e-02
2.458593026049999986e+06 2.084623359513466667e+01 3.613457067574100956e-02
2.458593519117000047e+06 2.082477894174120436e+01 3.613574213911435740e-02
2.458594022710000165e+06 2.084619519498868812e+01 3.613450411346334767e-02
2.458594515777000226e+06 2.078896174149020126e+01 3.615018049128900651e-02
2.458595008843999822e+06 2.081340811142321101e+01 3.613518101183039316e-02
2.458595512438000180e+06 2.078938298726797029e+01 3.613176527139377175e-02
2.458596005504999775e+06 2.085493305092045091e+01 3.614965019111233274e-02
2.458596498571999837e+06 2.082249660752237830e+01 3.613178176858473228e-02
2.458597002166000195e+06 2.083498537774168113e+01 3.613426290323200341e-02
2.458597495232999790e+06 2.078113195371777167e+01 3.613656517732087570e-02
2.458597988299999852e+06 2.079600915737136901e+01 3.614328149690999165e-02
2.458712204272000119e+06 2.088097627834221726e+01 3.613709688878388726e-02
2.458712697339000180e+06 2.087947622921433322e+01 3.613450086932819966e-02
2.458713200931999832e+06 2.079313628098640976e+01 3.613828846295324276e-02
2.458713694000000134e+06 2.081754921250880486e+01 3.614237058100210759e-02
2.458714187067000195e+06 2.078434774432357557e+01 3.614215715503807380e-02
2.458714690659999847e+06 2.084861454233931966e+01 3.613869777643041042e-02
2.458715183726999909e+06 2.076622714018943583e+01 3.614889981835080202e-02
2.458715676793999970e+06 2.086298279930672805e+01 3.614438799545992981e-02
2.458716180387999862e+06 2.079401725421637082e+01 3.613981958669919975e-02
2.458716673454999924e+06 2.085153349376755472e+01 3.614375744614010955e-02
2.458717166521999985e+06 2.072533695064813131e+01 3.613498626613165232e-02
2.458717670115999877e+06 2.082146100895759844e+01 3.614916204312122738e-02
2.458718163182999939e+06 2.077739996354068452e+01 3.614921226641031743e-02
2.458718656250000000e+06 2.088942087290358884e+01 3.613247143034372527e-02
2.458719159843999892e+06 2.075647496576999274e+01 3.613192367850028008e-02
2.458719652910999954e+06 2.079313628098640976e+01 3.613828846295324276e-02
2.458720145978000015e+06 2.077430005061511054e+01 3.614381893468687768e-02
2.458720649571000133e+06 2.085257058804983643e+01 3.614555513090984828e-02
2.458721142638000194e+06 2.082217058019683975e+01 3.615039396463228666e-02
2.458721635706000030e+06 2.079288731705559101e+01 3.613785576582535103e-02
2.458722139299000148e+06 2.089542457418604471e+01 3.614285604399024993e-02
2.458722632366000209e+06 2.078538149698320936e+01 3.614395476021402265e-02
2.458723125432999805e+06 2.079809702989079767e+01 3.614691020103433239e-02
2.458723629027000163e+06 2.080587572082235681e+01 3.614126657792762071e-02
2.458724122094000224e+06 2.084473604185424378e+01 3.613197483776360575e-02
2.458724615160999820e+06 2.079667955230632259e+01 3.614444663742635844e-02
2.458725118755000178e+06 2.075194463171531822e+01 3.614315072722073391e-02
2.458725611821999773e+06 2.087126633128262654e+01 3.613951577819256994e-02
2.458726104888999835e+06 2.084640639666710271e+01 3.613487020750813516e-02
2.458726608481999952e+06 2.084686720775642854e+01 3.613566897102574865e-02
2.458727101549999788e+06 2.081933244031974439e+01 3.614546653046837171e-02
2.458727594616999850e+06 2.083678929051497875e+01 3.613739144194815650e-02
2.458728098209999967e+06 2.083174256563992444e+01 3.614782561516285964e-02
2.458728591277000029e+06 2.083483186046165514e+01 3.613399665712450914e-02
2.458729084344000090e+06 2.082541190225759919e+01 3.613684047000510074e-02
2.458729587937999982e+06 2.079179574116297502e+01 3.613595861649907676e-02
2.458730081005000044e+06 2.090254658462988857e+01 3.613592304227389307e-02
2.458730574072000105e+06 2.085917847378408752e+01 3.613779713455216730e-02
2.458731077665999997e+06 2.075102721612227086e+01 3.614155288708346958e-02
2.458731570733000059e+06 2.081204709605610148e+01 3.613281808614387386e-02
2.458732063800000120e+06 2.081425160223581372e+01 3.613664543769625620e-02
2.458732567394000012e+06 2.086834461750627767e+01 3.613445670226283352e-02
2.458733060461000074e+06 2.081450082197220297e+01 3.613707812033227496e-02
2.458733553528000135e+06 2.084986272813711849e+01 3.614086136429011525e-02
2.458734057120999787e+06 2.083391078053558942e+01 3.613239922167638812e-02
2.458734550187999848e+06 2.079501318194392923e+01 3.614155050035360722e-02
2.458735043256000150e+06 2.083216467828350460e+01 3.614855807689437012e-02
2.458735546848999802e+06 2.077743823696111036e+01 3.614927885578152894e-02
2.458736039915999863e+06 2.076131223658617131e+01 3.614034417862039411e-02
2.458736532982999925e+06 2.084727042581549483e+01 3.613636790358767253e-02
2.458737036576999817e+06 2.086273299907764667e+01 3.614395522530006177e-02
2.458737529643999878e+06 2.082128841420425758e+01 3.614886239288517961e-02
2.458738022710999940e+06 2.082911414755032808e+01 3.614326471016669068e-02
2.458738526304999832e+06 2.080800291364515076e+01 3.614496166117731751e-02
2.458739019371999893e+06 2.083843981560824332e+01 3.614025395932300710e-02
2.458739512438999955e+06 2.081745334437253447e+01 3.614220413961784228e-02
2.458740016032000072e+06 2.093290970010820118e+01 3.614985437134470708e-02
2.458740509099999908e+06 2.081045616275496357e+01 3.614922312708481605e-02
2.458741002166999970e+06 2.075699114252634558e+01 3.613282221542410411e-02
2.458741505760000087e+06 2.075211665165441133e+01 3.614345033011082814e-02
2.458741998827000149e+06 2.078434774432357557e+01 3.614215715503807380e-02
2.458742491894000210e+06 2.081266050041583071e+01 3.613388304760783293e-02
2.458742995488000102e+06 2.086273299907764667e+01 3.614395522530006177e-02
2.458743488555000164e+06 2.083160825886518452e+01 3.614759256226981327e-02
2.458743981622000225e+06 2.085015078162552271e+01 3.614136067219086978e-02
2.458744485216000117e+06 2.079930387748645515e+01 3.614900769156936117e-02
2.458744978283000179e+06 2.078002185583682859e+01 3.613463481450342879e-02
2.458745471349999774e+06 2.084020563835718320e+01 3.614331643823977952e-02
2.458745974944000132e+06 2.085118780713575859e+01 3.614315823775210434e-02
2.458746468011000194e+06 2.081262216211364802e+01 3.613381648659669265e-02
2.458746961077999789e+06 2.082203633513476504e+01 3.615016089518051368e-02
2.458747464670999907e+06 2.078984253785133163e+01 3.613256396627656519e-02
2.458747957737999968e+06 2.091153918230995146e+01 3.613220903391794331e-02
2.458748450805999804e+06 2.089607892793822685e+01 3.614398788093296788e-02
2.458748954398999922e+06 2.081034116024201097e+01 3.614902335964730734e-02
2.458749447465999983e+06 2.080938283068178407e+01 3.614735867393206042e-02
2.458749940533000045e+06 2.075918981693039100e+01 3.613664956741387962e-02
2.458750444126999937e+06 2.079371082451167752e+01 3.613928701456037978e-02
2.458750937193999998e+06 2.081845039456969104e+01 3.614393516748023311e-02
2.458751430261000060e+06 2.074174066715847786e+01 3.614448258267866088e-02
2.458751933854999952e+06 2.079754152040677440e+01 3.614594473042392203e-02
2.458752426922000013e+06 2.081170206404850020e+01 3.613221905911367243e-02
2.458752919989000075e+06 2.080246500070477111e+01 3.613534191767076714e-02
2.458753423582000192e+06 2.083939948332281489e+01 3.614191831784639708e-02
2.458753916650000028e+06 2.080533916598902522e+01 3.614033454451911348e-02
2.458754409717000090e+06 2.071621454080030134e+01 3.613816152425029793e-02
2.458754913310000207e+06 2.081683979875496959e+01 3.614113893290921142e-02
2.458755406376999803e+06 2.077081798405445312e+01 3.613776071934482470e-02
2.458755899443999864e+06 2.078605154931728194e+01 3.614511992243407690e-02
2.458756403038000222e+06 2.076980408539304790e+01 3.613599670469468117e-02
2.458756896104999818e+06 2.083377645978188752e+01 3.613216626824063832e-02
2.458757389171999879e+06 2.082274592598045615e+01 3.613221439298554272e-02
2.458757892765999772e+06 2.079771391831394922e+01 3.614624435647435796e-02
2.458758385832999833e+06 2.083036116587885189e+01 3.614542857144408677e-02
2.458758878899999894e+06 2.087643799837726633e+01 3.614847074726821458e-02
2.458759382493999787e+06 2.078497947595057838e+01 3.614325568091070195e-02
2.458759875560999848e+06 2.083703878010669541e+01 3.613782413351646766e-02
2.458760368627999909e+06 2.080650810678320894e+01 3.614236507673142251e-02
2.458760872221000027e+06 2.085598952335409351e+01 3.613227238946902647e-02
2.458761365288000088e+06 2.077060754818666766e+01 3.613739459601532367e-02
2.458761858355999924e+06 2.081212377061238072e+01 3.613295120461035986e-02
2.458762361949000042e+06 2.084790406995121970e+01 3.613746625349827796e-02
2.458762855016000103e+06 2.082249660752237830e+01 3.613178176858473228e-02
2.458763348083000164e+06 2.080608651400702414e+01 3.614163274048583924e-02
2.458763851677000057e+06 2.081450082197220297e+01 3.613707812033227496e-02
2.458764344744000118e+06 2.082924843824489614e+01 3.614349773515698055e-02
2.458764837811000179e+06 2.082032958051603444e+01 3.614719771458267672e-02
2.458765341405000072e+06 2.083458239729421280e+01 3.613356401138400481e-02
2.458765834472000133e+06 2.080424693640469869e+01 3.613843726506300869e-02
2.458766327539000195e+06 2.080907617454326441e+01 3.614682599069398566e-02
2.458766831131999847e+06 2.082644769732834078e+01 3.613863781074471565e-02
2.458767324200000148e+06 2.080012763907200934e+01 3.613128175644553242e-02
2.458767817267000210e+06 2.078800439646599330e+01 3.614851575228723163e-02
2.458768320859999862e+06 2.075561469970052642e+01 3.614954279421603300e-02
2.458768813926999923e+06 2.081762590733567464e+01 3.614250373466135896e-02
2.458769306993999984e+06 2.082566125562200199e+01 3.613727315497634873e-02
2.458769810587999877e+06 2.076760428679673609e+01 3.613216942185173280e-02
2.458770303654999938e+06 2.082907577893950801e+01 3.614319813187404085e-02
2.458770796721999999e+06 2.080754296163444650e+01 3.614416269224877964e-02
2.458771300315999892e+06 2.086705688670779324e+01 3.613222693973806854e-02
2.458771793382999953e+06 2.080491759689848763e+01 3.613960224941716731e-02
2.458772286450000014e+06 2.087338098453849256e+01 3.614317739332855578e-02
2.458772790043999907e+06 2.083803676834666874e+01 3.613955495159883180e-02
2.458773283110999968e+06 2.076810161218234541e+01 3.613303468511669392e-02
2.458773776178000029e+06 2.084320020152610198e+01 3.614850993038120491e-02
2.458774279771000147e+06 2.083561864847846579e+01 3.613536118916199635e-02
2.458774772838000208e+06 2.071974470420836667e+01 3.614431967709218901e-02
2.458775265906000044e+06 2.082036793301574562e+01 3.614726430024283593e-02
2.458775769499000162e+06 2.084348816296772711e+01 3.614900934395164772e-02
2.458776262566000223e+06 2.078197413649645497e+01 3.613802965928177013e-02
2.458776755632999819e+06 2.082136512280688478e+01 3.614899557046119538e-02
2.458777259227000177e+06 2.081499927039712716e+01 3.613794350114656745e-02
2.458777752293999773e+06 2.078526663303753352e+01 3.614375502189039885e-02
2.458778245360999834e+06 2.087788014143449544e+01 3.613173864317679312e-02
2.458778748955000192e+06 2.078492204500924956e+01 3.614315581354259760e-02
2.458779242021999788e+06 2.085627766148796169e+01 3.613277157870802697e-02
2.458779735088999849e+06 2.080413196820504140e+01 3.613823755723010595e-02
2.458780238681999967e+06 2.080995782312194819e+01 3.614835747616173406e-02
2.458780731749999803e+06 2.080058742716655829e+01 3.613208044064020186e-02
2.458781224816999864e+06 2.081266050041583071e+01 3.613388304760783293e-02
2.458781728409999982e+06 2.082192126862759096e+01 3.614996112256072675e-02
2.458782221477000043e+06 2.084669440240419647e+01 3.613536943263744028e-02
2.458782714544000104e+06 2.086327103405693251e+01 3.614488735208334913e-02
2.458783218137999997e+06 2.081037949434235657e+01 3.614908994867043618e-02
2.458783711205000058e+06 2.082378158845332194e+01 3.613401150363758363e-02
2.459622427943999879e+06 2.081045616275496357e+01 3.614922312708481605e-02
2.459622921010999940e+06 2.081528684222580239e+01 3.613844276873539457e-02
2.459623424604999833e+06 2.077294159257408879e+01 3.614145544415552774e-02
2.459623917671999894e+06 2.082171031501590974e+01 3.614959487562498242e-02
2.459624410738999955e+06 2.085643133678706107e+01 3.613303781578876273e-02
2.459624914332000073e+06 2.084519681602026608e+01 3.613277353727888108e-02
2.459625407399999909e+06 2.090087173148617694e+01 3.613302758816915039e-02
2.459625900466999970e+06 2.081170206404850020e+01 3.613221905911367243e-02
2.459626404060000088e+06 2.082257332057616139e+01 3.613191488323329315e-02
2.459626897127000149e+06 2.085222488422452614e+01 3.614495589271885662e-02
2.459627390194000211e+06 2.080005100871102286e+01 3.615030619908396470e-02
2.459627893788000103e+06 2.080075985032229013e+01 3.613237995176480505e-02
2.459628386855000164e+06 2.080171778277045647e+01 3.613404394766852462e-02
2.459628879922000226e+06 2.080271407931418537e+01 3.613577458469918041e-02
2.459629383516000118e+06 2.086619203749621931e+01 3.614994788837680439e-02
2.459629876583000179e+06 2.077152582943816128e+01 3.613899225231201329e-02
2.459630369649999775e+06 2.081266050041583071e+01 3.613388304760783293e-02
2.459630873244000133e+06 2.080271407931418537e+01 3.613577458469918041e-02
2.459631366311000194e+06 2.079321288587255268e+01 3.613842160157339917e-02
2.459631859377999790e+06 2.080579906928469214e+01 3.614113342882620955e-02
2.459632362970999908e+06 2.078356289238237053e+01 3.614079236637347814e-02
2.459632856037999969e+06 2.085514434112580062e+01 3.615001643860847602e-02
2.459633349105999805e+06 2.089109480845369760e+01 3.613536683988181897e-02
2.459633852698999923e+06 2.082782883756122772e+01 3.614103440412287649e-02
2.459634345765999984e+06 2.081475004469263013e+01 3.613751080814902455e-02
2.459634838833000045e+06 2.080963199212186865e+01 3.614779148484316418e-02
2.459635342426999938e+06 2.085927453407212084e+01 3.613796355564137530e-02
2.459635835493999999e+06 2.088147631866637255e+01 3.613796227004774375e-02
2.459636328561000060e+06 2.077234849086722690e+01 3.614042354605785656e-02
2.459636832154999953e+06 2.083707716338592064e+01 3.613789070190984165e-02
2.459637325222000014e+06 2.081994605940424137e+01 3.614653186472654295e-02
2.459637818289000075e+06 2.077893095534948742e+01 3.613273783426911717e-02
2.459638321882000193e+06 2.081553607435765230e+01 3.613887547289178215e-02
2.459638814950000029e+06 2.084519681602026608e+01 3.613277353727888108e-02
2.459639308017000090e+06 2.084248991364617964e+01 3.614727807307367008e-02
2.459639811610000208e+06 2.079346185370157229e+01 3.613885430547633670e-02
2.459640304676999804e+06 2.082241989475122423e+01 3.613164865442659857e-02
2.459640797743999865e+06 2.080758129058031258e+01 3.614422927231821653e-02
2.459641301338000223e+06 2.079821196474007294e+01 3.614710995679418920e-02
2.459641794404999819e+06 2.083494699831559060e+01 3.613419634152114507e-02
2.459642287471999880e+06 2.079526217132881882e+01 3.614198324172045867e-02
2.459642791065999772e+06 2.080434274372299441e+01 3.613860368909999760e-02
2.459643284132999834e+06 2.081145287782267772e+01 3.613178643465699696e-02
2.459643777199999895e+06 2.075530883591255815e+01 3.614901007879168376e-02
2.459644280793999787e+06 2.084723202375953122e+01 3.613630133799927008e-02
2.459644773860999849e+06 2.075441038710217256e+01 3.614744527263251406e-02
2.459645266927999910e+06 2.080712134788940659e+01 3.614343031957882590e-02
2.459645770521000028e+06 2.079238939813674136e+01 3.613699038711203765e-02
2.459646263588000089e+06 2.078251008876237194e+01 3.613896163324894356e-02
2.459646756655999925e+06 2.075968694081318233e+01 3.613751493796554110e-02
2.459647260249000043e+06 2.081812443059754614e+01 3.614336924540375445e-02
2.459647753316000104e+06 2.077780183797113267e+01 3.614991146092532553e-02
2.459648246383000165e+06 2.079309797864920739e+01 3.613822189382717015e-02
2.459648749977000058e+06 2.086930566241965579e+01 3.613612079380664616e-02
2.459649243044000119e+06 2.076827376605208997e+01 3.613333420415135860e-02
2.459649736111000180e+06 2.077755305764528515e+01 3.614947862463096379e-02
2.459650239705000073e+06 2.071879054667313014e+01 3.614265520798465997e-02
2.459650732772000134e+06 2.083828627287508084e+01 3.613998766907194904e-02
2.459651225839000195e+06 2.079334694510238535e+01 3.613865459533890934e-02
2.459651729431999847e+06 2.077181280065490299e+01 3.613949153438996559e-02
2.459652222500000149e+06 2.079995522115678597e+01 3.615013972115493218e-02
2.459652715567000210e+06 2.088734307054126660e+01 3.614811540551898100e-02
2.459653219159999862e+06 2.083868932496254800e+01 3.614068668516570715e-02
2.459653712226999924e+06 2.074298245452369827e+01 3.614664651686885083e-02
2.459654205293999985e+06 2.077872043728657303e+01 3.613237176182809707e-02
2.459654708887999877e+06 2.083120534373634669e+01 3.614689341260582389e-02
2.459655201954999939e+06 2.077747651045197586e+01 3.614934544527530907e-02
2.459655695022000000e+06 2.080792625427063314e+01 3.614482849846274715e-02
2.459656198615999892e+06 2.077655796612888395e+01 3.614774733127789491e-02
2.459656691682999954e+06 2.082036793301574562e+01 3.614726430024283593e-02
2.459657184750000015e+06 2.078097883324298678e+01 3.613629891424968016e-02
2.459657688343999907e+06 2.080058742716655829e+01 3.613208044064020186e-02
2.459658181410999969e+06 2.086377065039049583e+01 3.614575291990664713e-02
2.459658674478000030e+06 2.085589347819413319e+01 3.613210599458867300e-02
2.459659178071000148e+06 2.079363421779106602e+01 3.613915387275194041e-02
2.459659671138000209e+06 2.081816277903529055e+01 3.614343582401174232e-02
2.459660164206000045e+06 2.080984282336291713e+01 3.614815771350798207e-02
2.459660667799000163e+06 2.082583388662331458e+01 3.613757270914525616e-02
2.459661160866000224e+06 2.082061722598610842e+01 3.614769711002396163e-02
2.459661653932999820e+06 2.082516255187881171e+01 3.613640779021458360e-02
2.459662157527000178e+06 2.077642401514124870e+01 3.614751427888954205e-02
2.459662650593999773e+06 2.073820675614897269e+01 3.613832440208130520e-02
2.459663143660999835e+06 2.080970865778056833e+01 3.614792465847380815e-02
2.459663647255000193e+06 2.085306994813797488e+01 3.614642071472454893e-02
2.459664140321999788e+06 2.081915986321068601e+01 3.614516691086541722e-02
2.459664633388999850e+06 2.081325475312984707e+01 3.613491475895817123e-02
2.459665136981999967e+06 2.079916977985099535e+01 3.614877463105520272e-02
2.459665630049999803e+06 2.080338469039377003e+01 3.613693948321738958e-02
2.459666123116999865e+06 2.075718232236026495e+01 3.613315501254787260e-02
2.459666626709999982e+06 2.078810012898446047e+01 3.614868222273748266e-02
2.459667119777000044e+06 2.080953616044573451e+01 3.614762501849489579e-02
2.459667612844000105e+06 2.091365791596582824e+01 3.613586990874279037e-02
2.459668116437999997e+06 2.084260509382019677e+01 3.614747783086633137e-02
2.459668609505000059e+06 2.076043264895885088e+01 3.613881303264925710e-02
2.459669102572000120e+06 2.075940013712028787e+01 3.613701568319518942e-02
2.459669606166000012e+06 2.076959365979739047e+01 3.613563059923696058e-02
2.459670099233000074e+06 2.085264741190046323e+01 3.614568829630145086e-02
2.459670592300000135e+06 2.081333143213524295e+01 3.613504788514899230e-02
2.459671095894000027e+06 2.084341137286095957e+01 3.614887616632488782e-02
2.459671588961000089e+06 2.086027358729166892e+01 3.613969438040132154e-02
2.459672082028000150e+06 2.080537749087534749e+01 3.614040111753683698e-02
2.459672585620999802e+06 2.079593254218340093e+01 3.614314834038535179e-02
2.459673078687999863e+06 2.085873660215704462e+01 3.613703160741322390e-02
2.459673571756000165e+06 2.079284901517699780e+01 3.613778919749632834e-02
2.459674075348999817e+06 2.085406870418940528e+01 3.614815194453945002e-02
2.459674568415999878e+06 2.080882701975811599e+01 3.614639319134296813e-02
2.459675061482999939e+06 2.079413216651983731e+01 3.614001930327463002e-02
2.459675565076999832e+06 2.081315890477024766e+01 3.613474835190915585e-02
2.459676058143999893e+06 2.084556160279185733e+01 3.613340585358289919e-02
2.459676551210999954e+06 2.078275892844130013e+01 3.613939434361795183e-02
2.459677054804999847e+06 2.084982432130597374e+01 3.614079479042447279e-02
2.459677547871999908e+06 2.082953620693447050e+01 3.614399707948093288e-02
2.459678040938999970e+06 2.080075985032229013e+01 3.613237995176480505e-02
2.459678544532000087e+06 2.080466849190560552e+01 3.613916953655881698e-02
2.459679037599999923e+06 2.080917200410107881e+01 3.614699245336257943e-02
2.459679530666999985e+06 2.086227183728178147e+01 3.614315627861833941e-02
2.459680034260000102e+06 2.079325118842148612e+01 3.613848817106746214e-02
2.459680527327000163e+06 2.084922902447053517e+01 3.613976291118955325e-02
2.459681020394000225e+06 2.080162198754044667e+01 3.613387754462973195e-02
2.459681523988000117e+06 2.080671890637483301e+01 3.614273125041897461e-02
2.459682017055000179e+06 2.091806942286915216e+01 3.614349237441574075e-02
2.459682510121999774e+06 2.084452485709872605e+01 3.613160877305272856e-02
2.459683013716000132e+06 2.078871282754269245e+01 3.614974765177344368e-02
2.459683506783000194e+06 2.079924640696539839e+01 3.614890780830787298e-02
2.459683999849999789e+06 2.078138077689558116e+01 3.613699785899589928e-02
2.459684503444000147e+06 2.083135883429503465e+01 3.614715975374034607e-02
2.459684996511000209e+06 2.082403092229713693e+01 3.613444415473614918e-02
2.459685489577999804e+06 2.080949782789879521e+01 3.614755843217014319e-02
2.459685993170999922e+06 2.074731974129870693e+01 3.613509566951935564e-02
2.459686486237999983e+06 2.080671890637483301e+01 3.614273125041897461e-02
2.459686979305999819e+06 2.085043883909363771e+01 3.614185998699000896e-02
2.459687482898999937e+06 2.082537354046656120e+01 3.613677390354632507e-02
2.459687975965999998e+06 2.079420877507495291e+01 3.614015244827142176e-02
2.459688469033000059e+06 2.080434274372299441e+01 3.613860368909999760e-02
2.459688972626999952e+06 2.081392570400601016e+01 3.613607962975829563e-02
2.459689465694000013e+06 2.080675723380280928e+01 3.614279782785172895e-02
2.459689958761000074e+06 2.078208898224700718e+01 3.613822936596566837e-02
2.459690462354999967e+06 2.079597084974214027e+01 3.614321491858641516e-02
2.459690955422000028e+06 2.079374912797778663e+01 3.613935358564848016e-02
2.459691448489000089e+06 2.080551162853353730e+01 3.614063412406479797e-02
2.459691952082000207e+06 2.075918981693039100e+01 3.613664956741387962e-02
2.459692445150000043e+06 2.080712134788940659e+01 3.614343031957882590e-02
2.459692938217000104e+06 2.081674393388573918e+01 3.614097249719701310e-02
2.459693441810000222e+06 2.084748163838746393e+01 3.613673401651520262e-02
2.459693934876999818e+06 2.079087656380593074e+01 3.613436109431538562e-02
2.459807647255999967e+06 2.082957457639342991e+01 3.614406365924530129e-02
2.459808150849000085e+06 2.074881029587698222e+01 3.613769173170754134e-02
2.459808643916000146e+06 2.081486507157004340e+01 3.613771051196563999e-02
2.459809136983000208e+06 2.076469708439783091e+01 3.614623636710595500e-02
2.459809640577000100e+06 2.076159906669587585e+01 3.614084347937592673e-02
2.459810133644000161e+06 2.075269006174971409e+01 3.614444902434748447e-02
2.459810626711000223e+06 2.077552465230410306e+01 3.614594953748004325e-02
2.459811130305000115e+06 2.080470681555657464e+01 3.613923610743063897e-02
2.459811623372000176e+06 2.089246099318981464e+01 3.613772993224548952e-02
2.459812116438999772e+06 2.078721940644345167e+01 3.614715072351130237e-02
2.459812620031999890e+06 2.079355761135267855e+01 3.613902073143399757e-02
2.459813113100000191e+06 2.078342889623245426e+01 3.614055935882529852e-02
2.459813606166999787e+06 2.080075985032229013e+01 3.613237995176480505e-02
2.459814109759999905e+06 2.080321224547995840e+01 3.613663993429747784e-02
2.459814602826999966e+06 2.087651491015884275e+01 3.614860392340136369e-02
2.459815095894000027e+06 2.087084342634011236e+01 3.613878349968104725e-02
2.459815599487999920e+06 2.081958172089161252e+01 3.614589931872385503e-02
2.459816092554999981e+06 2.075423834814974455e+01 3.614714563662736052e-02
2.459816585622000042e+06 2.087184303365073035e+01 3.614051436371203824e-02
2.459817089215999935e+06 2.087205449517831468e+01 3.614088051864922796e-02
2.459817582282999996e+06 2.083266354970789180e+01 3.614942373262126918e-02
2.459818075350000057e+06 2.079608577284160020e+01 3.614341465392519742e-02
2.459818578943999950e+06 2.077939027489005497e+01 3.613353655065049130e-02
2.459819072011000011e+06 2.083270192492763684e+01 3.614949032238191223e-02
2.459819565078000072e+06 2.083266354970789180e+01 3.614942373262126918e-02
2.459820068671000190e+06 2.086844072000605976e+01 3.613462310796874272e-02
2.459820561737999786e+06 2.080066405950378794e+01 3.613221355638911170e-02
2.459821054806000087e+06 2.088005315843342302e+01 3.613549931627868528e-02
2.459821558399000205e+06 2.079189149114127844e+01 3.613612502912146723e-02
2.459822051465999801e+06 2.084957467862822611e+01 3.614036206328737760e-02
2.459822544532999862e+06 2.084416008846959656e+01 3.615017466911486788e-02
2.459823048127000220e+06 2.075823384292234763e+01 3.613498545151971192e-02
2.459823541193999816e+06 2.080892284816859927e+01 3.614655965201857279e-02
2.459824034260999877e+06 2.084997794905492796e+01 3.614106108662262784e-02
2.459824537854999769e+06 2.081716574261279717e+01 3.614170482006422852e-02
2.459825030921999831e+06 2.080625898274655938e+01 3.614193233079270734e-02
2.459825523988999892e+06 2.082748354391641143e+01 3.614043524087863501e-02
2.459826027582000010e+06 2.078392660057270191e+01 3.614142482300552323e-02
2.459826520649999846e+06 2.079430453616577879e+01 3.614031888020728667e-02
2.459827013716999907e+06 2.077963907721384729e+01 3.613396919606221003e-02
2.459827517310000025e+06 2.079855677309867801e+01 3.614770923069685754e-02
2.459828010377000086e+06 2.083423699168567467e+01 3.613296497198748708e-02
2.459828503444000147e+06 2.086363613712372000e+01 3.614551988037670305e-02
2.459829007038000040e+06 2.076940236565135223e+01 3.613529777931230591e-02
2.459829500105000101e+06 2.079171914149778644e+01 3.613582548695289803e-02
2.459829993172000162e+06 2.083444807221044925e+01 3.613333105043858851e-02
2.459830496766000055e+06 2.081841204560221215e+01 3.614386858795254343e-02
2.459830989833000116e+06 2.080530084117329892e+01 3.614026797162402105e-02
2.459831482900000177e+06 2.075918981693039100e+01 3.613664956741387962e-02
2.459831986494000070e+06 2.076110189702418651e+01 3.613997802911703139e-02
2.459832479561000131e+06 2.082096240579595303e+01 3.614829639366091280e-02
2.459832972628000192e+06 2.075186817886682533e+01 3.614301757117798636e-02
2.459833476220999844e+06 2.085460651572271473e+01 3.614908417955312731e-02
2.459833969287999906e+06 2.077259720887611749e+01 3.614085627393110595e-02
2.459834462356000207e+06 2.088826651274153434e+01 3.614971353578920465e-02
2.459834965948999859e+06 2.086231026704206926e+01 3.614322285683391894e-02
2.459835459015999921e+06 2.084377612838765259e+01 3.614950876442169642e-02
2.459835952082999982e+06 2.081300554831303629e+01 3.613448210222477280e-02
2.459836455676999874e+06 2.082686970268223803e+01 3.613937008630414838e-02
2.459836948743999936e+06 2.081657137823358994e+01 3.614067291484646116e-02
2.459837441810999997e+06 2.081883388813007940e+01 3.614460096950300461e-02
2.459837945404999889e+06 2.086106133606717350e+01 3.614105912760256362e-02
2.459838438471999951e+06 2.083548431671377799e+01 3.613512821662980684e-02
2.459838931539000012e+06 2.078842562284512496e+01 3.614924822800307663e-02
2.459839435132000130e+06 2.081990770768157262e+01 3.614646528041545043e-02
2.459839928199999966e+06 2.079650716297321722e+01 3.614414702627759268e-02
2.459840421267000027e+06 2.085956271759032887e+01 3.613846282350715450e-02
2.459840924860000145e+06 2.084295063816139759e+01 3.614807711086789194e-02
2.459841417927000206e+06 2.082040628558618067e+01 3.614733088602578581e-02
2.459841910993999802e+06 2.080953616044573451e+01 3.614762501849489579e-02
2.459842414588000160e+06 2.079051273399475264e+01 3.613372876129499617e-02
2.459842907655000221e+06 2.080484094889073887e+01 3.613946910644746241e-02
2.459843400721999817e+06 2.083210711696482775e+01 3.614845819487522843e-02
2.459843904316000175e+06 2.082456795917751435e+01 3.613537603623572653e-02
2.459844397382999770e+06 2.077472099930371030e+01 3.614455131523132414e-02
2.459844890449999832e+06 2.083145476646859962e+01 3.614732621794611300e-02
2.459845394044000190e+06 2.077439572002264967e+01 3.614398538350754864e-02
2.459845887110999785e+06 2.088351506853216222e+01 3.614149057736681242e-02
2.459846380177999847e+06 2.082786720387509405e+01 3.614110097842979097e-02
2.459846883770999964e+06 2.081532518543643562e+01 3.613850933826833617e-02
2.459847376838000026e+06 2.079834605620025201e+01 3.614734300657575922e-02
2.459847869905999862e+06 2.087993777131432083e+01 3.613529962468155915e-02
2.459848373498999979e+06 2.084548480504626866e+01 3.613327273344140583e-02
2.459848866566000041e+06 2.080863536426114635e+01 3.614606027229163437e-02
2.459849359633000102e+06 2.084744323594250659e+01 3.613666745025251315e-02
2.459849863226999994e+06 2.081716574261279717e+01 3.614170482006422852e-02
2.459850356294000056e+06 2.084416008846959656e+01 3.615017466911486788e-02
2.459850849361000117e+06 2.081379151210045464e+01 3.613584665259417239e-02
2.459851352955000009e+06 2.079526217132881882e+01 3.614198324172045867e-02
2.459851846022000071e+06 2.083629032029313066e+01 3.613652607435369202e-02
2.459852339089000132e+06 2.077808889589473651e+01 3.615041089385877260e-02
2.459852842681999784e+06 2.080761961959685991e+01 3.614429585251043714e-02
2.459853335750000086e+06 2.080491759689848763e+01 3.613960224941716731e-02
2.459853828817000147e+06 2.087218906272042673e+01 3.614111352826800821e-02
2.459854332409999799e+06 2.083327756170715261e+01 3.615048918351213003e-02
2.459854825476999860e+06 2.080604818781455734e+01 3.614156616519925008e-02
2.459855318543999922e+06 2.083590650517635368e+01 3.613586042107463231e-02
2.459855822137999814e+06 2.085253217623062127e+01 3.614548854839795544e-02
2.459856315204999875e+06 2.085518275775674368e+01 3.615008302946094709e-02
2.459856808271999937e+06 2.078452003286311012e+01 3.614245674969210342e-02
2.459857311865999829e+06 2.081250714763097420e+01 3.613361680429921091e-02
2.459857804932999890e+06 2.076926846079743072e+01 3.613506480718892133e-02
2.459858297999999952e+06 2.081482672920696686e+01 3.613764394390418799e-02
2.459858801593999844e+06 2.081624544368199636e+01 3.614010704384845035e-02
2.459859294660999905e+06 2.082481730243694784e+01 3.613580870367254921e-02
2.459859787727999967e+06 2.080146871609013459e+01 3.613361130136178573e-02
2.459860291321000084e+06 2.077984960458389807e+01 3.613433528468752709e-02
2.459860784388000146e+06 2.080917200410107881e+01 3.614699245336257943e-02
2.459861277455999982e+06 2.080371042357546685e+01 3.613750530461855986e-02
2.459861781049000099e+06 2.083249086209365331e+01 3.614912408021601908e-02
2.459862274116000161e+06 2.079108720502767582e+01 3.613472718691106839e-02
2.459862767183000222e+06 2.078522834519674944e+01 3.614368844269456177e-02
2.459863270777000114e+06 2.081965842320653337e+01 3.614603248538347802e-02
2.459863763844000176e+06 2.087197759982949208e+01 3.614074737097012352e-02
2.459864256910999771e+06 2.077602216735998653e+01 3.614681513073966096e-02
2.459864760505000129e+06 2.080430442074274566e+01 3.613853711939325752e-02
2.459865253572000191e+06 2.080949782789879521e+01 3.614755843217014319e-02
2.459865746638999786e+06 2.084611839490886354e+01 3.613437098927572977e-02
2.459866250231999904e+06 2.078834903559587843e+01 3.614911504949622906e-02
2.459866743300000206e+06 2.087097798607413779e+01 3.613901649577978825e-02
2.459867236366999801e+06 2.078831074207703722e+01 3.614904846042675535e-02
2.459867739959999919e+06 2.081641799663243830e+01 3.614040662150843491e-02
2.459868233026999980e+06 2.082982397959973042e+01 3.614449643070360985e-02
2.459868726094000041e+06 2.083533079575751046e+01 3.613486196414657237e-02
2.459869229687999934e+06 2.086413576220053656e+01 3.614638546334738439e-02
2.459869722754999995e+06 2.085723815068461207e+01 3.613443559264712529e-02
2.459870215822000057e+06 2.084245152039623505e+01 3.614721148738800349e-02
2.459870719415999949e+06 2.078821500858865434e+01 3.614888198828990207e-02
2.459871212483000010e+06 2.072921232730137930e+01 3.614174305288376382e-02
2.459871705550000072e+06 2.087084342634011236e+01 3.613878349968104725e-02
2.459872209143999964e+06 2.079026380147664455e+01 3.613329611876211350e-02
2.459872702211000025e+06 2.084719362177438029e+01 3.613623477253360278e-02
2.459873195278000087e+06 2.082220893608780443e+01 3.615046055618016674e-02
2.459873698871000204e+06 2.082431861890356828e+01 3.613494337397941264e-02
2.459874191937999800e+06 2.078555379409180759e+01 3.614425436976891060e-02
2.459874685006000102e+06 2.080491759689848763e+01 3.613960224941716731e-02
2.459875188599000219e+06 2.078976594538199407e+01 3.615157893129777866e-02
2.459875681665999815e+06 2.090624328719871983e+01 3.614231383102285006e-02
2.459876174732999876e+06 2.077634747210747435e+01 3.614738110677078592e-02
2.459876678326999769e+06 2.079579846628366013e+01 3.614291531764769055e-02
2.459877171393999830e+06 2.078434774432357557e+01 3.614215715503807380e-02
2.459877664460999891e+06 2.083174256563992444e+01 3.614782561516285964e-02
2.459878168054999784e+06 2.081091617916215597e+01 3.615002220787456866e-02
2.459878661121999845e+06 2.075788970305643844e+01 3.613438638855790558e-02
2.459879154188999906e+06 2.079803956270438192e+01 3.614681032356843737e-02
2.459987411249999888e+06 2.084993954201153699e+01 3.621780852835591175e-02
2.459987904316999950e+06 2.085232091248995800e+01 3.622194513603520932e-02
2.459988407910000067e+06 2.087738018722655298e+01 3.622701729974738688e-02
2.459988900977000128e+06 2.086463539924188382e+01 3.622411922455187616e-02
2.459989394044000190e+06 2.096275699871256393e+01 3.624001365538775249e-02
2.459989897638000082e+06 2.087334253438521259e+01 3.623923610991799937e-02
2.459990390705000143e+06 2.093665033922036400e+01 3.623344769658747022e-02
2.459990883772000205e+06 2.085689236947830238e+01 3.624909598549598544e-02
2.459991387366000097e+06 2.088588103721448874e+01 3.624176821374204549e-02
2.459991880433000159e+06 2.091203995452914199e+01 3.624863850164352502e-02
2.459992373500000220e+06 2.087134322401104569e+01 3.625498822640242647e-02
2.459992877094000112e+06 2.099392300022121560e+01 3.625522060783065853e-02
2.459993370161000174e+06 2.093489562630576373e+01 3.626897445301047185e-02
2.459993863227999769e+06 2.096538297130311079e+01 3.626386321793367840e-02
2.459994366820999887e+06 2.093744097221943790e+01 3.627338417577981311e-02
2.459994859887999948e+06 2.099984068609495935e+01 3.628478165733670796e-02
2.459995352955999784e+06 2.094314984273056268e+01 3.628327459426670260e-02
2.459995856548999902e+06 2.096293076614712803e+01 3.629823677947266458e-02
2.459996349615999963e+06 2.095619350612901854e+01 3.628657091737970408e-02
2.459996842683000024e+06 2.097088699558612035e+01 3.629269844002711021e-02
2.459997346276999917e+06 2.090684021193177955e+01 3.631664898610180436e-02
2.459997839343999978e+06 2.098141625890695039e+01 3.631092062483879529e-02
2.459998332411000039e+06 2.095673395138800998e+01 3.632611045267524624e-02
2.459998836004999932e+06 2.095677255515416704e+01 3.632617736790528379e-02
2.459999329071999993e+06 2.094847438112802607e+01 3.633108768667384081e-02
2.459999822139000054e+06 2.099363296045992655e+01 3.635139897951270016e-02
2.460000325732000172e+06 2.103710623055317441e+01 3.634917129553540821e-02
2.460000818800000008e+06 2.098591937353179304e+01 3.635737131047139109e-02
2.460001311867000069e+06 2.100032423086315703e+01 3.636298520856442312e-02
2.460001815460000187e+06 2.096685056984770057e+01 3.638226882412276542e-02
2.460002308526999783e+06 2.105938091339150375e+01 3.638765882576749933e-02
2.460002801593999844e+06 2.107121604579132068e+01 3.638870096872202919e-02
2.460003305188000202e+06 2.097196865792076537e+01 3.641046577145989199e-02
2.460003798254999798e+06 2.107637902192806223e+01 3.641702917509806459e-02
2.460004291321999859e+06 2.100183296210249395e+01 3.642362785207921977e-02
2.460004794916000217e+06 2.108383457226362623e+01 3.644933025048643915e-02
2.460005287982999813e+06 2.113035531785106258e+01 3.645190732048185500e-02
2.460005781049999874e+06 2.109638293326756653e+01 3.647102361716351299e-02
2.460006284644000232e+06 2.112589904100877902e+01 3.648313515594301532e-02
2.460006777710999828e+06 2.116830088871153137e+01 3.649787037588541477e-02
2.460007270777999889e+06 2.116746254611066291e+01 3.651592087941601256e-02
2.460007774371000007e+06 2.109807345334398931e+01 3.653224228727158795e-02
2.460008267438000068e+06 2.120108074196944870e+01 3.655438860290031317e-02
2.460008760505999904e+06 2.122610948474209991e+01 3.657799258411909005e-02
2.460009264099000022e+06 2.120565053297226754e+01 3.660132997742560762e-02
2.460009757166000083e+06 2.126779179223730054e+01 3.661064509545994966e-02
2.460010250233000144e+06 2.123727545311196963e+01 3.663635489850868010e-02
2.460010753827000037e+06 2.131589636043151614e+01 3.665418757385106169e-02
2.460011246894000098e+06 2.125680556073845295e+01 3.668962446517844839e-02
2.460011739961000159e+06 2.125651188914538636e+01 3.670869555374765836e-02
2.460012243555000052e+06 2.136670726540525322e+01 3.674156050953308189e-02
2.460012736622000113e+06 2.134341947927789462e+01 3.678014758163561382e-02
2.460013229689000174e+06 2.136442456944912038e+01 3.679666733943894041e-02
2.460013733281999826e+06 2.142351855530029070e+01 3.683925153039910999e-02
2.460014226350000128e+06 2.147923452716698378e+01 3.687570975636610127e-02
2.460014719417000189e+06 2.151273363822880924e+01 3.691340731973521971e-02
2.460015223009999841e+06 2.153479788282952256e+01 3.695126705722116822e-02
2.460015716076999903e+06 2.154467762080393101e+01 3.698806294676786066e-02
2.460016209143999964e+06 2.159299081387440822e+01 3.703123163733027662e-02
2.460016712737999856e+06 2.175945432012791159e+01 3.709625760847613807e-02
2.460017205804999918e+06 2.171862866433705364e+01 3.714667821974177581e-02
2.460017698871999979e+06 2.181626498505707090e+01 3.719311036177204433e-02
2.460018202465999871e+06 2.181976153816335184e+01 3.725936163358097020e-02
2.460018695532999933e+06 2.188273494563317101e+01 3.732658535444236675e-02
2.460019188599999994e+06 2.189156450423818256e+01 3.738197217057819682e-02
2.460019692193999887e+06 2.195731336603376604e+01 3.745379787068398025e-02
2.460020185260999948e+06 2.201488392733936905e+01 3.753172268818556756e-02
2.460020678328000009e+06 2.217334426810810299e+01 3.761806962212688871e-02
2.460021181921000127e+06 2.216881095772260934e+01 3.771246980571602014e-02
2.460021674988000188e+06 2.230790570136838369e+01 3.780526642718137070e-02
2.460022168056000024e+06 2.235447114889933218e+01 3.790477024231841269e-02
2.460022671649000142e+06 2.241894646965508997e+01 3.801409612183791198e-02
2.460023164716000203e+06 2.255179941050396764e+01 3.813550983768579372e-02
2.460023657782999799e+06 2.262938753908431266e+01 3.826671279789770758e-02
2.460024161377000157e+06 2.278494580861542573e+01 3.840385044455157937e-02
2.460024654444000218e+06 2.286516817518825206e+01 3.856012422289652186e-02
2.460025147510999814e+06 2.306116270992083628e+01 3.869949097519137515e-02
2.460025651105000172e+06 2.325262565822783500e+01 3.889229078876360601e-02
2.460026144171999767e+06 2.337756105964831121e+01 3.905819440887951799e-02
2.460026637238999829e+06 2.354461536421027290e+01 3.927224517126939179e-02
2.460027140831999946e+06 2.373373014044553742e+01 3.947838935995812149e-02
2.460027633899999782e+06 2.397512057556586740e+01 3.972534187072759848e-02
2.460028126966999844e+06 2.417737797215791673e+01 3.997139753637612980e-02
2.460028630559999961e+06 2.445695587480311417e+01 4.025340589799092372e-02
2.460029123627000023e+06 2.472350273375777618e+01 4.055548500257645517e-02
2.460029616694000084e+06 2.496431190307831471e+01 4.085852719782209069e-02
2.460030120287999976e+06 2.526255080936257258e+01 4.123030975481090793e-02
2.460030613355000038e+06 2.563473309553805279e+01 4.160163354265252605e-02
2.460031106422000099e+06 2.597127076362236053e+01 4.202818560503826517e-02
2.460031610015999991e+06 2.643735483159188959e+01 4.249023287512548874e-02
2.460032103083000053e+06 2.685401332014670572e+01 4.298675400698478977e-02
2.460032596150000114e+06 2.738089248918602792e+01 4.352753480009734222e-02
2.460033099744000006e+06 2.786013393992352860e+01 4.410976628839360231e-02
2.460033592811000068e+06 2.845126626047822072e+01 4.475743054338167382e-02
2.460034085878000129e+06 2.918313875132879787e+01 4.547869966098098959e-02
2.460034589470999781e+06 2.979803322096014995e+01 4.627227478495176544e-02
2.460035082537999842e+06 3.060393000447279022e+01 4.712910073665421695e-02
2.460035575606000144e+06 3.145577574614567595e+01 4.806428277343944427e-02
2.460036079198999796e+06 3.247476372633779107e+01 4.911281562221239683e-02
2.460036572265999857e+06 3.348022747021937562e+01 5.010919724393497754e-02
2.460037065332999919e+06 3.456753410501627144e+01 5.129081741875499839e-02
2.460037568926999811e+06 3.618541851712626567e+01 5.319149135880475721e-02
2.460038061993999872e+06 3.761802580271554319e+01 5.463907939230782523e-02
2.460038555060999934e+06 3.908358561361399097e+01 5.626379966548800127e-02
2.460039058654999826e+06 4.095095177390383867e+01 5.815995391756039606e-02
2.460039551721999887e+06 4.282612694515342611e+01 6.015258891169436573e-02
2.460040044788999949e+06 4.487995367805619651e+01 6.237597107234137822e-02
2.460040548382000066e+06 4.721191320062934693e+01 6.479083073830876893e-02
2.460041041449999902e+06 4.958071666598055316e+01 6.731098773844046423e-02
2.460041534516999964e+06 5.209595455211937320e+01 6.990998867846273668e-02
2.460042038110000081e+06 5.459971804531816275e+01 7.251558258471095531e-02
2.460042531177000143e+06 5.690620184922439506e+01 7.500235737683719206e-02
2.460043024244000204e+06 5.893135135263345603e+01 7.718300380534245941e-02
2.460043527838000096e+06 6.075018432699709336e+01 7.889371241898300580e-02
2.460044020905000158e+06 6.174929449360944034e+01 7.996372201418461279e-02
2.460044513972000219e+06 6.220109068018066267e+01 8.026233965583400021e-02
2.460045017566000111e+06 6.165830759721552567e+01 7.973231756214255173e-02
2.460045510633000173e+06 6.020980213425509930e+01 7.846921715109460294e-02
2.460046003699999768e+06 5.848224017317683376e+01 7.659479822244989744e-02
2.460046507294000126e+06 5.615639239175818886e+01 7.427271847541376537e-02
2.460047000361000188e+06 5.396139892065795607e+01 7.176721168544662743e-02
2.460047493427999783e+06 5.129657867933372017e+01 6.916799021478174658e-02
2.460047997020999901e+06 4.889526452293523562e+01 6.651551765878847833e-02
2.460048490087999962e+06 4.644019129471973883e+01 6.407394932085531958e-02
2.460048983155999798e+06 4.427424867137387565e+01 6.173802825649776782e-02
2.460049486748999916e+06 4.228866741170305232e+01 5.955348287100567517e-02
2.460049979815999977e+06 4.030509972087444481e+01 5.753967150913286144e-02
2.460050472883000039e+06 3.857735077519840416e+01 5.574822235919649899e-02
2.460050976476999931e+06 3.704070124168945455e+01 5.407345836934355360e-02
2.460051469543999992e+06 3.572442110402170812e+01 5.257964565798389084e-02
2.460051962611000054e+06 3.443381961170305772e+01 5.121927262735875147e-02
2.460052466204999946e+06 3.327318693752238943e+01 4.995255244366060554e-02
2.460052959272000007e+06 3.215392541287130967e+01 4.883490370263237484e-02
2.460053452339000069e+06 3.129585349115346560e+01 4.781992229262524430e-02
2.460053955932000186e+06 3.048442445718827543e+01 4.688891152418139113e-02
2.460054449000000022e+06 2.967511427217568354e+01 4.605406665954844825e-02
2.460054942067000084e+06 2.901071282332829782e+01 4.529015245143807461e-02
2.460055445660000201e+06 2.835742551391488320e+01 4.458368905827930079e-02
2.460055938726999797e+06 2.772456878116322088e+01 4.394620227572792331e-02
2.460056431793999858e+06 2.725365788994377070e+01 4.337547244665575230e-02
2.460056935388000216e+06 2.672824232060228766e+01 4.283466042122858336e-02
2.460057428454999812e+06 2.631721933405756886e+01 4.236986773981683135e-02
2.460057921521999873e+06 2.595995886708654865e+01 4.191424002862697423e-02
2.460058425116000231e+06 2.552332202756758761e+01 4.151486015033051258e-02
2.460058918182999827e+06 2.522660459115660103e+01 4.112517380434427272e-02
