2.458346727899000049e+06 1.943204018908372688e-01 2.332769329368915550e-03
2.458347220966000110e+06 1.957365818680628089e-01 2.336068942650193752e-03
2.458347714033000171e+06 1.962018960562338654e-01 2.339453851877260158e-03
2.458348217627000064e+06 1.961007253196693778e-01 2.343124138647291379e-03
2.458348710694000125e+06 2.011990843827162756e-01 2.346781099733462848e-03
2.458349203761000186e+06 2.023117934373262761e-01 2.350815580082734474e-03
2.458349707355000079e+06 2.050227242825617413e-01 2.354935188973841624e-03
2.458350200422000140e+06 2.042134770867497506e-01 2.358994218298713415e-03
2.458350693489000201e+06 2.013002897458052443e-01 2.363535527721667088e-03
2.458351197081999853e+06 2.047193057077245637e-01 2.368231314771184100e-03
2.458351690150000155e+06 2.038290122956874229e-01 2.372950910291727819e-03
2.458352183217000216e+06 2.079562608425418457e-01 2.378096008317408076e-03
2.458352686809999868e+06 2.052452901652738471e-01 2.383389820716390328e-03
2.458353179876999930e+06 2.105053800907357442e-01 2.389021644586200241e-03
2.458353672943999991e+06 2.073897079399472931e-01 2.394729729973712942e-03
2.458354176537999883e+06 2.107886391239486845e-01 2.400972804095262078e-03
2.458354669604999945e+06 2.119012897117290017e-01 2.407400984824354089e-03
2.458355162672000006e+06 2.130545434052839304e-01 2.414027441919637616e-03
2.458355666265999898e+06 2.163521423488063977e-01 2.421301666242204904e-03
2.458356159332999960e+06 2.140458440905604054e-01 2.428610874166273973e-03
2.458356652400000021e+06 2.182741974087585579e-01 2.436580138896161322e-03
2.458357155993999913e+06 2.252134896668524511e-01 2.444969036741807475e-03
2.458357649060999975e+06 2.278232274578576022e-01 2.453786481667235078e-03
2.458358142128000036e+06 2.255977687548916810e-01 2.463062334203203543e-03
2.458358645721000154e+06 2.282884818545060090e-01 2.472885055618978794e-03
2.458359138788000215e+06 2.296036564801896274e-01 2.483324887049805866e-03
2.458359631856000051e+06 2.334272749104468747e-01 2.494365787603369366e-03
2.458360135449000169e+06 2.389705592873765660e-01 2.506278916259914100e-03
2.458360628516000230e+06 2.355313926591242335e-01 2.518802438548428148e-03
2.458361121582999825e+06 2.415400767707421847e-01 2.532115206029287094e-03
2.458361625177000184e+06 2.450805238791660678e-01 2.546431976537781236e-03
2.458362118243999779e+06 2.493492119497057180e-01 2.561617728043431939e-03
2.458362611310999840e+06 2.508261430130594993e-01 2.577945653480589409e-03
2.458363114905000199e+06 2.578868515211615309e-01 2.595884145636133053e-03
2.458363607971999794e+06 2.650891789411979893e-01 2.614668282074742583e-03
2.458364101038999856e+06 2.712191808784614744e-01 2.635162322623531110e-03
2.458364604631999973e+06 2.724936586348207790e-01 2.657584170665939008e-03
2.458365097699999809e+06 2.840861099934073875e-01 2.681419706236097805e-03
2.458365590766999871e+06 2.857451054057338902e-01 2.707605799208916142e-03
2.458366094359999988e+06 2.903982534185952091e-01 2.736719026184632024e-03
2.458366587427000050e+06 3.027189441824102989e-01 2.767791058020612101e-03
2.458367080494000111e+06 3.080602049394422504e-01 2.802440068639600306e-03
2.458367584088000003e+06 3.239213695684085015e-01 2.841116644062851963e-03
2.458368077155000065e+06 3.304358810837372262e-01 2.883647021760575579e-03
2.458368570222000126e+06 3.487045385859286473e-01 2.930986003035704508e-03
2.458369073816000018e+06 3.606208228493300028e-01 2.985310742669612574e-03
2.458369566883000080e+06 3.843315168904024581e-01 3.045664643799622998e-03
2.458370059950000141e+06 3.985338365330383659e-01 3.114531493159652248e-03
2.458370563544000033e+06 4.232970092172153587e-01 3.195772204470677738e-03
2.458371056611000095e+06 4.529964514728112568e-01 3.288151411375779803e-03
2.458371549678000156e+06 4.884008375078887076e-01 3.397144820901725881e-03
2.458372053270999808e+06 5.321406061779461183e-01 3.529351317837868887e-03
2.458372546337999869e+06 5.851866366540865450e-01 3.686062406815334824e-03
2.458373039406000171e+06 6.398715485620632970e-01 3.878469413318520308e-03
2.458373542998999823e+06 7.347764018260615204e-01 4.121432321691407413e-03
2.458374036065999884e+06 8.557182611608346035e-01 4.418344484640544974e-03
2.458374529132999945e+06 1.013824541694679393e+00 4.778085281781085936e-03
2.458375032726999838e+06 1.180286935552947725e+00 5.175609025048042051e-03
2.458375525793999899e+06 1.311526892176363868e+00 5.462399227759666756e-03
2.458376018860999960e+06 1.321702160768578604e+00 5.462171722172376627e-03
2.458376522454999853e+06 1.170029468295566755e+00 5.162958698473933683e-03
2.458377015521999914e+06 9.558012628595957683e-01 4.669246430201384225e-03
2.458377508588999975e+06 7.894612174415445160e-01 4.260927022543237533e-03
2.458378012182000093e+06 7.004842905474329973e-01 4.027150354234642661e-03
2.458378505249999929e+06 6.403974589468600653e-01 3.839189521375221438e-03
2.458378998316999990e+06 5.731897294458700998e-01 3.668566464362003985e-03
2.458379501910000108e+06 5.263948115853771537e-01 3.517423791631479543e-03
2.458379994977000169e+06 4.881579876552231689e-01 3.392308371699881073e-03
2.458380488044000231e+06 4.483834765876089645e-01 3.285640585712729881e-03
2.458380991638000123e+06 4.249560337870753601e-01 3.192641409957752176e-03
2.458381484705000184e+06 3.936178637470874042e-01 3.114179516875104688e-03
2.458381977771999780e+06 3.834617059216677282e-01 3.045835385589965114e-03
2.458382481366000138e+06 3.626843366599886709e-01 2.985022713795979291e-03
2.458382974433000199e+06 3.470659436619193960e-01 2.932237027059449164e-03
2.458383467499999795e+06 3.322969843481155539e-01 2.885197765093897027e-03
2.458383971094000153e+06 3.176294773661162973e-01 2.842099544151463746e-03
2.458384464161000215e+06 3.127942781180006460e-01 2.804308716847936627e-03
2.458384957227999810e+06 3.052479809473727657e-01 2.770109666688762989e-03
2.458385460820999928e+06 2.937565777224046548e-01 2.738606363751652263e-03
2.458385953887999989e+06 2.906208709778712596e-01 2.710176105167699107e-03
2.458386446955999825e+06 2.878087544533363129e-01 2.684216879590670818e-03
2.458386950548999943e+06 2.745369471376211679e-01 2.660064821667401398e-03
2.458387443616000004e+06 2.693982684623835722e-01 2.638064732243255040e-03
2.458387936683000065e+06 2.610833640925769861e-01 2.617960580497629905e-03
2.458388440276999958e+06 2.595054003392388564e-01 2.598791682107640371e-03
2.458388933344000019e+06 2.562682481096248965e-01 2.581243536915290432e-03
2.458389426411000080e+06 2.471036724919722927e-01 2.565176955923157212e-03
2.458389930004999973e+06 2.479533612768730633e-01 2.549561590710401702e-03
2.458390423072000034e+06 2.402452445852495955e-01 2.535579310736586680e-03
2.458390916139000095e+06 2.403058813251972570e-01 2.522275495263614012e-03
2.458391419732000213e+06 2.409330619573148147e-01 2.509552491419644524e-03
2.458391912800000049e+06 2.347625401667654543e-01 2.497822999842419598e-03
2.458392405867000110e+06 2.305139432611529315e-01 2.487013253797390813e-03
2.458392909460000228e+06 2.247480850262316143e-01 2.476348609713871149e-03
2.458393402526999824e+06 2.242220918786891337e-01 2.466629236146425028e-03
2.458393895593999885e+06 2.242220918786891337e-01 2.457336008113388502e-03
2.458394399187999777e+06 2.256788187679934221e-01 2.448565750535323330e-03
2.458394892254999839e+06 2.234938618780737962e-01 2.440297855918694987e-03
2.458395385321999900e+06 2.246874420228718860e-01 2.432428965676031261e-03
2.458395888915999793e+06 2.152597343593136148e-01 2.424936922440829815e-03
2.458396381982999854e+06 2.101210682120492057e-01 2.417753496354958787e-03
2.458396875049999915e+06 2.100603090004899698e-01 2.411056718282015860e-03
2.458397378643999808e+06 2.147134251805226934e-01 2.404544055295239954e-03
2.458397871710999869e+06 2.138840504499236184e-01 2.398407921570529493e-03
2.458398364777999930e+06 2.080777293636886238e-01 2.392708689017493135e-03
2.458398868371000048e+06 2.116586393829283375e-01 2.387099212392320476e-03
2.458399361438000109e+06 2.025344010584927967e-01 2.381756472135801439e-03
2.458399854505999945e+06 2.056295854597473827e-01 2.376678291306697638e-03
2.458400358099000063e+06 2.040111951192621065e-01 2.371877537752490207e-03
2.458400851166000124e+06 2.061151904702591964e-01 2.367103812796032478e-03
2.458401344233000185e+06 2.007742443332321547e-01 2.362721726146343060e-03
2.458401847827000078e+06 2.036064819766102429e-01 2.358358417188701622e-03
2.458402340894000139e+06 2.042943707566427791e-01 2.354471970332193843e-03
2.458402833961000200e+06 1.991960856662148005e-01 2.350571196181192035e-03
2.458403337555000093e+06 2.000256083823779285e-01 2.346726754075898445e-03
2.458403830622000154e+06 1.936528977535822704e-01 2.343127277730914192e-03
2.458404323689000215e+06 1.976585476756441140e-01 2.339709814957570758e-03
2.458404827281999867e+06 1.980228013450852920e-01 2.336361331706387958e-03
2.458405320350000169e+06 1.939967257367453957e-01 2.333171937685127664e-03
2.458405813417000230e+06 1.919534844110689364e-01 2.330167229802830153e-03
2.458406317009999882e+06 1.953927296229191757e-01 2.327106138379926668e-03
2.458406810076999944e+06 1.913261797747060067e-01 2.324314414651536265e-03
2.458407303144000005e+06 1.895256522793068998e-01 2.321642369728582882e-03
2.458407806737999897e+06 1.906182157110287712e-01 2.318873942010744090e-03
2.458408299804999959e+06 1.935111527306963564e-01 2.316281735717167205e-03
2.458408792872000020e+06 1.938349113654064815e-01 2.313908549053772870e-03
2.458409296465999912e+06 1.905169411199486573e-01 2.311500394271339288e-03
2.458409789532999974e+06 1.925198878443725448e-01 2.309381420916768561e-03
2.458410282600000035e+06 1.899908999847870761e-01 2.307042921127824657e-03
2.458410786193999927e+06 1.868956528903165659e-01 2.304917880820627884e-03
2.458411279260999989e+06 1.916296913059818141e-01 2.302938965471326618e-03
2.458411772328000050e+06 1.901325181005206755e-01 2.300882244116798578e-03
2.458412275921000168e+06 1.877655873043875268e-01 2.299044378077636994e-03
2.458412768988000229e+06 1.866123577524793353e-01 2.297127193909402360e-03
2.458413262056000065e+06 1.883926694732099283e-01 2.295443970219538266e-03
2.458413765649000183e+06 1.902539139733495921e-01 2.293589795646470541e-03
2.458414258715999778e+06 1.855603572616236485e-01 2.292039208354493002e-03
2.458414751782999840e+06 1.895459022719359898e-01 2.290466346161678431e-03
2.458415255377000198e+06 1.844881177625335711e-01 2.288820189812980875e-03
2.458415748443999793e+06 1.799765821179185876e-01 2.287385136243485530e-03
2.458416241510999855e+06 1.842250996029101417e-01 2.285896455302691751e-03
2.458416745105000213e+06 1.833349227947422555e-01 2.284475878781821838e-03
2.458417238171999808e+06 1.901729747824197347e-01 2.283155627882068640e-03
2.458417731238999870e+06 1.848926299557741293e-01 2.281747940172359872e-03
2.458418234831999987e+06 1.789446835416530213e-01 2.280368500775808039e-03
2.458526481366999913e+06 1.736442472824696881e-01 2.232174582279243882e-03
2.458526984960000031e+06 1.708118514180714254e-01 2.232263554581321360e-03
2.458527478027000092e+06 1.745140510296862013e-01 2.232265194877793794e-03
2.458527971094000153e+06 1.711961524916957855e-01 2.232240133656453445e-03
2.458528474688000046e+06 1.757279327276156655e-01 2.232092758467444857e-03
2.458528967755000107e+06 1.751210691400223174e-01 2.232126427402920422e-03
2.458529460822000168e+06 1.704274712037727457e-01 2.232106316338165492e-03
2.458529964416000061e+06 1.706500421955880198e-01 2.232192210815740763e-03
2.458530457483000122e+06 1.726325954509060068e-01 2.232048967621638562e-03
2.458530950550000183e+06 1.752829202300033862e-01 2.232090672190399638e-03
2.458531454144000076e+06 1.711354574223691583e-01 2.232079212185840173e-03
2.458531947211000137e+06 1.754043663178216361e-01 2.232021659061175257e-03
2.458532440278000198e+06 1.764563127818767896e-01 2.232080858246935327e-03
2.458532943870999850e+06 1.777308426698067656e-01 2.231997081042967797e-03
2.458533436937999912e+06 1.740690663859179865e-01 2.232024253777749670e-03
2.458533930006000213e+06 1.742106896486773082e-01 2.232075243583337126e-03
2.458534433598999865e+06 1.770025813409597248e-01 2.231980779971254412e-03
2.458534926665999927e+06 1.728754007995591258e-01 2.232003830937990922e-03
2.458535419732999988e+06 1.748783310744115860e-01 2.231931682003696505e-03
2.458535923326999880e+06 1.730372482281637980e-01 2.232021600472735602e-03
2.458536416393999942e+06 1.743118049861309971e-01 2.231925860349319619e-03
2.458536909461000003e+06 1.755257348852236887e-01 2.231949423078547021e-03
2.458537413054999895e+06 1.692135746231481219e-01 2.231948784205779399e-03
2.458537906121999957e+06 1.721874918595953652e-01 2.232003270971148062e-03
2.458538399189000018e+06 1.727741639079897751e-01 2.231969802935062069e-03
2.458538902782000136e+06 1.690922098783484706e-01 2.231905364440199546e-03
2.458539395849999972e+06 1.729360758376897456e-01 2.231990809639989269e-03
2.458539888917000033e+06 1.700430162704258952e-01 2.231926147668325013e-03
2.458540392510000151e+06 1.717424286237634601e-01 2.231928581971842889e-03
2.458540885577000212e+06 1.710141318317107140e-01 2.231914379787284727e-03
2.458541378643999808e+06 1.730574898077891222e-01 2.231804522746361815e-03
2.458541882238000166e+06 1.734620201876983792e-01 2.231909013812411087e-03
2.458542375305000227e+06 1.720662128269738189e-01 2.231857484923875212e-03
2.458542868371999823e+06 1.729360758376897456e-01 2.231831529627883309e-03
2.458543371966000181e+06 1.689505461442734613e-01 2.231747198059922700e-03
2.458543865032999776e+06 1.731788295158428193e-01 2.231774322313837683e-03
2.458544358099999838e+06 1.728349626012574414e-01 2.231800104896968211e-03
2.458544861694000196e+06 1.737453538960206101e-01 2.231874041013142546e-03
2.458545354760999791e+06 1.744129790129308744e-01 2.231775551747811146e-03
2.458545847827999853e+06 1.675546172295821756e-01 2.231826537380716870e-03
2.458546351420999970e+06 1.758088770679723523e-01 2.231825504214143743e-03
2.458546844488000032e+06 1.773263194370313656e-01 2.231816664570787472e-03
2.458547337555999868e+06 1.726933443266713830e-01 2.231721023604729161e-03
2.458547841148999985e+06 1.765777586910353136e-01 2.231828110638431947e-03
2.458548334216000047e+06 1.742511287431164069e-01 2.231790913559506245e-03
2.458548827283000108e+06 1.734620201876983792e-01 2.231749249387657112e-03
2.458549330877000000e+06 1.758493632188893596e-01 2.231691607201085475e-03
2.458549823944000062e+06 1.736442472824696881e-01 2.231694785492912246e-03
2.458550317011000123e+06 1.736442472824696881e-01 2.231694785492912246e-03
2.458550820605000015e+06 1.679187528360246984e-01 2.231727737184214036e-03
2.458551313672000077e+06 1.691933151460190687e-01 2.231681559100184235e-03
2.458551806739000138e+06 1.757886374881008629e-01 2.231730477916384764e-03
2.458552310331999790e+06 1.773263194370313656e-01 2.231653340994894756e-03
2.458552803400000092e+06 1.709736565943416609e-01 2.231701080461614365e-03
2.458553296467000153e+06 1.696383345277913957e-01 2.231614200062717948e-03
2.458553800059999805e+06 1.732396110500327435e-01 2.231600263054243569e-03
2.458554293126999866e+06 1.758493632188893596e-01 2.231691607201085475e-03
2.458554786193999927e+06 1.751615582287587292e-01 2.231674530479709102e-03
2.458555289787999820e+06 1.704477214724890444e-01 2.231586595448557028e-03
2.458555782854999881e+06 1.734216044972830550e-01 2.231708445769130158e-03
2.458556275921999943e+06 1.740083143701936508e-01 2.231565787962580191e-03
2.458556779515999835e+06 1.728551805178808742e-01 2.231583560261666578e-03
2.458557272582999896e+06 1.749996580201625684e-01 2.231545982045331049e-03
2.458557765649999958e+06 1.758493632188893596e-01 2.231691607201085475e-03
2.458558269243999850e+06 1.738060141036096573e-01 2.231532692735488810e-03
2.458558762310999911e+06 1.704678171406175946e-01 2.231535684636528228e-03
2.458559255377999973e+06 1.719245910592041571e-01 2.231604003973620357e-03
2.458559758971000090e+06 1.747772090559520375e-01 2.231606939627129270e-03
2.458560252038000152e+06 1.741904736209121396e-01 2.231655790281636496e-03
2.458560745105999988e+06 1.727337493905442278e-01 2.231606804749523658e-03
2.458561248699000105e+06 1.778724962641878016e-01 2.231646263145968881e-03
2.458561741766000167e+06 1.730979800707840577e-01 2.231529552420613918e-03
2.458562234833000228e+06 1.743522675522221344e-01 2.231641029888101462e-03
2.458562738427000120e+06 1.702857866708364087e-01 2.231505371318437316e-03
2.458563231494000182e+06 1.724303064317821155e-01 2.231498060997887025e-03
2.458563724560999777e+06 1.738263456120551498e-01 2.231473533371351736e-03
2.458564228155000135e+06 1.713378054435558684e-01 2.231562230456405130e-03
2.458564721222000197e+06 1.712974113705233725e-01 2.231509436460598576e-03
2.458565214288999792e+06 1.702857866708364087e-01 2.231505371318437316e-03
2.458565717881999910e+06 1.704678171406175946e-01 2.231535684636528228e-03
2.458566210950000212e+06 1.741702599390861639e-01 2.231557237747612728e-03
2.458566704016999807e+06 1.695978724998975229e-01 2.231550533099596265e-03
2.458567207609999925e+06 1.723696500856765346e-01 2.231506871546210490e-03
2.458567700676999986e+06 1.696788062089644722e-01 2.231521490431963035e-03
2.458568193744000047e+06 1.738465193802082587e-01 2.231572392984458152e-03
2.458568697337999940e+06 1.697799494735363346e-01 2.231444312504144486e-03
2.458569190405000001e+06 1.731585737437820183e-01 2.231513283986634195e-03
2.458569683472000062e+06 1.744129790129308744e-01 2.231454271167410911e-03
2.458570187065999955e+06 1.758898586931604002e-01 2.231557530162709205e-03
2.458570680133000016e+06 1.726933443266713830e-01 2.231402910708484271e-03
2.458571173200000077e+06 1.746759846279020978e-01 2.231440653974251821e-03
2.458571676793999970e+06 1.729967721712750428e-01 2.231499496508400002e-03
2.458572169861000031e+06 1.789446835416530213e-01 2.231418699913534451e-03
2.458572662928000093e+06 1.719649746433871695e-01 2.231494645875251818e-03
2.458573166521000210e+06 1.703262559423754652e-01 2.231408194648957805e-03
2.458573659587999806e+06 1.754245616542929043e-01 2.231470784882932674e-03
2.458574152656000108e+06 1.735430396661765129e-01 2.231512927506389132e-03
2.458574656249000225e+06 1.673928100510314043e-01 2.231521360401137518e-03
2.458575149315999821e+06 1.764563127818767896e-01 2.231430769166333448e-03
2.458575642382999882e+06 1.776297072314985404e-01 2.231381403984878699e-03
2.458576145976999775e+06 1.720662128269738189e-01 2.231382048407878904e-03
2.458576639043999836e+06 1.722482427512067871e-01 2.231362944036138513e-03
2.458577132110999897e+06 1.708319900168680239e-01 2.231425342363836922e-03
2.458577635704999790e+06 1.708319900168680239e-01 2.231425342363836922e-03
2.458578128771999851e+06 1.745545605426488123e-01 2.231336428825377114e-03
2.458578621838999912e+06 1.734418910381990975e-01 2.231330523385519939e-03
2.458579125432000030e+06 1.713985722778303411e-01 2.231406494993729613e-03
2.458579618499999866e+06 1.706701617171889618e-01 2.231355033532474077e-03
2.458580111566999927e+06 1.697597785403623660e-01 2.231335557322789570e-03
2.458580615160000045e+06 1.740083143701936508e-01 2.231405520382289450e-03
2.458581108227000106e+06 1.751412318588231043e-01 2.231415559033341368e-03
2.458581601294000167e+06 1.729765376934571941e-01 2.231397807604906108e-03
2.458582104888000060e+06 1.740083143701936508e-01 2.231405520382289450e-03
2.458582597955000121e+06 1.726527896949917040e-01 2.231355954036572369e-03
2.458583091022000182e+06 1.745950794589840038e-01 2.231371959372548640e-03
2.458583594616000075e+06 1.744737116140664956e-01 2.231427808021419108e-03
2.458584087683000136e+06 1.722683920344193209e-01 2.231306634671657418e-03
2.458584580750000197e+06 1.692135746231481219e-01 2.231325378358644477e-03
2.458585084344000090e+06 1.734216044972830550e-01 2.231388991368074819e-03
2.458585577411000151e+06 1.702857866708364087e-01 2.231348532312862377e-03
2.458586070478000212e+06 1.737453538960206101e-01 2.231393964858913170e-03
2.458586574070999864e+06 1.752424030880971872e-01 2.231413313911417926e-03
2.458587067137999926e+06 1.701644365397223524e-01 2.231325687030689866e-03
2.458587560206000227e+06 1.778117269700641989e-01 2.231375143750344812e-03
2.458588063798999880e+06 1.760921516159603961e-01 2.231366893095441169e-03
2.458588556865999941e+06 1.710141318317107140e-01 2.231284340442249523e-03
2.458589049933000002e+06 1.710342942792277277e-01 2.231389878911672030e-03
2.458589553526999895e+06 1.735631805546850037e-01 2.231292337462373754e-03
2.458590046593999956e+06 1.721470560203368361e-01 2.231320562727196616e-03
2.458590539661000017e+06 1.715198546573576954e-01 2.231247716124740675e-03
2.458591043254999910e+06 1.758898586931604002e-01 2.231395529616054304e-03
2.458591536321999971e+06 1.729158484591871436e-01 2.231251961845451878e-03
2.458592029389000032e+06 1.732193481686912784e-01 2.231339245085790790e-03
2.458592532982000150e+06 1.735430396661765129e-01 2.231353088459938749e-03
2.458593026049999986e+06 1.683638312898015632e-01 2.231285240201266815e-03
2.458593519117000047e+06 1.710342942792277277e-01 2.231389878911672030e-03
2.458594022710000165e+06 1.726527896949917040e-01 2.231355954036572369e-03
2.458594515777000226e+06 1.728754007995591258e-01 2.231366934424668970e-03
2.458595008843999822e+06 1.719447024822359782e-01 2.231231585219074342e-03
2.458595512438000180e+06 1.699216826401598601e-01 2.231272586088660966e-03
2.458596005504999775e+06 1.700430162704258952e-01 2.231299686045233599e-03
2.458596498571999837e+06 1.733811982235003990e-01 2.231348160041018817e-03
2.458597002166000195e+06 1.740892683235208960e-01 2.231321243017596583e-03
2.458597495232999790e+06 1.729967721712750428e-01 2.231340160592904919e-03
2.458597988299999852e+06 1.762945148248232230e-01 2.231333183977607729e-03
2.458712204272000119e+06 1.705083296726116193e-01 2.231123756436248062e-03
2.458712697339000180e+06 1.726325954509060068e-01 2.231094964643597946e-03
2.458713200931999832e+06 1.729765376934571941e-01 2.231079173047201530e-03
2.458713694000000134e+06 1.716614592379418491e-01 2.231034426862664368e-03
2.458714187067000195e+06 1.754649593031262778e-01 2.231015003979972423e-03
2.458714690659999847e+06 1.742309080226549789e-01 2.231050510817770508e-03
2.458715183726999909e+06 1.764158493766742331e-01 2.231081562146808046e-03
2.458715676793999970e+06 1.737453538960206101e-01 2.231073914089427065e-03
2.458716180387999862e+06 1.801182007391626816e-01 2.231121768920509701e-03
2.458716673454999924e+06 1.733811982235003990e-01 2.231028780071071024e-03
2.458717166521999985e+06 1.739881218267752827e-01 2.230986331170540116e-03
2.458717670115999877e+06 1.749996580201625684e-01 2.231062440120727859e-03
2.458718163182999939e+06 1.744534650642974027e-01 2.231008187626371941e-03
2.458718656250000000e+06 1.736847148595107582e-01 2.231095092463304588e-03
2.458719159843999892e+06 1.701442199270495059e-01 2.231060591408602634e-03
2.458719652910999954e+06 1.730777337552366624e-01 2.231109132238923588e-03
2.458720145978000015e+06 1.717424286237634601e-01 2.231137678859875656e-03
2.458720649571000133e+06 1.735430396661765129e-01 2.231033410367035813e-03
2.458721142638000194e+06 1.705691165238292784e-01 2.231133660511089561e-03
2.458721635706000030e+06 1.742309080226549789e-01 2.231050510817770508e-03
2.458722139299000148e+06 1.710951110542826004e-01 2.231080230806308830e-03
2.458722632366000209e+06 1.702453270147371023e-01 2.231131970617429659e-03
2.458723125432999805e+06 1.742915772245820505e-01 2.231024745837651042e-03
2.458723629027000163e+06 1.720863408166599939e-01 2.231009081874469821e-03
2.458724122094000224e+06 1.669678288896391805e-01 2.231084540531204797e-03
2.458724615160999820e+06 1.749795115997140882e-01 2.231127918522424203e-03
2.458725118755000178e+06 1.717829276374328029e-01 2.231030937349151588e-03
2.458725611821999773e+06 1.703667348316399432e-01 2.230997018632043579e-03
2.458726104888999835e+06 1.763146502574590990e-01 2.231100859740481682e-03
2.458726608481999952e+06 1.694765443128735949e-01 2.231046765547923215e-03
2.458727101549999788e+06 1.765979264742965071e-01 2.231107102104570861e-03
2.458727594616999850e+06 1.743522675522221344e-01 2.230998692396588944e-03
2.458728098209999967e+06 1.724303064317821155e-01 2.231021618454082350e-03
2.458728591277000029e+06 1.735430396661765129e-01 2.231033410367035813e-03
2.458729084344000090e+06 1.679793900654044103e-01 2.230986490206192819e-03
2.458729587937999982e+06 1.712366804013556731e-01 2.231033717344996226e-03
2.458730081005000044e+06 1.703464941846494773e-01 2.231045751896373365e-03
2.458730574072000105e+06 1.743725023573092781e-01 2.231097012452833497e-03
2.458731077665999997e+06 1.707511353293388323e-01 2.230998280398703050e-03
2.458731570733000059e+06 1.701644365397223524e-01 2.231012232554742489e-03
2.458732063800000120e+06 1.729360758376897456e-01 2.231035129567353944e-03
2.458732567394000012e+06 1.715603011853006621e-01 2.230983807871516397e-03
2.458733060461000074e+06 1.702857866708364087e-01 2.231034854301712500e-03
2.458733553528000135e+06 1.738060141036096573e-01 2.231052448970911525e-03
2.458734057120999787e+06 1.778928119255676343e-01 2.231081923375750203e-03
2.458734550187999848e+06 1.682020172518867984e-01 2.230999795188772471e-03
2.458735043256000150e+06 1.729967721712750428e-01 2.231021488761915188e-03
2.458735546848999802e+06 1.734620201876983792e-01 2.231110191688641213e-03
2.458736039915999863e+06 1.746557146056534060e-01 2.231020845809802630e-03
2.458736532982999925e+06 1.724303064317821155e-01 2.231021618454082350e-03
2.458737036576999817e+06 1.733811982235003990e-01 2.231028780071071024e-03
2.458737529643999878e+06 1.669072493589898454e-01 2.231043691212861082e-03
2.458738022710999940e+06 1.735834836569077333e-01 2.231073721053428854e-03
2.458738526304999832e+06 1.721470560203368361e-01 2.231003456131200584e-03
2.458739019371999893e+06 1.724303064317821155e-01 2.231021618454082350e-03
2.458739512438999955e+06 1.712568690871946742e-01 2.230981287861622062e-03
2.458740016032000072e+06 1.751817256093064490e-01 2.231124734635824957e-03
2.458740509099999908e+06 1.775083552718944024e-01 2.231001421362645547e-03
2.458741002166999970e+06 1.732193481686912784e-01 2.231020163254661751e-03
2.458741505760000087e+06 1.694158347530982933e-01 2.231027753043769279e-03
2.458741998827000149e+06 1.740083143701936508e-01 2.231084985221708835e-03
2.458742491894000210e+06 1.729967721712750428e-01 2.231021488761915188e-03
2.458742995488000102e+06 1.750199679594599544e-01 2.230998971889805275e-03
2.458743488555000164e+06 1.750604336729703336e-01 2.231031082980705713e-03
2.458743981622000225e+06 1.734014800377641774e-01 2.230970344391466822e-03
2.458744485216000117e+06 1.761325407766219930e-01 2.231067567504126364e-03
2.458744978283000179e+06 1.733205266471406492e-01 2.231046242913177838e-03
2.458745471349999774e+06 1.711354574223691583e-01 2.230975861117038411e-03
2.458745974944000132e+06 1.744939605135904515e-01 2.231043921381701232e-03
2.458746468011000194e+06 1.739679316265709264e-01 2.231047900358078782e-03
2.458746961077999789e+06 1.729765376934571941e-01 2.231079173047201530e-03
2.458747464670999907e+06 1.716007572510410695e-01 2.231035751354830485e-03
2.458747957737999968e+06 1.689100925952125576e-01 2.231057256166170139e-03
2.458748450805999804e+06 1.716614592379418491e-01 2.231034426862664368e-03
2.458748954398999922e+06 1.739475835575905738e-01 2.231107370286731367e-03
2.458749447465999983e+06 1.760516095673847758e-01 2.231015310553509812e-03
2.458749940533000045e+06 1.763955399205557051e-01 2.230987180471411934e-03
2.458750444126999937e+06 1.767800286714386604e-01 2.230965442840379068e-03
2.458750937193999998e+06 1.719043236586882406e-01 2.231024270959256622e-03
2.458751430261000060e+06 1.732597167235194191e-01 2.231061365454929234e-03
2.458751933854999952e+06 1.745545605426488123e-01 2.231014887442161337e-03
2.458752426922000013e+06 1.756470256549234332e-01 2.231065078415321069e-03
2.458752919989000075e+06 1.672106749806007431e-01 2.231095396679342365e-03
2.458753423582000192e+06 1.719245910592041571e-01 2.230970610372833094e-03
2.458753916650000028e+06 1.743725023573092781e-01 2.231097012452833497e-03
2.458754409717000090e+06 1.718840586474030818e-01 2.231077887890349498e-03
2.458754913310000207e+06 1.748783310744115860e-01 2.231126337527256955e-03
2.458755406376999803e+06 1.728551805178808742e-01 2.231105943747378143e-03
2.458755899443999864e+06 1.724303064317821155e-01 2.231021618454082350e-03
2.458756403038000222e+06 1.732193481686912784e-01 2.231020163254661751e-03
2.458756896104999818e+06 1.755459441955714572e-01 2.231074614016690782e-03
2.458757389171999879e+06 1.696383345277913957e-01 2.230989229342263559e-03
2.458757892765999772e+06 1.715198546573576954e-01 2.231089740500546200e-03
2.458758385832999833e+06 1.739475835575905738e-01 2.231107370286731367e-03
2.458758878899999894e+06 1.767598400917971546e-01 2.231036266454437984e-03
2.458759382493999787e+06 1.724303064317821155e-01 2.231021618454082350e-03
2.458759875560999848e+06 1.714389902058700288e-01 2.230985281694965097e-03
2.458760368627999909e+06 1.742106896486773082e-01 2.231112519734476749e-03
2.458760872221000027e+06 1.733406417114505826e-01 2.230985866235731582e-03
2.458761365288000088e+06 1.725922140484855705e-01 2.231049967344619044e-03
2.458761858355999924e+06 1.718435357913985218e-01 2.231026717079194737e-03
2.458762361949000042e+06 1.728754007995591258e-01 2.231048486168007560e-03
2.458762855016000103e+06 1.752627411996650619e-01 2.231026593296841012e-03
2.458763348083000164e+06 1.735430396661765129e-01 2.231033410367035813e-03
2.458763851677000057e+06 1.710546166509351040e-01 2.231024825163227532e-03
2.458764344744000118e+06 1.718435357913985218e-01 2.231026717079194737e-03
2.458764837811000179e+06 1.760921516159603961e-01 2.231042519364798051e-03
2.458765341405000072e+06 1.731788295158428193e-01 2.230976804331307253e-03
2.458765834472000133e+06 1.702655556409994886e-01 2.231083433976610748e-03
2.458766327539000195e+06 1.707308490131348999e-01 2.231047721520885031e-03
2.458766831131999847e+06 1.730777337552366624e-01 2.231109132238923588e-03
2.458767324200000148e+06 1.746962570026298345e-01 2.231056023537588470e-03
2.458767817267000210e+06 1.712164940954681303e-01 2.231086103463149686e-03
2.458768320859999862e+06 1.742915772245820505e-01 2.231024745837651042e-03
2.458768813926999923e+06 1.660372760958059024e-01 2.231037162016103175e-03
2.458769306993999984e+06 1.775690208850956575e-01 2.231109704455434307e-03
2.458769810587999877e+06 1.760718794247786156e-01 2.231110012275720061e-03
2.458770303654999938e+06 1.721066296768725690e-01 2.231113600233698094e-03
2.458770796721999999e+06 1.709736565943416609e-01 2.231071190232864453e-03
2.458771300315999892e+06 1.775487422012027583e-01 2.231018436371132348e-03
2.458771793382999953e+06 1.723696500856765346e-01 2.231030596602084307e-03
2.458772286450000014e+06 1.741498882048795882e-01 2.230975428862370154e-03
2.458772790043999907e+06 1.744129790129308744e-01 2.230972350296811426e-03
2.458773283110999968e+06 1.731990876573872573e-01 2.231078257647169712e-03
2.458773776178000029e+06 1.666643834326511642e-01 2.231020885363006225e-03
2.458774279771000147e+06 1.723898135708961943e-01 2.230974024693474413e-03
2.458774772838000208e+06 1.689910093818592085e-01 2.231036524216480164e-03
2.458775265906000044e+06 1.687886345958348744e-01 2.231007572990016674e-03
2.458775769499000162e+06 1.745748188252581323e-01 2.231113023037600753e-03
2.458776262566000223e+06 1.744332208640093640e-01 2.231070611372058376e-03
2.458776755632999819e+06 1.736037891341501160e-01 2.231014917963810348e-03
2.458777259227000177e+06 1.748783310744115860e-01 2.231126337527256955e-03
2.458777752293999773e+06 1.713783668872528865e-01 2.230985599420111636e-03
2.458778245360999834e+06 1.751615582287587292e-01 2.231029211451159358e-03
2.458778748955000192e+06 1.743522675522221344e-01 2.230998692396588944e-03
2.458779242021999788e+06 1.741094726057010877e-01 2.231099121266529647e-03
2.458779735088999849e+06 1.755661558327366312e-01 2.231008085950198817e-03
2.458780238681999967e+06 1.745748188252581323e-01 2.231113023037600753e-03
2.458780731749999803e+06 1.725315007476331819e-01 2.231059680870085653e-03
2.458781224816999864e+06 1.745748188252581323e-01 2.231113023037600753e-03
2.458781728409999982e+06 1.746354469356095340e-01 2.231083640600778611e-03
2.458782221477000043e+06 1.712974113705233725e-01 2.231036124221530675e-03
2.458782714544000104e+06 1.754649593031262778e-01 2.231015003979972423e-03
2.458783218137999997e+06 1.783378801477082387e-01 2.231079165851297501e-03
2.458783711205000058e+06 1.747569272872608326e-01 2.231026061867709409e-03
2.459622427943999879e+06 1.706094959929039812e-01 2.231033296570295553e-03
2.459622921010999940e+06 1.716209888612880985e-01 2.230982651377854276e-03
2.459623424604999833e+06 1.730574898077891222e-01 2.231007563553836972e-03
2.459623917671999894e+06 1.770227976452311003e-01 2.230931352905647647e-03
2.459624410738999955e+06 1.722279371968792050e-01 2.230941271113371510e-03
2.459624914332000073e+06 1.743118049861309971e-01 2.230962577716454499e-03
2.459625407399999909e+06 1.711354574223691583e-01 2.230975861117038411e-03
2.459625900466999970e+06 1.742915772245820505e-01 2.231024745837651042e-03
2.459626404060000088e+06 1.781152890466282945e-01 2.231083315098420471e-03
2.459626897127000149e+06 1.752020566788261846e-01 2.231060938214802277e-03
2.459627390194000211e+06 1.714592027438946731e-01 2.231090393550410386e-03
2.459627893788000103e+06 1.758493632188893596e-01 2.231043754205309145e-03
2.459628386855000164e+06 1.763146502574590990e-01 2.230938467946338381e-03
2.459628879922000226e+06 1.719852491946121387e-01 2.230965716204077499e-03
2.459629383516000118e+06 1.687482198149041490e-01 2.230939648699227940e-03
2.459629876583000179e+06 1.699822603495370898e-01 2.230972126899378929e-03
2.459630369649999775e+06 1.728551805178808742e-01 2.230946738242615187e-03
2.459630873244000133e+06 1.719447024822359782e-01 2.231073218295572241e-03
2.459631366311000194e+06 1.729967721712750428e-01 2.231021488761915188e-03
2.459631859377999790e+06 1.704274712037727457e-01 2.231007529825199901e-03
2.459632362970999908e+06 1.735834836569077333e-01 2.231073721053428854e-03
2.459632856037999969e+06 1.763753952501828370e-01 2.231057293429427723e-03
2.459633349105999805e+06 1.721470560203368361e-01 2.231003456131200584e-03
2.459633852698999923e+06 1.730979800707840577e-01 2.231051265026367993e-03
2.459634345765999984e+06 1.717221826975405263e-01 2.231032822260107205e-03
2.459634838833000045e+06 1.704072233409160697e-01 2.231056373707965973e-03
2.459635342426999938e+06 1.720055261361926602e-01 2.231070322570325847e-03
2.459635835493999999e+06 1.734418910381990975e-01 2.231011031615275694e-03
2.459636328561000060e+06 1.769621556583633737e-01 2.230982052579969736e-03
2.459636832154999953e+06 1.765372674369281303e-01 2.230991133837801829e-03
2.459637325222000014e+06 1.743725023573092781e-01 2.230936409443010950e-03
2.459637818289000075e+06 1.753436327594504740e-01 2.231087326696858889e-03
2.459638321882000193e+06 1.777712802197335129e-01 2.231031307290438827e-03
2.459638814950000029e+06 1.740083143701936508e-01 2.231084985221708835e-03
2.459639308017000090e+06 1.732597167235194191e-01 2.231061365454929234e-03
2.459639811610000208e+06 1.738868739407080366e-01 2.230969312231481302e-03
2.459640304676999804e+06 1.758696097904714484e-01 2.230976663602896991e-03
2.459640797743999865e+06 1.740488667926191613e-01 2.230963717095982290e-03
2.459641301338000223e+06 1.726124035688295366e-01 2.230992987676040998e-03
2.459641794404999819e+06 1.745950794589840038e-01 2.231050343350731140e-03
2.459642287471999880e+06 1.730170090160849661e-01 2.230963760451181062e-03
2.459642791065999772e+06 1.721673520388298240e-01 2.230949345908472738e-03
2.459643284132999834e+06 1.729158484591871436e-01 2.230933439081448765e-03
2.459643777199999895e+06 1.709130404076523724e-01 2.231067280506950339e-03
2.459644280793999787e+06 1.724909841226686669e-01 2.231012357715612873e-03
2.459644773860999849e+06 1.762742193370570865e-01 2.231076307038568421e-03
2.459645266927999910e+06 1.744737116140664956e-01 2.230945719340440749e-03
2.459645770521000028e+06 1.691325512671394415e-01 2.231035852569356829e-03
2.459646263588000089e+06 1.707308490131348999e-01 2.231047721520885031e-03
2.459646756655999925e+06 1.704880722032567908e-01 2.231015710122229503e-03
2.459647260249000043e+06 1.743320350952531628e-01 2.231060930853061720e-03
2.459647753316000104e+06 1.755055279014242353e-01 2.231045888936789706e-03
2.459648246383000165e+06 1.738868739407080366e-01 2.230969312231481302e-03
2.459648749977000058e+06 1.714187800506092874e-01 2.231038046147482395e-03
2.459649243044000119e+06 1.686470698642819344e-01 2.231000360718647137e-03
2.459649736111000180e+06 1.721673520388298240e-01 2.230949345908472738e-03
2.459650239705000073e+06 1.753031015836716555e-01 2.231055984932179669e-03
2.459650732772000134e+06 1.750604336729703336e-01 2.231031082980705713e-03
2.459651225839000195e+06 1.741296792327295673e-01 2.231037297265152115e-03
2.459651729431999847e+06 1.744737116140664956e-01 2.230945719340440749e-03
2.459652222500000149e+06 1.742309080226549789e-01 2.231050510817770508e-03
2.459652715567000210e+06 1.745545605426488123e-01 2.231014887442161337e-03
2.459653219159999862e+06 1.731788295158428193e-01 2.230976804331307253e-03
2.459653712226999924e+06 1.743118049861309971e-01 2.230962577716454499e-03
2.459654205293999985e+06 1.716209888612880985e-01 2.230982651377854276e-03
2.459654708887999877e+06 1.733406417114505826e-01 2.230985866235731582e-03
2.459655201954999939e+06 1.736037891341501160e-01 2.231014917963810348e-03
2.459655695022000000e+06 1.728956234465693353e-01 2.230990984615869709e-03
2.459656198615999892e+06 1.747569272872608326e-01 2.231026061867709409e-03
2.459656691682999954e+06 1.756470256549234332e-01 2.231065078415321069e-03
2.459657184750000015e+06 1.703667348316399432e-01 2.230997018632043579e-03
2.459657688343999907e+06 1.690112446345737596e-01 2.230992341866615963e-03
2.459658181410999969e+06 1.733406417114505826e-01 2.230985866235731582e-03
2.459658674478000030e+06 1.736643999168328290e-01 2.230994084405241076e-03
2.459659178071000148e+06 1.737250318607292399e-01 2.230972964352565587e-03
2.459659671138000209e+06 1.734216044972830550e-01 2.231069536967019915e-03
2.459660164206000045e+06 1.763550904512496409e-01 2.230962877292572751e-03
2.459660667799000163e+06 1.750604336729703336e-01 2.231031082980705713e-03
2.459661160866000224e+06 1.735430396661765129e-01 2.231033410367035813e-03
2.459661653932999820e+06 1.725516831658461536e-01 2.231002814188887042e-03
2.459662157527000178e+06 1.750199679594599544e-01 2.230998971889805275e-03
2.459662650593999773e+06 1.765777586910353136e-01 2.231014940008599085e-03
2.459663143660999835e+06 1.735026050986717694e-01 2.230992997347977427e-03
2.459663647255000193e+06 1.751007474685839505e-01 2.231061034775034310e-03
2.459664140321999788e+06 1.702857866708364087e-01 2.231034854301712500e-03
2.459664633388999850e+06 1.717626769369670625e-01 2.231084329901000547e-03
2.459665136981999967e+06 1.738465193802082587e-01 2.230931918738068061e-03
2.459665630049999803e+06 1.713985722778303411e-01 2.231090767155739785e-03
2.459666123116999865e+06 1.744129790129308744e-01 2.230972350296811426e-03
2.459666626709999982e+06 1.729563055823540030e-01 2.230977514672153727e-03
2.459667119777000044e+06 1.740083143701936508e-01 2.231084985221708835e-03
2.459667612844000105e+06 1.720662128269738189e-01 2.231065090730548466e-03
2.459668116437999997e+06 1.774071830390347437e-01 2.231037029620470957e-03
2.459668609505000059e+06 1.744939605135904515e-01 2.231043921381701232e-03
2.459669102572000120e+06 1.741094726057010877e-01 2.230938760516061169e-03
2.459669606166000012e+06 1.697396100036224764e-01 2.231070460528049217e-03
2.459670099233000074e+06 1.754851616160243710e-01 2.230948618247086297e-03
2.459670592300000135e+06 1.720662128269738189e-01 2.231065090730548466e-03
2.459671095894000027e+06 1.717424286237634601e-01 2.230979498237482209e-03
2.459671588961000089e+06 1.706297678898880676e-01 2.230984077301226710e-03
2.459672082028000150e+06 1.728147470494120763e-01 2.231061558761630609e-03
2.459672585620999802e+06 1.760315041744425768e-01 2.231084786828250056e-03
2.459673078687999863e+06 1.746962570026298345e-01 2.231056023537588470e-03
2.459673571756000165e+06 1.700430162704258952e-01 2.230986455233687892e-03
2.459674075348999817e+06 1.713580060519672432e-01 2.231036197314826414e-03
2.459674568415999878e+06 1.730574898077891222e-01 2.231007563553836972e-03
2.459675061482999939e+06 1.734823114563671387e-01 2.231051616635442315e-03
2.459675565076999832e+06 1.681817239845833645e-01 2.231040431307692359e-03
2.459676058143999893e+06 1.739881218267752827e-01 2.230986331170540116e-03
2.459676551210999954e+06 1.702048769717939281e-01 2.231072150350003024e-03
2.459677054804999847e+06 1.747163708103103563e-01 2.230991058692524242e-03
2.459677547871999908e+06 1.744737116140664956e-01 2.230945719340440749e-03
2.459678040938999970e+06 1.710342942792277277e-01 2.231074822098553720e-03
2.459678544532000087e+06 1.744939605135904515e-01 2.231043921381701232e-03
2.459679037599999923e+06 1.744737116140664956e-01 2.230945719340440749e-03
2.459679530666999985e+06 1.738060141036096573e-01 2.231052448970911525e-03
2.459680034260000102e+06 1.686876157870137172e-01 2.231070633995434638e-03
2.459680527327000163e+06 1.705488518326115643e-01 2.231025669000511868e-03
2.459681020394000225e+06 1.726527896949917040e-01 2.231037915844720759e-03
2.459681523988000117e+06 1.724101382103359892e-01 2.231078259377795338e-03
2.459682017055000179e+06 1.720256470268611282e-01 2.231014426128350835e-03
2.459682510121999774e+06 1.663812566009662819e-01 2.231061932205803764e-03
2.459683013716000132e+06 1.748377464228418332e-01 2.230930614938503222e-03
2.459683506783000194e+06 1.696586472922502753e-01 2.230943848769468326e-03
2.459683999849999789e+06 1.731990876573872573e-01 2.231078257647169712e-03
2.459684503444000147e+06 1.729360758376897456e-01 2.231035129567353944e-03
2.459684996511000209e+06 1.724504770124697939e-01 2.230964933749036202e-03
2.459685489577999804e+06 1.747569272872608326e-01 2.231026061867709409e-03
2.459685993170999922e+06 1.745545605426488123e-01 2.231014887442161337e-03
2.459686486237999983e+06 1.727337493905442278e-01 2.230970430099277896e-03
2.459686979305999819e+06 1.716412228568279519e-01 2.231087595276467096e-03
2.459687482898999937e+06 1.710747838715842295e-01 2.230972730044834384e-03
2.459687975965999998e+06 1.731182287547082255e-01 2.230993353745156556e-03
2.459688469033000059e+06 1.747772090559520375e-01 2.230963036593261277e-03
2.459688972626999952e+06 1.740285092570990622e-01 2.231023345941734407e-03
2.459689465694000013e+06 1.745343046108820684e-01 2.231077496613520852e-03
2.459689958761000074e+06 1.698407895125227940e-01 2.230992509425631237e-03
2.459690462354999967e+06 1.756065860885888952e-01 2.231036634764903877e-03
2.459690955422000028e+06 1.719649746433871695e-01 2.231019489090694911e-03
2.459691448489000089e+06 1.731384798072868603e-01 2.230935398385780824e-03
2.459691952082000207e+06 1.740690663859179865e-01 2.231062312567961767e-03
2.459692445150000043e+06 1.716007572510410695e-01 2.231035751354830485e-03
2.459692938217000104e+06 1.722482427512067871e-01 2.231045651047296446e-03
2.459693441810000222e+06 1.715805280258056731e-01 2.231088807808485463e-03
2.459693934876999818e+06 1.742511287431164069e-01 2.230988457456543721e-03
2.459807647255999967e+06 1.717424286237634601e-01 2.230979498237482209e-03
2.459808150849000085e+06 1.748580375711618617e-01 2.231028479899429574e-03
2.459808643916000146e+06 1.730372482281637980e-01 2.231065361300808673e-03
2.459809136983000208e+06 1.772655734739263522e-01 2.231052120124178261e-03
2.459809640577000100e+06 1.722077926454457508e-01 2.230997548700563906e-03
2.459810133644000161e+06 1.762135091900673689e-01 2.230957102389589421e-03
2.459810626711000223e+06 1.772453294442434546e-01 2.230960579162628594e-03
2.459811130305000115e+06 1.715400767292450668e-01 2.231036795934507582e-03
2.459811623372000176e+06 1.741904736209121396e-01 2.231014048860994591e-03
2.459812116438999772e+06 1.742915772245820505e-01 2.231024745837651042e-03
2.459812620031999890e+06 1.737655182645162777e-01 2.231012757971880239e-03
2.459813113100000191e+06 1.759707155452595595e-01 2.230962630577564953e-03
2.459813606166999787e+06 1.698204549406749919e-01 2.231038219650610926e-03
2.459814109759999905e+06 1.730170090160849661e-01 2.230963760451181062e-03
2.459814602826999966e+06 1.746962570026298345e-01 2.231056023537588470e-03
2.459815095894000027e+06 1.713580060519672432e-01 2.231036197314826414e-03
2.459815599487999920e+06 1.710141318317107140e-01 2.230969320769731704e-03
2.459816092554999981e+06 1.698002791951950252e-01 2.231085941854804491e-03
2.459816585622000042e+06 1.723898135708961943e-01 2.230974024693474413e-03
2.459817089215999935e+06 1.733406417114505826e-01 2.230985866235731582e-03
2.459817582282999996e+06 1.709331909365606472e-01 2.231015451217837654e-03
2.459818075350000057e+06 1.729765376934571941e-01 2.231079173047201530e-03
2.459818578943999950e+06 1.747569272872608326e-01 2.231026061867709409e-03
2.459819072011000011e+06 1.727741639079897751e-01 2.231015017620816519e-03
2.459819565078000072e+06 1.740892683235208960e-01 2.231000558734322608e-03
2.459820068671000190e+06 1.745748188252581323e-01 2.230952233687425335e-03
2.459820561737999786e+06 1.721874918595953652e-01 2.231051727726454138e-03
2.459821054806000087e+06 1.724303064317821155e-01 2.231021618454082350e-03
2.459821558399000205e+06 1.748377464228418332e-01 2.230930614938503222e-03
2.459822051465999801e+06 1.724708088040872722e-01 2.231069111481859355e-03
2.459822544532999862e+06 1.702857866708364087e-01 2.231034854301712500e-03
2.459823048127000220e+06 1.726527896949917040e-01 2.231037915844720759e-03
2.459823541193999816e+06 1.706297678898880676e-01 2.230984077301226710e-03
2.459824034260999877e+06 1.751007474685839505e-01 2.231061034775034310e-03
2.459824537854999769e+06 1.691730580945010887e-01 2.230946923554665180e-03
2.459825030921999831e+06 1.759707155452595595e-01 2.230962630577564953e-03
2.459825523988999892e+06 1.736442472824696881e-01 2.231055056444469342e-03
2.459826027582000010e+06 1.741094726057010877e-01 2.230938760516061169e-03
2.459826520649999846e+06 1.743320350952531628e-01 2.231060930853061720e-03
2.459827013716999907e+06 1.740083143701936508e-01 2.231084985221708835e-03
2.459827517310000025e+06 1.702655556409994886e-01 2.231083433976610748e-03
2.459828010377000086e+06 1.759909760888488106e-01 2.231057400749145939e-03
2.459828503444000147e+06 1.697192875457202432e-01 2.230959657822337208e-03
2.459829007038000040e+06 1.724101382103359892e-01 2.231078259377795338e-03
2.459829500105000101e+06 1.763753952501828370e-01 2.231057293429427723e-03
2.459829993172000162e+06 1.744332208640093640e-01 2.231070611372058376e-03
2.459830496766000055e+06 1.744534650642974027e-01 2.231008187626371941e-03
2.459830989833000116e+06 1.725718679449613491e-01 2.230945903673791416e-03
2.459831482900000177e+06 1.744737116140664956e-01 2.230945719340440749e-03
2.459831986494000070e+06 1.718840586474030818e-01 2.231077887890349498e-03
2.459832479561000131e+06 1.720256470268611282e-01 2.231014426128350835e-03
2.459832972628000192e+06 1.720055261361926602e-01 2.231070322570325847e-03
2.459833476220999844e+06 1.738060141036096573e-01 2.231052448970911525e-03
2.459833969287999906e+06 1.710546166509351040e-01 2.231024825163227532e-03
2.459834462356000207e+06 1.737453538960206101e-01 2.231073914089427065e-03
2.459834965948999859e+06 1.712974113705233725e-01 2.231036124221530675e-03
2.459835459015999921e+06 1.710141318317107140e-01 2.230969320769731704e-03
2.459835952082999982e+06 1.748176186420824507e-01 2.230995810298420316e-03
2.459836455676999874e+06 1.739072149079887997e-01 2.231070112461623709e-03
2.459836948743999936e+06 1.717424286237634601e-01 2.230979498237482209e-03
2.459837441810999997e+06 1.700632208580347970e-01 2.230938274017110669e-03
2.459837945404999889e+06 1.729563055823540030e-01 2.230977514672153727e-03
2.459838438471999951e+06 1.770632371810363648e-01 2.230951748704169523e-03
2.459838931539000012e+06 1.727741639079897751e-01 2.231015017620816519e-03
2.459839435132000130e+06 1.714187800506092874e-01 2.231038046147482395e-03
2.459839928199999966e+06 1.773666649493124137e-01 2.231017564485083312e-03
2.459840421267000027e+06 1.723898135708961943e-01 2.230974024693474413e-03
2.459840924860000145e+06 1.710141318317107140e-01 2.230969320769731704e-03
2.459841417927000206e+06 1.774880835161176118e-01 2.231073582341858413e-03
2.459841910993999802e+06 1.758696097904714484e-01 2.230976663602896991e-03
2.459842414588000160e+06 1.769215762577341922e-01 2.230959315835140833e-03
2.459842907655000221e+06 1.756065860885888952e-01 2.231036634764903877e-03
2.459843400721999817e+06 1.746557146056534060e-01 2.231020845809802630e-03
2.459843904316000175e+06 1.727337493905442278e-01 2.230970430099277896e-03
2.459844397382999770e+06 1.727741639079897751e-01 2.231015017620816519e-03
2.459844890449999832e+06 1.754851616160243710e-01 2.230948618247086297e-03
2.459845394044000190e+06 1.732799843271002893e-01 2.231003157390472249e-03
2.459845887110999785e+06 1.756268047078118899e-01 2.230969990606279912e-03
2.459846380177999847e+06 1.745545605426488123e-01 2.231014887442161337e-03
2.459846883770999964e+06 1.723696500856765346e-01 2.231030596602084307e-03
2.459847376838000026e+06 1.719649746433871695e-01 2.231019489090694911e-03
2.459847869905999862e+06 1.759101099272241120e-01 2.231004366514138890e-03
2.459848373498999979e+06 1.757886374881008629e-01 2.231082848642468482e-03
2.459848866566000041e+06 1.745343046108820684e-01 2.231077496613520852e-03
2.459849359633000102e+06 1.716816980049110652e-01 2.230981214899155698e-03
2.459849863226999994e+06 1.769419462795105147e-01 2.231053209749163119e-03
2.459850356294000056e+06 1.740690663859179865e-01 2.231062312567961767e-03
2.459850849361000117e+06 1.719245910592041571e-01 2.230970610372833094e-03
2.459851352955000009e+06 1.669273888446954623e-01 2.231005403439586306e-03
2.459851846022000071e+06 1.718031807254420118e-01 2.230977501194790404e-03
2.459852339089000132e+06 1.728551805178808742e-01 2.230946738242615187e-03
2.459852842681999784e+06 1.674534115871550155e-01 2.230941169681079691e-03
2.459853335750000086e+06 1.753031015836716555e-01 2.231055984932179669e-03
2.459853828817000147e+06 1.720256470268611282e-01 2.231014426128350835e-03
2.459854332409999799e+06 1.748580375711618617e-01 2.231028479899429574e-03
2.459854825476999860e+06 1.729158484591871436e-01 2.230933439081448765e-03
2.459855318543999922e+06 1.717626769369670625e-01 2.231084329901000547e-03
2.459855822137999814e+06 1.751615582287587292e-01 2.231029211451159358e-03
2.459856315204999875e+06 1.742106896486773082e-01 2.230952065759666831e-03
2.459856808271999937e+06 1.738060141036096573e-01 2.231052448970911525e-03
2.459857311865999829e+06 1.719043236586882406e-01 2.231024270959256622e-03
2.459857804932999890e+06 1.687684259956096222e-01 2.231051343502550143e-03
2.459858297999999952e+06 1.695372756277035431e-01 2.231065505187106949e-03
2.459858801593999844e+06 1.720055261361926602e-01 2.231070322570325847e-03
2.459859294660999905e+06 1.715400767292450668e-01 2.231036795934507582e-03
2.459859787727999967e+06 1.702251007917641168e-01 2.231023681121900581e-03
2.459860291321000084e+06 1.697597785403623660e-01 2.231022848254424207e-03
2.459860784388000146e+06 1.723898135708961943e-01 2.230974024693474413e-03
2.459861277455999982e+06 1.721673520388298240e-01 2.230949345908472738e-03
2.459861781049000099e+06 1.759909760888488106e-01 2.231057400749145939e-03
2.459862274116000161e+06 1.741498882048795882e-01 2.230975428862370154e-03
2.459862767183000222e+06 1.740285092570990622e-01 2.231023345941734407e-03
2.459863270777000114e+06 1.759909760888488106e-01 2.231057400749145939e-03
2.459863763844000176e+06 1.753234467397261631e-01 2.230991956923521636e-03
2.459864256910999771e+06 1.745545605426488123e-01 2.231014887442161337e-03
2.459864760505000129e+06 1.733609187814880159e-01 2.231087171559657193e-03
2.459865253572000191e+06 1.767394910345636838e-01 2.230942206784285089e-03
2.459865746638999786e+06 1.702453270147371023e-01 2.230975168876575109e-03
2.459866250231999904e+06 1.744737116140664956e-01 2.230945719340440749e-03
2.459866743300000206e+06 1.753234467397261631e-01 2.230991956923521636e-03
2.459867236366999801e+06 1.726124035688295366e-01 2.230992987676040998e-03
2.459867739959999919e+06 1.690719649318868645e-01 2.231015260395373921e-03
2.459868233026999980e+06 1.753436327594504740e-01 2.231087326696858889e-03
2.459868726094000041e+06 1.703464941846494773e-01 2.231045751896373365e-03
2.459869229687999934e+06 1.748783310744115860e-01 2.230965268631969652e-03
2.459869722754999995e+06 1.747973321841186367e-01 2.231058906198254196e-03
2.459870215822000057e+06 1.733205266471406492e-01 2.231046242913177838e-03
2.459870719415999949e+06 1.739072149079887997e-01 2.231070112461623709e-03
2.459871212483000010e+06 1.734216044972830550e-01 2.231069536967019915e-03
2.459871705550000072e+06 1.720863408166599939e-01 2.231009081874469821e-03
2.459872209143999964e+06 1.671500073401502307e-01 2.231055661363971852e-03
2.459872702211000025e+06 1.686672639331306678e-01 2.230956807674376249e-03
2.459873195278000087e+06 1.744737116140664956e-01 2.230945719340440749e-03
2.459873698871000204e+06 1.691528034683048576e-01 2.230991409378060408e-03
2.459874191937999800e+06 1.713176072165014940e-01 2.230983583138156003e-03
2.459874685006000102e+06 1.710342942792277277e-01 2.231074822098553720e-03
2.459875188599000219e+06 1.715198546573576954e-01 2.231089740500546200e-03
2.459875681665999815e+06 1.737858450358328866e-01 2.230953612391548425e-03
2.459876174732999876e+06 1.731384798072868603e-01 2.230935398385780824e-03
2.459876678326999769e+06 1.690719649318868645e-01 2.231015260395373921e-03
2.459877171393999830e+06 1.730170090160849661e-01 2.230963760451181062e-03
2.459877664460999891e+06 1.724708088040872722e-01 2.231069111481859355e-03
2.459878168054999784e+06 1.739475835575905738e-01 2.230947158641586464e-03
2.459878661121999845e+06 1.764158493766742331e-01 2.231081562146808046e-03
2.459879154188999906e+06 1.742309080226549789e-01 2.231050510817770508e-03
2.459987411249999888e+06 1.673522670745386798e-01 2.230980880090004375e-03
2.459987904316999950e+06 1.703667348316399432e-01 2.230997018632043579e-03
2.459988407910000067e+06 1.676152773450657052e-01 2.230936356638436435e-03
2.459988900977000128e+06 1.750401190378871041e-01 2.230933404109775638e-03
2.459989394044000190e+06 1.713176072165014940e-01 2.230983583138156003e-03
2.459989897638000082e+06 1.733811982235003990e-01 2.231028780071071024e-03
2.459990390705000143e+06 1.725718679449613491e-01 2.230945903673791416e-03
2.459990883772000205e+06 1.725516831658461536e-01 2.231002814188887042e-03
2.459991387366000097e+06 1.744129790129308744e-01 2.230972350296811426e-03
2.459991880433000159e+06 1.729158484591871436e-01 2.230933439081448765e-03
2.459992373500000220e+06 1.740488667926191613e-01 2.230963717095982290e-03
2.459992877094000112e+06 1.758088770679723523e-01 2.231015874415038028e-03
2.459993370161000174e+06 1.719649746433871695e-01 2.231019489090694911e-03
2.459993863227999769e+06 1.726124035688295366e-01 2.230992987676040998e-03
2.459994366820999887e+06 1.734823114563671387e-01 2.231051616635442315e-03
2.459994859887999948e+06 1.713378054435558684e-01 2.231088806604387877e-03
2.459995352955999784e+06 1.722683920344193209e-01 2.230989304566462824e-03
2.459995856548999902e+06 1.766180965610164300e-01 2.231036584870965938e-03
2.459996349615999963e+06 1.746153424440981261e-01 2.230987619063637840e-03
2.459996842683000024e+06 1.737048721904203841e-01 2.231034050517854885e-03
2.459997346276999917e+06 1.735026050986717694e-01 2.230992997347977427e-03
2.459997839343999978e+06 1.706701617171889618e-01 2.231040647476323531e-03
2.459998332411000039e+06 1.776904143181900486e-01 2.230998392952346539e-03
2.459998836004999932e+06 1.706701617171889618e-01 2.231040647476323531e-03
2.459999329071999993e+06 1.712366804013556731e-01 2.231033717344996226e-03
2.459999822139000054e+06 1.731990876573872573e-01 2.231078257647169712e-03
2.460000325732000172e+06 1.738868739407080366e-01 2.230969312231481302e-03
2.460000818800000008e+06 1.717221826975405263e-01 2.231032822260107205e-03
2.460001311867000069e+06 1.730372482281637980e-01 2.231065361300808673e-03
2.460001815460000187e+06 1.707714240559724816e-01 2.230948796028695176e-03
2.460002308526999783e+06 1.709130404076523724e-01 2.231067280506950339e-03
2.460002801593999844e+06 1.707107223373867666e-01 2.230941943936354168e-03
2.460003305188000202e+06 1.749389034668110965e-01 2.230932381904924492e-03
2.460003798254999798e+06 1.730777337552366624e-01 2.230949721755054026e-03
2.460004291321999859e+06 1.734418910381990975e-01 2.231011031615275694e-03
2.460004794916000217e+06 1.699216826401598601e-01 2.230959578781921936e-03
2.460005287982999813e+06 1.721673520388298240e-01 2.230949345908472738e-03
2.460005781049999874e+06 1.779736060172923962e-01 2.230947782048910057e-03
2.460006284644000232e+06 1.684852939676090011e-01 2.231032787482605580e-03
2.460006777710999828e+06 1.743522675522221344e-01 2.230998692396588944e-03
2.460007270777999889e+06 1.750805894104525140e-01 2.230965444348625721e-03
2.460007774371000007e+06 1.711152830491937671e-01 2.231028067617959760e-03
2.460008267438000068e+06 1.752020566788261846e-01 2.231060938214802277e-03
2.460008760505999904e+06 1.720055261361926602e-01 2.231070322570325847e-03
2.460009264099000022e+06 1.684043091166608774e-01 2.231046152572276411e-03
2.460009757166000083e+06 1.726124035688295366e-01 2.230992987676040998e-03
2.460010250233000144e+06 1.713580060519672432e-01 2.231036197314826414e-03
2.460010753827000037e+06 1.691528034683048576e-01 2.230991409378060408e-03
2.460011246894000098e+06 1.751210691400223174e-01 2.230997380145761846e-03
2.460011739961000159e+06 1.698811530282546001e-01 2.231053317015902881e-03
2.460012243555000052e+06 1.698811530282546001e-01 2.231053317015902881e-03
2.460012736622000113e+06 1.726325954509060068e-01 2.230935964147257988e-03
2.460013229689000174e+06 1.715805280258056731e-01 2.231088807808485463e-03
2.460013733281999826e+06 1.735430396661765129e-01 2.231033410367035813e-03
2.460014226350000128e+06 1.716412228568279519e-01 2.231087595276467096e-03
2.460014719417000189e+06 1.749389034668110965e-01 2.230932381904924492e-03
2.460015223009999841e+06 1.711557918143266632e-01 2.231083306361510404e-03
2.460015716076999903e+06 1.758291189781457931e-01 2.230948855189495133e-03
2.460016209143999964e+06 1.743118049861309971e-01 2.230962577716454499e-03
2.460016712737999856e+06 1.758291189781457931e-01 2.230948855189495133e-03
2.460017205804999918e+06 1.706094959929039812e-01 2.231033296570295553e-03
2.460017698871999979e+06 1.729967721712750428e-01 2.231021488761915188e-03
2.460018202465999871e+06 1.747163708103103563e-01 2.230991058692524242e-03
2.460018695532999933e+06 1.746557146056534060e-01 2.231020845809802630e-03
2.460019188599999994e+06 1.699216826401598601e-01 2.230959578781921936e-03
2.460019692193999887e+06 1.741296792327295673e-01 2.231037297265152115e-03
2.460020185260999948e+06 1.748580375711618617e-01 2.231028479899429574e-03
2.460020678328000009e+06 1.723696500856765346e-01 2.231030596602084307e-03
2.460021181921000127e+06 1.730979800707840577e-01 2.231051265026367993e-03
2.460021674988000188e+06 1.720055261361926602e-01 2.231070322570325847e-03
2.460022168056000024e+06 1.750401190378871041e-01 2.230933404109775638e-03
2.460022671649000142e+06 1.725516831658461536e-01 2.231002814188887042e-03
2.460023164716000203e+06 1.721470560203368361e-01 2.231003456131200584e-03
2.460023657782999799e+06 1.757886374881008629e-01 2.231082848642468482e-03
2.460024161377000157e+06 1.744737116140664956e-01 2.230945719340440749e-03
2.460024654444000218e+06 1.719245910592041571e-01 2.230970610372833094e-03
2.460025147510999814e+06 1.749389034668110965e-01 2.230932381904924492e-03
2.460025651105000172e+06 1.749795115997140882e-01 2.230966756436428711e-03
2.460026144171999767e+06 1.687280160534297690e-01 2.230983352906285976e-03
2.460026637238999829e+06 1.723898135708961943e-01 2.230974024693474413e-03
2.460027140831999946e+06 1.747569272872608326e-01 2.231026061867709409e-03
2.460027633899999782e+06 1.714389902058700288e-01 2.230985281694965097e-03
2.460028126966999844e+06 1.718031807254420118e-01 2.230977501194790404e-03
2.460028630559999961e+06 1.741904736209121396e-01 2.231014048860994591e-03
2.460029123627000023e+06 1.762945148248232230e-01 2.231008437480158039e-03
2.460029616694000084e+06 1.763146502574590990e-01 2.230938467946338381e-03
2.460030120287999976e+06 1.774477103848119686e-01 2.231056387221327843e-03
2.460030613355000038e+06 1.765574305954916989e-01 2.231083330512847584e-03
2.460031106422000099e+06 1.700834278463612959e-01 2.231046702479173773e-03
2.460031610015999991e+06 1.707511353293388323e-01 2.230998280398703050e-03
2.460032103083000053e+06 1.734014800377641774e-01 2.230970344391466822e-03
2.460032596150000114e+06 1.746557146056534060e-01 2.231020845809802630e-03
2.460033099744000006e+06 1.736239370730610077e-01 2.230954015801542203e-03
2.460033592811000068e+06 1.782569206876568890e-01 2.231051414338895613e-03
2.460034085878000129e+06 1.727539554674321354e-01 2.231072292651385073e-03
2.460034589470999781e+06 1.733205266471406492e-01 2.231046242913177838e-03
2.460035082537999842e+06 1.718435357913985218e-01 2.231026717079194737e-03
2.460035575606000144e+06 1.709736565943416609e-01 2.231071190232864453e-03
2.460036079198999796e+06 1.736037891341501160e-01 2.231014917963810348e-03
2.460036572265999857e+06 1.758088770679723523e-01 2.231015874415038028e-03
2.460037065332999919e+06 1.714389902058700288e-01 2.230985281694965097e-03
2.460037568926999811e+06 1.719043236586882406e-01 2.231024270959256622e-03
2.460038061993999872e+06 1.751615582287587292e-01 2.231029211451159358e-03
2.460038555060999934e+06 1.737655182645162777e-01 2.231012757971880239e-03
2.460039058654999826e+06 1.744939605135904515e-01 2.231043921381701232e-03
2.460039551721999887e+06 1.758291189781457931e-01 2.230948855189495133e-03
2.460040044788999949e+06 1.754851616160243710e-01 2.230948618247086297e-03
2.460040548382000066e+06 1.746153424440981261e-01 2.230987619063637840e-03
2.460041041449999902e+06 1.710747838715842295e-01 2.230972730044834384e-03
2.460041534516999964e+06 1.752222287221986974e-01 2.230995042110884164e-03
2.460042038110000081e+06 1.718637960250670449e-01 2.230973168769757962e-03
2.460042531177000143e+06 1.765777586910353136e-01 2.231014940008599085e-03
2.460043024244000204e+06 1.679390143725093543e-01 2.231068958273068649e-03
2.460043527838000096e+06 1.742713518103350401e-01 2.231086869488054653e-03
2.460044020905000158e+06 1.735026050986717694e-01 2.230992997347977427e-03
2.460044513972000219e+06 1.736643999168328290e-01 2.230994084405241076e-03
2.460045017566000111e+06 1.687684259956096222e-01 2.231051343502550143e-03
2.460045510633000173e+06 1.766586063543967022e-01 2.231060178076235169e-03
2.460046003699999768e+06 1.737048721904203841e-01 2.231034050517854885e-03
2.460046507294000126e+06 1.702251007917641168e-01 2.231023681121900581e-03
2.460047000361000188e+06 1.735026050986717694e-01 2.230992997347977427e-03
2.460047493427999783e+06 1.759303634929320626e-01 2.230937159464334643e-03
2.460047997020999901e+06 1.728349626012574414e-01 2.231004170480100062e-03
2.460048490087999962e+06 1.727741639079897751e-01 2.231015017620816519e-03
2.460048983155999798e+06 1.728349626012574414e-01 2.231004170480100062e-03
2.460049486748999916e+06 1.745748188252581323e-01 2.230952233687425335e-03
2.460049979815999977e+06 1.727135456770496624e-01 2.231027635907417879e-03
2.460050472883000039e+06 1.733406417114505826e-01 2.230985866235731582e-03
2.460050976476999931e+06 1.708927348560993209e-01 2.230959613610706757e-03
2.460051469543999992e+06 1.727135456770496624e-01 2.231027635907417879e-03
2.460051962611000054e+06 1.708522883506914669e-01 2.231061038234173535e-03
2.460052466204999946e+06 1.724909841226686669e-01 2.231012357715612873e-03
2.460052959272000007e+06 1.673522670745386798e-01 2.230980880090004375e-03
2.460053452339000069e+06 1.723898135708961943e-01 2.230974024693474413e-03
2.460053955932000186e+06 1.721269209291277635e-01 2.231059577473740781e-03
2.460054449000000022e+06 1.760718794247786156e-01 2.230947844081776748e-03
2.460054942067000084e+06 1.759303634929320626e-01 2.230937159464334643e-03
2.460055445660000201e+06 1.720055261361926602e-01 2.231070322570325847e-03
2.460055938726999797e+06 1.731990876573872573e-01 2.231078257647169712e-03
2.460056431793999858e+06 1.774274455547843188e-01 2.230965013507604441e-03
2.460056935388000216e+06 1.730979800707840577e-01 2.231051265026367993e-03
2.460057428454999812e+06 1.736847148595107582e-01 2.230935122929178418e-03
2.460057921521999873e+06 1.750604336729703336e-01 2.231031082980705713e-03
2.460058425116000231e+06 1.709130404076523724e-01 2.231067280506950339e-03
2.460058918182999827e+06 1.743927395107882083e-01 2.231034703631781108e-03
