2.458346727899000049e+06 2.039683581311467486e-01 1.475466579949683476e-03
2.458347220966000110e+06 2.042424446258091497e-01 1.475568124765392480e-03
2.458347714033000171e+06 2.044434494821454062e-01 1.475513907633737394e-03
2.458348217627000064e+06 2.007611154486979854e-01 1.475564408978611349e-03
2.458348710694000125e+06 2.024150499490773580e-01 1.475602557348497119e-03
2.458349203761000186e+06 2.007518702705436697e-01 1.475496458291005808e-03
2.458349707355000079e+06 2.013001043414718583e-01 1.475447003912244183e-03
2.458350200422000140e+06 2.028717614427797411e-01 1.475568644660355715e-03
2.458350693489000201e+06 2.001761812587703471e-01 1.475505718233666554e-03
2.458351197081999853e+06 2.007701761363670234e-01 1.475446087522649550e-03
2.458351690150000155e+06 2.021590555628030861e-01 1.475598315975949456e-03
2.458352183217000216e+06 2.014829959627817413e-01 1.475488515423463085e-03
2.458352686809999868e+06 1.993539292535467244e-01 1.475504057487317736e-03
2.458353179876999930e+06 2.021681793418667050e-01 1.475478708441731179e-03
2.458353672943999991e+06 2.021043215345834643e-01 1.475571091563203808e-03
2.458354176537999883e+06 2.005326994211948932e-01 1.475547862045198909e-03
2.458354669604999945e+06 2.002859109232326407e-01 1.475576658910288672e-03
2.458355162672000006e+06 2.021225645638921875e-01 1.475518122830115969e-03
2.458355666265999898e+06 2.000482700044057538e-01 1.475484136178508788e-03
2.458356159332999960e+06 2.030454210471447918e-01 1.475522659225366731e-03
2.458356652400000021e+06 2.016747837806854571e-01 1.475592759394689021e-03
2.458357155993999913e+06 2.008524806957087960e-01 1.475495962102371357e-03
2.458357649060999975e+06 2.032282137516139009e-01 1.475540745517335160e-03
2.458358142128000036e+06 2.020952006374003018e-01 1.475504499557103028e-03
2.458358645721000154e+06 2.016474804760269857e-01 1.475578713651658561e-03
2.458359138788000215e+06 2.006971475358622081e-01 1.475463952119127672e-03
2.458359631856000051e+06 2.015743184195692428e-01 1.475600312283627431e-03
2.458360135449000169e+06 2.027621090819418104e-01 1.475518101759632069e-03
2.458360628516000230e+06 2.030362576784711381e-01 1.475456069405004737e-03
2.458361121582999825e+06 2.027531452414993440e-01 1.475452871086632874e-03
2.458361625177000184e+06 2.001306472764882716e-01 1.475538739914432438e-03
2.458362118243999779e+06 2.014006185300512008e-01 1.475627241115597078e-03
2.458362611310999840e+06 2.020676543042411455e-01 1.475489493952079510e-03
2.458363114905000199e+06 2.034748795189588733e-01 1.475457592214706425e-03
2.458363607971999794e+06 2.041967379796991722e-01 1.475614057233752552e-03
2.458364101038999856e+06 2.027348452977043858e-01 1.475506426443006468e-03
2.458364604631999973e+06 2.004868996865493691e-01 1.475580171660680236e-03
2.458365097699999809e+06 2.049643832164687041e-01 1.475498018947244165e-03
2.458365590766999871e+06 2.038312651096343409e-01 1.475601289466653334e-03
2.458366094359999988e+06 2.026433703512921236e-01 1.475587236546299467e-03
2.458366587427000050e+06 2.034840626833757382e-01 1.475524182103794693e-03
2.458367080494000111e+06 2.025976483569776054e-01 1.475627501584411130e-03
2.458367584088000003e+06 2.020676543042411455e-01 1.475489493952079510e-03
2.458368077155000065e+06 1.985954069253337839e-01 1.475560214945178302e-03
2.458368570222000126e+06 2.020585350618371856e-01 1.475609008416748540e-03
2.458369073816000018e+06 2.034932462622449922e-01 1.475590774998202263e-03
2.458369566883000080e+06 2.021590555628030861e-01 1.475598315975949456e-03
2.458370059950000141e+06 2.006239607173647965e-01 1.475480249537256027e-03
2.458370563544000033e+06 2.007611154486979854e-01 1.475564408978611349e-03
2.458371056611000095e+06 1.996188733045046182e-01 1.475626464440195134e-03
2.458371549678000156e+06 2.012728517619793711e-01 1.475618012003444618e-03
2.458372053270999808e+06 2.042973813719306808e-01 1.475588690602411962e-03
2.458372546337999869e+06 2.013733523426618488e-01 1.475612938222986559e-03
2.458373039406000171e+06 2.047632433756187975e-01 1.475558804385394525e-03
2.458373542998999823e+06 2.024424571835406750e-01 1.475615899266662871e-03
2.458374036065999884e+06 2.017113797206768755e-01 1.475488954610750100e-03
2.458374529132999945e+06 2.033836326344816148e-01 1.475545226585404934e-03
2.458375032726999838e+06 1.983396762505635069e-01 1.475486916670222179e-03
2.458375525793999899e+06 2.011905602478621935e-01 1.475570607512921312e-03
2.458376018860999960e+06 2.004320645750732599e-01 1.475545795680132007e-03
2.458376522454999853e+06 1.998381497371925497e-01 1.475590884251644494e-03
2.458377015521999914e+06 1.993447488772200904e-01 1.475619712877795052e-03
2.458377508588999975e+06 2.017479823013737517e-01 1.475570880324568500e-03
2.458378012182000093e+06 2.030270947233364931e-01 1.475576477454527665e-03
2.458378505249999929e+06 2.018667541577520985e-01 1.475509938763443132e-03
2.458378998316999990e+06 2.036119203757420781e-01 1.475513649167867593e-03
2.458379501910000108e+06 2.030910570404011739e-01 1.475480186544538865e-03
2.458379994977000169e+06 2.020494162309814656e-01 1.475542414699473372e-03
2.458380488044000231e+06 2.031460582969937256e-01 1.475505568212099987e-03
2.458380991638000123e+06 2.016747837806854571e-01 1.475592759394689021e-03
2.458381484705000184e+06 2.021408092399160361e-01 1.475465132511820550e-03
2.458381977771999780e+06 2.041602552428578854e-01 1.475538455722396431e-03
2.458382481366000138e+06 2.007611154486979854e-01 1.475564408978611349e-03
2.458382974433000199e+06 2.038038575646154427e-01 1.475590587561132275e-03
2.458383467499999795e+06 2.032830649223708042e-01 1.475564531819310767e-03
2.458383971094000153e+06 2.007611154486979854e-01 1.475564408978611349e-03
2.458384464161000215e+06 2.010260781418888587e-01 1.475475174993898676e-03
2.458384957227999810e+06 2.029906339990179831e-01 1.475498446583652003e-03
2.458385460820999928e+06 2.000300299606939114e-01 1.475533838638166950e-03
2.458385953887999989e+06 2.024241852815993059e-01 1.475482714215514820e-03
2.458386446955999825e+06 2.009255658180091886e-01 1.475477679795951730e-03
2.458386950548999943e+06 1.993173938627539332e-01 1.475600799575179159e-03
2.458387443616000004e+06 2.020038282492767068e-01 1.475581595993580557e-03
2.458387936683000065e+06 2.013824406616142870e-01 1.475494055040764202e-03
2.458388440276999958e+06 2.015286520183434127e-01 1.475451631688638483e-03
2.458388933344000019e+06 2.018849757429449776e-01 1.475457183337768475e-03
2.458389426411000080e+06 2.015195571009237296e-01 1.475570651444971368e-03
2.458389930004999973e+06 2.026159359166344875e-01 1.475574083531392420e-03
2.458390423072000034e+06 2.038494762698195850e-01 1.475545373713869294e-03
2.458390916139000095e+06 2.048820920208637431e-01 1.475471731061972795e-03
2.458391419732000213e+06 2.026159359166344875e-01 1.475574083531392420e-03
2.458391912800000049e+06 1.997376794769226138e-01 1.475584879700403071e-03
2.458392405867000110e+06 2.020585350618371856e-01 1.475609008416748540e-03
2.458392909460000228e+06 2.014464414578263640e-01 1.475591899664979289e-03
2.458393402526999824e+06 2.019762943705164515e-01 1.475566495734415310e-03
2.458393895593999885e+06 2.017113797206768755e-01 1.475488954610750100e-03
2.458394399187999777e+06 2.036029189662839356e-01 1.475448418691711373e-03
2.458394892254999839e+06 2.021043215345834643e-01 1.475571091563203808e-03
2.458395385321999900e+06 1.995640918012565046e-01 1.475589118203338200e-03
2.458395888915999793e+06 2.014737175415673709e-01 1.475606132382266573e-03
2.458396381982999854e+06 2.019216098244050184e-01 1.475538943369507274e-03
2.458396875049999915e+06 2.010992264318966216e-01 1.475456405281574132e-03
2.458397378643999808e+06 2.024790059355338345e-01 1.475509325323480459e-03
2.458397871710999869e+06 2.007154484117087412e-01 1.475598494552517051e-03
2.458398364777999930e+06 2.034018038012594121e-01 1.475489718145299054e-03
2.458398868371000048e+06 2.009620258047838670e-01 1.475560327356525460e-03
2.458399361438000109e+06 1.990431334615425374e-01 1.475586955847030084e-03
2.458399854505999945e+06 2.029906339990179831e-01 1.475498446583652003e-03
2.458400358099000063e+06 2.040688889607442935e-01 1.475629936820348730e-03
2.458400851166000124e+06 2.008251037499345359e-01 1.475479813229681322e-03
2.458401344233000185e+06 2.010260781418888587e-01 1.475475174993898676e-03
2.458401847827000078e+06 2.028170212526271832e-01 1.475544099804052033e-03
2.458402340894000139e+06 1.985862614794463021e-01 1.475492264450711018e-03
2.458402833961000200e+06 2.027348452977043858e-01 1.475506426443006468e-03
2.458403337555000093e+06 2.033195781724779772e-01 1.475455040921126379e-03
2.458403830622000154e+06 2.027712600778276419e-01 1.475584694379623082e-03
2.458404323689000215e+06 2.015743184195692428e-01 1.475600312283627431e-03
2.458404827281999867e+06 2.031642082378610770e-01 1.475450275062350396e-03
2.458405320350000169e+06 1.983031440968518744e-01 1.475580434858360032e-03
2.458405813417000230e+06 2.016838857037469845e-01 1.475473597660617760e-03
2.458406317009999882e+06 2.040963321471882808e-01 1.475452420213019906e-03
2.458406810076999944e+06 2.011173787358851717e-01 1.475589587957936051e-03
2.458407303144000005e+06 2.005051813906247316e-01 1.475530052595030615e-03
2.458407806737999897e+06 2.025702201122926704e-01 1.475614301012491717e-03
2.458408299804999959e+06 2.009712806611810287e-01 1.475628280985477603e-03
2.458408792872000020e+06 2.027987155435583277e-01 1.475597705753042095e-03
2.458409296465999912e+06 2.013093747673194711e-01 1.475514952322338862e-03
2.458409789532999974e+06 2.016565811668443176e-01 1.475459576432087104e-03
2.458410282600000035e+06 1.999935548624017234e-01 1.475448978699854096e-03
2.458410786193999927e+06 1.999478782631740059e-01 1.475480317985182607e-03
2.458411279260999989e+06 1.985315805019303714e-01 1.475451694481298660e-03
2.458411772328000050e+06 1.996462696950610793e-01 1.475461222544421653e-03
2.458412275921000168e+06 2.016747837806854571e-01 1.475592759394689021e-03
2.458412768988000229e+06 2.012819355451711256e-01 1.475499221618843410e-03
2.458413262056000065e+06 2.029906339990179831e-01 1.475498446583652003e-03
2.458413765649000183e+06 2.024607307348021690e-01 1.475562623115607430e-03
2.458414258715999778e+06 2.009712806611810287e-01 1.475628280985477603e-03
2.458414751782999840e+06 1.987324561258295152e-01 1.475480251841824672e-03
2.458415255377000198e+06 1.989791631436557406e-01 1.475479251266607374e-03
2.458415748443999793e+06 2.006696069389561632e-01 1.475446305624996714e-03
2.458416241510999855e+06 2.025064218297119023e-01 1.475522595704300286e-03
2.458416745105000213e+06 1.995914806734083724e-01 1.475607802654379467e-03
2.458417238171999808e+06 2.004412950252918435e-01 1.475613748639859925e-03
2.458417731238999870e+06 1.998838012697588262e-01 1.475559772397947453e-03
2.458418234831999987e+06 2.036758793456807104e-01 1.475601955532126076e-03
2.458526481366999913e+06 2.002128740675016838e-01 1.475591779354038175e-03
2.458526984960000031e+06 1.997284814286520160e-01 1.475516928070112581e-03
2.458527478027000092e+06 1.997650921728526541e-01 1.475603403667637105e-03
2.458527971094000153e+06 2.032922394298721791e-01 1.475631126534768592e-03
2.458528474688000046e+06 2.021499321954923489e-01 1.475531722741220148e-03
2.458528967755000107e+06 2.018758647447604360e-01 1.475576531015024414e-03
2.458529460822000168e+06 2.006056681832026900e-01 1.475530482533686906e-03
2.458529964416000061e+06 2.019307228871420890e-01 1.475605536930115445e-03
2.458530457483000122e+06 2.025429821298168620e-01 1.475602436048226076e-03
2.458530950550000183e+06 2.022961418147702084e-01 1.475481005432660239e-03
2.458531454144000076e+06 2.015011829078840189e-01 1.475621700998259751e-03
2.458531947211000137e+06 1.990614668558923495e-01 1.475539526300599993e-03
2.458532440278000198e+06 2.028992305165134569e-01 1.475581561282917828e-03
2.458532943870999850e+06 2.004778517830471951e-01 1.475513579244797655e-03
2.458533436937999912e+06 1.990614668558923495e-01 1.475539526300599993e-03
2.458533930006000213e+06 2.017295872809325985e-01 1.475622140225190618e-03
2.458534433598999865e+06 2.029358617338920534e-01 1.475474139580910254e-03
2.458534926665999927e+06 1.980290025573467616e-01 1.475546844314569537e-03
2.458535419732999988e+06 2.024059150288297082e-01 1.475535963922356038e-03
2.458535923326999880e+06 2.031002228822630651e-01 1.475546777453352019e-03
2.458536416393999942e+06 2.012087207961349711e-01 1.475518480417359855e-03
2.458536909461000003e+06 2.029814731028639629e-01 1.475618810701642041e-03
2.458537413054999895e+06 1.984127607495003165e-01 1.475482371565882411e-03
2.458537906121999957e+06 2.022048648134991966e-01 1.475560211491932800e-03
2.458538399189000018e+06 2.022778831188533910e-01 1.475534137371984581e-03
2.458538902782000136e+06 2.010992264318966216e-01 1.475456405281574132e-03
2.458539395849999972e+06 2.025064218297119023e-01 1.475522595704300286e-03
2.458539888917000033e+06 2.021043215345834643e-01 1.475571091563203808e-03
2.458540392510000151e+06 2.018210215055885326e-01 1.475547431954941230e-03
2.458540885577000212e+06 2.026342251270248362e-01 1.475520643811581651e-03
2.458541378643999808e+06 2.000482700044057538e-01 1.475484136178508788e-03
2.458541882238000166e+06 2.031642082378610770e-01 1.475450275062350396e-03
2.458542375305000227e+06 2.030089570316847003e-01 1.475444654895606729e-03
2.458542868371999823e+06 2.034109836676465943e-01 1.475556309484289588e-03
2.458543371966000181e+06 1.960826646071348600e-01 1.475492263055895766e-03
2.458543865032999776e+06 2.032282137516139009e-01 1.475540745517335160e-03
2.458544358099999838e+06 2.040506581990386425e-01 1.475498109485565146e-03
2.458544861694000196e+06 2.018576439819020352e-01 1.475629267277927441e-03
2.458545354760999791e+06 2.013640789706065137e-01 1.475544985300583384e-03
2.458545847827999853e+06 2.012910197383293576e-01 1.475565813386742154e-03
2.458546351420999970e+06 2.026159359166344875e-01 1.475574083531392420e-03
2.458546844488000032e+06 2.055400226263923436e-01 1.475477127252080830e-03
2.458547337555999868e+06 2.043429223388134319e-01 1.475541207998297541e-03
2.458547841148999985e+06 2.028261747267918746e-01 1.475610693597378779e-03
2.458548334216000047e+06 2.038586763404202085e-01 1.475611967564689764e-03
2.458548827283000108e+06 2.005051813906247316e-01 1.475530052595030615e-03
2.458549330877000000e+06 2.023417957654498889e-01 1.475627626535437435e-03
2.458549823944000062e+06 1.993355689236550321e-01 1.475551759643410100e-03
2.458550317011000123e+06 2.017844056735901004e-01 1.475465577754684395e-03
2.458550820605000015e+06 2.028900737453665781e-01 1.475514968804322175e-03
2.458551313672000077e+06 1.998655762220116205e-01 1.475609316493734988e-03
2.458551806739000138e+06 2.008432313101262690e-01 1.475612998018965925e-03
2.458552310331999790e+06 2.031642082378610770e-01 1.475450275062350396e-03
2.458552803400000092e+06 1.988970766515046062e-01 1.475603323723348285e-03
2.458553296467000153e+06 1.987782212336272059e-01 1.475453869827128561e-03
2.458553800059999805e+06 2.006149066283470228e-01 1.475598434788202677e-03
2.458554293126999866e+06 2.030181191682347563e-01 1.475511244200817000e-03
2.458554786193999927e+06 2.034018038012594121e-01 1.475489718145299054e-03
2.458555289787999820e+06 2.000025809087672135e-01 1.475515568200204929e-03
2.458555782854999881e+06 2.010170059054527114e-01 1.475593730820978474e-03
2.458556275921999943e+06 2.029539928948961569e-01 1.475605964774119160e-03
2.458556779515999835e+06 1.978461484043596008e-01 1.475459929041391706e-03
2.458557272582999896e+06 2.026342251270248362e-01 1.475520643811581651e-03
2.458557765649999958e+06 2.035571679540424117e-01 1.475491841183643573e-03
2.458558269243999850e+06 2.010718158537538880e-01 1.475625683017194175e-03
2.458558762310999911e+06 2.013915293907379278e-01 1.475560646575486620e-03
2.458559255377999973e+06 2.031002228822630651e-01 1.475546777453352019e-03
2.458559758971000090e+06 2.013275460404335138e-01 1.475462710760944542e-03
2.458560252038000152e+06 2.035206120362525184e-01 1.475601763050983940e-03
2.458560745105999988e+06 2.014464414578263640e-01 1.475591899664979289e-03
2.458561248699000105e+06 2.025064218297119023e-01 1.475522595704300286e-03
2.458561741766000167e+06 2.036302994890779039e-01 1.475459286574537900e-03
2.458562234833000228e+06 2.018210215055885326e-01 1.475547431954941230e-03
2.458562738427000120e+06 2.023144021588149932e-01 1.475614190329559497e-03
2.458563231494000182e+06 2.020311798038410545e-01 1.475595313874020209e-03
2.458563724560999777e+06 2.037490535298968342e-01 1.475569112354023146e-03
2.458564228155000135e+06 2.019671792511542607e-01 1.475499903935722189e-03
2.458564721222000197e+06 2.007245070383474050e-01 1.475480216697688590e-03
2.458565214288999792e+06 2.011905602478621935e-01 1.475570607512921312e-03
2.458565717881999910e+06 2.006788483286561509e-01 1.475514254002928535e-03
2.458566210950000212e+06 2.010351507877710941e-01 1.475541765676532946e-03
2.458566704016999807e+06 1.985590105481525591e-01 1.475472670140320647e-03
2.458567207609999925e+06 2.031277228899421583e-01 1.475559480665810741e-03
2.458567700676999986e+06 2.010351507877710941e-01 1.475541765676532946e-03
2.458568193744000047e+06 2.010625563676466387e-01 1.475557729507880056e-03
2.458568697337999940e+06 2.018392389627041705e-01 1.475494722038730826e-03
2.458569190405000001e+06 2.011540587987130368e-01 1.475488168537059802e-03
2.458569683472000062e+06 2.002036541362146871e-01 1.475523827406009661e-03
2.458570187065999955e+06 2.027439950631296506e-01 1.475573018536070671e-03
2.458570680133000016e+06 2.018576439819020352e-01 1.475629267277927441e-03
2.458571173200000077e+06 2.013733523426618488e-01 1.475612938222986559e-03
2.458571676793999970e+06 2.045074812951759025e-01 1.475599322786985907e-03
2.458572169861000031e+06 2.018667541577520985e-01 1.475509938763443132e-03
2.458572662928000093e+06 2.022413706708114101e-01 1.475454065235271353e-03
2.458573166521000210e+06 2.053116531939873923e-01 1.475539659497283928e-03
2.458573659587999806e+06 2.027256959452048146e-01 1.475626554621400303e-03
2.458574152656000108e+06 2.008615455068454847e-01 1.475562553723162298e-03
2.458574656249000225e+06 2.014920892301356459e-01 1.475555106708173036e-03
2.458575149315999821e+06 2.007975455942811183e-01 1.475462282394871243e-03
2.458575642382999882e+06 1.988695999029510275e-01 1.475582641342492373e-03
2.458576145976999775e+06 2.022048648134991966e-01 1.475560211491932800e-03
2.458576639043999836e+06 2.006056681832026900e-01 1.475530482533686906e-03
2.458577132110999897e+06 2.004320645750732599e-01 1.475545795680132007e-03
2.458577635704999790e+06 2.016565811668443176e-01 1.475459576432087104e-03
2.458578128771999851e+06 1.997558928622098218e-01 1.475535451184306103e-03
2.458578621838999912e+06 1.984401743790331352e-01 1.475503460915550272e-03
2.458579125432000030e+06 2.021681793418667050e-01 1.475478708441731179e-03
2.458579618499999866e+06 2.037672573449466895e-01 1.475513269452826282e-03
2.458580111566999927e+06 2.012635830180395935e-01 1.475550058847385900e-03
2.458580615160000045e+06 2.016108961290994372e-01 1.475496693967853204e-03
2.458581108227000106e+06 2.015195571009237296e-01 1.475570651444971368e-03
2.458581601294000167e+06 2.011083023790844748e-01 1.475522995117099128e-03
2.458582104888000060e+06 2.066822591616573890e-01 1.475491177084662471e-03
2.458582597955000121e+06 2.040871213512644444e-01 1.475573804747833465e-03
2.458583091022000182e+06 2.012819355451711256e-01 1.475499221618843410e-03
2.458583594616000075e+06 2.015468430846082404e-01 1.475584813934109618e-03
2.458584087683000136e+06 2.028627927547537180e-01 1.475503411752922961e-03
2.458584580750000197e+06 2.031917169092321562e-01 1.475462906267602714e-03
2.458585084344000090e+06 2.031185558070145725e-01 1.475492889183705955e-03
2.458585577411000151e+06 2.018849757429449776e-01 1.475457183337768475e-03
2.458586070478000212e+06 2.038586763404202085e-01 1.475611967564689764e-03
2.458586574070999864e+06 1.986868845519234872e-01 1.475507902491877705e-03
2.458587067137999926e+06 2.021773035327012191e-01 1.475545299283830773e-03
2.458587560206000227e+06 2.023783263441346625e-01 1.475521240168144524e-03
2.458588063798999880e+06 2.003316647434965347e-01 1.475544718811907857e-03
2.458588556865999941e+06 1.999843450309054804e-01 1.475565225716572466e-03
2.458589049933000002e+06 2.016474804760269857e-01 1.475578713651658561e-03
2.458589553526999895e+06 1.987507609044215084e-01 1.475616154853609226e-03
2.458590046593999956e+06 2.023144021588149932e-01 1.475614190329559497e-03
2.458590539661000017e+06 2.008341673255028270e-01 1.475546404121641422e-03
2.458591043254999910e+06 2.010992264318966216e-01 1.475456405281574132e-03
2.458591536321999971e+06 2.015011829078840189e-01 1.475621700998259751e-03
2.458592029389000032e+06 2.001122154115172747e-01 1.475587154194151797e-03
2.458592532982000150e+06 1.996920613171652981e-01 1.475615716715024135e-03
2.458593026049999986e+06 2.024881441544973126e-01 1.475575917547376423e-03
2.458593519117000047e+06 2.016381944801945714e-01 1.475510762305313897e-03
2.458594022710000165e+06 1.999569022480775504e-01 1.475546908899928299e-03
2.458594515777000226e+06 1.995367066875338435e-01 1.475570411093647021e-03
2.458595008843999822e+06 2.012361500374782175e-01 1.475534281188728035e-03
2.458595512438000180e+06 2.006056681832026900e-01 1.475530482533686906e-03
2.458596005504999775e+06 2.020952006374003018e-01 1.475504499557103028e-03
2.458596498571999837e+06 2.001761812587703471e-01 1.475505718233666554e-03
2.458597002166000195e+06 2.017752992140975365e-01 1.475584832428826227e-03
2.458597495232999790e+06 2.003499322922372705e-01 1.475494739503144638e-03
2.458597988299999852e+06 2.023600602304678753e-01 1.475574444163913878e-03
2.458712204272000119e+06 2.022139906600109172e-01 1.476185543916989007e-03
2.458712697339000180e+06 2.014006185300512008e-01 1.476183731589933434e-03
2.458713200931999832e+06 2.031917169092321562e-01 1.476211492217002460e-03
2.458713694000000134e+06 1.995640918012565046e-01 1.476324339487943395e-03
2.458714187067000195e+06 2.021316866960555236e-01 1.476329396104830976e-03
2.458714690659999847e+06 2.024424571835406750e-01 1.476361724841222670e-03
2.458715183726999909e+06 2.029631525508220347e-01 1.476420305246701386e-03
2.458715676793999970e+06 1.996736698455937875e-01 1.476399344974891519e-03
2.458716180387999862e+06 2.025610781892706602e-01 1.476480535294487188e-03
2.458716673454999924e+06 2.010992264318966216e-01 1.476382501443563363e-03
2.458717166521999985e+06 2.028078681915555237e-01 1.476598266713775170e-03
2.458717670115999877e+06 2.022961418147702084e-01 1.476598935225891061e-03
2.458718163182999939e+06 1.990614668558923495e-01 1.476639580619412868e-03
2.458718656250000000e+06 2.033836326344816148e-01 1.476669166074996535e-03
2.458719159843999892e+06 2.014737175415673709e-01 1.476719517291005422e-03
2.458719652910999954e+06 2.024424571835406750e-01 1.476734637628502895e-03
2.458720145978000015e+06 2.011083023790844748e-01 1.476819588258677755e-03
2.458720649571000133e+06 1.999843450309054804e-01 1.477038764826013248e-03
2.458721142638000194e+06 2.004503412789252759e-01 1.476972696686151701e-03
2.458721635706000030e+06 2.003499322922372705e-01 1.477155501466067200e-03
2.458722139299000148e+06 2.028353286140682776e-01 1.477358654570593054e-03
2.458722632366000209e+06 2.029723126201386230e-01 1.477421660627316335e-03
2.458723125432999805e+06 2.027531452414993440e-01 1.477507039113712135e-03
2.458723629027000163e+06 2.034475198942338192e-01 1.477695166519144400e-03
2.458724122094000224e+06 2.015195571009237296e-01 1.477797927899982640e-03
2.458724615160999820e+06 2.041420163188256420e-01 1.478038940996521684e-03
2.458725118755000178e+06 2.014646251033213320e-01 1.478322875449957115e-03
2.458725611821999773e+06 2.047632433756187975e-01 1.478387713136133756e-03
2.458726104888999835e+06 2.027439950631296506e-01 1.478747498581010553e-03
2.458726608481999952e+06 2.018028056927300973e-01 1.478945730887519733e-03
2.458727101549999788e+06 2.018301300286045596e-01 1.479331874288416148e-03
2.458727594616999850e+06 2.043064134839961410e-01 1.479605563657642418e-03
2.458728098209999967e+06 2.015377473462320879e-01 1.479787553185701659e-03
2.458728591277000029e+06 2.001671473778825761e-01 1.479863787318576969e-03
2.458729084344000090e+06 2.025247011547689768e-01 1.479759491504377758e-03
2.458729587937999982e+06 2.002036541362146871e-01 1.479396109382456227e-03
2.458730081005000044e+06 2.032007001391960832e-01 1.479084077847264526e-03
2.458730574072000105e+06 2.010808905638561406e-01 1.478840720347977594e-03
2.458731077665999997e+06 2.003316647434965347e-01 1.478496915323222966e-03
2.458731570733000059e+06 2.025064218297119023e-01 1.478506840620400636e-03
2.458732063800000120e+06 2.021681793418667050e-01 1.478644172606737375e-03
2.458732567394000012e+06 2.080346133303644374e-01 1.494725893341378653e-03
2.458733060461000074e+06 2.057227873641693239e-01 1.490052549359563222e-03
2.458733553528000135e+06 2.062526798188314692e-01 1.490091251824215805e-03
2.458734057120999787e+06 2.077330511489372811e-01 1.495046452871490617e-03
2.458734550187999848e+06 2.038404643583345555e-01 1.479047277946025181e-03
2.458735043256000150e+06 2.028809173874615568e-01 1.478998723708844837e-03
2.458735546848999802e+06 2.033379308974252175e-01 1.479146565427120899e-03
2.458736039915999863e+06 2.030270947233364931e-01 1.479316374748798450e-03
2.458736532982999925e+06 2.063898806952536580e-01 1.479676945736321803e-03
2.458737036576999817e+06 2.046993200177835981e-01 1.480188607892681625e-03
2.458737529643999878e+06 2.042241983592806287e-01 1.480514933776193786e-03
2.458738022710999940e+06 2.042149817927994826e-01 1.481012385503637776e-03
2.458738526304999832e+06 2.027895633086169436e-01 1.481694723522309753e-03
2.458739019371999893e+06 2.004595725708366027e-01 1.482210357862368075e-03
2.458739512438999955e+06 2.050922265704134828e-01 1.482840833272573147e-03
2.458740016032000072e+06 2.029083877009201786e-01 1.483497349090167651e-03
2.458740509099999908e+06 2.018849757429449776e-01 1.484196501247897699e-03
2.458741002166999970e+06 2.030089570316847003e-01 1.484980541018997291e-03
2.458741505760000087e+06 2.049370120640807147e-01 1.485682447437333166e-03
2.458741998827000149e+06 2.064081303441370474e-01 1.486651704361953387e-03
2.458742491894000210e+06 2.069927812692845259e-01 1.487621638816068572e-03
2.458742995488000102e+06 2.060060618838099045e-01 1.488689015303162671e-03
2.458743488555000164e+06 2.049460724546098844e-01 1.489900901153608497e-03
2.458743981622000225e+06 2.052294115960688059e-01 1.491393628025609527e-03
2.458744485216000117e+06 2.086377065039048684e-01 1.493102074362969399e-03
2.458744978283000179e+06 2.085827552869983503e-01 1.495014161386486011e-03
2.458745471349999774e+06 2.099533458426394716e-01 1.497296258276391767e-03
2.458745974944000132e+06 2.101086827431228043e-01 1.500145708954717452e-03
2.458746468011000194e+06 2.109311886403200942e-01 1.503686984850777057e-03
2.458746961077999789e+06 2.120276012334058047e-01 1.508378540523716820e-03
2.458747464670999907e+06 2.131149909684820209e-01 1.514544014564873876e-03
2.458747957737999968e+06 2.174278643046248516e-01 1.522565099205038311e-03
2.458748450805999804e+06 2.203427675715800560e-01 1.533641677638790217e-03
2.458748954398999922e+06 2.247015147087201292e-01 1.548664792789081939e-03
2.458749447465999983e+06 2.309423602359624017e-01 1.565727205417841638e-03
2.458749940533000045e+06 2.324866395071580327e-01 1.578124157285016151e-03
2.458750444126999937e+06 2.331720011698049655e-01 1.577622182153323119e-03
2.458750937193999998e+06 2.291331892558298722e-01 1.560425814238208374e-03
2.458751430261000060e+06 2.214393510319303260e-01 1.538214879603160695e-03
2.458751933854999952e+06 2.174370763890981773e-01 1.522829874896757321e-03
2.458752426922000013e+06 2.138643519080411504e-01 1.513369277462309290e-03
2.458752919989000075e+06 2.096061398544892818e-01 1.506982562185662849e-03
2.458753423582000192e+06 2.131424728027355719e-01 1.502175385456419078e-03
2.458753916650000028e+06 2.104286165729954972e-01 1.498553752018297368e-03
2.458754409717000090e+06 2.079066592471817965e-01 1.495912925184991402e-03
2.458754913310000207e+06 2.057136926361174956e-01 1.493586593082035828e-03
2.458755406376999803e+06 2.070476950024471297e-01 1.491639555917660112e-03
2.458755899443999864e+06 2.020129450226699208e-01 1.490160933748165516e-03
2.458756403038000222e+06 2.055125746025314726e-01 1.488719259950429348e-03
2.458756896104999818e+06 2.070751573318731498e-01 1.487641491653515693e-03
2.458757389171999879e+06 2.078882771053272294e-01 1.486589998907997300e-03
2.458757892765999772e+06 2.039775635670855181e-01 1.485866035582249570e-03
2.458758385832999833e+06 2.035479814904096185e-01 1.484986458331017008e-03
2.458758878899999894e+06 2.048730344588235719e-01 1.484275169226864470e-03
2.458759382493999787e+06 2.062344439141620689e-01 1.483691189769600948e-03
2.458759875560999848e+06 2.049003970664359797e-01 1.483152365637333946e-03
2.458760368627999909e+06 2.020038282492767068e-01 1.482651587249129294e-03
2.458760872221000027e+06 2.005144152080746700e-01 1.482061825877185445e-03
2.458761365288000088e+06 2.047358990836499193e-01 1.481773093638079960e-03
2.458761858355999924e+06 2.032190421335689501e-01 1.481276476179903788e-03
2.458762361949000042e+06 2.034291572780837776e-01 1.480934367003233949e-03
2.458762855016000103e+06 2.027165470056129792e-01 1.480601098784050176e-03
2.458763348083000164e+06 2.014371647199703907e-01 1.480347740323070989e-03
2.458763851677000057e+06 2.039865815398110571e-01 1.480107490500996844e-03
2.458764344744000118e+06 2.039501363504945541e-01 1.479843047627877987e-03
2.458764837811000179e+06 2.013640789706065137e-01 1.479625175053803088e-03
2.458765341405000072e+06 2.049094558381944209e-01 1.479443365042284802e-03
2.458765834472000133e+06 2.013915293907379278e-01 1.479270415642929340e-03
2.458766327539000195e+06 2.054851302441076943e-01 1.479057514910301881e-03
2.458766831131999847e+06 1.996828653696395839e-01 1.478858228546375180e-03
2.458767324200000148e+06 2.014737175415673709e-01 1.478575158805570458e-03
2.458767817267000210e+06 2.032190421335689501e-01 1.478468901357728182e-03
2.458768320859999862e+06 2.009803508339604861e-01 1.478286414993007069e-03
2.458768813926999923e+06 2.007062053365514798e-01 1.478118543747538585e-03
2.458769306993999984e+06 2.024515937529967058e-01 1.478106538813924332e-03
2.458769810587999877e+06 2.041877107162404781e-01 1.477993652128803360e-03
2.458770303654999938e+06 2.019947118873202663e-01 1.477933575578186526e-03
2.458770796721999999e+06 2.028444829144744055e-01 1.477798983603875217e-03
2.458771300315999892e+06 2.017022765568200204e-01 1.477651662256530178e-03
2.458771793382999953e+06 2.005966149197199178e-01 1.477496211771222104e-03
2.458772286450000014e+06 2.023967805208385373e-01 1.477519931064226640e-03
2.458772790043999907e+06 2.016747837806854571e-01 1.477450252797753811e-03
2.458773283110999968e+06 2.027712600778276419e-01 1.477265527470297216e-03
2.458773776178000029e+06 2.064446344831229463e-01 1.477217355625234409e-03
2.458774279771000147e+06 2.019947118873202663e-01 1.477189399558257853e-03
2.458774772838000208e+06 2.043521446794672181e-01 1.477113523907705797e-03
2.458775265906000044e+06 2.048454868354895042e-01 1.476906143426829927e-03
2.458775769499000162e+06 2.055400226263923436e-01 1.476991602106843098e-03
2.458776262566000223e+06 2.049734448170932866e-01 1.476884764252045686e-03
2.458776755632999819e+06 2.025610781892706602e-01 1.476853666589734776e-03
2.458777259227000177e+06 2.044161478957785272e-01 1.476823059844160598e-03
2.458777752293999773e+06 2.012910197383293576e-01 1.476678188670109198e-03
2.458778245360999834e+06 2.020220622075185046e-01 1.476645135948122939e-03
2.458778748955000192e+06 2.056953149337193698e-01 1.476591899181028652e-03
2.458779242021999788e+06 2.025338414360347838e-01 1.476655085997441268e-03
2.458779735088999849e+06 2.015195571009237296e-01 1.476498683301226064e-03
2.458780238681999967e+06 2.035297972646556985e-01 1.476418190930208667e-03
2.458780731749999803e+06 2.004047449335916442e-01 1.476452150806659104e-03
2.458781224816999864e+06 2.023235329489324885e-01 1.476426174727677940e-03
2.458781728409999982e+06 2.031277228899421583e-01 1.476307830852531360e-03
2.458782221477000043e+06 2.029814731028639629e-01 1.476366622084234826e-03
2.458782714544000104e+06 2.037032696801873155e-01 1.476363247434014318e-03
2.458783218137999997e+06 2.019307228871420890e-01 1.476349477205855408e-03
2.458783711205000058e+06 2.009438875225262322e-01 1.476352528121025430e-03
2.459622427943999879e+06 2.052201496646673395e-01 1.475449083545354216e-03
2.459622921010999940e+06 2.019307228871420890e-01 1.475605536930115445e-03
2.459623424604999833e+06 2.014555330754138618e-01 1.475472948212650350e-03
2.459623917671999894e+06 1.982940121098551167e-01 1.475512483432753034e-03
2.459624410738999955e+06 2.006239607173647965e-01 1.475480249537256027e-03
2.459624914332000073e+06 1.995640918012565046e-01 1.475589118203338200e-03
2.459625407399999909e+06 2.033469205915988676e-01 1.475466170696120146e-03
2.459625900466999970e+06 2.029814731028639629e-01 1.475618810701642041e-03
2.459626404060000088e+06 2.000849393666752074e-01 1.475570311175047802e-03
2.459626897127000149e+06 2.003955161665281759e-01 1.475461303781517479e-03
2.459627390194000211e+06 2.023326641511379032e-01 1.475561031977933122e-03
2.459627893788000103e+06 1.989062364112893222e-01 1.475488079918456461e-03
2.459628386855000164e+06 2.020769600778840602e-01 1.475557444318952895e-03
2.459628879922000226e+06 2.021225645638921875e-01 1.475518122830115969e-03
2.459629383516000118e+06 2.039043073160566877e-01 1.475566657500523848e-03
2.459629876583000179e+06 2.012179870135178961e-01 1.475586432119145022e-03
2.459630369649999775e+06 2.011083023790844748e-01 1.475522995117099128e-03
2.459630873244000133e+06 2.010625563676466387e-01 1.475557729507880056e-03
2.459631366311000194e+06 2.010077489433787223e-01 1.475525778783083478e-03
2.459631859377999790e+06 2.007975455942811183e-01 1.475462282394871243e-03
2.459632362970999908e+06 2.027621090819418104e-01 1.475518101759632069e-03
2.459632856037999969e+06 2.016747837806854571e-01 1.475592759394689021e-03
2.459633349105999805e+06 2.027165470056129792e-01 1.475559960112276126e-03
2.459633852698999923e+06 2.010534824849609381e-01 1.475491138104809271e-03
2.459634345765999984e+06 2.038586763404202085e-01 1.475611967564689764e-03
2.459634838833000045e+06 1.972706156757702278e-01 1.475528459751249480e-03
2.459635342426999938e+06 2.037856504798369883e-01 1.475458763741666719e-03
2.459635835493999999e+06 2.012454175180534710e-01 1.475602233618181994e-03
2.459636328561000060e+06 1.988879173135333633e-01 1.475535371243699018e-03
2.459636832154999953e+06 2.014829959627817413e-01 1.475488515423463085e-03
2.459637325222000014e+06 2.016565811668443176e-01 1.475459576432087104e-03
2.459637818289000075e+06 2.005692728494097021e-01 1.475447512229826003e-03
2.459638321882000193e+06 2.005234647617458732e-01 1.475479912119595158e-03
2.459638814950000029e+06 2.007975455942811183e-01 1.475462282394871243e-03
2.459639308017000090e+06 1.990706341862994166e-01 1.475607478971601404e-03
2.459639811610000208e+06 2.008251037499345359e-01 1.475479813229681322e-03
2.459640304676999804e+06 1.995914806734083724e-01 1.475607802654379467e-03
2.459640797743999865e+06 2.003316647434965347e-01 1.475544718811907857e-03
2.459641301338000223e+06 2.003682015067316524e-01 1.475629284743928743e-03
2.459641794404999819e+06 2.025793624479057253e-01 1.475494315486068847e-03
2.459642287471999880e+06 2.012545000630915626e-01 1.475483467790488726e-03
2.459642791065999772e+06 2.002401675527000213e-01 1.475608507451456938e-03
2.459643284132999834e+06 2.017295872809325985e-01 1.475622140225190618e-03
2.459643777199999895e+06 1.997833080578077514e-01 1.475553951590343740e-03
2.459644280793999787e+06 2.023326641511379032e-01 1.475561031977933122e-03
2.459644773860999849e+06 2.025793624479057253e-01 1.475494315486068847e-03
2.459645266927999910e+06 2.016838857037469845e-01 1.475473597660617760e-03
2.459645770521000028e+06 2.013549914803107743e-01 1.475478394472649543e-03
2.459646263588000089e+06 2.003224393418233940e-01 1.475476769031052252e-03
2.459646756655999925e+06 2.034018038012594121e-01 1.475489718145299054e-03
2.459647260249000043e+06 2.010444090117756433e-01 1.475609718450668004e-03
2.459647753316000104e+06 1.987873755197909487e-01 1.475521818553412372e-03
2.459648246383000165e+06 2.019671792511542607e-01 1.475499903935722189e-03
2.459648749977000058e+06 2.008158556250779214e-01 1.475596824676004377e-03
2.459649243044000119e+06 2.016656822683904893e-01 1.475526166410726352e-03
2.459649736111000180e+06 2.006788483286561509e-01 1.475514254002928535e-03
2.459650239705000073e+06 2.002951346426718460e-01 1.475460134654863050e-03
2.459650732772000134e+06 2.038494762698195850e-01 1.475545373713869294e-03
2.459651225839000195e+06 2.023600602304678753e-01 1.475574444163913878e-03
2.459651729431999847e+06 2.025064218297119023e-01 1.475522595704300286e-03
2.459652222500000149e+06 1.995549017468097319e-01 1.475521166377862479e-03
2.459652715567000210e+06 2.013824406616142870e-01 1.475494055040764202e-03
2.459653219159999862e+06 2.023600602304678753e-01 1.475574444163913878e-03
2.459653712226999924e+06 2.013549914803107743e-01 1.475478394472649543e-03
2.459654205293999985e+06 2.037124631522379548e-01 1.475491747635031790e-03
2.459654708887999877e+06 2.015011829078840189e-01 1.475621700998259751e-03
2.459655201954999939e+06 2.021499321954923489e-01 1.475531722741220148e-03
2.459655695022000000e+06 2.025702201122926704e-01 1.475614301012491717e-03
2.459656198615999892e+06 1.982757493974445229e-01 1.475559208682965641e-03
2.459656691682999954e+06 2.015561248734558664e-01 1.475467128639317352e-03
2.459657184750000015e+06 1.990341507147039557e-01 1.475520363124979435e-03
2.459657688343999907e+06 2.013001043414718583e-01 1.475447003912244183e-03
2.459658181410999969e+06 2.014189835529744954e-01 1.475576284699152418e-03
2.459658674478000030e+06 2.010444090117756433e-01 1.475609718450668004e-03
2.459659178071000148e+06 2.010534824849609381e-01 1.475491138104809271e-03
2.459659671138000209e+06 2.013184601988560474e-01 1.475581544800190319e-03
2.459660164206000045e+06 1.999935548624017234e-01 1.475448978699854096e-03
2.459660667799000163e+06 2.020402978116553894e-01 1.475475823987549380e-03
2.459661160866000224e+06 2.018119133936363552e-01 1.475480841016590071e-03
2.459661653932999820e+06 2.022048648134991966e-01 1.475560211491932800e-03
2.459662157527000178e+06 2.002493891655300340e-01 1.475492026795881392e-03
2.459662650593999773e+06 2.028078681915555237e-01 1.475477509016079715e-03
2.459663143660999835e+06 2.000574827798242139e-01 1.475552086298646381e-03
2.459663647255000193e+06 2.002036541362146871e-01 1.475523827406009661e-03
2.459664140321999788e+06 2.014737175415673709e-01 1.475606132382266573e-03
2.459664633388999850e+06 1.997284814286520160e-01 1.475516928070112581e-03
2.459665136981999967e+06 2.003772444615319337e-01 1.475511328119366410e-03
2.459665630049999803e+06 2.025793624479057253e-01 1.475494315486068847e-03
2.459666123116999865e+06 2.013733523426618488e-01 1.475612938222986559e-03
2.459666626709999982e+06 2.010170059054527114e-01 1.475593730820978474e-03
2.459667119777000044e+06 2.004686196493671024e-01 1.475445630897939502e-03
2.459667612844000105e+06 2.009346339276006921e-01 1.475544270591631424e-03
2.459668116437999997e+06 2.007975455942811183e-01 1.475462282394871243e-03
2.459668609505000059e+06 2.015743184195692428e-01 1.475600312283627431e-03
2.459669102572000120e+06 1.990431334615425374e-01 1.475586955847030084e-03
2.459669606166000012e+06 2.015011829078840189e-01 1.475621700998259751e-03
2.459670099233000074e+06 2.006605507899397178e-01 1.475564534447641697e-03
2.459670592300000135e+06 2.008707957358466800e-01 1.475445498614687875e-03
2.459671095894000027e+06 1.989243739801704047e-01 1.475622624551976110e-03
2.459671588961000089e+06 2.005051813906247316e-01 1.475530052595030615e-03
2.459672082028000150e+06 2.026708085006049265e-01 1.475600366070676031e-03
2.459672585620999802e+06 1.992898590492420685e-01 1.475580504615995898e-03
2.459673078687999863e+06 2.015743184195692428e-01 1.475600312283627431e-03
2.459673571756000165e+06 2.026982503650746059e-01 1.475613472097909128e-03
2.459674075348999817e+06 2.006879053034713312e-01 1.475580846449263753e-03
2.459674568415999878e+06 2.014920892301356459e-01 1.475555106708173036e-03
2.459675061482999939e+06 2.022961418147702084e-01 1.475481005432660239e-03
2.459675565076999832e+06 2.006514950496241234e-01 1.475497942737461323e-03
2.459676058143999893e+06 2.025885051961278105e-01 1.475560907032545319e-03
2.459676551210999954e+06 2.044617153375103136e-01 1.475457420180865259e-03
2.459677054804999847e+06 2.042516624317342600e-01 1.475446596909751927e-03
2.459677547871999908e+06 2.047176087337205519e-01 1.475607057155290357e-03
2.459678040938999970e+06 2.004137895376583989e-01 1.475595845973418823e-03
2.459678544532000087e+06 2.031733773811592314e-01 1.475516864621203910e-03
2.459679037599999923e+06 2.027621090819418104e-01 1.475518101759632069e-03
2.459679530666999985e+06 2.014646251033213320e-01 1.475539538794785801e-03
2.459680034260000102e+06 2.037308513411087152e-01 1.475624933501585960e-03
2.459680527327000163e+06 2.019671792511542607e-01 1.475499903935722189e-03
2.459681020394000225e+06 2.008067928759095788e-01 1.475530231508577353e-03
2.459681523988000117e+06 2.006422549195601979e-01 1.475614793456755253e-03
2.459682017055000179e+06 2.004686196493671024e-01 1.475445630897939502e-03
2.459682510121999774e+06 2.017752992140975365e-01 1.475584832428826227e-03
2.459683013716000132e+06 2.017388774856552491e-01 1.475504288328001110e-03
2.459683506783000194e+06 2.029450205715280509e-01 1.475540730216814110e-03
2.459683999849999789e+06 2.004961326620763318e-01 1.475463462441008872e-03
2.459684503444000147e+06 2.000939695373768756e-01 1.475452612794751284e-03
2.459684996511000209e+06 2.025429821298168620e-01 1.475602436048226076e-03
2.459685489577999804e+06 2.014098935848541716e-01 1.475509692458687244e-03
2.459685993170999922e+06 2.013093747673194711e-01 1.475514952322338862e-03
2.459686486237999983e+06 2.004778517830471951e-01 1.475513579244797655e-03
2.459686979305999819e+06 2.036119203757420781e-01 1.475513649167867593e-03
2.459687482898999937e+06 1.984675917961597480e-01 1.475524527926640747e-03
2.459687975965999998e+06 1.984310360817039820e-01 1.475618274772909876e-03
2.459688469033000059e+06 2.023783263441346625e-01 1.475521240168144524e-03
2.459688972626999952e+06 2.026708085006049265e-01 1.475600366070676031e-03
2.459689465694000013e+06 2.024150499490773580e-01 1.475602557348497119e-03
2.459689958761000074e+06 2.050465186095443149e-01 1.475522730913496122e-03
2.459690462354999967e+06 2.010444090117756433e-01 1.475609718450668004e-03
2.459690955422000028e+06 2.017752992140975365e-01 1.475584832428826227e-03
2.459691448489000089e+06 2.008524806957087960e-01 1.475495962102371357e-03
2.459691952082000207e+06 2.021043215345834643e-01 1.475571091563203808e-03
2.459692445150000043e+06 2.011722160521675629e-01 1.475621354080544926e-03
2.459692938217000104e+06 2.044069226666820893e-01 1.475626816937881123e-03
2.459693441810000222e+06 2.013733523426618488e-01 1.475612938222986559e-03
2.459693934876999818e+06 1.991162937784702602e-01 1.475579144105699896e-03
2.459807647255999967e+06 1.997102705426903047e-01 1.475566333030552124e-03
2.459808150849000085e+06 2.010077489433787223e-01 1.475525778783083478e-03
2.459808643916000146e+06 2.023600602304678753e-01 1.475574444163913878e-03
2.459809136983000208e+06 2.014737175415673709e-01 1.475606132382266573e-03
2.459809640577000100e+06 1.992351678375346435e-01 1.475542565091588149e-03
2.459810133644000161e+06 2.038404643583345555e-01 1.475480141835213647e-03
2.459810626711000223e+06 2.024333210264142036e-01 1.475549305238406210e-03
2.459811130305000115e+06 2.039775635670855181e-01 1.475533170244403653e-03
2.459811623372000176e+06 2.015011829078840189e-01 1.475621700998259751e-03
2.459812116438999772e+06 2.016199951688035230e-01 1.475563285621674797e-03
2.459812620031999890e+06 2.015195571009237296e-01 1.475570651444971368e-03
2.459813113100000191e+06 2.027256959452048146e-01 1.475626554621400303e-03
2.459813606166999787e+06 2.022231169183881239e-01 1.475507149164610168e-03
2.459814109759999905e+06 2.021043215345834643e-01 1.475571091563203808e-03
2.459814602826999966e+06 2.035206120362525184e-01 1.475601763050983940e-03
2.459815095894000027e+06 2.035571679540424117e-01 1.475491841183643573e-03
2.459815599487999920e+06 2.040049944720895569e-01 1.475543704417787289e-03
2.459816092554999981e+06 1.978188168368799627e-01 1.475620496526410018e-03
2.459816585622000042e+06 2.001853999248554561e-01 1.475573669347717866e-03
2.459817089215999935e+06 2.003224393418233940e-01 1.475476769031052252e-03
2.459817582282999996e+06 2.023600602304678753e-01 1.475574444163913878e-03
2.459818075350000057e+06 2.024059150288297082e-01 1.475535963922356038e-03
2.459818578943999950e+06 2.017204832953748694e-01 1.475555545915281002e-03
2.459819072011000011e+06 2.024333210264142036e-01 1.475549305238406210e-03
2.459819565078000072e+06 1.997102705426903047e-01 1.475566333030552124e-03
2.459820068671000190e+06 2.012361500374782175e-01 1.475534281188728035e-03
2.459820561737999786e+06 2.014280739313403790e-01 1.475457357832899927e-03
2.459821054806000087e+06 2.031917169092321562e-01 1.475462906267602714e-03
2.459821558399000205e+06 2.021499321954923489e-01 1.475531722741220148e-03
2.459822051465999801e+06 1.989062364112893222e-01 1.475488079918456461e-03
2.459822544532999862e+06 2.039043073160566877e-01 1.475566657500523848e-03
2.459823048127000220e+06 2.042149817927994826e-01 1.475557805978668525e-03
2.459823541193999816e+06 2.016656822683904893e-01 1.475526166410726352e-03
2.459824034260999877e+06 1.980105818775241555e-01 1.475591963268785105e-03
2.459824537854999769e+06 2.028170212526271832e-01 1.475544099804052033e-03
2.459825030921999831e+06 2.054851302441076943e-01 1.475461597727538649e-03
2.459825523988999892e+06 2.020860801518400141e-01 1.475624038714539853e-03
2.459826027582000010e+06 2.014098935848541716e-01 1.475509692458687244e-03
2.459826520649999846e+06 2.019489502464978381e-01 1.475552731210948544e-03
2.459827013716999907e+06 2.014920892301356459e-01 1.475555106708173036e-03
2.459827517310000025e+06 2.021499321954923489e-01 1.475531722741220148e-03
2.459828010377000086e+06 2.021043215345834643e-01 1.475571091563203808e-03
2.459828503444000147e+06 2.020860801518400141e-01 1.475624038714539853e-03
2.459829007038000040e+06 2.004961326620763318e-01 1.475463462441008872e-03
2.459829500105000101e+06 2.034932462622449922e-01 1.475590774998202263e-03
2.459829993172000162e+06 1.982025328146949095e-01 1.475561988004327457e-03
2.459830496766000055e+06 1.981934054609129081e-01 1.475494037428214545e-03
2.459830989833000116e+06 1.980746056703248381e-01 1.475521773742888591e-03
2.459831482900000177e+06 2.019762943705164515e-01 1.475566495734415310e-03
2.459831986494000070e+06 2.030910570404011739e-01 1.475480186544538865e-03
2.459832479561000131e+06 2.018210215055885326e-01 1.475547431954941230e-03
2.459832972628000192e+06 2.015925136079297908e-01 1.475547834383131177e-03
2.459833476220999844e+06 2.021316866960555236e-01 1.475584715451058043e-03
2.459833969287999906e+06 1.988970766515046062e-01 1.475603323723348285e-03
2.459834462356000207e+06 2.028170212526271832e-01 1.475544099804052033e-03
2.459834965948999859e+06 1.994635756130234416e-01 1.475580746320146516e-03
2.459835459015999921e+06 2.023417957654498889e-01 1.475627626535437435e-03
2.459835952082999982e+06 2.007975455942811183e-01 1.475462282394871243e-03
2.459836455676999874e+06 2.030270947233364931e-01 1.475576477454527665e-03
2.459836948743999936e+06 1.990798019388880236e-01 1.475492075498311502e-03
2.459837441810999997e+06 1.997650921728526541e-01 1.475603403667637105e-03
2.459837945404999889e+06 2.018210215055885326e-01 1.475547431954941230e-03
2.459838438471999951e+06 1.979649935048727050e-01 1.475616899771563803e-03
2.459838931539000012e+06 2.012454175180534710e-01 1.475602233618181994e-03
2.459839435132000130e+06 2.013459044001302545e-01 1.475597253081138878e-03
2.459839928199999966e+06 2.029814731028639629e-01 1.475618810701642041e-03
2.459840421267000027e+06 2.014280739313403790e-01 1.475457357832899927e-03
2.459840924860000145e+06 2.004047449335916442e-01 1.475529252850160461e-03
2.459841417927000206e+06 2.014006185300512008e-01 1.475627241115597078e-03
2.459841910993999802e+06 2.028170212526271832e-01 1.475544099804052033e-03
2.459842414588000160e+06 2.007062053365514798e-01 1.475530542295254129e-03
2.459842907655000221e+06 1.996644747450071200e-01 1.475595764728910740e-03
2.459843400721999817e+06 2.035114272223754739e-01 1.475535169660689835e-03
2.459843904316000175e+06 2.035479814904096185e-01 1.475612727373240042e-03
2.459844397382999770e+06 2.019489502464978381e-01 1.475552731210948544e-03
2.459844890449999832e+06 2.019854099012592941e-01 1.475447055100971702e-03
2.459845394044000190e+06 2.003772444615319337e-01 1.475511328119366410e-03
2.459845887110999785e+06 1.996920613171652981e-01 1.475615716715024135e-03
2.459846380177999847e+06 2.003589744225170999e-01 1.475561331068757712e-03
2.459846883770999964e+06 2.019854099012592941e-01 1.475447055100971702e-03
2.459847376838000026e+06 2.023967805208385373e-01 1.475469373501558761e-03
2.459847869905999862e+06 2.010260781418888587e-01 1.475475174993898676e-03
2.459848373498999979e+06 2.019307228871420890e-01 1.475605536930115445e-03
2.459848866566000041e+06 2.029814731028639629e-01 1.475618810701642041e-03
2.459849359633000102e+06 2.015834158084596206e-01 1.475481243426623968e-03
2.459849863226999994e+06 2.010077489433787223e-01 1.475525778783083478e-03
2.459850356294000056e+06 2.007428104090119569e-01 1.475614760614188262e-03
2.459850849361000117e+06 2.048547318577257081e-01 1.475463373245701482e-03
2.459851352955000009e+06 2.024972827858840529e-01 1.475456005886805790e-03
2.459851846022000071e+06 2.026982503650746059e-01 1.475613472097909128e-03
2.459852339089000132e+06 2.039501363504945541e-01 1.475522612226070132e-03
2.459852842681999784e+06 2.018483483079053786e-01 1.475561313603555901e-03
2.459853335750000086e+06 2.063531961795868896e-01 1.475612776028980286e-03
2.459853828817000147e+06 2.015561248734558664e-01 1.475467128639317352e-03
2.459854332409999799e+06 2.015652214412408105e-01 1.475533718958805694e-03
2.459854825476999860e+06 2.009346339276006921e-01 1.475544270591631424e-03
2.459855318543999922e+06 2.024698681289749946e-01 1.475629217744922140e-03
2.459855822137999814e+06 2.033469205915988676e-01 1.475466170696120146e-03
2.459856315204999875e+06 1.989062364112893222e-01 1.475488079918456461e-03
2.459856808271999937e+06 2.036484926941319884e-01 1.475591110440715656e-03
2.459857311865999829e+06 1.990341507147039557e-01 1.475520363124979435e-03
2.459857804932999890e+06 2.019031989729166421e-01 1.475590366084361541e-03
2.459858297999999952e+06 2.020220622075185046e-01 1.475528720774774974e-03
2.459858801593999844e+06 2.019307228871420890e-01 1.475605536930115445e-03
2.459859294660999905e+06 2.007154484117087412e-01 1.475598494552517051e-03
2.459859787727999967e+06 2.008067928759095788e-01 1.475530231508577353e-03
2.459860291321000084e+06 2.005326994211948932e-01 1.475547862045198909e-03
2.459860784388000146e+06 2.023052717807675704e-01 1.475547596378431678e-03
2.459861277455999982e+06 2.014189835529744954e-01 1.475576284699152418e-03
2.459861781049000099e+06 2.007518702705436697e-01 1.475496458291005808e-03
2.459862274116000161e+06 1.997010737566187188e-01 1.475498382254347750e-03
2.459862767183000222e+06 2.002676492118465323e-01 1.475626571789307589e-03
2.459863270777000114e+06 2.038768899496424536e-01 1.475556027517000877e-03
2.459863763844000176e+06 2.018667541577520985e-01 1.475509938763443132e-03
2.459864256910999771e+06 2.005051813906247316e-01 1.475530052595030615e-03
2.459864760505000129e+06 2.001214311317977557e-01 1.475470790408904337e-03
2.459865253572000191e+06 2.031368903865956588e-01 1.475626075153301832e-03
2.459865746638999786e+06 2.019489502464978381e-01 1.475552731210948544e-03
2.459866250231999904e+06 2.024881441544973126e-01 1.475575917547376423e-03
2.459866743300000206e+06 2.007062053365514798e-01 1.475530542295254129e-03
2.459867236366999801e+06 2.022139906600109172e-01 1.475626806012402502e-03
2.459867739959999919e+06 2.020769600778840602e-01 1.475557444318952895e-03
2.459868233026999980e+06 2.018483483079053786e-01 1.475561313603555901e-03
2.459868726094000041e+06 2.023967805208385373e-01 1.475469373501558761e-03
2.459869229687999934e+06 2.034201639483366741e-01 1.475622903828659920e-03
2.459869722754999995e+06 2.006971475358622081e-01 1.475463952119127672e-03
2.459870215822000057e+06 2.020676543042411455e-01 1.475489493952079510e-03
2.459870719415999949e+06 2.029814731028639629e-01 1.475618810701642041e-03
2.459871212483000010e+06 2.010170059054527114e-01 1.475593730820978474e-03
2.459871705550000072e+06 2.000939695373768756e-01 1.475452612794751284e-03
2.459872209143999964e+06 2.007611154486979854e-01 1.475564408978611349e-03
2.459872702211000025e+06 2.016747837806854571e-01 1.475592759394689021e-03
2.459873195278000087e+06 1.999753198075187588e-01 1.475498633975195258e-03
2.459873698871000204e+06 2.045347950799268899e-01 1.475608018632825749e-03
2.459874191937999800e+06 2.013824406616142870e-01 1.475494055040764202e-03
2.459874685006000102e+06 2.032555438840457640e-01 1.475551970978937304e-03
2.459875188599000219e+06 2.020311798038410545e-01 1.475595313874020209e-03
2.459875681665999815e+06 2.005234647617458732e-01 1.475479912119595158e-03
2.459876174732999876e+06 2.009072457840331005e-01 1.475528190789922745e-03
2.459876678326999769e+06 1.997194677522999562e-01 1.475450338508391135e-03
2.459877171393999830e+06 2.034201639483366741e-01 1.475622903828659920e-03
2.459877664460999891e+06 2.008615455068454847e-01 1.475562553723162298e-03
2.459878168054999784e+06 2.015652214412408105e-01 1.475533718958805694e-03
2.459878661121999845e+06 2.012270683205703847e-01 1.475467690843866760e-03
2.459879154188999906e+06 2.010808905638561406e-01 1.475507078148069647e-03
2.459987411249999888e+06 2.003682015067316524e-01 1.475629284743928743e-03
2.459987904316999950e+06 1.995822893576864876e-01 1.475539849968472879e-03
2.459988407910000067e+06 1.991803081828340538e-01 1.475503176272375573e-03
2.459988900977000128e+06 2.035114272223754739e-01 1.475535169660689835e-03
2.459989394044000190e+06 2.020038282492767068e-01 1.475581595993580557e-03
2.459989897638000082e+06 2.019398363611671077e-01 1.475486140033449058e-03
2.459990390705000143e+06 2.030181191682347563e-01 1.475511244200817000e-03
2.459990883772000205e+06 2.009438875225262322e-01 1.475612223481125159e-03
2.459991387366000097e+06 2.015377473462320879e-01 1.475518221308723182e-03
2.459991880433000159e+06 2.013001043414718583e-01 1.475447003912244183e-03
2.459992373500000220e+06 1.968776423678088305e-01 1.475490426612179051e-03
2.459992877094000112e+06 2.034201639483366741e-01 1.475622903828659920e-03
2.459993370161000174e+06 2.024881441544973126e-01 1.475575917547376423e-03
2.459993863227999769e+06 1.998747805838767821e-01 1.475493180902676766e-03
2.459994366820999887e+06 1.989243739801704047e-01 1.475622624551976110e-03
2.459994859887999948e+06 2.007975455942811183e-01 1.475462282394871243e-03
2.459995352955999784e+06 2.031093891377942218e-01 1.475613371367521121e-03
2.459995856548999902e+06 2.010992264318966216e-01 1.475456405281574132e-03
2.459996349615999963e+06 1.993082151689048176e-01 1.475532847211763303e-03
2.459996842683000024e+06 2.020129450226699208e-01 1.475462130680852725e-03
2.459997346276999917e+06 2.015652214412408105e-01 1.475533718958805694e-03
2.459997839343999978e+06 2.016747837806854571e-01 1.475592759394689021e-03
2.459998332411000039e+06 2.013275460404335138e-01 1.475462710760944542e-03
2.459998836004999932e+06 2.030454210471447918e-01 1.475522659225366731e-03
2.459999329071999993e+06 1.997102705426903047e-01 1.475566333030552124e-03
2.459999822139000054e+06 2.002768720902828592e-01 1.475510066652935314e-03
2.460000325732000172e+06 2.003499322922372705e-01 1.475494739503144638e-03
2.460000818800000008e+06 2.018301300286045596e-01 1.475614025898648769e-03
2.460001311867000069e+06 2.000210026755623038e-01 1.475467248313277763e-03
2.460001815460000187e+06 1.994543901874109570e-01 1.475512794880196391e-03
2.460002308526999783e+06 2.015834158084596206e-01 1.475481243426623968e-03
2.460002801593999844e+06 2.015925136079297908e-01 1.475547834383131177e-03
2.460003305188000202e+06 1.997102705426903047e-01 1.475566333030552124e-03
2.460003798254999798e+06 2.032830649223708042e-01 1.475564531819310767e-03
2.460004291321999859e+06 2.020402978116553894e-01 1.475475823987549380e-03
2.460004794916000217e+06 2.021225645638921875e-01 1.475518122830115969e-03
2.460005287982999813e+06 2.043246670959767974e-01 1.475597578563254964e-03
2.460005781049999874e+06 2.012361500374782175e-01 1.475534281188728035e-03
2.460006284644000232e+06 2.005966149197199178e-01 1.475463892360257510e-03
2.460006777710999828e+06 2.028717614427797411e-01 1.475568644660355715e-03
2.460007270777999889e+06 2.008707957358466800e-01 1.475445498614687875e-03
2.460007774371000007e+06 2.033379308974252175e-01 1.475588223474333556e-03
2.460008267438000068e+06 2.009164981176589648e-01 1.475596142938897289e-03
2.460008760505999904e+06 2.029723126201386230e-01 1.475552216541997858e-03
2.460009264099000022e+06 2.002401675527000213e-01 1.475608507451456938e-03
2.460009757166000083e+06 2.020402978116553894e-01 1.475475823987549380e-03
2.460010250233000144e+06 2.018849757429449776e-01 1.475457183337768475e-03
2.460010753827000037e+06 2.028170212526271832e-01 1.475544099804052033e-03
2.460011246894000098e+06 2.028809173874615568e-01 1.475448379331021969e-03
2.460011739961000159e+06 2.010444090117756433e-01 1.475609718450668004e-03
2.460012243555000052e+06 2.024607307348021690e-01 1.475562623115607430e-03
2.460012736622000113e+06 2.072487882593318786e-01 1.475527044436656743e-03
2.460013229689000174e+06 2.038678768262348062e-01 1.475490795167350025e-03
2.460013733281999826e+06 2.023144021588149932e-01 1.475614190329559497e-03
2.460014226350000128e+06 2.039135098612748220e-01 1.475445441028690706e-03
2.460014719417000189e+06 2.023235329489324885e-01 1.475494440425817932e-03
2.460015223009999841e+06 1.999294632310760211e-01 1.475528569324533953e-03
2.460015716076999903e+06 2.031917169092321562e-01 1.475462906267602714e-03
2.460016209143999964e+06 2.019762943705164515e-01 1.475566495734415310e-03
2.460016712737999856e+06 1.983488103405194047e-01 1.475554866918404699e-03
2.460017205804999918e+06 2.018667541577520985e-01 1.475509938763443132e-03
2.460017698871999979e+06 2.037672573449466895e-01 1.475513269452826282e-03
2.460018202465999871e+06 2.026891026640915139e-01 1.475546878179189629e-03
2.460018695532999933e+06 2.045257528714179152e-01 1.475542783984722019e-03
2.460019188599999994e+06 2.023600602304678753e-01 1.475574444163913878e-03
2.460019692193999887e+06 1.979101190300289470e-01 1.475572433273496589e-03
2.460020185260999948e+06 2.034383383789794830e-01 1.475567368678987624e-03
2.460020678328000009e+06 1.998838012697588262e-01 1.475559772397947453e-03
2.460021181921000127e+06 2.015102769960454843e-01 1.475502700469901330e-03
2.460021674988000188e+06 2.037582490682491865e-01 1.475448038993451777e-03
2.460022168056000024e+06 1.981019725787796226e-01 1.475543180031913372e-03
2.460022671649000142e+06 2.000939695373768756e-01 1.475452612794751284e-03
2.460023164716000203e+06 2.031733773811592314e-01 1.475516864621203910e-03
2.460023657782999799e+06 2.038494762698195850e-01 1.475545373713869294e-03
2.460024161377000157e+06 2.023874600192583917e-01 1.475587832929777660e-03
2.460024654444000218e+06 2.023417957654498889e-01 1.475627626535437435e-03
2.460025147510999814e+06 2.017661931655763408e-01 1.475518239802605172e-03
2.460025651105000172e+06 2.023052717807675704e-01 1.475547596378431678e-03
2.460026144171999767e+06 2.013275460404335138e-01 1.475462710760944542e-03
2.460026637238999829e+06 2.000574827798242139e-01 1.475552086298646381e-03
2.460027140831999946e+06 2.043978861112407119e-01 1.475561581458729489e-03
2.460027633899999782e+06 2.004595725708366027e-01 1.475563674643254504e-03
2.460028126966999844e+06 2.010444090117756433e-01 1.475609718450668004e-03
2.460028630559999961e+06 1.999112340199528104e-01 1.475578158317747759e-03
2.460029123627000023e+06 2.003224393418233940e-01 1.475476769031052252e-03
2.460029616694000084e+06 2.012454175180534710e-01 1.475602233618181994e-03
2.460030120287999976e+06 2.018028056927300973e-01 1.475600120336310016e-03
2.460030613355000038e+06 2.012454175180534710e-01 1.475602233618181994e-03
2.460031106422000099e+06 1.993996538233436810e-01 1.475475176931782557e-03
2.460031610015999991e+06 2.017936984028511627e-01 1.475533527020150837e-03
2.460032103083000053e+06 1.986594368404757116e-01 1.475487039725706818e-03
2.460032596150000114e+06 2.007884836714380616e-01 1.475580628327028852e-03
2.460033099744000006e+06 2.045440260801209831e-01 1.475486223300791731e-03
2.460033592811000068e+06 2.028900737453665781e-01 1.475514968804322175e-03
2.460034085878000129e+06 2.005966149197199178e-01 1.475463892360257510e-03
2.460034589470999781e+06 1.993996538233436810e-01 1.475475176931782557e-03
2.460035082537999842e+06 2.003682015067316524e-01 1.475629284743928743e-03
2.460035575606000144e+06 2.037946599679669735e-01 1.475523994675183651e-03
2.460036079198999796e+06 1.988604418303010213e-01 1.475514689815275032e-03
2.460036572265999857e+06 1.996370758562695802e-01 1.475577149150573020e-03
2.460037065332999919e+06 2.024333210264142036e-01 1.475549305238406210e-03
2.460037568926999811e+06 2.014555330754138618e-01 1.475472948212650350e-03
2.460038061993999872e+06 2.014555330754138618e-01 1.475472948212650350e-03
2.460038555060999934e+06 2.014280739313403790e-01 1.475457357832899927e-03
2.460039058654999826e+06 2.004503412789252759e-01 1.475495723989465879e-03
2.460039551721999887e+06 2.026799553759409400e-01 1.475480287265830415e-03
2.460040044788999949e+06 2.034932462622449922e-01 1.475590774998202263e-03
2.460040548382000066e+06 1.999935548624017234e-01 1.475448978699854096e-03
2.460041041449999902e+06 2.007245070383474050e-01 1.475480216697688590e-03
2.460041534516999964e+06 2.008981789104589133e-01 1.475461600719919081e-03
2.460042038110000081e+06 2.032830649223708042e-01 1.475564531819310767e-03
2.460042531177000143e+06 2.001488964951436689e-01 1.475488945221281947e-03
2.460043024244000204e+06 2.016017975000318485e-01 1.475615787436747534e-03
2.460043527838000096e+06 2.027712600778276419e-01 1.475584694379623082e-03
2.460044020905000158e+06 2.003682015067316524e-01 1.475629284743928743e-03
2.460044513972000219e+06 2.021408092399160361e-01 1.475465132511820550e-03
2.460045017566000111e+06 2.001671473778825761e-01 1.475623489933710264e-03
2.460045510633000173e+06 2.029814731028639629e-01 1.475618810701642041e-03
2.460046003699999768e+06 2.023874600192583917e-01 1.475587832929777660e-03
2.460046507294000126e+06 1.991894809862131688e-01 1.475571127269362541e-03
2.460047000361000188e+06 2.021773035327012191e-01 1.475545299283830773e-03
2.460047493427999783e+06 2.009803508339604861e-01 1.475509768834117096e-03
2.460047997020999901e+06 2.019398363611671077e-01 1.475486140033449058e-03
2.460048490087999962e+06 2.016747837806854571e-01 1.475592759394689021e-03
2.460048983155999798e+06 2.017022765568200204e-01 1.475608140973550322e-03
2.460049486748999916e+06 2.001122154115172747e-01 1.475587154194151797e-03
2.460049979815999977e+06 2.007154484117087412e-01 1.475598494552517051e-03
2.460050472883000039e+06 2.024515937529967058e-01 1.475496031491684446e-03
2.460050976476999931e+06 2.027804114867134133e-01 1.475464522343995647e-03
2.460051469543999992e+06 2.024607307348021690e-01 1.475562623115607430e-03
2.460051962611000054e+06 2.023967805208385373e-01 1.475469373501558761e-03
2.460052466204999946e+06 2.022870122608050325e-01 1.475600730715690085e-03
2.460052959272000007e+06 2.042789420496111119e-01 1.475455508007048186e-03
2.460053452339000069e+06 2.010899656835153371e-01 1.475573670270546520e-03
2.460053955932000186e+06 2.010351507877710941e-01 1.475541765676532946e-03
2.460054449000000022e+06 2.007884836714380616e-01 1.475580628327028852e-03
2.460054942067000084e+06 2.035297972646556985e-01 1.475480901575885496e-03
2.460055445660000201e+06 2.027348452977043858e-01 1.475506426443006468e-03
2.460055938726999797e+06 2.007518702705436697e-01 1.475496458291005808e-03
2.460056431793999858e+06 1.996188733045046182e-01 1.475626464440195134e-03
2.460056935388000216e+06 2.016381944801945714e-01 1.475510762305313897e-03
2.460057428454999812e+06 2.011083023790844748e-01 1.475522995117099128e-03
2.460057921521999873e+06 2.000849393666752074e-01 1.475570311175047802e-03
2.460058425116000231e+06 1.994727614616494948e-01 1.475464979686643557e-03
2.460058918182999827e+06 2.042149817927994826e-01 1.475557805978668525e-03
