2.458346727899000049e+06 1.380053745147073130e+01 3.198028404665334556e-02
2.458347220966000110e+06 1.383628821655470098e+01 3.198666791376725965e-02
2.458347714033000171e+06 1.382384322923615905e+01 3.198336210919398154e-02
2.458348217627000064e+06 1.387834246398791826e+01 3.198162932462327718e-02
2.458348710694000125e+06 1.382900074430766679e+01 3.198255774909172788e-02
2.458349203761000186e+06 1.379086794862193877e+01 3.198328041604346639e-02
2.458349707355000079e+06 1.383914309813888011e+01 3.198052149413733308e-02
2.458350200422000140e+06 1.386048413244559541e+01 3.197877403333983931e-02
2.458350693489000201e+06 1.382319390074956722e+01 3.198185979845664939e-02
2.458351197081999853e+06 1.380628391319039139e+01 3.198088438932463612e-02
2.458351690150000155e+06 1.379389132237121096e+01 3.199029211471143136e-02
2.458352183217000216e+06 1.382870779686163765e+01 3.198188024470920848e-02
2.458352686809999868e+06 1.383445324653742503e+01 3.198242583846096221e-02
2.458353179876999930e+06 1.385936077193707128e+01 3.198894716991728532e-02
2.458353672943999991e+06 1.381429735403997583e+01 3.198672329048209834e-02
2.458354176537999883e+06 1.376329441162469180e+01 3.198271518288807458e-02
2.458354669604999945e+06 1.379899953463732665e+01 3.198942954694916629e-02
2.458355162672000006e+06 1.386926990842789209e+01 3.198627042048393654e-02
2.458355666265999898e+06 1.381922220222509168e+01 3.198539870182184885e-02
2.458356159332999960e+06 1.388783026557045908e+01 3.197791094353407554e-02
2.458356652400000021e+06 1.382971403360406804e+01 3.198420738499353766e-02
2.458357155993999913e+06 1.384359227949677695e+01 3.197805257374877058e-02
2.458357649060999975e+06 1.376347188324552917e+01 3.198312758591691923e-02
2.458358142128000036e+06 1.372254930902099268e+01 3.198914446154013658e-02
2.458358645721000154e+06 1.383695090442847686e+01 3.198819991256760670e-02
2.458359138788000215e+06 1.377788006675447718e+01 3.197853918480682289e-02
2.458359631856000051e+06 1.380545739419961215e+01 3.197896984023554379e-02
2.458360135449000169e+06 1.382882242773190917e+01 3.198214535341056125e-02
2.458360628516000230e+06 1.389470081977291649e+01 3.198093348682957970e-02
2.458361121582999825e+06 1.382556218716997876e+01 3.198733915473305628e-02
2.458361625177000184e+06 1.381850945406138642e+01 3.198374900447590458e-02
2.458362118243999779e+06 1.382775257656132162e+01 3.197967109099066757e-02
2.458362611310999840e+06 1.380854755696002201e+01 3.198612789511882937e-02
2.458363114905000199e+06 1.382645358283988379e+01 3.198940152118356917e-02
2.458363607971999794e+06 1.379342125857445644e+01 3.198920195981465320e-02
2.458364101038999856e+06 1.381091333406621402e+01 3.197888766137002570e-02
2.458364604631999973e+06 1.382116971946662787e+01 3.198990634447623077e-02
2.458365097699999809e+06 1.377871762538021549e+01 3.198048316321300266e-02
2.458365590766999871e+06 1.374871153424651560e+01 3.198681704018829092e-02
2.458366094359999988e+06 1.386043306862901758e+01 3.197865621939943032e-02
2.458366587427000050e+06 1.382947202061202319e+01 3.198364767756150390e-02
2.458367080494000111e+06 1.377242449165557758e+01 3.197856163523476319e-02
2.458367584088000003e+06 1.386197783231141401e+01 3.198222028312636828e-02
2.458368077155000065e+06 1.380605502605430246e+01 3.198035419502445048e-02
2.458368570222000126e+06 1.378755316191611335e+01 3.198829168877510148e-02
2.458369073816000018e+06 1.387246379353759096e+01 3.198085936810021040e-02
2.458369566883000080e+06 1.384773678616410386e+01 3.198762619087242715e-02
2.458370059950000141e+06 1.378180180280921086e+01 3.198764155683293808e-02
2.458370563544000033e+06 1.385562114825231994e+01 3.198031570224316861e-02
2.458371056611000095e+06 1.382734503598208775e+01 3.197872856518194085e-02
2.458371549678000156e+06 1.387277044519882807e+01 3.198156630695397212e-02
2.458372053270999808e+06 1.385223976377189814e+01 3.198526947483753408e-02
2.458372546337999869e+06 1.386061179281006872e+01 3.197906857008974563e-02
2.458373039406000171e+06 1.380694516401055161e+01 3.198241611112354749e-02
2.458373542998999823e+06 1.383505213360913011e+01 3.198381034285843055e-02
2.458374036065999884e+06 1.385936077193707128e+01 3.198894716991728532e-02
2.458374529132999945e+06 1.382277376327561136e+01 3.198088775264113642e-02
2.458375032726999838e+06 1.382965034556399431e+01 3.198406009261448024e-02
2.458375525793999899e+06 1.385277562627752168e+01 3.198650679868812047e-02
2.458376018860999960e+06 1.381423373699612256e+01 3.198657598651678813e-02
2.458376522454999853e+06 1.383201973814776231e+01 3.198953982586070360e-02
2.458377015521999914e+06 1.378422647620803687e+01 3.198057349603000699e-02
2.458377508588999975e+06 1.381891673422488687e+01 3.198469167825465642e-02
2.458378012182000093e+06 1.384127189760000043e+01 3.198544088231333737e-02
2.458378505249999929e+06 1.378327432846237066e+01 3.197836443257534578e-02
2.458378998316999990e+06 1.378156062825689965e+01 3.198708178930453894e-02
2.458379501910000108e+06 1.380628391319039139e+01 3.198088438932463612e-02
2.458379994977000169e+06 1.382081329056573438e+01 3.198908136892138210e-02
2.458380488044000231e+06 1.385752274203499290e+01 3.198470479233567199e-02
2.458380991638000123e+06 1.382580413174072120e+01 3.198789892676520003e-02
2.458381484705000184e+06 1.383114072257161453e+01 3.198750691206263957e-02
2.458381977771999780e+06 1.380047389779343092e+01 3.198013677234178703e-02
2.458382481366000138e+06 1.380498693625797735e+01 3.199059493402695714e-02
2.458382974433000199e+06 1.382947202061202319e+01 3.198364767756150390e-02
2.458383467499999795e+06 1.382076237290166887e+01 3.198896351700741131e-02
2.458383971094000153e+06 1.381755493821330028e+01 3.198153972167246811e-02
2.458384464161000215e+06 1.382947202061202319e+01 3.198364767756150390e-02
2.458384957227999810e+06 1.384565800159278304e+01 3.198282429545619421e-02
2.458385460820999928e+06 1.385100225577394717e+01 3.198241202886008272e-02
2.458385953887999989e+06 1.387549227574784005e+01 3.198784107409751581e-02
2.458386446955999825e+06 1.383972944136437278e+01 3.198187645968633697e-02
2.458386950548999943e+06 1.381240169184627398e+01 3.198233392340187747e-02
2.458387443616000004e+06 1.383326829107119593e+01 3.197968646382538804e-02
2.458387936683000065e+06 1.377545650970190749e+01 3.198560175921819071e-02
2.458388440276999958e+06 1.384377078652326887e+01 3.197846491665534002e-02
2.458388933344000019e+06 1.378126868576138797e+01 3.198640418908686028e-02
2.458389426411000080e+06 1.381109141971208665e+01 3.197930001504466907e-02
2.458389930004999973e+06 1.382467084896858012e+01 3.198527692124383814e-02
2.458390423072000034e+06 1.387857254955933328e+01 3.198215954006341372e-02
2.458390916139000095e+06 1.381363575110414921e+01 3.198519136240106364e-02
2.458391419732000213e+06 1.375955536313480287e+01 3.198669951720813087e-02
2.458391912800000049e+06 1.379544137595279807e+01 3.198118087165427448e-02
2.458392405867000110e+06 1.382591873854152276e+01 3.198816408535745670e-02
2.458392909460000228e+06 1.382259552699300542e+01 3.198047537849359190e-02
2.458393402526999824e+06 1.378215722563170686e+01 3.198846649525606545e-02
2.458393895593999885e+06 1.380314340424906305e+01 3.198632287741311891e-02
2.458394399187999777e+06 1.381476812926984898e+01 3.198781336090870953e-02
2.458394892254999839e+06 1.379366264068538150e+01 3.198976176444550540e-02
2.458395385321999900e+06 1.383362504117765468e+01 3.198051119709235252e-02
2.458395888915999793e+06 1.380042305506232125e+01 3.198001895338088013e-02
2.458396381982999854e+06 1.383422389239673400e+01 3.198189561860588503e-02
2.458396875049999915e+06 1.385053024576915170e+01 3.198132214249833211e-02
2.458397378643999808e+06 1.382152615755952496e+01 3.199073134130652613e-02
2.458397871710999869e+06 1.386967868468083864e+01 3.198721316857771474e-02
2.458398364777999930e+06 1.383516681706976925e+01 3.198407546755901998e-02
2.458398868371000048e+06 1.379478067607922220e+01 3.197964920901420760e-02
2.458399361438000109e+06 1.375623543278618399e+01 3.197898170862516903e-02
2.458399854505999945e+06 1.381067165007683961e+01 3.197832804703035214e-02
2.458400358099000063e+06 1.378980103375660171e+01 3.198080606581073931e-02
2.458400851166000124e+06 1.384952249445906958e+01 3.197899521214148805e-02
2.458401344233000185e+06 1.383333199577256245e+01 3.197983373606309160e-02
2.458401847827000078e+06 1.383024902472034157e+01 3.198544466775805895e-02
2.458402340894000139e+06 1.378997884716865840e+01 3.198121844422236598e-02
2.458402833961000200e+06 1.385075987024879396e+01 3.198185235284586869e-02
2.458403337555000093e+06 1.386256514300950116e+01 3.198357532065045777e-02
2.458403830622000154e+06 1.385698669589821108e+01 3.198346753819154148e-02
2.458404323689000215e+06 1.383273318316160427e+01 3.197844940380364237e-02
2.458404827281999867e+06 1.382253187173478182e+01 3.198032810330099507e-02
2.458405320350000169e+06 1.384578552540295959e+01 3.198311886951065580e-02
2.458405813417000230e+06 1.379359911866772492e+01 3.198961444648764502e-02
2.458406317009999882e+06 1.385142325124122031e+01 3.198338412100532047e-02
2.458406810076999944e+06 1.381191827600637190e+01 3.198121458390101174e-02
2.458407303144000005e+06 1.379377698105441397e+01 3.199002693847945861e-02
2.458407806737999897e+06 1.374710342332587842e+01 3.198307571870732252e-02
2.458408299804999959e+06 1.379110928605050113e+01 3.198384011704860641e-02
2.458408792872000020e+06 1.380948873156373935e+01 3.198830803253892990e-02
2.458409296465999912e+06 1.388403180930241554e+01 3.198195234062480019e-02
2.458409789532999974e+06 1.381886582354798243e+01 3.198457384251288116e-02
2.458410282600000035e+06 1.382989236167668956e+01 3.198461980726368531e-02
2.458410786193999927e+06 1.379929185274326997e+01 3.199010721125605111e-02
2.458411279260999989e+06 1.383458066714747403e+01 3.198272040884538731e-02
2.458411772328000050e+06 1.383339570076735292e+01 3.197998100897913448e-02
2.458412275921000168e+06 1.378897550152032103e+01 3.197889152141050045e-02
2.458412768988000229e+06 1.380456735216033337e+01 3.198962262271869833e-02
2.458413262056000065e+06 1.380225351139342216e+01 3.198426070944360156e-02
2.458413765649000183e+06 1.385680801846062771e+01 3.198305513077930040e-02
2.458414258715999778e+06 1.382609701767548493e+01 3.198857655864751487e-02
2.458414751782999840e+06 1.384827247447573306e+01 3.198886360589062172e-02
2.458415255377000198e+06 1.377907296866397857e+01 3.198130791702628178e-02
2.458415748443999793e+06 1.379988921769457022e+01 3.197878188049763787e-02
2.458416241510999855e+06 1.380990846524466775e+01 3.198928030389076860e-02
2.458416745105000213e+06 1.381452637782356163e+01 3.198725359037393051e-02
2.458417238171999808e+06 1.383682346198783542e+01 3.198790529171530866e-02
2.458417731238999870e+06 1.381358485988306839e+01 3.198507352481837901e-02
2.458418234831999987e+06 1.380995934292133676e+01 3.198939815697170869e-02
2.458526481366999913e+06 1.380131282990027586e+01 3.198208084786545446e-02
2.458526984960000031e+06 1.384370703374960421e+01 3.199106817610033321e-02
2.458527478027000092e+06 1.380166875589822162e+01 3.198290564288187171e-02
2.458527971094000153e+06 1.381898037283474068e+01 3.198483897354228306e-02
2.458528474688000046e+06 1.379093145806211496e+01 3.198342770483209030e-02
2.458528967755000107e+06 1.381684227604135451e+01 3.199261600538230027e-02
2.458529460822000168e+06 1.389992317784105680e+01 3.199295360069802363e-02
2.458529964416000061e+06 1.381091333406621402e+01 3.199160798263548516e-02
2.458530457483000122e+06 1.380641107435009829e+01 3.199389512004274100e-02
2.458530950550000183e+06 1.386061179281006872e+01 3.199183466532731085e-02
2.458531454144000076e+06 1.382467084896858012e+01 3.198527692124383814e-02
2.458531947211000137e+06 1.382793087934181031e+01 3.199281944977117736e-02
2.458532440278000198e+06 1.381784764939703969e+01 3.198221721884121627e-02
2.458532943870999850e+06 1.379384050389115934e+01 3.199017425833691752e-02
2.458533436937999912e+06 1.375955536313480287e+01 3.198669951720813087e-02
2.458533930006000213e+06 1.383433856899175751e+01 3.198216072743457344e-02
2.458534433598999865e+06 1.385763761176216846e+01 3.198496992445067771e-02
2.458534926665999927e+06 1.384477811931414237e+01 3.199354332031092291e-02
2.458535419732999988e+06 1.382668280815854800e+01 3.198993186547711975e-02
2.458535923326999880e+06 1.382900074430766679e+01 3.198255774909172788e-02
2.458536416393999942e+06 1.391487149683328006e+01 3.198891139844880355e-02
2.458536909461000003e+06 1.383800872198941612e+01 3.199064537037431960e-02
2.458537413054999895e+06 1.382408514372548325e+01 3.198392181162861697e-02
2.458537906121999957e+06 1.383653034882885358e+01 3.198722767405291767e-02
2.458538399189000018e+06 1.385183150149024911e+01 3.198432678402957086e-02
2.458538902782000136e+06 1.383226179572435477e+01 3.199009963640415261e-02
2.458539395849999972e+06 1.385290321564370331e+01 3.198680140665976362e-02
2.458539888917000033e+06 1.384465060478251885e+01 3.199324865024424924e-02
2.458540392510000151e+06 1.384809390940271356e+01 3.198845112889927428e-02
2.458540885577000212e+06 1.383481002720303721e+01 3.198325064237443616e-02
2.458541378643999808e+06 1.378322354909670011e+01 3.199094143817498431e-02
2.458541882238000166e+06 1.381233808353224646e+01 3.198218663965030073e-02
2.458542375305000227e+06 1.382437799324519290e+01 3.198459935925970082e-02
2.458542868371999823e+06 1.381779674265878910e+01 3.199482605333475727e-02
2.458543371966000181e+06 1.382094058554656790e+01 3.198937600060580005e-02
2.458543865032999776e+06 1.384804289123332133e+01 3.198833327930719617e-02
2.458544358099999838e+06 1.382621162690407601e+01 3.198884172285679228e-02
2.458544861694000196e+06 1.378185257693691668e+01 3.198775940387649924e-02
2.458545354760999791e+06 1.388421083777883602e+01 3.199515256457836909e-02
2.458545847827999853e+06 1.385645067049716594e+01 3.199499259461007633e-02
2.458546351420999970e+06 1.382360131898017563e+01 3.198280241655375444e-02
2.458546844488000032e+06 1.383404550847165737e+01 3.199422485824795354e-02
2.458547337555999868e+06 1.382253187173478182e+01 3.199305912563511767e-02
2.458547841148999985e+06 1.380937426095577614e+01 3.198804287275355124e-02
2.458548334216000047e+06 1.374781248842101355e+01 3.198472538132561549e-02
2.458548827283000108e+06 1.378582623249424444e+01 3.198428506617688460e-02
2.458549330877000000e+06 1.385870977513346602e+01 3.198744459684043501e-02
2.458549823944000062e+06 1.380735210333367924e+01 3.198335874561725189e-02
2.458550317011000123e+06 1.387946736304382434e+01 3.198422157256116533e-02
2.458550820605000015e+06 1.381583697583567272e+01 3.199028825329482129e-02
2.458551313672000077e+06 1.381590060026268851e+01 3.199043557435569257e-02
2.458551806739000138e+06 1.385953948229133026e+01 3.198935965330488435e-02
2.458552310331999790e+06 1.385586361884891282e+01 3.199363707337413848e-02
2.458552803400000092e+06 1.387679587664882774e+01 3.199084632808174566e-02
2.458553296467000153e+06 1.378529295977068969e+01 3.199574455229755449e-02
2.458553800059999805e+06 1.380830591437055688e+01 3.198556815407874870e-02
2.458554293126999866e+06 1.380409692454926684e+01 3.198853249063664944e-02
2.458554786193999927e+06 1.380777177207262874e+01 3.198433086653744428e-02
2.458555289787999820e+06 1.386084158442915815e+01 3.199236504995933011e-02
2.458555782854999881e+06 1.383458066714747403e+01 3.199546252853018719e-02
2.458556275921999943e+06 1.380285100455351177e+01 3.198564529327178885e-02
2.458556779515999835e+06 1.384122090456378018e+01 3.198532304381139502e-02
2.458557272582999896e+06 1.381595150001528083e+01 3.199055343169291549e-02
2.458557765649999958e+06 1.382692477233997508e+01 3.199049168288127520e-02
2.458558269243999850e+06 1.383321732752129840e+01 3.199230951052606936e-02
2.458558762310999911e+06 1.383308991946801925e+01 3.199201485182317367e-02
2.458559255377999973e+06 1.384963729786941933e+01 3.199201628428190169e-02
2.458559758971000090e+06 1.389541749782903324e+01 3.199538119142975728e-02
2.458560252038000152e+06 1.379259550961190328e+01 3.198728691279071473e-02
2.458560745105999988e+06 1.383872247591046900e+01 3.199229542342955923e-02
2.458561248699000105e+06 1.376039180780007598e+01 3.198864399168166450e-02
2.458561741766000167e+06 1.379455197964926505e+01 3.199182428709258091e-02
2.458562234833000228e+06 1.378606748169373475e+01 3.198484478476307930e-02
2.458562738427000120e+06 1.385870977513346602e+01 3.198744459684043501e-02
2.458563231494000182e+06 1.381868763765588781e+01 3.199688890249912515e-02
2.458563724560999777e+06 1.383475905797318539e+01 3.199587509593044415e-02
2.458564228155000135e+06 1.380623304905443938e+01 3.199348257817307556e-02
2.458564721222000197e+06 1.387045794778668828e+01 3.198901035910014373e-02
2.458565214288999792e+06 1.384679300479496966e+01 3.198544609992270277e-02
2.458565717881999910e+06 1.385326047212083900e+01 3.198762632341601436e-02
2.458566210950000212e+06 1.379976211660306440e+01 3.199119739700275605e-02
2.458566704016999807e+06 1.388297047360307701e+01 3.199229423568213104e-02
2.458567207609999925e+06 1.385194632404079229e+01 3.199735002705700326e-02
2.458567700676999986e+06 1.379751262100907994e+01 3.198598252032713862e-02
2.458568193744000047e+06 1.384442108158518359e+01 3.199271825096347555e-02
2.458568697337999940e+06 1.382306658501498653e+01 3.199429675082184760e-02
2.458569190405000001e+06 1.377723289723267719e+01 3.198972640104687931e-02
2.458569683472000062e+06 1.382716674075568619e+01 3.199105151008201781e-02
2.458570187065999955e+06 1.385266079685271556e+01 3.198624165383367329e-02
2.458570680133000016e+06 1.378167486830822774e+01 3.198734694112326249e-02
2.458571173200000077e+06 1.379069012374545800e+01 3.199556970604438416e-02
2.458571676793999970e+06 1.379591150859280901e+01 3.199497725727525055e-02
2.458572169861000031e+06 1.381541706196560781e+01 3.198931595130773131e-02
2.458572662928000093e+06 1.381992225852714462e+01 3.198701902311108097e-02
2.458573166521000210e+06 1.380788622939706656e+01 3.199731352875188201e-02
2.458573659587999806e+06 1.379455197964926505e+01 3.199182428709258091e-02
2.458574152656000108e+06 1.381251618754964383e+01 3.199532083341190963e-02
2.458574656249000225e+06 1.383083499111760339e+01 3.198679984189434916e-02
2.458575149315999821e+06 1.382663186887042173e+01 3.198981401042981509e-02
2.458575642382999882e+06 1.384685677178008945e+01 3.199834682507958494e-02
2.458576145976999775e+06 1.380285100455351177e+01 3.199835818885734401e-02
2.458576639043999836e+06 1.381873854767632359e+01 3.199700678361133005e-02
2.458577132110999897e+06 1.385693564496668451e+01 3.199611241634002512e-02
2.458577635704999790e+06 1.386801810609704155e+01 3.199615634399151365e-02
2.458578128771999851e+06 1.382703938843010683e+01 3.199075686296566634e-02
2.458578621838999912e+06 1.382562585638334340e+01 3.198748646221279135e-02
2.458579125432000030e+06 1.379235414617517996e+01 3.199943037909010884e-02
2.458579618499999866e+06 1.376477763766639661e+01 3.199883968611837853e-02
2.458580111566999927e+06 1.381987134414575813e+01 3.199962975069272492e-02
2.458580615160000045e+06 1.381417012024528290e+01 3.199915200410632238e-02
2.458581108227000106e+06 1.383119167847100250e+01 3.198762475861027105e-02
2.458581601294000167e+06 1.388474793705917065e+01 3.199639027074815956e-02
2.458582104888000060e+06 1.385758655843254239e+01 3.199761539657753479e-02
2.458582597955000121e+06 1.377829883970311009e+01 3.199220144144452466e-02
2.458583091022000182e+06 1.387110949644701741e+01 3.199051300572674367e-02
2.458583594616000075e+06 1.384697155309340388e+01 3.199861207027804300e-02
2.458584087683000136e+06 1.387976138578086882e+01 3.199768285920686489e-02
2.458584580750000197e+06 1.384637215005783695e+01 3.199722692514827410e-02
2.458585084344000090e+06 1.381269429386360592e+01 3.199573339898506563e-02
2.458585577411000151e+06 1.388337965365995430e+01 3.199323716131896589e-02
2.458586070478000212e+06 1.382888611195927986e+01 3.199502951177755211e-02
2.458586574070999864e+06 1.378036751098212065e+01 3.199700474474373446e-02
2.458587067137999926e+06 1.385373257516858025e+01 3.200147618386089271e-02
2.458587560206000227e+06 1.382959939534307559e+01 3.199667979096345455e-02
2.458588063798999880e+06 1.384335002364245781e+01 3.199024317058343087e-02
2.458588556865999941e+06 1.391119377076578978e+01 3.199326935343415473e-02
2.458589049933000002e+06 1.377153657925762076e+01 3.200186807550300938e-02
2.458589553526999895e+06 1.378114175617056958e+01 3.199880248540258598e-02
2.458590046593999956e+06 1.380468178292223413e+01 3.198988779559926166e-02
2.458590539661000017e+06 1.383570201912244535e+01 3.199805589770845365e-02
2.458591043254999910e+06 1.382431432977838526e+01 3.199718472911407263e-02
2.458591536321999971e+06 1.388142337052364361e+01 3.200151431273391689e-02
2.458592029389000032e+06 1.387015134724221888e+01 3.200107813719067773e-02
2.458592532982000150e+06 1.386433999393180549e+01 3.200043976845468735e-02
2.458593026049999986e+06 1.378411221500577888e+01 3.199300403688088573e-02
2.458593519117000047e+06 1.383505213360913011e+01 3.199655289677988401e-02
2.458594022710000165e+06 1.381826763714376582e+01 3.199591639989411707e-02
2.458594515777000226e+06 1.375973278654225496e+01 3.199978515385235728e-02
2.458595008843999822e+06 1.383179042435093820e+01 3.200174903784279434e-02
2.458595512438000180e+06 1.385129567550595375e+01 3.199584705928433526e-02
2.458596005504999775e+06 1.382194625711302294e+01 3.199170368631381461e-02
2.458596498571999837e+06 1.380456735216033337e+01 3.200233709911882996e-02
2.458597002166000195e+06 1.385438333817395140e+01 3.200297941605515645e-02
2.458597495232999790e+06 1.382194625711302294e+01 3.200443416927694490e-02
2.458597988299999852e+06 1.380931066658355100e+01 3.200061440786550887e-02
2.458712204272000119e+06 1.434224707979564606e+01 3.268079218498470134e-02
2.458712697339000180e+06 1.438305694821350933e+01 3.270754668538491255e-02
2.458713200931999832e+06 1.436485346040701039e+01 3.271907342861456874e-02
2.458713694000000134e+06 1.445469059625669672e+01 3.273731134729306741e-02
2.458714187067000195e+06 1.436129489165273654e+01 3.275064973968846299e-02
2.458714690659999847e+06 1.446951585437157561e+01 3.277088792836747866e-02
2.458715183726999909e+06 1.439153770991569914e+01 3.279310769807398246e-02
2.458715676793999970e+06 1.441898865091808624e+01 3.281581732309992588e-02
2.458716180387999862e+06 1.441785986286089738e+01 3.283980702181519412e-02
2.458716673454999924e+06 1.446233442903356625e+01 3.286118569139357543e-02
2.458717166521999985e+06 1.452329637361605208e+01 3.287931481874162287e-02
2.458717670115999877e+06 1.449555339447408642e+01 3.290996372856386243e-02
2.458718163182999939e+06 1.454868028063111929e+01 3.292338165832266184e-02
2.458718656250000000e+06 1.448873269076575099e+01 3.294785681524708271e-02
2.458719159843999892e+06 1.455959183183749417e+01 3.297489404662898999e-02
2.458719652910999954e+06 1.458675874228024227e+01 3.299611757813774443e-02
2.458720145978000015e+06 1.454191494009202756e+01 3.302861421136415315e-02
2.458720649571000133e+06 1.466692934967092121e+01 3.305588959948147637e-02
2.458721142638000194e+06 1.464065139919980574e+01 3.307757236504571541e-02
2.458721635706000030e+06 1.470701041592232983e+01 3.310558614421579143e-02
2.458722139299000148e+06 1.469669224636565197e+01 3.313650448556042932e-02
2.458722632366000209e+06 1.471833894615992833e+01 3.317175502061903841e-02
2.458723125432999805e+06 1.477029604228546589e+01 3.320723070780409042e-02
2.458723629027000163e+06 1.477550727246393514e+01 3.323255557034216628e-02
2.458724122094000224e+06 1.480367697623966450e+01 3.326864450474089491e-02
2.458724615160999820e+06 1.483088952968718921e+01 3.330248039525610104e-02
2.458725118755000178e+06 1.480948649397574179e+01 3.333626053240047737e-02
2.458725611821999773e+06 1.488473818396763804e+01 3.336855912237733646e-02
2.458726104888999835e+06 1.487726846286465232e+01 3.340662340770344380e-02
2.458726608481999952e+06 1.484802875707564418e+01 3.345037052337928446e-02
2.458727101549999788e+06 1.486529732246299851e+01 3.348927399804684651e-02
2.458727594616999850e+06 1.493099671796857919e+01 3.352726918277230961e-02
2.458728098209999967e+06 1.494262164404692506e+01 3.356713539634552379e-02
2.458728591277000029e+06 1.500642354770478093e+01 3.361371013334513852e-02
2.458729084344000090e+06 1.503068592300486372e+01 3.365421298349795254e-02
2.458729587937999982e+06 1.512046683695204941e+01 3.368811790404942913e-02
2.458730081005000044e+06 1.508517664293196425e+01 3.373453766073702953e-02
2.458730574072000105e+06 1.512871355206943846e+01 3.379009579213692466e-02
2.458731077665999997e+06 1.521326393814361921e+01 3.383882037792177583e-02
2.458731570733000059e+06 1.522027151852672233e+01 3.388244409559341280e-02
2.458732063800000120e+06 1.530116153361124276e+01 3.393568051932460000e-02
2.458732567394000012e+06 1.531318749270783997e+01 3.399056022604238919e-02
2.458733060461000074e+06 1.535309721999306198e+01 3.403672535425469881e-02
2.458733553528000135e+06 1.548759559450625112e+01 3.409240044557221988e-02
2.458734057120999787e+06 1.547621662375371088e+01 3.413862285466225804e-02
2.458734550187999848e+06 1.545645877891035624e+01 3.419469096106394351e-02
2.458735043256000150e+06 1.549109081650641251e+01 3.425704041868776750e-02
2.458735546848999802e+06 1.555899710525400437e+01 3.432122637504257667e-02
2.458736039915999863e+06 1.561468401147458529e+01 3.437215653662196307e-02
2.458736532982999925e+06 1.565168864476199140e+01 3.443919803767272331e-02
2.458737036576999817e+06 1.570540716394947012e+01 3.449953674001679516e-02
2.458737529643999878e+06 1.573179940078024508e+01 3.457200119675811478e-02
2.458738022710999940e+06 1.579904368734167264e+01 3.463246763908896242e-02
2.458738526304999832e+06 1.583202255813800008e+01 3.469017750421322238e-02
2.458739019371999893e+06 1.589938771597103440e+01 3.476456460814416477e-02
2.458739512438999955e+06 1.593918091338288612e+01 3.483689329111357147e-02
2.458740016032000072e+06 1.598958529298847964e+01 3.490287694037491617e-02
2.458740509099999908e+06 1.608001316583717966e+01 3.496697532804394354e-02
2.458741002166999970e+06 1.608423463811158882e+01 3.505022581636175333e-02
2.458741505760000087e+06 1.615426489151269251e+01 3.511356163393565544e-02
2.458741998827000149e+06 1.630376849683022300e+01 3.518325116236038774e-02
2.458742491894000210e+06 1.627386841067621503e+01 3.526861515947289638e-02
2.458742995488000102e+06 1.636513529165319980e+01 3.534582534021315364e-02
2.458743488555000164e+06 1.644614064643172213e+01 3.541475052858088224e-02
2.458743981622000225e+06 1.645373127271219715e+01 3.549171379918786284e-02
2.458744485216000117e+06 1.646375141171421674e+01 3.555881888369971655e-02
2.458744978283000179e+06 1.650538275708434810e+01 3.563353327728849274e-02
2.458745471349999774e+06 1.669407652658118835e+01 3.571801290340800156e-02
2.458745974944000132e+06 1.672367041425232870e+01 3.579673393260437292e-02
2.458746468011000194e+06 1.675504505467408123e+01 3.586389082027249126e-02
2.458746961077999789e+06 1.680965499589298773e+01 3.594981794786766133e-02
2.458747464670999907e+06 1.686748761711633549e+01 3.602689457408913415e-02
2.458747957737999968e+06 1.694926227230920546e+01 3.609227932332655098e-02
2.458748450805999804e+06 1.697369523131384739e+01 3.617557431826642217e-02
2.458748954398999922e+06 1.710065715266907915e+01 3.624141106822286601e-02
2.458749447465999983e+06 1.714767327335175295e+01 3.632525871005198165e-02
2.458749940533000045e+06 1.712496135042423262e+01 3.640332764401462556e-02
2.458750444126999937e+06 1.722530022117933513e+01 3.647383686289915744e-02
2.458750937193999998e+06 1.724534948612978269e+01 3.654805743207626550e-02
2.458751430261000060e+06 1.732617912511918590e+01 3.662361162673644782e-02
2.458751933854999952e+06 1.733085545028198027e+01 3.669734554819812505e-02
2.458752426922000013e+06 1.742135778441651084e+01 3.677666072743502462e-02
2.458752919989000075e+06 1.753686666516970405e+01 3.684282856917651949e-02
2.458753423582000192e+06 1.759131883189356671e+01 3.692482155627892226e-02
2.458753916650000028e+06 1.764811804413212570e+01 3.697902711031426232e-02
2.458754409717000090e+06 1.774839967490154891e+01 3.705837742784412470e-02
2.458754913310000207e+06 1.778177865874659602e+01 3.711169459408052845e-02
2.458755406376999803e+06 1.776999067890723794e+01 3.716892616728057624e-02
2.458755899443999864e+06 1.786232553597098516e+01 3.723044558222803752e-02
2.458756403038000222e+06 1.784269287220974931e+01 3.727169385788939304e-02
2.458756896104999818e+06 1.784921825493967873e+01 3.731820423888253940e-02
2.458757389171999879e+06 1.789113941813213415e+01 3.735641575104420992e-02
2.458757892765999772e+06 1.796223607671535660e+01 3.737251380167368187e-02
2.458758385832999833e+06 1.795748862476333585e+01 3.739571509419714612e-02
2.458758878899999894e+06 1.798614126150946646e+01 3.742225130901039032e-02
2.458759382493999787e+06 1.799687913523183624e+01 3.742801696145540979e-02
2.458759875560999848e+06 1.801472347028405707e+01 3.744853555978527176e-02
2.458760368627999909e+06 1.803600719976953570e+01 3.744294428989487777e-02
2.458760872221000027e+06 1.793864353756527663e+01 3.743908149878664993e-02
2.458761365288000088e+06 1.803565835583611587e+01 3.742560863092055101e-02
2.458761858355999924e+06 1.795791865582663860e+01 3.741315047012639533e-02
2.458762361949000042e+06 1.793839570775802272e+01 3.738899864327514116e-02
2.458762855016000103e+06 1.792239315485931073e+01 3.735564452184943901e-02
2.458763348083000164e+06 1.787773106945334334e+01 3.732841933135993412e-02
2.458763851677000057e+06 1.786137135648881724e+01 3.729426050978978946e-02
2.458764344744000118e+06 1.771294605569241654e+01 3.726169267811603458e-02
2.458764837811000179e+06 1.782229385240753317e+01 3.721266730016480062e-02
2.458765341405000072e+06 1.778380960001941702e+01 3.716507177858473926e-02
2.458765834472000133e+06 1.772704715703994438e+01 3.711175699158713454e-02
2.458766327539000195e+06 1.765992277007000766e+01 3.705255834144482313e-02
2.458766831131999847e+06 1.757619248103744525e+01 3.699020042176581063e-02
2.458767324200000148e+06 1.754659289610050621e+01 3.692790623715217629e-02
2.458767817267000210e+06 1.756735590686256288e+01 3.685834236756235782e-02
2.458768320859999862e+06 1.743908120616523050e+01 3.679801306084741486e-02
2.458768813926999923e+06 1.744328995464383780e+01 3.672656457578375722e-02
2.458769306993999984e+06 1.733845517456157737e+01 3.664956041001071058e-02
2.458769810587999877e+06 1.729937448153692969e+01 3.658288600448496297e-02
2.458770303654999938e+06 1.728804960467518725e+01 3.649524582515203258e-02
2.458770796721999999e+06 1.718058707683132624e+01 3.642663040759171883e-02
2.458771300315999892e+06 1.709596421111577769e+01 3.634168707494211253e-02
2.458771793382999953e+06 1.710355545111232800e+01 3.626330638686917768e-02
2.458772286450000014e+06 1.704656190615235190e+01 3.618956890401785892e-02
2.458772790043999907e+06 1.691504665521053496e+01 3.609731620661363327e-02
2.458773283110999968e+06 1.685644547102979374e+01 3.601883525796306662e-02
2.458773776178000029e+06 1.678683416074566992e+01 3.594739611029945658e-02
2.458774279771000147e+06 1.680569200343024860e+01 3.586394945779883964e-02
2.458774772838000208e+06 1.675131093487575740e+01 3.577875536224815051e-02
2.458775265906000044e+06 1.662043552764046339e+01 3.569822529690064999e-02
2.458775769499000162e+06 1.656427377779316856e+01 3.560811072518468151e-02
2.458776262566000223e+06 1.651458254171035733e+01 3.553171078607392230e-02
2.458776755632999819e+06 1.647508257480406613e+01 3.546189931641294951e-02
2.458777259227000177e+06 1.643700926681981755e+01 3.537994817545508930e-02
2.458777752293999773e+06 1.634373078664593493e+01 3.529959535909797663e-02
2.458778245360999834e+06 1.620952915882391210e+01 3.521875674596666034e-02
2.458778748955000192e+06 1.615011428766349511e+01 3.514916412891507663e-02
2.458779242021999788e+06 1.610374184975581358e+01 3.507790318473980734e-02
2.458779735088999849e+06 1.605398304603195925e+01 3.499908882417981232e-02
2.458780238681999967e+06 1.602533806448460751e+01 3.492188037426380287e-02
2.458780731749999803e+06 1.598306258390371148e+01 3.485919695117416228e-02
2.458781224816999864e+06 1.589316528606857659e+01 3.478023534096964103e-02
2.458781728409999982e+06 1.583196423091887439e+01 3.471921325697653604e-02
2.458782221477000043e+06 1.577574944275641045e+01 3.465405524480583144e-02
2.458782714544000104e+06 1.574893534256264083e+01 3.458064831229734626e-02
2.458783218137999997e+06 1.567504513428876400e+01 3.451946499696367104e-02
2.458783711205000058e+06 1.572462872175958637e+01 3.445486257631030086e-02
2.459622427943999879e+06 1.386718789136284258e+01 3.198146872859225498e-02
2.459622921010999940e+06 1.383766460378810947e+01 3.198984983948800070e-02
2.459623424604999833e+06 1.381204548906070961e+01 3.198150914312929832e-02
2.459623917671999894e+06 1.378547071505312438e+01 3.198346023558703427e-02
2.459624410738999955e+06 1.383458066714747403e+01 3.198272040884538731e-02
2.459624914332000073e+06 1.380492336209008286e+01 3.197773280793471395e-02
2.459625407399999909e+06 1.373056473382324150e+01 3.198253688111525606e-02
2.459625900466999970e+06 1.384015009419908004e+01 3.198284853555307533e-02
2.459626404060000088e+06 1.384162885411375221e+01 3.198626576398264088e-02
2.459626897127000149e+06 1.381880218546560357e+01 3.198442654844613903e-02
2.459627390194000211e+06 1.381969314528808468e+01 3.198648872710802699e-02
2.459627893788000103e+06 1.387638689063333786e+01 3.198990347290911473e-02
2.459628386855000164e+06 1.382123336845188533e+01 3.199005366377834225e-02
2.459628879922000226e+06 1.384607883462367006e+01 3.198379640013211678e-02
2.459629383516000118e+06 1.380819145356728761e+01 3.198530301700497347e-02
2.459629876583000179e+06 1.382544758332472767e+01 3.198707400297887832e-02
2.459630369649999775e+06 1.380095691308117267e+01 3.198125607411936300e-02
2.459630873244000133e+06 1.388070741423664778e+01 3.198707918021102131e-02
2.459631366311000194e+06 1.384827247447573306e+01 3.198886360589062172e-02
2.459631859377999790e+06 1.384804289123332133e+01 3.198833327930719617e-02
2.459632362970999908e+06 1.377302069353126335e+01 3.197994597235275654e-02
2.459632856037999969e+06 1.383422389239673400e+01 3.198189561860588503e-02
2.459633349105999805e+06 1.379312906482858736e+01 3.198852431468420660e-02
2.459633852698999923e+06 1.381559520568506905e+01 3.198972843945057515e-02
2.459634345765999984e+06 1.383706560362863236e+01 3.198846507365473574e-02
2.459634838833000045e+06 1.381862400039407746e+01 3.198401412866793553e-02
2.459635342426999938e+06 1.383078403653230559e+01 3.198668199838583526e-02
2.459635835493999999e+06 1.384898675779330901e+01 3.197775817885920718e-02
2.459636328561000060e+06 1.382099150386719266e+01 3.198949385403941637e-02
2.459636832154999953e+06 1.386707294247085009e+01 3.198120362549973505e-02
2.459637325222000014e+06 1.378233494048018137e+01 3.198887897244544892e-02
2.459637818289000075e+06 1.384524993329318043e+01 3.198188167671425081e-02
2.459638321882000193e+06 1.381073525071663965e+01 3.197847531301241386e-02
2.459638814950000029e+06 1.380895454351127150e+01 3.198707063901178038e-02
2.459639308017000090e+06 1.383184138264391194e+01 3.198912734014990045e-02
2.459639811610000208e+06 1.380361379936526589e+01 3.198741293419410381e-02
2.459640304676999804e+06 1.383273318316160427e+01 3.197844940380364237e-02
2.459640797743999865e+06 1.379460280075049461e+01 3.197923685083692985e-02
2.459641301338000223e+06 1.385497032710499354e+01 3.197881353460056003e-02
2.459641794404999819e+06 1.386007562718051211e+01 3.197783153396978328e-02
2.459642287471999880e+06 1.378167486830822774e+01 3.198734694112326249e-02
2.459642791065999772e+06 1.384234279475845675e+01 3.198791559114113475e-02
2.459643284132999834e+06 1.391670431557784049e+01 3.198030710885413352e-02
2.459643777199999895e+06 1.383398180048440018e+01 3.198133595162849091e-02
2.459644280793999787e+06 1.380919619745161775e+01 3.198763040634505089e-02
2.459644773860999849e+06 1.378286809877519303e+01 3.197742194527731369e-02
2.459645266927999910e+06 1.378036751098212065e+01 3.198431255722103406e-02
2.459645770521000028e+06 1.380913260389941044e+01 3.198748309820233920e-02
2.459646263588000089e+06 1.380741568868631752e+01 3.198350603476648318e-02
2.459646756655999925e+06 1.379626729529453577e+01 3.198309555311560498e-02
2.459647260249000043e+06 1.381702043813833036e+01 3.198030258996172742e-02
2.459647753316000104e+06 1.385165289052573456e+01 3.198391436553779665e-02
2.459648246383000165e+06 1.385615714156402056e+01 3.198155283446113550e-02
2.459648749977000058e+06 1.381506078141780769e+01 3.198849099097827303e-02
2.459649243044000119e+06 1.383029997733458671e+01 3.198556250670808038e-02
2.459649736111000180e+06 1.384768576931039874e+01 3.198750834431952211e-02
2.459650239705000073e+06 1.383498842098625303e+01 3.198366305230781331e-02
2.459650732772000134e+06 1.385171667989154898e+01 3.198406165724584915e-02
2.459651225839000195e+06 1.378025328176787667e+01 3.198404743055523886e-02
2.459651729431999847e+06 1.385574876382689702e+01 3.198061025319254985e-02
2.459652222500000149e+06 1.384145037470618078e+01 3.198585332048888008e-02
2.459652715567000210e+06 1.381322862658524109e+01 3.198424867389528664e-02
2.459653219159999862e+06 1.384305677222763187e+01 3.198956550339634303e-02
2.459653712226999924e+06 1.379015666287354769e+01 3.198163082795144052e-02
2.459654205293999985e+06 1.382591873854152276e+01 3.198816408535745670e-02
2.459654708887999877e+06 1.382935738435710071e+01 3.198338255640698763e-02
2.459655201954999939e+06 1.376400431183868101e+01 3.198436482691029842e-02
2.459655695022000000e+06 1.378831511131443932e+01 3.199005947594658200e-02
2.459656198615999892e+06 1.380924707250423822e+01 3.198774825334764482e-02
2.459656691682999954e+06 1.381601512496974493e+01 3.197797573378655112e-02
2.459657184750000015e+06 1.382846580147822735e+01 3.198132057800096018e-02
2.459657688343999907e+06 1.381577335170162080e+01 3.197741613540516087e-02
2.459658181410999969e+06 1.388587335530608335e+01 3.198619435312746034e-02
2.459658674478000030e+06 1.385277562627752168e+01 3.198650679868812047e-02
2.459659178071000148e+06 1.380307983857092857e+01 3.198617557529175731e-02
2.459659671138000209e+06 1.380396978470356828e+01 3.198823786672121833e-02
2.459660164206000045e+06 1.380670354946215284e+01 3.198185643503780734e-02
2.459660667799000163e+06 1.380302898623919461e+01 3.198605773408311204e-02
2.459661160866000224e+06 1.378149716197094143e+01 3.198693448368839648e-02
2.459661653932999820e+06 1.381002294028083277e+01 3.198954547393362269e-02
2.459662157527000178e+06 1.383854403397888078e+01 3.197913713210643466e-02
2.459662650593999773e+06 1.376015100791187784e+01 3.198808420661127666e-02
2.459663143660999835e+06 1.384797911878593091e+01 3.198818596792774027e-02
2.459663647255000193e+06 1.386671532978915877e+01 3.198037887437599897e-02
2.459664140321999788e+06 1.382449258822420468e+01 3.198486449050061409e-02
2.459664633388999850e+06 1.375457576801350612e+01 3.198779193512387570e-02
2.459665136981999967e+06 1.382123336845188533e+01 3.199005366377834225e-02
2.459665630049999803e+06 1.381245257870838650e+01 3.198245175089146214e-02
2.459666123116999865e+06 1.382277376327561136e+01 3.198088775264113642e-02
2.459666626709999982e+06 1.381802582445786243e+01 3.198262961544905830e-02
2.459667119777000044e+06 1.381612965062609177e+01 3.197824081012198144e-02
2.459667612844000105e+06 1.379882160490897824e+01 3.198901706266035067e-02
2.459668116437999997e+06 1.380018155464756724e+01 3.197945931924427859e-02
2.459668609505000059e+06 1.379727117152540572e+01 3.198542278183104381e-02
2.459669102572000120e+06 1.386333123783767718e+01 3.198534284717870213e-02
2.459669606166000012e+06 1.383255481845831980e+01 3.197803706109710736e-02
2.459670099233000074e+06 1.381962950339579344e+01 3.198634142422301235e-02
2.459670592300000135e+06 1.374966129439647666e+01 3.198902668754857043e-02
2.459671095894000027e+06 1.382442892422966985e+01 3.198471719509537320e-02
2.459671588961000089e+06 1.382355039104465355e+01 3.198268458777225876e-02
2.459672082028000150e+06 1.379567008712783327e+01 3.198171107965971233e-02
2.459672585620999802e+06 1.386446768981024036e+01 3.198796485810436602e-02
2.459673078687999863e+06 1.377426392088174190e+01 3.198283265526599001e-02
2.459673571756000165e+06 1.381097693581896380e+01 3.197903492992910240e-02
2.459674075348999817e+06 1.381340674208579777e+01 3.198466109669783480e-02
2.459674568415999878e+06 1.380053745147073130e+01 3.198028404665334556e-02
2.459675061482999939e+06 1.382027866444895814e+01 3.198784394547950910e-02
2.459675565076999832e+06 1.383273318316160427e+01 3.197844940380364237e-02
2.459676058143999893e+06 1.385947565690025485e+01 3.198921233719868862e-02
2.459676551210999954e+06 1.387524946165973994e+01 3.198728130307777057e-02
2.459677054804999847e+06 1.379460280075049461e+01 3.197923685083692985e-02
2.459677547871999908e+06 1.381222358930522986e+01 3.198192153060681886e-02
2.459678040938999970e+06 1.378986453828343350e+01 3.198095334320451982e-02
2.459678544532000087e+06 1.381844581762013924e+01 3.198360171420763787e-02
2.459679037599999923e+06 1.379424705697377718e+01 3.197841215043357305e-02
2.459679530666999985e+06 1.377206931982690818e+01 3.197773695224440105e-02
2.459680034260000102e+06 1.384240654124956116e+01 3.198806290127547552e-02
2.459680527327000163e+06 1.379199846038817157e+01 3.198590225790053782e-02
2.459681020394000225e+06 1.381677864727773652e+01 3.197974295086154078e-02
2.459681523988000117e+06 1.379744908126160752e+01 3.198583521977321070e-02
2.459682017055000179e+06 1.384080021918322601e+01 3.198435089273530402e-02
2.459682510121999774e+06 1.378778174231437781e+01 3.198882201466890507e-02
2.459683013716000132e+06 1.384905053488105686e+01 3.197790544221681269e-02
2.459683506783000194e+06 1.382917906318273538e+01 3.198297015009054362e-02
2.459683999849999789e+06 1.378031674232554771e+01 3.198419472287600263e-02
2.459684503444000147e+06 1.379004235251436050e+01 3.198136572351523155e-02
2.459684996511000209e+06 1.379597504125949037e+01 3.198241803734060834e-02
2.459685489577999804e+06 1.381844581762013924e+01 3.198360171420763787e-02
2.459685993170999922e+06 1.380367736750233831e+01 3.198756024201360182e-02
2.459686486237999983e+06 1.378025328176787667e+01 3.198404743055523886e-02
2.459686979305999819e+06 1.379864367747491727e+01 3.198860458369026660e-02
2.459687482898999937e+06 1.383641565406552765e+01 3.198696252322282690e-02
2.459687975965999998e+06 1.379235414617517996e+01 3.198672715146838597e-02
2.459688469033000059e+06 1.388652562808729130e+01 3.198769686747546942e-02
2.459688972626999952e+06 1.383214713634427007e+01 3.198983446176768136e-02
2.459689465694000013e+06 1.382491277794108164e+01 3.198583665718730124e-02
2.459689958761000074e+06 1.386090541611057780e+01 3.197974601490972263e-02
2.459690462354999967e+06 1.376792209829821267e+01 3.198078813227316769e-02
2.459690955422000028e+06 1.381073525071663965e+01 3.197847531301241386e-02
2.459691448489000089e+06 1.378114175617056958e+01 3.198610958477370730e-02
2.459691952082000207e+06 1.376803622529512694e+01 3.198105323192163701e-02
2.459692445150000043e+06 1.385996073724401256e+01 3.197756646102694472e-02
2.459692938217000104e+06 1.382259552699300542e+01 3.198047537849359190e-02
2.459693441810000222e+06 1.376413108358707582e+01 3.198465941515355598e-02
2.459693934876999818e+06 1.384364328126948074e+01 3.197817038546525714e-02
2.459807647255999967e+06 1.386487632452488405e+01 3.198890765613918857e-02
2.459808150849000085e+06 1.379288769205492748e+01 3.198796453170800469e-02
2.459808643916000146e+06 1.387809960002292620e+01 3.198106966230589848e-02
2.459809136983000208e+06 1.380854755696002201e+01 3.198612789511882937e-02
2.459809640577000100e+06 1.380071540332417435e+01 3.198069641833378024e-02
2.459810133644000161e+06 1.375475312721127352e+01 3.198820440361520995e-02
2.459810626711000223e+06 1.384073648008944701e+01 3.198420359969524757e-02
2.459811130305000115e+06 1.383440227862199734e+01 3.198230801106682203e-02
2.459811623372000176e+06 1.377710600481267456e+01 3.198943176613518180e-02
2.459812116438999772e+06 1.385722919039160850e+01 3.198402724247126350e-02
2.459812620031999890e+06 1.375718571268660106e+01 3.198119081472124148e-02
2.459813113100000191e+06 1.381684227604135451e+01 3.197989022335947368e-02
2.459813606166999787e+06 1.381500988494678062e+01 3.198837314123945119e-02
2.459814109759999905e+06 1.383481002720303721e+01 3.198325064237443616e-02
2.459814602826999966e+06 1.377765165051085461e+01 3.197800902938655737e-02
2.459815095894000027e+06 1.380136367590944424e+01 3.198219867442268077e-02
2.459815599487999920e+06 1.382431432977838526e+01 3.198445206507541383e-02
2.459816092554999981e+06 1.380806427600975717e+01 3.198500842283395762e-02
2.459816585622000042e+06 1.375825010410937388e+01 3.198366519472192748e-02
2.459817089215999935e+06 1.380924707250423822e+01 3.198774825334764482e-02
2.459817582282999996e+06 1.380136367590944424e+01 3.198219867442268077e-02
2.459818075350000057e+06 1.385171667989154898e+01 3.198406165724584915e-02
2.459818578943999950e+06 1.383664504454288036e+01 3.198749282708083369e-02
2.459819072011000011e+06 1.382395781978233096e+01 3.198362723017891124e-02
2.459819565078000072e+06 1.383760087913434766e+01 3.198970252112444401e-02
2.459820068671000190e+06 1.385770142868866373e+01 3.198511722101967519e-02
2.459820561737999786e+06 1.380563540949354895e+01 3.197938219496986034e-02
2.459821054806000087e+06 1.377492363810703324e+01 3.198436447037695390e-02
2.459821558399000205e+06 1.380160519701112598e+01 3.198275835649754678e-02
2.459822051465999801e+06 1.384768576931039874e+01 3.198750834431952211e-02
2.459822544532999862e+06 1.382514197771512698e+01 3.198636694237985689e-02
2.459823048127000220e+06 1.382544758332472767e+01 3.198707400297887832e-02
2.459823541193999816e+06 1.385254596837971874e+01 3.198597651117696811e-02
2.459824034260999877e+06 1.377574832907228242e+01 3.198627934243729320e-02
2.459824537854999769e+06 1.381987134414575813e+01 3.198690117879506717e-02
2.459825030921999831e+06 1.377900951383403871e+01 3.198116063799961994e-02
2.459825523988999892e+06 1.383925781551092626e+01 3.198078659157554959e-02
2.459826027582000010e+06 1.380783535935796813e+01 3.198447816016358053e-02
2.459826520649999846e+06 1.387407379038409871e+01 3.198457097142443084e-02
2.459827013716999907e+06 1.380569898694050046e+01 3.197952946580635142e-02
2.459827517310000025e+06 1.382799455946343947e+01 3.198023072883323520e-02
2.459828010377000086e+06 1.384833624827412812e+01 3.198901092039084515e-02
2.459828503444000147e+06 1.381619327640097161e+01 3.197838807570230202e-02
2.459829007038000040e+06 1.377124484910709512e+01 3.198850637681845827e-02
2.459829500105000101e+06 1.383498842098625303e+01 3.198366305230781331e-02
2.459829993172000162e+06 1.387116059959708103e+01 3.197785505230158615e-02
2.459830496766000055e+06 1.385657829371191063e+01 3.198252490049153379e-02
2.459830989833000116e+06 1.382668280815854800e+01 3.198993186547711975e-02
2.459831482900000177e+06 1.382217540770585984e+01 3.197950337475576749e-02
2.459831986494000070e+06 1.384791534663217583e+01 3.198803865722656126e-02
2.459832479561000131e+06 1.382395781978233096e+01 3.198362723017891124e-02
2.459832972628000192e+06 1.375944130643811114e+01 3.198643437075617685e-02
2.459833476220999844e+06 1.383208343709936905e+01 3.198968714347504017e-02
2.459833969287999906e+06 1.386808197082763172e+01 3.198353071655030827e-02
2.459834462356000207e+06 1.386072668814343167e+01 3.197933365548416562e-02
2.459834965948999859e+06 1.380042305506232125e+01 3.198001895338088013e-02
2.459835459015999921e+06 1.384780055749554961e+01 3.198777349967410477e-02
2.459835952082999982e+06 1.377414974226181421e+01 3.198256754086751391e-02
2.459836455676999874e+06 1.385010927744358433e+01 3.198035011302415714e-02
2.459836948743999936e+06 1.373892649474712790e+01 3.198935987075978565e-02
2.459837441810999997e+06 1.383528150148101865e+01 3.198434059445722649e-02
2.459837945404999889e+06 1.383047831296268804e+01 3.198597494645191025e-02
2.459838438471999951e+06 1.383196877919769641e+01 3.198942197225772971e-02
2.459838931539000012e+06 1.382924274905247053e+01 3.198311743745022723e-02
2.459839435132000130e+06 1.382822381032957004e+01 3.198076092108650265e-02
2.459839928199999966e+06 1.381055716966334401e+01 3.197806296997179193e-02
2.459840421267000027e+06 1.382502737735314824e+01 3.198610179868471154e-02
2.459840924860000145e+06 1.384833624827412812e+01 3.198901092039084515e-02
2.459841417927000206e+06 1.382223906132249525e+01 3.197965064615031910e-02
2.459841910993999802e+06 1.386433999393180549e+01 3.198767023941699594e-02
2.459842414588000160e+06 1.386328016353199644e+01 3.198522500903792920e-02
2.459842907655000221e+06 1.383724402649650642e+01 3.198887755082589768e-02
2.459843400721999817e+06 1.383065665089035434e+01 3.198638739151398597e-02
2.459843904316000175e+06 1.383789401497149463e+01 3.197763501982318901e-02
2.459844397382999770e+06 1.383849305099247218e+01 3.197901931682833876e-02
2.459844890449999832e+06 1.385788011764642214e+01 3.198552965502176465e-02
2.459845394044000190e+06 1.388230558173142093e+01 3.197797596483836075e-02
2.459845887110999785e+06 1.381470451005804811e+01 3.198766605192355367e-02
2.459846380177999847e+06 1.385124464554083978e+01 3.198297171466859407e-02
2.459846883770999964e+06 1.383107702796135996e+01 3.198735960448861881e-02
2.459847376838000026e+06 1.381345763265066040e+01 3.198477893276106127e-02
2.459847869905999862e+06 1.386007562718051211e+01 3.197783153396978328e-02
2.459848373498999979e+06 1.382390689053341326e+01 3.198350939835869350e-02
2.459848866566000041e+06 1.380314340424906305e+01 3.198632287741311891e-02
2.459849359633000102e+06 1.380539381786518227e+01 3.197882257197609546e-02
2.459849863226999994e+06 1.379704243380683160e+01 3.198489251229123809e-02
2.459850356294000056e+06 1.382081329056573438e+01 3.198908136892138210e-02
2.459850849361000117e+06 1.381316501446309708e+01 3.198410138132608965e-02
2.459851352955000009e+06 1.378416299764542252e+01 3.198042622038559102e-02
2.459851846022000071e+06 1.381483174877466880e+01 3.198796067057234349e-02
2.459852339089000132e+06 1.386013945533455782e+01 3.197797879766530599e-02
2.459852842681999784e+06 1.382484911201155597e+01 3.198568935730519008e-02
2.459853335750000086e+06 1.382567679196517751e+01 3.198760430868508031e-02
2.459853828817000147e+06 1.381156208568743615e+01 3.198038983249465450e-02
2.459854332409999799e+06 1.375368900632815361e+01 3.198572967244377174e-02
2.459854825476999860e+06 1.383029997733458671e+01 3.198556250670808038e-02
2.459855318543999922e+06 1.378256343436690656e+01 3.198940930807580435e-02
2.459855822137999814e+06 1.386321632091449452e+01 3.198507771197245386e-02
2.459856315204999875e+06 1.379775407471803028e+01 3.198654226861845362e-02
2.459856808271999937e+06 1.380516494548555961e+01 3.197829241185781018e-02
2.459857311865999829e+06 1.387834246398791826e+01 3.198162932462327718e-02
2.459857804932999890e+06 1.383735872812649959e+01 3.198914271753031113e-02
2.459858297999999952e+06 1.380788622939706656e+01 3.198459599555285998e-02
2.459858801593999844e+06 1.387953128050031992e+01 3.198436886568398196e-02
2.459859294660999905e+06 1.383244015664923943e+01 3.197777198645049279e-02
2.459859787727999967e+06 1.379882160490897824e+01 3.198901706266035067e-02
2.459860291321000084e+06 1.380136367590944424e+01 3.198219867442268077e-02
2.459860784388000146e+06 1.385153807040759055e+01 3.198364924217272226e-02
2.459861277455999982e+06 1.380492336209008286e+01 3.197773280793471395e-02
2.459861781049000099e+06 1.382982867281537942e+01 3.198447251298534855e-02
2.459862274116000161e+06 1.382004954530123264e+01 3.198731363580050585e-02
2.459862767183000222e+06 1.379419623718316146e+01 3.197829433782641007e-02
2.459863270777000114e+06 1.384394929585152134e+01 3.197887726487887161e-02
2.459863763844000176e+06 1.385877359699751743e+01 3.198759190480585796e-02
2.459864256910999771e+06 1.377871762538021549e+01 3.198048316321300266e-02
2.459864760505000129e+06 1.384513516625084861e+01 3.198161657019859411e-02
2.459865253572000191e+06 1.383433856899175751e+01 3.198216072743457344e-02
2.459865746638999786e+06 1.380848396639490794e+01 3.198598059389541615e-02
2.459866250231999904e+06 1.376003694627768148e+01 3.198781904868115006e-02
2.459866743300000206e+06 1.382828749180024097e+01 3.198090819827239389e-02
2.459867236366999801e+06 1.384590029783629817e+01 3.198338398847929559e-02
2.459867739959999919e+06 1.384352852754516583e+01 3.197790530971359596e-02
2.459868233026999980e+06 1.380071540332417435e+01 3.198069641833378024e-02
2.459868726094000041e+06 1.374348269687753188e+01 3.198731019819524984e-02
2.459869229687999934e+06 1.380202469107524266e+01 3.198373045916915597e-02
2.459869722754999995e+06 1.381987134414575813e+01 3.198690117879506717e-02
2.459870215822000057e+06 1.383735872812649959e+01 3.198914271753031113e-02
2.459870719415999949e+06 1.377930140847128015e+01 3.198183812713797231e-02
2.459871212483000010e+06 1.383380341968095273e+01 3.198092357170168737e-02
2.459871705550000072e+06 1.385823750247430475e+01 3.198635453898045905e-02
2.459872209143999964e+06 1.385449818187753301e+01 3.197772377086712664e-02
2.459872702211000025e+06 1.380320697021988074e+01 3.198647018021270189e-02
2.459873195278000087e+06 1.384204956468032321e+01 3.198723797326046003e-02
2.459873698871000204e+06 1.381891673422488687e+01 3.198469167825465642e-02
2.459874191937999800e+06 1.381215998181139248e+01 3.198177424875436187e-02
2.459874685006000102e+06 1.380616946914803833e+01 3.198061929107585272e-02
2.459875188599000219e+06 1.379371345851015995e+01 3.198987961930033902e-02
2.459875681665999815e+06 1.378955971922184176e+01 3.198024641790007949e-02
2.459876174732999876e+06 1.379039798785474424e+01 3.198219050008909575e-02
2.459876678326999769e+06 1.383244015664923943e+01 3.197777198645049279e-02
2.459877171393999830e+06 1.386333123783767718e+01 3.198534284717870213e-02
2.459877664460999891e+06 1.382574046170636883e+01 3.198775161738600520e-02
2.459878168054999784e+06 1.382384322923615905e+01 3.198336210919398154e-02
2.459878661121999845e+06 1.379104577579140134e+01 3.198369282636076560e-02
2.459879154188999906e+06 1.385223976377189814e+01 3.198526947483753408e-02
2.459987411249999888e+06 1.373222150135879005e+01 3.198639598158463382e-02
2.459987904316999950e+06 1.384412780748158234e+01 3.197928961841946943e-02
2.459988407910000067e+06 1.382875874379777947e+01 3.198199807052738708e-02
2.459988900977000128e+06 1.379810990893822087e+01 3.198736717869171686e-02
2.459989394044000190e+06 1.388018325536991959e+01 3.198587129428181325e-02
2.459989897638000082e+06 1.385597847482300260e+01 3.198114045173776343e-02
2.459990390705000143e+06 1.383534521545358409e+01 3.198448788812804228e-02
2.459990883772000205e+06 1.386061179281006872e+01 3.197906857008974563e-02
2.459991387366000097e+06 1.377017945236064733e+01 3.198603162228529778e-02
2.459991880433000159e+06 1.388409574777896971e+01 3.198209962329729567e-02
2.459992373500000220e+06 1.385895229978040533e+01 3.198800437071788738e-02
2.459992877094000112e+06 1.385277562627752168e+01 3.198650679868812047e-02
2.459993370161000174e+06 1.382194625711302294e+01 3.197897320335070515e-02
2.459993863227999769e+06 1.384495664163150863e+01 3.198120418665336556e-02
2.459994366820999887e+06 1.385983308287595506e+01 3.199003731613112717e-02
2.459994859887999948e+06 1.376874637008820024e+01 3.198270279022160517e-02
2.459995352955999784e+06 1.377812117689770588e+01 3.197909880284136031e-02
2.459995856548999902e+06 1.385266079685271556e+01 3.198624165383367329e-02
2.459996349615999963e+06 1.382532024683310112e+01 3.198677939249654906e-02
2.459996842683000024e+06 1.384945871519782301e+01 3.197884794376520262e-02
2.459997346276999917e+06 1.381654958615500028e+01 3.197921277548476660e-02
2.459997839343999978e+06 1.381690590509796124e+01 3.198003749653555161e-02
2.459998332411000039e+06 1.384294202336504931e+01 3.198930033318744814e-02
2.459998836004999932e+06 1.386079051929568884e+01 3.197948092609714105e-02
2.459999329071999993e+06 1.382181895286965378e+01 3.197867866747915178e-02
2.459999822139000054e+06 1.383795774097515796e+01 3.197778228261363015e-02
2.460000325732000172e+06 1.382188260484474895e+01 3.197882593507577614e-02
2.460000818800000008e+06 1.378915330428751140e+01 3.197930387513494427e-02
2.460001311867000069e+06 1.385378361429958183e+01 3.198883427562058263e-02
2.460001815460000187e+06 1.381091333406621402e+01 3.197888766137002570e-02
2.460002308526999783e+06 1.383386712684672837e+01 3.198107084963660446e-02
2.460002801593999844e+06 1.384970107795306404e+01 3.197940756720294569e-02
2.460003305188000202e+06 1.375825010410937388e+01 3.198366519472192748e-02
2.460003798254999798e+06 1.377705524817190508e+01 3.198931391293029919e-02
2.460004291321999859e+06 1.384122090456378018e+01 3.198532304381139502e-02
2.460004794916000217e+06 1.380569898694050046e+01 3.197952946580635142e-02
2.460005287982999813e+06 1.383718030377961306e+01 3.198873023693998147e-02
2.460005781049999874e+06 1.380225351139342216e+01 3.198426070944360156e-02
2.460006284644000232e+06 1.384198581983315890e+01 3.198709066692505959e-02
2.460006777710999828e+06 1.375807269982021097e+01 3.198325278476093353e-02
2.460007270777999889e+06 1.380213910076011707e+01 3.198399558320746960e-02
2.460007774371000007e+06 1.379591150859280901e+01 3.198227075320166785e-02
2.460008267438000068e+06 1.386902720322806815e+01 3.198571067694983006e-02
2.460008760505999904e+06 1.383594414113825977e+01 3.198587248179080023e-02
2.460009264099000022e+06 1.381541706196560781e+01 3.198931595130773131e-02
2.460009757166000083e+06 1.379780490761623568e+01 3.198666011161219180e-02
2.460010250233000144e+06 1.384482912545564837e+01 3.198090963023380445e-02
2.460010753827000037e+06 1.384109342279516497e+01 3.198502844945592255e-02
2.460011246894000098e+06 1.386843961875402620e+01 3.198435554895782268e-02
2.460011739961000159e+06 1.376626102355060866e+01 3.198960890334824614e-02
2.460012243555000052e+06 1.382301565904953655e+01 3.198144741177513101e-02
2.460012736622000113e+06 1.377135900364742227e+01 3.198877154044609677e-02
2.460013229689000174e+06 1.382663186887042173e+01 3.198981401042981509e-02
2.460013733281999826e+06 1.380124927265227797e+01 3.198193356527944536e-02
2.460014226350000128e+06 1.378458196156113402e+01 3.198139825217291565e-02
2.460014719417000189e+06 1.383487373900437944e+01 3.198339793102582956e-02
2.460015223009999841e+06 1.383972944136437278e+01 3.198187645968633697e-02
2.460015716076999903e+06 1.379988921769457022e+01 3.197878188049763787e-02
2.460016209143999964e+06 1.381590060026268851e+01 3.197771065964831461e-02
2.460016712737999856e+06 1.380213910076011707e+01 3.198399558320746960e-02
2.460017205804999918e+06 1.380029594905405510e+01 3.197972440787765630e-02
2.460017698871999979e+06 1.375612140360929736e+01 3.197871662614822780e-02
2.460018202465999871e+06 1.383356133512672237e+01 3.198036392173473491e-02
2.460018695532999933e+06 1.387560729443060303e+01 3.198810623221023247e-02
2.460019188599999994e+06 1.386179909051611858e+01 3.198180789179663752e-02
2.460019692193999887e+06 1.385118085834881185e+01 3.198282442797988762e-02
2.460020185260999948e+06 1.382734503598208775e+01 3.197872856518194085e-02
2.460020678328000009e+06 1.382603334629229686e+01 3.198842924614760802e-02
2.460021181921000127e+06 1.389388180439897624e+01 3.197904838857964366e-02
2.460021674988000188e+06 1.370399526814941460e+01 3.198375798587884539e-02
2.460022168056000024e+06 1.383255481845831980e+01 3.197803706109710736e-02
2.460022671649000142e+06 1.384554323116790364e+01 3.198255918112700297e-02
2.460023164716000203e+06 1.387542837689165509e+01 3.198769376498474676e-02
2.460023657782999799e+06 1.378073558933595955e+01 3.198516686920548080e-02
2.460024161377000157e+06 1.383273318316160427e+01 3.197844940380364237e-02
2.460024654444000218e+06 1.382146250722592740e+01 3.197785398147059976e-02
2.460025147510999814e+06 1.378630873511507993e+01 3.198540451314434846e-02
2.460025651105000172e+06 1.378535644353703304e+01 3.198319511598637227e-02
2.460026144171999767e+06 1.390081936789575501e+01 3.198221320135414408e-02
2.460026637238999829e+06 1.379033448087129266e+01 3.198204321699802538e-02
2.460027140831999946e+06 1.382248094773924940e+01 3.198021028363520063e-02
2.460027633899999782e+06 1.381530254221610221e+01 3.198905078316743866e-02
2.460028126966999844e+06 1.381138399397261018e+01 3.197997746476747422e-02
2.460028630559999961e+06 1.382081329056573438e+01 3.198908136892138210e-02
2.460029123627000023e+06 1.386321632091449452e+01 3.198507771197245386e-02
2.460029616694000084e+06 1.381951494872817321e+01 3.198607628073928816e-02
2.460030120287999976e+06 1.374716673122245147e+01 3.198322300655315198e-02
2.460030613355000038e+06 1.386350999938934514e+01 3.198575528409013796e-02
2.460031106422000099e+06 1.383440227862199734e+01 3.198230801106682203e-02
2.460031610015999991e+06 1.378577544372702945e+01 3.198416723193311245e-02
2.460032103083000053e+06 1.382817286536419132e+01 3.198064309982613651e-02
2.460032596150000114e+06 1.385295425171922545e+01 3.198691925060820340e-02
2.460033099744000006e+06 1.379359911866772492e+01 3.198961444648764502e-02
2.460033592811000068e+06 1.376081004920032669e+01 3.198961627324472395e-02
2.460034085878000129e+06 1.384921635668384887e+01 3.197828833012068134e-02
2.460034589470999781e+06 1.377135900364742227e+01 3.198877154044609677e-02
2.460035082537999842e+06 1.380082980215591526e+01 3.198096151722189251e-02
2.460035575606000144e+06 1.383161207180394925e+01 3.198859700919415988e-02
2.460036079198999796e+06 1.380681799793172004e+01 3.198212154354179715e-02
2.460036572265999857e+06 1.382105515203173596e+01 3.198964117144192237e-02
2.460037065332999919e+06 1.386363768762320348e+01 3.198604988514001241e-02
2.460037568926999811e+06 1.372913577431121013e+01 3.197920841275425641e-02
2.460038061993999872e+06 1.382822381032957004e+01 3.198076092108650265e-02
2.460038555060999934e+06 1.382846580147822735e+01 3.198132057800096018e-02
2.460039058654999826e+06 1.381345763265066040e+01 3.198477893276106127e-02
2.460039551721999887e+06 1.385420469430509449e+01 3.198980656296735586e-02
2.460040044788999949e+06 1.388587335530608335e+01 3.198619435312746034e-02
2.460040548382000066e+06 1.386754551623156573e+01 3.198229350782257757e-02
2.460041041449999902e+06 1.375950467115286813e+01 3.198658167406921021e-02
2.460041534516999964e+06 1.380290185622952670e+01 3.198576313296092738e-02
2.460042038110000081e+06 1.385870977513346602e+01 3.198744459684043501e-02
2.460042531177000143e+06 1.383321732752129840e+01 3.197956864652346659e-02
2.460043024244000204e+06 1.376816303417898091e+01 3.198134778966382069e-02
2.460043527838000096e+06 1.381097693581896380e+01 3.197903492992910240e-02
2.460044020905000158e+06 1.381417012024528290e+01 3.198642868322993521e-02
2.460044513972000219e+06 1.382460718415313217e+01 3.198512962393929709e-02
2.460045017566000111e+06 1.385853107547777974e+01 3.198703213814634017e-02
2.460045510633000173e+06 1.388213936373911217e+01 3.197759308067466000e-02
2.460046003699999768e+06 1.380035950191187588e+01 3.197987168029021304e-02
2.460046507294000126e+06 1.381352124612037180e+01 3.198492622845051925e-02
2.460047000361000188e+06 1.374087535187226727e+01 3.198124172520943470e-02
2.460047493427999783e+06 1.377266550632732844e+01 3.197912125366216690e-02
2.460047997020999901e+06 1.382911537760623588e+01 3.198282286340903974e-02
2.460048490087999962e+06 1.378955971922184176e+01 3.198024641790007949e-02
2.460048983155999798e+06 1.386368876324605637e+01 3.198616772631975025e-02
2.460049486748999916e+06 1.384180733582273781e+01 3.198667821279468221e-02
2.460049979815999977e+06 1.382306658501498653e+01 3.198156523599859219e-02
2.460050472883000039e+06 1.380042305506232125e+01 3.198001895338088013e-02
2.460050976476999931e+06 1.385241838230389178e+01 3.198568191080286560e-02
2.460051469543999992e+06 1.380605502605430246e+01 3.198035419502445048e-02
2.460051962611000054e+06 1.383523053051419360e+01 3.198422276000888187e-02
2.460052466204999946e+06 1.379739824967431261e+01 3.198571737981847213e-02
2.460052959272000007e+06 1.376305356094234789e+01 3.198215550156871534e-02
2.460053452339000069e+06 1.383534521545358409e+01 3.198448788812804228e-02
2.460053955932000186e+06 1.380391892909315921e+01 3.198812001791482423e-02
2.460054449000000022e+06 1.378149716197094143e+01 3.198693448368839648e-02
2.460054942067000084e+06 1.380463092468873931e+01 3.198976994071433405e-02
2.460055445660000201e+06 1.381298690207946933e+01 3.198368896574071973e-02
2.460055938726999797e+06 1.386315247859103295e+01 3.198493041558538724e-02
2.460056431793999858e+06 1.373915426897607084e+01 3.198989021436281222e-02
2.460056935388000216e+06 1.380302898623919461e+01 3.198605773408311204e-02
2.460057428454999812e+06 1.385230355584037731e+01 3.198541677278612244e-02
2.460057921521999873e+06 1.378256343436690656e+01 3.198940930807580435e-02
2.460058425116000231e+06 1.382924274905247053e+01 3.198311743745022723e-02
2.460058918182999827e+06 1.374153346995482217e+01 3.198277346412292665e-02
