2.458346727899000049e+06 3.502305289117881720e-02 8.627570569373655416e-04
2.458347220966000110e+06 3.455289178430603902e-02 8.627591970935636354e-04
2.458347714033000171e+06 3.488722289807316690e-02 8.627527853526253216e-04
2.458348217627000064e+06 3.367521677065798275e-02 8.627416361244896574e-04
2.458348710694000125e+06 3.416630393937573201e-02 8.627671721737808358e-04
2.458349203761000186e+06 3.605746577812259795e-02 8.627665719764081309e-04
2.458349707355000079e+06 3.509619221907459008e-02 8.627485813055062137e-04
2.458350200422000140e+06 3.381102991688920284e-02 8.627644355436158439e-04
2.458350693489000201e+06 3.278711470095376640e-02 8.627582491042795577e-04
2.458351197081999853e+06 3.295426274353655677e-02 8.627555334158741769e-04
2.458351690150000155e+06 3.468869804721515238e-02 8.627635312904345048e-04
2.458352183217000216e+06 3.496036836553352567e-02 8.627584728969972050e-04
2.458352686809999868e+06 3.335130253859310695e-02 8.627676136213425009e-04
2.458353179876999930e+06 3.438571030626591529e-02 8.627652979224117134e-04
2.458353672943999991e+06 3.433346219505773594e-02 8.627508643100230933e-04
2.458354176537999883e+06 3.419762927811484388e-02 8.627707698066499654e-04
2.458354669604999945e+06 3.432302842595658793e-02 8.627415800152423092e-04
2.458355162672000006e+06 3.267217149438240292e-02 8.627428583839254640e-04
2.458355666265999898e+06 3.418717381280485940e-02 8.627588896508513964e-04
2.458356159332999960e+06 3.370655752674336231e-02 8.627684479163178367e-04
2.458356652400000021e+06 3.344533882330432556e-02 8.627667067359013004e-04
2.458357155993999913e+06 3.500215631702895125e-02 8.627581020612687607e-04
2.458357649060999975e+06 3.606789527430838416e-02 8.627503661239122393e-04
2.458358142128000036e+06 3.374833877320228964e-02 8.627499818868770379e-04
2.458358645721000154e+06 3.277663765239752919e-02 8.627542522417256353e-04
2.458359138788000215e+06 3.240052146904386088e-02 8.627615732867669916e-04
2.458359631856000051e+06 3.560816551659959361e-02 8.627403212443674483e-04
2.458360135449000169e+06 3.316322824907332045e-02 8.627588736731875430e-04
2.458360628516000230e+06 3.416630393937573201e-02 8.627671721737808358e-04
2.458361121582999825e+06 3.298563127720376825e-02 8.627564899327530091e-04
2.458361625177000184e+06 3.331995452415539155e-02 8.627545783519814052e-04
2.458362118243999779e+06 3.199301723728005531e-02 8.627542745514300664e-04
2.458362611310999840e+06 3.552456756230556317e-02 8.627434485262886095e-04
2.458363114905000199e+06 3.505438885985459607e-02 8.627541156018734246e-04
2.458363607971999794e+06 3.213929899985643740e-02 8.627620636989741460e-04
2.458364101038999856e+06 3.460512322070206231e-02 8.627566036354655105e-04
2.458364604631999973e+06 3.388419715372367053e-02 8.627589521373350487e-04
2.458365097699999809e+06 3.524247497251296185e-02 8.627415556277721843e-04
2.458365590766999871e+06 3.420808794102037781e-02 8.627510697201399605e-04
2.458366094359999988e+06 3.365431845986702891e-02 8.627641741214812530e-04
2.458366587427000050e+06 3.447974140541092136e-02 8.627428381367007772e-04
2.458367080494000111e+06 3.529470854908223904e-02 8.627524446431415837e-04
2.458367584088000003e+06 3.487678145698152460e-02 8.627515526023045531e-04
2.458368077155000065e+06 3.428123032495419831e-02 8.627644675789832582e-04
2.458368570222000126e+06 3.219152864077361176e-02 8.627409644112422416e-04
2.458369073816000018e+06 3.463646807191594901e-02 8.627405427136570788e-04
2.458369566883000080e+06 3.559773781003664622e-02 8.627499650727574968e-04
2.458370059950000141e+06 3.509619221907459008e-02 8.627485813055062137e-04
2.458370563544000033e+06 3.394685927178062168e-02 8.627598772523117519e-04
2.458371056611000095e+06 3.402000710672648670e-02 8.627702489596840397e-04
2.458371549678000156e+06 3.379014068807219273e-02 8.627604716961737247e-04
2.458372053270999808e+06 3.521113302198448924e-02 8.627526351969888076e-04
2.458372546337999869e+06 3.455289178430603902e-02 8.627591970935636354e-04
2.458373039406000171e+06 3.543055864110258163e-02 8.627446568037607172e-04
2.458373542998999823e+06 3.347668146867353867e-02 8.627427362833741146e-04
2.458374036065999884e+06 3.395733506913545946e-02 8.627446370278995386e-04
2.458374529132999945e+06 3.319458167894942524e-02 8.627490695190988138e-04
2.458375032726999838e+06 3.257811859937250615e-02 8.627497544824264076e-04
2.458375525793999899e+06 3.474094278733422941e-02 8.627510405104037682e-04
2.458376018860999960e+06 3.292292404058259209e-02 8.627537984802954038e-04
2.458376522454999853e+06 3.488722289807316690e-02 8.627527853526253216e-04
2.458377015521999914e+06 3.436481418777508762e-02 8.627474160162565712e-04
2.458377508588999975e+06 3.678883202233437094e-02 8.627484621472590338e-04
2.458378012182000093e+06 3.356028188738666151e-02 8.627644394058075518e-04
2.458378505249999929e+06 3.351848648558181792e-02 8.627704756527243557e-04
2.458378998316999990e+06 3.543055864110258163e-02 8.627446568037607172e-04
2.458379501910000108e+06 3.430210721222802517e-02 8.627527935850655503e-04
2.458379994977000169e+06 3.347668146867353867e-02 8.627427362833741146e-04
2.458380488044000231e+06 3.550369875807403430e-02 8.627598342285192155e-04
2.458380991638000123e+06 3.377968535773021724e-02 8.627424146535954234e-04
2.458381484705000184e+06 3.409315555363450628e-02 8.627412853426764472e-04
2.458381977771999780e+06 3.307964193814993265e-02 8.627475225174652479e-04
2.458382481366000138e+06 3.468869804721515238e-02 8.627635312904345048e-04
2.458382974433000199e+06 3.571264362583251306e-02 8.627389650975415348e-04
2.458383467499999795e+06 3.512752891990881393e-02 8.627424249769403584e-04
2.458383971094000153e+06 3.563949979268132146e-02 8.627445312645861753e-04
2.458384464161000215e+06 3.453198948528984902e-02 8.627461649274607500e-04
2.458384957227999810e+06 3.610967669295834376e-02 8.627520377297419069e-04
2.458385460820999928e+06 3.264083048238620999e-02 8.627570390288266319e-04
2.458385953887999989e+06 3.434389913589361298e-02 8.627600745248931603e-04
2.458386446955999825e+06 3.294382331022237265e-02 8.627553063974117715e-04
2.458386950548999943e+06 3.417675302205103183e-02 8.627477307317461342e-04
2.458387443616000004e+06 3.524247497251296185e-02 8.627415556277721843e-04
2.458387936683000065e+06 3.442750896078829864e-02 8.627676660398066015e-04
2.458388440276999958e+06 3.367521677065798275e-02 8.627416361244896574e-04
2.458388933344000019e+06 3.435437089095853824e-02 8.627700052541262439e-04
2.458389426411000080e+06 3.465736977078691383e-02 8.627504416448034293e-04
2.458389930004999973e+06 3.536786140140710244e-02 8.627489855373669803e-04
2.458390423072000034e+06 3.564997256747664406e-02 8.627682074870982260e-04
2.458390916139000095e+06 3.286024521702957113e-02 8.627456154189108673e-04
2.458391419732000213e+06 3.388419715372367053e-02 8.627589521373350487e-04
2.458391912800000049e+06 3.222288341547282359e-02 8.627502857348934469e-04
2.458392405867000110e+06 3.538874814406274549e-02 8.627695744769048412e-04
2.458392909460000228e+06 3.453198948528984902e-02 8.627461649274607500e-04
2.458393402526999824e+06 3.543055864110258163e-02 8.627446568037607172e-04
2.458393895593999885e+06 3.457377489189759900e-02 8.627711342920102618e-04
2.458394399187999777e+06 3.460512322070206231e-02 8.627566036354655105e-04
2.458394892254999839e+06 3.489766746513251611e-02 8.627539415135943674e-04
2.458395385321999900e+06 3.422898333745683086e-02 8.627421227253959275e-04
2.458395888915999793e+06 3.453198948528984902e-02 8.627461649274607500e-04
2.458396381982999854e+06 3.500215631702895125e-02 8.627581020612687607e-04
2.458396875049999915e+06 3.333042105266626615e-02 8.627493024171616282e-04
2.458397378643999808e+06 3.429168297175086422e-02 8.627432777421461391e-04
2.458397871710999869e+06 3.366476599361379468e-02 8.627529501799918125e-04
2.458398364777999930e+06 3.482452488445219457e-02 8.627418577707527412e-04
2.458398868371000048e+06 3.609923511513755262e-02 8.627685508667205967e-04
2.458399361438000109e+06 3.277663765239752919e-02 8.627542522417256353e-04
2.458399854505999945e+06 3.583801938142908844e-02 8.627640365004414719e-04
2.458400358099000063e+06 3.461557897876246792e-02 8.627622240459118051e-04
2.458400851166000124e+06 3.466780938462370870e-02 8.627548804833375801e-04
2.458401344233000185e+06 3.509619221907459008e-02 8.627485813055062137e-04
2.458401847827000078e+06 3.374833877320228964e-02 8.627499818868770379e-04
2.458402340894000139e+06 3.437526065922245910e-02 8.627563941026425605e-04
2.458402833961000200e+06 3.356028188738666151e-02 8.627644394058075518e-04
2.458403337555000093e+06 3.492901993147664447e-02 8.627569500005908935e-04
2.458403830622000154e+06 3.402000710672648670e-02 8.627702489596840397e-04
2.458404323689000215e+06 3.295426274353655677e-02 8.627555334158741769e-04
2.458404827281999867e+06 3.270351247827137098e-02 8.627571815419034923e-04
2.458405320350000169e+06 3.466780938462370870e-02 8.627548804833375801e-04
2.458405813417000230e+06 3.382149494885276775e-02 8.627511176272327498e-04
2.458406317009999882e+06 3.383193205952877286e-02 8.627680745645861446e-04
2.458406810076999944e+06 3.336174818688315835e-02 8.627612872133907408e-04
2.458407303144000005e+06 3.370655752674336231e-02 8.627684479163178367e-04
2.458407806737999897e+06 3.439616312987058000e-02 8.627424473925850027e-04
2.458408299804999959e+06 3.447974140541092136e-02 8.627428381367007772e-04
2.458408792872000020e+06 3.375881549429986944e-02 8.627690669526041521e-04
2.458409296465999912e+06 3.585891955997407704e-02 8.627387505736845231e-04
2.458409789532999974e+06 3.382149494885276775e-02 8.627511176272327498e-04
2.458410282600000035e+06 3.299605356837102821e-02 8.627555760297782273e-04
2.458410786193999927e+06 3.416630393937573201e-02 8.627671721737808358e-04
2.458411279260999989e+06 3.417675302205103183e-02 8.627477307317461342e-04
2.458411772328000050e+06 3.437526065922245910e-02 8.627563941026425605e-04
2.458412275921000168e+06 3.491856598089796565e-02 8.627560238835768700e-04
2.458412768988000229e+06 3.373789637719024764e-02 8.627626939283691843e-04
2.458413262056000065e+06 3.431256622457021926e-02 8.627630301224449095e-04
2.458413765649000183e+06 3.524247497251296185e-02 8.627415556277721843e-04
2.458414258715999778e+06 3.385284712397425982e-02 8.627402087314931054e-04
2.458414751782999840e+06 3.478275678427686368e-02 8.627642873583990339e-04
2.458415255377000198e+06 3.515889360066794950e-02 8.627679523787036391e-04
2.458415748443999793e+06 3.531561714451039724e-02 8.627431092708802299e-04
2.458416241510999855e+06 3.414538390797244860e-02 8.627420847185251649e-04
2.458416745105000213e+06 3.458422117822342740e-02 8.627451369007761370e-04
2.458417238171999808e+06 3.421851828606480711e-02 8.627619987027151200e-04
2.458417731238999870e+06 3.384240356102584391e-02 8.627545844566445127e-04
2.458418234831999987e+06 3.599475318787221517e-02 8.627578714388198884e-04
2.458526481366999913e+06 3.385284712397425982e-02 8.627402087314931054e-04
2.458526984960000031e+06 3.372745721225964277e-02 8.627442513669879125e-04
2.458527478027000092e+06 3.304830575686272531e-02 8.627520886449499375e-04
2.458527971094000153e+06 3.372745721225964277e-02 8.627442513669879125e-04
2.458528474688000046e+06 3.400957462301670842e-02 8.627562659664873368e-04
2.458528967755000107e+06 3.504396194075481280e-02 8.627557030623763182e-04
2.458529460822000168e+06 3.447974140541092136e-02 8.627428381367007772e-04
2.458529964416000061e+06 3.433346219505773594e-02 8.627508643100230933e-04
2.458530457483000122e+06 3.522157724058875422e-02 8.627490200735559930e-04
2.458530950550000183e+06 3.424989149747109662e-02 8.627643882102207194e-04
2.458531454144000076e+06 3.386329390974362336e-02 8.627569312197741480e-04
2.458531947211000137e+06 3.503350585607311468e-02 8.627564186167654969e-04
2.458532440278000198e+06 3.538874814406274549e-02 8.627695744769048412e-04
2.458532943870999850e+06 3.342446003066986554e-02 8.627514568036322813e-04
2.458533436937999912e+06 3.501260304514094285e-02 8.627576180701983406e-04
2.458533930006000213e+06 3.383193205952877286e-02 8.627680745645861446e-04
2.458534433598999865e+06 3.449019104663302721e-02 8.627501731363745050e-04
2.458534926665999927e+06 3.510663467867998488e-02 8.627466067645891577e-04
2.458535419732999988e+06 3.354983587871425421e-02 8.627430987643764683e-04
2.458535923326999880e+06 3.493947701176810389e-02 8.627577993442509668e-04
2.458536416393999942e+06 3.594250981452175309e-02 8.627636130037158284e-04
2.458536909461000003e+06 3.363343311823963067e-02 8.627553743450667610e-04
2.458537413054999895e+06 3.502305289117881720e-02 8.627570569373655416e-04
2.458537906121999957e+06 3.516932232417491200e-02 8.627647268270622087e-04
2.458538399189000018e+06 3.514843559665931788e-02 8.627703055138021991e-04
2.458538902782000136e+06 3.343489779723794048e-02 8.627437241038584878e-04
2.458539395849999972e+06 3.509619221907459008e-02 8.627485813055062137e-04
2.458539888917000033e+06 3.417675302205103183e-02 8.627477307317461342e-04
2.458540392510000151e+06 3.574400399703224485e-02 8.627393695090955841e-04
2.458540885577000212e+06 3.403047413382544184e-02 8.627536107781851472e-04
2.458541378643999808e+06 3.469914709786455637e-02 8.627677431670704869e-04
2.458541882238000166e+06 3.358118366308821684e-02 8.627450507712003348e-04
2.458542375305000227e+06 3.477228255601011453e-02 8.627606923958411420e-04
2.458542868371999823e+06 3.319458167894942524e-02 8.627490695190988138e-04
2.458543371966000181e+06 3.320503940805731580e-02 8.627456260519282289e-04
2.458543865032999776e+06 3.239004862591423478e-02 8.627511932975597420e-04
2.458544358099999838e+06 3.514843559665931788e-02 8.627703055138021991e-04
2.458544861694000196e+06 3.423942005369027403e-02 8.627528949700383415e-04
2.458545354760999791e+06 3.504396194075481280e-02 8.627557030623763182e-04
2.458545847827999853e+06 3.463646807191594901e-02 8.627405427136570788e-04
2.458546351420999970e+06 3.386329390974362336e-02 8.627569312197741480e-04
2.458546844488000032e+06 3.314234241665997560e-02 8.627649717853473101e-04
2.458547337555999868e+06 3.280798819415216977e-02 8.627636020741427181e-04
2.458547841148999985e+06 3.581713138444081457e-02 8.627560110754120765e-04
2.458548334216000047e+06 3.397823377287038232e-02 8.627435877568096021e-04
2.458548827283000108e+06 3.398865664273122145e-02 8.627577978597003117e-04
2.458549330877000000e+06 3.559773781003664622e-02 8.627499650727574968e-04
2.458549823944000062e+06 3.326773244334070567e-02 8.627505818651578541e-04
2.458550317011000123e+06 3.479320212188911216e-02 8.627670115654829074e-04
2.458550820605000015e+06 3.511708024531664390e-02 8.627445546703940661e-04
2.458551313672000077e+06 3.339310476535269773e-02 8.627417761956093995e-04
2.458551806739000138e+06 3.498127221086148181e-02 8.627588388020317753e-04
2.458552310331999790e+06 3.298563127720376825e-02 8.627564899327530091e-04
2.458552803400000092e+06 3.284980531130378412e-02 8.627438178323432053e-04
2.458553296467000153e+06 3.461557897876246792e-02 8.627622240459118051e-04
2.458553800059999805e+06 3.322593414899176895e-02 8.627682832693261581e-04
2.458554293126999866e+06 3.391551374098183275e-02 8.627441637362085435e-04
2.458554786193999927e+06 3.555592651884281058e-02 8.627518176457862897e-04
2.458555289787999820e+06 3.504396194075481280e-02 8.627557030623763182e-04
2.458555782854999881e+06 3.335130253859310695e-02 8.627676136213425009e-04
2.458556275921999943e+06 3.270351247827137098e-02 8.627571815419034923e-04
2.458556779515999835e+06 3.349759288174746635e-02 8.627571625962880165e-04
2.458557272582999896e+06 3.466780938462370870e-02 8.627548804833375801e-04
2.458557765649999958e+06 3.394685927178062168e-02 8.627598772523117519e-04
2.458558269243999850e+06 3.349759288174746635e-02 8.627571625962880165e-04
2.458558762310999911e+06 3.363343311823963067e-02 8.627553743450667610e-04
2.458559255377999973e+06 3.377968535773021724e-02 8.627424146535954234e-04
2.458559758971000090e+06 3.357073114850710194e-02 8.627547899127751370e-04
2.458560252038000152e+06 3.307964193814993265e-02 8.627475225174652479e-04
2.458560745105999988e+06 3.459467062084038008e-02 8.627509079050827302e-04
2.458561248699000105e+06 3.391551374098183275e-02 8.627441637362085435e-04
2.458561741766000167e+06 3.400957462301670842e-02 8.627562659664873368e-04
2.458562234833000228e+06 3.261991311968216040e-02 8.627449476583176277e-04
2.458562738427000120e+06 3.475140757532652058e-02 8.627548635550948098e-04
2.458563231494000182e+06 3.343489779723794048e-02 8.627437241038584878e-04
2.458563724560999777e+06 3.523202455712532571e-02 8.627453268991464724e-04
2.458564228155000135e+06 3.595297228785761245e-02 8.627498428096686293e-04
2.458564721222000197e+06 3.376926436509938151e-02 8.627561834250218123e-04
2.458565214288999792e+06 3.433346219505773594e-02 8.627508643100230933e-04
2.458565717881999910e+06 3.440661913100230562e-02 8.627511929108156114e-04
2.458566210950000212e+06 3.489766746513251611e-02 8.627539415135943674e-04
2.458566704016999807e+06 3.371702127741082328e-02 8.627567921415155812e-04
2.458567207609999925e+06 3.214974998877698220e-02 8.627465046923429946e-04
2.458567700676999986e+06 3.528427514292852701e-02 8.627573920712556903e-04
2.458568193744000047e+06 3.432302842595658793e-02 8.627415800152423092e-04
2.458568697337999940e+06 3.420808794102037781e-02 8.627510697201399605e-04
2.458569190405000001e+06 3.326773244334070567e-02 8.627505818651578541e-04
2.458569683472000062e+06 3.520069190039368245e-02 8.627561723154029451e-04
2.458570187065999955e+06 3.399911402414869388e-02 8.627414158008964119e-04
2.458570680133000016e+06 3.403047413382544184e-02 8.627536107781851472e-04
2.458571173200000077e+06 3.380059925449928337e-02 8.627473257637309576e-04
2.458571676793999970e+06 3.318412724344093484e-02 8.627524252417511502e-04
2.458572169861000031e+06 3.443794277212642446e-02 8.627436750260263033e-04
2.458572662928000093e+06 3.556637473537899857e-02 8.627432771428569661e-04
2.458573166521000210e+06 3.371702127741082328e-02 8.627567921415155812e-04
2.458573659587999806e+06 3.436481418777508762e-02 8.627474160162565712e-04
2.458574152656000108e+06 3.464690138966998456e-02 8.627451326261984833e-04
2.458574656249000225e+06 3.283933847623898838e-02 8.627411396904762940e-04
2.458575149315999821e+06 3.326773244334070567e-02 8.627505818651578541e-04
2.458575642382999882e+06 3.413494441598186047e-02 8.627612679380539887e-04
2.458576145976999775e+06 3.325728560051322696e-02 8.627553379162949780e-04
2.458576639043999836e+06 3.423942005369027403e-02 8.627528949700383415e-04
2.458577132110999897e+06 3.380059925449928337e-02 8.627473257637309576e-04
2.458577635704999790e+06 3.356028188738666151e-02 8.627644394058075518e-04
2.458578128771999851e+06 3.324684203823772416e-02 8.627600059040344905e-04
2.458578621838999912e+06 3.523202455712532571e-02 8.627453268991464724e-04
2.458579125432000030e+06 3.429168297175086422e-02 8.627432777421461391e-04
2.458579618499999866e+06 3.433346219505773594e-02 8.627508643100230933e-04
2.458580111566999927e+06 3.388419715372367053e-02 8.627589521373350487e-04
2.458580615160000045e+06 3.512752891990881393e-02 8.627424249769403584e-04
2.458581108227000106e+06 3.422898333745683086e-02 8.627421227253959275e-04
2.458581601294000167e+06 3.350805348619018131e-02 8.627488252683995036e-04
2.458582104888000060e+06 3.342446003066986554e-02 8.627514568036322813e-04
2.458582597955000121e+06 3.400957462301670842e-02 8.627562659664873368e-04
2.458583091022000182e+06 3.370655752674336231e-02 8.627684479163178367e-04
2.458583594616000075e+06 3.502305289117881720e-02 8.627570569373655416e-04
2.458584087683000136e+06 3.500215631702895125e-02 8.627581020612687607e-04
2.458584580750000197e+06 3.464690138966998456e-02 8.627451326261984833e-04
2.458585084344000090e+06 3.547235319314880064e-02 8.627495580108743810e-04
2.458585577411000151e+06 3.498127221086148181e-02 8.627588388020317753e-04
2.458586070478000212e+06 3.272442316799206025e-02 8.627663046314739629e-04
2.458586574070999864e+06 3.327818256775073175e-02 8.627457376957604288e-04
2.458587067137999926e+06 3.336174818688315835e-02 8.627612872133907408e-04
2.458587560206000227e+06 3.433346219505773594e-02 8.627508643100230933e-04
2.458588063798999880e+06 3.558728038007351324e-02 8.627587346347826217e-04
2.458588556865999941e+06 3.306919324436074364e-02 8.627491316350053077e-04
2.458589049933000002e+06 3.420808794102037781e-02 8.627510697201399605e-04
2.458589553526999895e+06 3.446929493016147317e-02 8.627671757807377998e-04
2.458590046593999956e+06 3.390508207317709244e-02 8.627598521746016611e-04
2.458590539661000017e+06 3.481410220832837493e-02 8.627401664531898513e-04
2.458591043254999910e+06 3.406180042523362234e-02 8.627635049740531390e-04
2.458591536321999971e+06 3.411404358601796694e-02 8.627671424451994770e-04
2.458592029389000032e+06 3.406180042523362234e-02 8.627635049740531390e-04
2.458592532982000150e+06 3.572310499195373301e-02 8.627613733371701813e-04
2.458593026049999986e+06 3.584848445639640668e-02 8.627518311911799376e-04
2.458593519117000047e+06 3.382149494885276775e-02 8.627511176272327498e-04
2.458594022710000165e+06 3.353939312147740520e-02 8.627525787430261007e-04
2.458594515777000226e+06 3.276619413052470758e-02 8.627509644592853489e-04
2.458595008843999822e+06 3.299605356837102821e-02 8.627555760297782273e-04
2.458595512438000180e+06 3.498127221086148181e-02 8.627588388020317753e-04
2.458596005504999775e+06 3.326773244334070567e-02 8.627505818651578541e-04
2.458596498571999837e+06 3.388419715372367053e-02 8.627589521373350487e-04
2.458597002166000195e+06 3.481410220832837493e-02 8.627401664531898513e-04
2.458597495232999790e+06 3.360206750802274128e-02 8.627554573717333575e-04
2.458597988299999852e+06 3.394685927178062168e-02 8.627598772523117519e-04
2.458712204272000119e+06 3.415582659267346610e-02 8.627542677484397122e-04
2.458712697339000180e+06 3.364387416841096989e-02 8.627443208505426731e-04
2.458713200931999832e+06 3.302740104314953740e-02 8.627539030942436588e-04
2.458713694000000134e+06 3.475140757532652058e-02 8.627548635550948098e-04
2.458714187067000195e+06 3.477228255601011453e-02 8.627606923958411420e-04
2.458714690659999847e+06 3.388419715372367053e-02 8.627589521373350487e-04
2.458715183726999909e+06 3.454242314637231970e-02 8.627523212159982947e-04
2.458715676793999970e+06 3.402000710672648670e-02 8.627702489596840397e-04
2.458716180387999862e+06 3.522157724058875422e-02 8.627490200735559930e-04
2.458716673454999924e+06 3.479320212188911216e-02 8.627670115654829074e-04
2.458717166521999985e+06 3.347668146867353867e-02 8.627427362833741146e-04
2.458717670115999877e+06 3.534695443052306152e-02 8.627598815054417182e-04
2.458718163182999939e+06 3.426033458878529475e-02 8.627434582055325610e-04
2.458718656250000000e+06 3.313190443359556592e-02 8.627678896088075873e-04
2.458719159843999892e+06 3.601564525610576745e-02 8.627610586815896189e-04
2.458719652910999954e+06 3.296473584658993206e-02 8.627564685709039789e-04
2.458720145978000015e+06 3.305874785094579243e-02 8.627506536592127132e-04
2.458720649571000133e+06 3.422898333745683086e-02 8.627421227253959275e-04
2.458721142638000194e+06 3.341399474714185081e-02 8.627583059644313443e-04
2.458721635706000030e+06 3.441704661134076942e-02 8.627590693906516967e-04
2.458722139299000148e+06 3.440661913100230562e-02 8.627511929108156114e-04
2.458722632366000209e+06 3.317367610049456322e-02 8.627556932748137392e-04
2.458723125432999805e+06 3.317367610049456322e-02 8.627556932748137392e-04
2.458723629027000163e+06 3.347668146867353867e-02 8.627427362833741146e-04
2.458724122094000224e+06 3.384240356102584391e-02 8.627545844566445127e-04
2.458724615160999820e+06 3.371702127741082328e-02 8.627567921415155812e-04
2.458725118755000178e+06 3.477228255601011453e-02 8.627606923958411420e-04
2.458725611821999773e+06 3.398865664273122145e-02 8.627577978597003117e-04
2.458726104888999835e+06 3.362296434043809956e-02 8.627655432502436559e-04
2.458726608481999952e+06 3.374833877320228964e-02 8.627499818868770379e-04
2.458727101549999788e+06 3.348713554291507521e-02 8.627654106373298416e-04
2.458727594616999850e+06 3.360206750802274128e-02 8.627554573717333575e-04
2.458728098209999967e+06 3.334086016086221238e-02 8.627431434213763545e-04
2.458728591277000029e+06 3.449019104663302721e-02 8.627501731363745050e-04
2.458729084344000090e+06 3.305874785094579243e-02 8.627506536592127132e-04
2.458729587937999982e+06 3.458422117822342740e-02 8.627451369007761370e-04
2.458730081005000044e+06 3.347668146867353867e-02 8.627427362833741146e-04
2.458730574072000105e+06 3.389462239580916941e-02 8.627434365967878195e-04
2.458731077665999997e+06 3.366476599361379468e-02 8.627529501799918125e-04
2.458731570733000059e+06 3.413494441598186047e-02 8.627612679380539887e-04
2.458732063800000120e+06 3.275575393624009790e-02 8.627475911824561503e-04
2.458732567394000012e+06 3.434389913589361298e-02 8.627600745248931603e-04
2.458733060461000074e+06 3.428123032495419831e-02 8.627644675789832582e-04
2.458733553528000135e+06 3.472005464261006952e-02 8.627439612844535304e-04
2.458734057120999787e+06 3.464690138966998456e-02 8.627451326261984833e-04
2.458734550187999848e+06 3.460512322070206231e-02 8.627566036354655105e-04
2.458735043256000150e+06 3.382149494885276775e-02 8.627511176272327498e-04
2.458735546848999802e+06 3.429168297175086422e-02 8.627432777421461391e-04
2.458736039915999863e+06 3.486634314092198345e-02 8.627502433085796826e-04
2.458736532982999925e+06 3.389462239580916941e-02 8.627434365967878195e-04
2.458737036576999817e+06 3.431256622457021926e-02 8.627630301224449095e-04
2.458737529643999878e+06 3.394685927178062168e-02 8.627598772523117519e-04
2.458738022710999940e+06 3.331995452415539155e-02 8.627545783519814052e-04
2.458738526304999832e+06 3.403047413382544184e-02 8.627536107781851472e-04
2.458739019371999893e+06 3.476184349870305168e-02 8.627578159910646687e-04
2.458739512438999955e+06 3.321546983920984492e-02 8.627413001708168988e-04
2.458740016032000072e+06 3.433346219505773594e-02 8.627508643100230933e-04
2.458740509099999908e+06 3.424989149747109662e-02 8.627643882102207194e-04
2.458741002166999970e+06 3.395733506913545946e-02 8.627446370278995386e-04
2.458741505760000087e+06 3.513798070338143564e-02 8.627402176382371543e-04
2.458741998827000149e+06 3.368567079200626008e-02 8.627612575494676217e-04
2.458742491894000210e+06 3.403047413382544184e-02 8.627536107781851472e-04
2.458742995488000102e+06 3.415582659267346610e-02 8.627542677484397122e-04
2.458743488555000164e+06 3.395733506913545946e-02 8.627446370278995386e-04
2.458743981622000225e+06 3.501260304514094285e-02 8.627576180701983406e-04
2.458744485216000117e+06 3.357073114850710194e-02 8.627547899127751370e-04
2.458744978283000179e+06 3.507531661726067534e-02 8.627522979112942081e-04
2.458745471349999774e+06 3.283933847623898838e-02 8.627411396904762940e-04
2.458745974944000132e+06 3.452152718021535976e-02 8.627709345326867044e-04
2.458746468011000194e+06 3.566041557525693323e-02 8.627581840098304125e-04
2.458746961077999789e+06 3.490811515909540003e-02 8.627550210392413016e-04
2.458747464670999907e+06 3.364387416841096989e-02 8.627443208505426731e-04
2.458747957737999968e+06 3.358118366308821684e-02 8.627450507712003348e-04
2.458748450805999804e+06 3.296473584658993206e-02 8.627564685709039789e-04
2.458748954398999922e+06 3.379014068807219273e-02 8.627604716961737247e-04
2.458749447465999983e+06 3.438571030626591529e-02 8.627652979224117134e-04
2.458749940533000045e+06 3.333042105266626615e-02 8.627493024171616282e-04
2.458750444126999937e+06 3.353939312147740520e-02 8.627525787430261007e-04
2.458750937193999998e+06 3.477228255601011453e-02 8.627606923958411420e-04
2.458751430261000060e+06 3.413494441598186047e-02 8.627612679380539887e-04
2.458751933854999952e+06 3.397823377287038232e-02 8.627435877568096021e-04
2.458752426922000013e+06 3.381102991688920284e-02 8.627644355436158439e-04
2.458752919989000075e+06 3.465736977078691383e-02 8.627504416448034293e-04
2.458753423582000192e+06 3.317367610049456322e-02 8.627556932748137392e-04
2.458753916650000028e+06 3.414538390797244860e-02 8.627420847185251649e-04
2.458754409717000090e+06 3.509619221907459008e-02 8.627485813055062137e-04
2.458754913310000207e+06 3.564997256747664406e-02 8.627682074870982260e-04
2.458755406376999803e+06 3.394685927178062168e-02 8.627598772523117519e-04
2.458755899443999864e+06 3.544100266026339874e-02 8.627704751930057210e-04
2.458756403038000222e+06 3.313190443359556592e-02 8.627678896088075873e-04
2.458756896104999818e+06 3.431256622457021926e-02 8.627630301224449095e-04
2.458757389171999879e+06 3.536786140140710244e-02 8.627489855373669803e-04
2.458757892765999772e+06 3.356028188738666151e-02 8.627644394058075518e-04
2.458758385832999833e+06 3.347668146867353867e-02 8.627427362833741146e-04
2.458758878899999894e+06 3.479320212188911216e-02 8.627670115654829074e-04
2.458759382493999787e+06 3.380059925449928337e-02 8.627473257637309576e-04
2.458759875560999848e+06 3.408270063841910280e-02 8.627592413711455618e-04
2.458760368627999909e+06 3.408270063841910280e-02 8.627592413711455618e-04
2.458760872221000027e+06 3.399911402414869388e-02 8.627414158008964119e-04
2.458761365288000088e+06 3.535740637066854541e-02 8.627544728388204798e-04
2.458761858355999924e+06 3.394685927178062168e-02 8.627598772523117519e-04
2.458762361949000042e+06 3.344533882330432556e-02 8.627667067359013004e-04
2.458762855016000103e+06 3.598431169887102848e-02 8.627395989267788940e-04
2.458763348083000164e+06 3.537831952365262655e-02 8.627434195550501153e-04
2.458763851677000057e+06 3.354983587871425421e-02 8.627430987643764683e-04
2.458764344744000118e+06 3.352892273337094303e-02 8.627611746018858758e-04
2.458764837811000179e+06 3.427078086428932829e-02 8.627539997823827078e-04
2.458765341405000072e+06 3.411404358601796694e-02 8.627671424451994770e-04
2.458765834472000133e+06 3.511708024531664390e-02 8.627445546703940661e-04
2.458766327539000195e+06 3.390508207317709244e-02 8.627598521746016611e-04
2.458766831131999847e+06 3.302740104314953740e-02 8.627539030942436588e-04
2.458767324200000148e+06 3.556637473537899857e-02 8.627432771428569661e-04
2.458767817267000210e+06 3.516932232417491200e-02 8.627647268270622087e-04
2.458768320859999862e+06 3.488722289807316690e-02 8.627527853526253216e-04
2.458768813926999923e+06 3.157507566855342895e-02 8.627673699687049384e-04
2.458769306993999984e+06 3.231692274163387724e-02 8.627678790518712943e-04
2.458769810587999877e+06 3.462600600423109548e-02 8.627669744522720738e-04
2.458770303654999938e+06 3.393641796277833272e-02 8.627445640143132592e-04
2.458770796721999999e+06 3.353939312147740520e-02 8.627525787430261007e-04
2.458771300315999892e+06 3.488722289807316690e-02 8.627527853526253216e-04
2.458771793382999953e+06 3.412450811572557280e-02 8.627489289494040406e-04
2.458772286450000014e+06 3.556637473537899857e-02 8.627432771428569661e-04
2.458772790043999907e+06 3.424989149747109662e-02 8.627643882102207194e-04
2.458773283110999968e+06 3.501260304514094285e-02 8.627576180701983406e-04
2.458773776178000029e+06 3.333042105266626615e-02 8.627493024171616282e-04
2.458774279771000147e+06 3.352892273337094303e-02 8.627611746018858758e-04
2.458774772838000208e+06 3.391551374098183275e-02 8.627441637362085435e-04
2.458775265906000044e+06 3.457377489189759900e-02 8.627711342920102618e-04
2.458775769499000162e+06 3.367521677065798275e-02 8.627416361244896574e-04
2.458776262566000223e+06 3.443794277212642446e-02 8.627436750260263033e-04
2.458776755632999819e+06 3.443794277212642446e-02 8.627436750260263033e-04
2.458777259227000177e+06 3.630820676792366475e-02 8.627467908876960013e-04
2.458777752293999773e+06 3.461557897876246792e-02 8.627622240459118051e-04
2.458778245360999834e+06 3.353939312147740520e-02 8.627525787430261007e-04
2.458778748955000192e+06 3.481410220832837493e-02 8.627401664531898513e-04
2.458779242021999788e+06 3.396778281376001962e-02 8.627597961180047967e-04
2.458779735088999849e+06 3.313190443359556592e-02 8.627678896088075873e-04
2.458780238681999967e+06 3.645450453716144595e-02 8.627647714810964766e-04
2.458780731749999803e+06 3.502305289117881720e-02 8.627570569373655416e-04
2.458781224816999864e+06 3.316322824907332045e-02 8.627588736731875430e-04
2.458781728409999982e+06 3.376926436509938151e-02 8.627561834250218123e-04
2.458782221477000043e+06 3.529470854908223904e-02 8.627524446431415837e-04
2.458782714544000104e+06 3.452152718021535976e-02 8.627709345326867044e-04
2.458783218137999997e+06 3.521113302198448924e-02 8.627526351969888076e-04
2.458783711205000058e+06 3.452152718021535976e-02 8.627709345326867044e-04
2.459622427943999879e+06 3.490811515909540003e-02 8.627550210392413016e-04
2.459622921010999940e+06 3.313190443359556592e-02 8.627678896088075873e-04
2.459623424604999833e+06 3.475140757532652058e-02 8.627548635550948098e-04
2.459623917671999894e+06 3.434389913589361298e-02 8.627600745248931603e-04
2.459624410738999955e+06 3.279753468315014381e-02 8.627605711040350076e-04
2.459624914332000073e+06 3.512752891990881393e-02 8.627424249769403584e-04
2.459625407399999909e+06 3.439616312987058000e-02 8.627424473925850027e-04
2.459625900466999970e+06 3.380059925449928337e-02 8.627473257637309576e-04
2.459626404060000088e+06 3.393641796277833272e-02 8.627445640143132592e-04
2.459626897127000149e+06 3.411404358601796694e-02 8.627671424451994770e-04
2.459627390194000211e+06 3.521113302198448924e-02 8.627526351969888076e-04
2.459627893788000103e+06 3.412450811572557280e-02 8.627489289494040406e-04
2.459628386855000164e+06 3.435437089095853824e-02 8.627700052541262439e-04
2.459628879922000226e+06 3.434389913589361298e-02 8.627600745248931603e-04
2.459629383516000118e+06 3.329906199585800503e-02 8.627656597434357017e-04
2.459629876583000179e+06 3.412450811572557280e-02 8.627489289494040406e-04
2.459630369649999775e+06 3.372745721225964277e-02 8.627442513669879125e-04
2.459630873244000133e+06 3.399911402414869388e-02 8.627414158008964119e-04
2.459631366311000194e+06 3.234828047537790380e-02 8.627410172199144987e-04
2.459631859377999790e+06 3.472005464261006952e-02 8.627439612844535304e-04
2.459632362970999908e+06 3.536786140140710244e-02 8.627489855373669803e-04
2.459632856037999969e+06 3.431256622457021926e-02 8.627630301224449095e-04
2.459633349105999805e+06 3.246319047866438184e-02 8.627559412284091121e-04
2.459633852698999923e+06 3.551413162732477286e-02 8.627516810227328159e-04
2.459634345765999984e+06 3.359163943214301534e-02 8.627661609694758666e-04
2.459634838833000045e+06 3.326773244334070567e-02 8.627505818651578541e-04
2.459635342426999938e+06 3.513798070338143564e-02 8.627402176382371543e-04
2.459635835493999999e+06 3.424989149747109662e-02 8.627643882102207194e-04
2.459636328561000060e+06 3.432302842595658793e-02 8.627415800152423092e-04
2.459636832154999953e+06 3.353939312147740520e-02 8.627525787430261007e-04
2.459637325222000014e+06 3.514843559665931788e-02 8.627703055138021991e-04
2.459637818289000075e+06 3.578580573387098174e-02 8.627595237081395153e-04
2.459638321882000193e+06 3.411404358601796694e-02 8.627671424451994770e-04
2.459638814950000029e+06 3.400957462301670842e-02 8.627562659664873368e-04
2.459639308017000090e+06 3.412450811572557280e-02 8.627489289494040406e-04
2.459639811610000208e+06 3.562906291000294406e-02 8.627544046719546646e-04
2.459640304676999804e+06 3.358118366308821684e-02 8.627450507712003348e-04
2.459640797743999865e+06 3.382149494885276775e-02 8.627511176272327498e-04
2.459641301338000223e+06 3.394685927178062168e-02 8.627598772523117519e-04
2.459641794404999819e+06 3.225423902267694765e-02 8.627580121133194982e-04
2.459642287471999880e+06 3.426033458878529475e-02 8.627434582055325610e-04
2.459642791065999772e+06 3.481410220832837493e-02 8.627401664531898513e-04
2.459643284132999834e+06 3.418717381280485940e-02 8.627588896508513964e-04
2.459643777199999895e+06 3.374833877320228964e-02 8.627499818868770379e-04
2.459644280793999787e+06 3.371702127741082328e-02 8.627567921415155812e-04
2.459644773860999849e+06 3.477228255601011453e-02 8.627606923958411420e-04
2.459645266927999910e+06 3.551413162732477286e-02 8.627516810227328159e-04
2.459645770521000028e+06 3.549323626315922797e-02 8.627671135512850892e-04
2.459646263588000089e+06 3.414538390797244860e-02 8.627420847185251649e-04
2.459646756655999925e+06 3.314234241665997560e-02 8.627649717853473101e-04
2.459647260249000043e+06 3.504396194075481280e-02 8.627557030623763182e-04
2.459647753316000104e+06 3.455289178430603902e-02 8.627591970935636354e-04
2.459648246383000165e+06 3.347668146867353867e-02 8.627427362833741146e-04
2.459648749977000058e+06 3.307964193814993265e-02 8.627475225174652479e-04
2.459649243044000119e+06 3.516932232417491200e-02 8.627647268270622087e-04
2.459649736111000180e+06 3.393641796277833272e-02 8.627445640143132592e-04
2.459650239705000073e+06 3.487678145698152460e-02 8.627515526023045531e-04
2.459650732772000134e+06 3.422898333745683086e-02 8.627421227253959275e-04
2.459651225839000195e+06 3.604700609722500532e-02 8.627487011462075953e-04
2.459651729431999847e+06 3.321546983920984492e-02 8.627413001708168988e-04
2.459652222500000149e+06 3.551413162732477286e-02 8.627516810227328159e-04
2.459652715567000210e+06 3.481410220832837493e-02 8.627401664531898513e-04
2.459653219159999862e+06 3.383193205952877286e-02 8.627680745645861446e-04
2.459653712226999924e+06 3.410361367590949988e-02 8.627546477045786380e-04
2.459654205293999985e+06 3.279753468315014381e-02 8.627605711040350076e-04
2.459654708887999877e+06 3.446929493016147317e-02 8.627671757807377998e-04
2.459655201954999939e+06 3.414538390797244860e-02 8.627420847185251649e-04
2.459655695022000000e+06 3.397823377287038232e-02 8.627435877568096021e-04
2.459656198615999892e+06 3.276619413052470758e-02 8.627509644592853489e-04
2.459656691682999954e+06 3.492901993147664447e-02 8.627569500005908935e-04
2.459657184750000015e+06 3.434389913589361298e-02 8.627600745248931603e-04
2.459657688343999907e+06 3.464690138966998456e-02 8.627451326261984833e-04
2.459658181410999969e+06 3.375881549429986944e-02 8.627690669526041521e-04
2.459658674478000030e+06 3.453198948528984902e-02 8.627461649274607500e-04
2.459659178071000148e+06 3.390508207317709244e-02 8.627598521746016611e-04
2.459659671138000209e+06 3.213929899985643740e-02 8.627620636989741460e-04
2.459660164206000045e+06 3.343489779723794048e-02 8.627437241038584878e-04
2.459660667799000163e+06 3.459467062084038008e-02 8.627509079050827302e-04
2.459661160866000224e+06 3.472005464261006952e-02 8.627439612844535304e-04
2.459661653932999820e+06 3.411404358601796694e-02 8.627671424451994770e-04
2.459662157527000178e+06 3.480365059625888796e-02 8.627696596034454234e-04
2.459662650593999773e+06 3.422898333745683086e-02 8.627421227253959275e-04
2.459663143660999835e+06 3.362296434043809956e-02 8.627655432502436559e-04
2.459663647255000193e+06 3.487678145698152460e-02 8.627515526023045531e-04
2.459664140321999788e+06 3.201391592049489948e-02 8.627576161949545653e-04
2.459664633388999850e+06 3.310054923102314500e-02 8.627440427828382856e-04
2.459665136981999967e+06 3.326773244334070567e-02 8.627505818651578541e-04
2.459665630049999803e+06 3.379014068807219273e-02 8.627604716961737247e-04
2.459666123116999865e+06 3.286024521702957113e-02 8.627456154189108673e-04
2.459666626709999982e+06 3.602609583709657365e-02 8.627459540865369285e-04
2.459667119777000044e+06 3.377968535773021724e-02 8.627424146535954234e-04
2.459667612844000105e+06 3.428123032495419831e-02 8.627644675789832582e-04
2.459668116437999997e+06 3.379014068807219273e-02 8.627604716961737247e-04
2.459668609505000059e+06 3.320503940805731580e-02 8.627456260519282289e-04
2.459669102572000120e+06 3.406180042523362234e-02 8.627635049740531390e-04
2.459669606166000012e+06 3.445885161992545687e-02 8.627596817080718803e-04
2.459670099233000074e+06 3.423942005369027403e-02 8.627528949700383415e-04
2.459670592300000135e+06 3.524247497251296185e-02 8.627415556277721843e-04
2.459671095894000027e+06 3.374833877320228964e-02 8.627499818868770379e-04
2.459671588961000089e+06 3.468869804721515238e-02 8.627635312904345048e-04
2.459672082028000150e+06 3.488722289807316690e-02 8.627527853526253216e-04
2.459672585620999802e+06 3.489766746513251611e-02 8.627539415135943674e-04
2.459673078687999863e+06 3.493947701176810389e-02 8.627577993442509668e-04
2.459673571756000165e+06 3.491856598089796565e-02 8.627560238835768700e-04
2.459674075348999817e+06 3.395733506913545946e-02 8.627446370278995386e-04
2.459674568415999878e+06 3.521113302198448924e-02 8.627526351969888076e-04
2.459675061482999939e+06 3.313190443359556592e-02 8.627678896088075873e-04
2.459675565076999832e+06 3.449019104663302721e-02 8.627501731363745050e-04
2.459676058143999893e+06 3.363343311823963067e-02 8.627553743450667610e-04
2.459676551210999954e+06 3.643359278935862089e-02 8.627396475399672386e-04
2.459677054804999847e+06 3.475140757532652058e-02 8.627548635550948098e-04
2.459677547871999908e+06 3.411404358601796694e-02 8.627671424451994770e-04
2.459678040938999970e+06 3.387374391932847922e-02 8.627423829988818509e-04
2.459678544532000087e+06 3.397823377287038232e-02 8.627435877568096021e-04
2.459679037599999923e+06 3.316322824907332045e-02 8.627588736731875430e-04
2.459679530666999985e+06 3.459467062084038008e-02 8.627509079050827302e-04
2.459680034260000102e+06 3.419762927811484388e-02 8.627707698066499654e-04
2.459680527327000163e+06 3.483498276511588082e-02 8.627442673910265623e-04
2.459681020394000225e+06 3.388419715372367053e-02 8.627589521373350487e-04
2.459681523988000117e+06 3.436481418777508762e-02 8.627474160162565712e-04
2.459682017055000179e+06 3.221243832164921717e-02 8.627673115148972805e-04
2.459682510121999774e+06 3.464690138966998456e-02 8.627451326261984833e-04
2.459683013716000132e+06 3.319458167894942524e-02 8.627490695190988138e-04
2.459683506783000194e+06 3.391551374098183275e-02 8.627441637362085435e-04
2.459683999849999789e+06 3.297518190679217531e-02 8.627565225522905055e-04
2.459684503444000147e+06 3.426033458878529475e-02 8.627434582055325610e-04
2.459684996511000209e+06 3.278711470095376640e-02 8.627582491042795577e-04
2.459685489577999804e+06 3.283933847623898838e-02 8.627411396904762940e-04
2.459685993170999922e+06 3.532605981835719444e-02 8.627704631182088295e-04
2.459686486237999983e+06 3.529470854908223904e-02 8.627524446431415837e-04
2.459686979305999819e+06 3.442750896078829864e-02 8.627676660398066015e-04
2.459687482898999937e+06 3.550369875807403430e-02 8.627598342285192155e-04
2.459687975965999998e+06 3.552456756230556317e-02 8.627434485262886095e-04
2.459688469033000059e+06 3.610967669295834376e-02 8.627520377297419069e-04
2.459688972626999952e+06 3.343489779723794048e-02 8.627437241038584878e-04
2.459689465694000013e+06 3.351848648558181792e-02 8.627704756527243557e-04
2.459689958761000074e+06 3.439616312987058000e-02 8.627424473925850027e-04
2.459690462354999967e+06 3.458422117822342740e-02 8.627451369007761370e-04
2.459690955422000028e+06 3.406180042523362234e-02 8.627635049740531390e-04
2.459691448489000089e+06 3.608879655663338459e-02 8.627517433045814397e-04
2.459691952082000207e+06 3.291249453491576493e-02 8.627533123176198571e-04
2.459692445150000043e+06 3.388419715372367053e-02 8.627589521373350487e-04
2.459692938217000104e+06 3.444841147374397977e-02 8.627521129800776005e-04
2.459693441810000222e+06 3.578580573387098174e-02 8.627595237081395153e-04
2.459693934876999818e+06 3.410361367590949988e-02 8.627546477045786380e-04
2.459807647255999967e+06 3.506485117726826362e-02 8.627532454425420076e-04
2.459808150849000085e+06 3.379014068807219273e-02 8.627604716961737247e-04
2.459808643916000146e+06 3.345578310988689408e-02 8.627588056736113040e-04
2.459809136983000208e+06 3.336174818688315835e-02 8.627612872133907408e-04
2.459809640577000100e+06 3.440661913100230562e-02 8.627511929108156114e-04
2.459810133644000161e+06 3.265126412019567909e-02 8.627621628892541590e-04
2.459810626711000223e+06 3.405135512529740976e-02 8.627811943561494116e-04
2.459811130305000115e+06 3.491856598089796565e-02 8.627560238835768700e-04
2.459811623372000176e+06 3.360206750802274128e-02 8.627554573717333575e-04
2.459812116438999772e+06 3.478275678427686368e-02 8.627642873583990339e-04
2.459812620031999890e+06 3.275575393624009790e-02 8.627777603467455363e-04
2.459813113100000191e+06 3.531561714451039724e-02 8.627756361563152128e-04
2.459813606166999787e+06 3.464690138966998456e-02 8.627770436016616792e-04
2.459814109759999905e+06 3.419762927811484388e-02 8.627707698066499654e-04
2.459814602826999966e+06 3.373789637719024764e-02 8.627626939283691843e-04
2.459815095894000027e+06 3.456333176090950476e-02 8.627652032593375675e-04
2.459815599487999920e+06 3.477228255601011453e-02 8.627606923958411420e-04
2.459816092554999981e+06 3.525292848767085790e-02 8.627701753604769073e-04
2.459816585622000042e+06 3.370655752674336231e-02 8.627684479163178367e-04
2.459817089215999935e+06 3.305874785094579243e-02 8.627811018912106026e-04
2.459817582282999996e+06 3.449019104663302721e-02 8.627819397762780292e-04
2.459818075350000057e+06 3.390508207317709244e-02 8.627598521746016611e-04
2.459818578943999950e+06 3.517978654278378775e-02 8.627622180872017172e-04
2.459819072011000011e+06 3.411404358601796694e-02 8.627671424451994770e-04
2.459819565078000072e+06 3.513798070338143564e-02 8.627725809144634909e-04
2.459820068671000190e+06 3.303786696106938980e-02 8.627838656470366869e-04
2.459820561737999786e+06 3.292292404058259209e-02 8.627841216139408263e-04
2.459821054806000087e+06 3.379014068807219273e-02 8.627604716961737247e-04
2.459821558399000205e+06 3.415582659267346610e-02 8.627857264273000679e-04
2.459822051465999801e+06 3.362296434043809956e-02 8.627655432502436559e-04
2.459822544532999862e+06 3.326773244334070567e-02 8.627812225790783968e-04
2.459823048127000220e+06 3.431256622457021926e-02 8.627946331638412965e-04
2.459823541193999816e+06 3.507531661726067534e-02 8.627846034717642169e-04
2.459824034260999877e+06 3.345578310988689408e-02 8.627896195885965567e-04
2.459824537854999769e+06 3.510663467867998488e-02 8.627789411700596649e-04
2.459825030921999831e+06 3.413494441598186047e-02 8.627927073837186878e-04
2.459825523988999892e+06 3.269306214461682736e-02 8.627826036605159774e-04
2.459826027582000010e+06 3.315278368814056353e-02 8.627925013339533301e-04
2.459826520649999846e+06 3.257811859937250615e-02 8.627797600385243458e-04
2.459827013716999907e+06 3.562906291000294406e-02 8.627872202516082435e-04
2.459827517310000025e+06 3.393641796277833272e-02 8.628070772064019107e-04
2.459828010377000086e+06 3.463646807191594901e-02 8.628043454457023182e-04
2.459828503444000147e+06 3.314234241665997560e-02 8.627954970107853602e-04
2.459829007038000040e+06 3.437526065922245910e-02 8.627880548877470916e-04
2.459829500105000101e+06 3.461557897876246792e-02 8.627941061723683755e-04
2.459829993172000162e+06 3.419762927811484388e-02 8.628022669872065101e-04
2.459830496766000055e+06 3.371702127741082328e-02 8.628189011899745379e-04
2.459830989833000116e+06 3.475140757532652058e-02 8.628188780135295083e-04
2.459831482900000177e+06 3.479320212188911216e-02 8.627990572889002174e-04
2.459831986494000070e+06 3.464690138966998456e-02 8.628089545771249836e-04
2.459832479561000131e+06 3.483498276511588082e-02 8.628084358006502972e-04
2.459832972628000192e+06 3.394685927178062168e-02 8.628224096780022024e-04
2.459833476220999844e+06 3.418717381280485940e-02 8.628218647522856730e-04
2.459833969287999906e+06 3.279753468315014381e-02 8.628209863955938223e-04
2.459834462356000207e+06 3.470959929601346444e-02 8.628358167425189415e-04
2.459834965948999859e+06 3.410361367590949988e-02 8.628174688825525655e-04
2.459835459015999921e+06 3.520069190039368245e-02 8.628210143861493337e-04
2.459835952082999982e+06 3.556637473537899857e-02 8.628415506679899816e-04
2.459836455676999874e+06 3.331995452415539155e-02 8.628466447886852389e-04
2.459836948743999936e+06 3.535740637066854541e-02 8.628521689630239090e-04
2.459837441810999997e+06 3.410361367590949988e-02 8.628488794715394750e-04
2.459837945404999889e+06 3.354983587871425421e-02 8.628667009275231645e-04
2.459838438471999951e+06 3.480365059625888796e-02 8.628658256438991557e-04
2.459838931539000012e+06 3.486634314092198345e-02 8.628786956637213724e-04
2.459839435132000130e+06 3.533650558005706210e-02 8.628628499564256014e-04
2.459839928199999966e+06 3.476184349870305168e-02 8.628858833552967636e-04
2.459840421267000027e+06 3.400957462301670842e-02 8.628815618697609170e-04
2.459840924860000145e+06 3.399911402414869388e-02 8.628979875071505438e-04
2.459841417927000206e+06 3.407224892927993715e-02 8.629026320598024184e-04
2.459841910993999802e+06 3.422898333745683086e-02 8.628997530189581487e-04
2.459842414588000160e+06 3.248409710048046073e-02 8.629226182807203660e-04
2.459842907655000221e+06 3.337219710675654039e-02 8.629392937862926695e-04
2.459843400721999817e+06 3.533650558005706210e-02 8.629279422052152024e-04
2.459843904316000175e+06 3.414538390797244860e-02 8.629622281440722060e-04
2.459844397382999770e+06 3.331995452415539155e-02 8.629694000376237923e-04
2.459844890449999832e+06 3.502305289117881720e-02 8.629828589039609602e-04
2.459845394044000190e+06 3.335130253859310695e-02 8.629826374151029983e-04
2.459845887110999785e+06 3.410361367590949988e-02 8.630059324164743480e-04
2.459846380177999847e+06 3.341399474714185081e-02 8.630352848027590196e-04
2.459846883770999964e+06 3.335130253859310695e-02 8.630440727847486998e-04
2.459847376838000026e+06 3.339310476535269773e-02 8.630493380565754189e-04
2.459847869905999862e+06 3.524247497251296185e-02 8.630986103368246684e-04
2.459848373498999979e+06 3.480365059625888796e-02 8.631222684184420083e-04
2.459848866566000041e+06 3.482452488445219457e-02 8.631267526437267235e-04
2.459849359633000102e+06 3.385284712397425982e-02 8.631767234738944037e-04
2.459849863226999994e+06 3.346626148155548014e-02 8.631831400871986830e-04
2.459850356294000056e+06 3.368567079200626008e-02 8.632266422899468467e-04
2.459850849361000117e+06 3.333042105266626615e-02 8.632711761056435047e-04
2.459851352955000009e+06 3.392597986529369281e-02 8.632916242552111886e-04
2.459851846022000071e+06 3.420808794102037781e-02 8.633496991736213603e-04
2.459852339089000132e+06 3.428123032495419831e-02 8.633959511783091678e-04
2.459852842681999784e+06 3.500215631702895125e-02 8.634351037854778952e-04
2.459853335750000086e+06 3.382149494885276775e-02 8.634987355801160020e-04
2.459853828817000147e+06 3.455289178430603902e-02 8.635548068289874025e-04
2.459854332409999799e+06 3.325728560051322696e-02 8.636436395849583303e-04
2.459854825476999860e+06 3.496036836553352567e-02 8.636922638843082820e-04
2.459855318543999922e+06 3.275575393624009790e-02 8.637733427682937545e-04
2.459855822137999814e+06 3.418717381280485940e-02 8.638924414766700017e-04
2.459856315204999875e+06 3.567086164212546900e-02 8.639965355798288719e-04
2.459856808271999937e+06 3.500215631702895125e-02 8.641121055096871381e-04
2.459857311865999829e+06 3.410361367590949988e-02 8.642309453869654462e-04
2.459857804932999890e+06 3.365431845986702891e-02 8.643760063070929020e-04
2.459858297999999952e+06 3.412450811572557280e-02 8.645404294576049080e-04
2.459858801593999844e+06 3.505438885985459607e-02 8.647235790047518803e-04
2.459859294660999905e+06 3.443794277212642446e-02 8.649322527310555984e-04
2.459859787727999967e+06 3.231692274163387724e-02 8.651490779176738933e-04
2.459860291321000084e+06 3.489766746513251611e-02 8.653895805570380358e-04
2.459860784388000146e+06 3.478275678427686368e-02 8.657116088257402762e-04
2.459861277455999982e+06 3.424989149747109662e-02 8.660135557416890001e-04
2.459861781049000099e+06 3.510663467867998488e-02 8.664003945827586373e-04
2.459862274116000161e+06 3.677839730238085386e-02 8.668396456186970665e-04
2.459862767183000222e+06 3.411404358601796694e-02 8.673230707621285007e-04
2.459863270777000114e+06 3.593208348046846717e-02 8.679077709167917851e-04
2.459863763844000176e+06 3.454242314637231970e-02 8.685744199984500764e-04
2.459864256910999771e+06 3.455289178430603902e-02 8.693150213134557278e-04
2.459864760505000129e+06 3.484544378630381051e-02 8.702244653213065057e-04
2.459865253572000191e+06 3.375881549429986944e-02 8.712885539190525636e-04
2.459865746638999786e+06 3.483498276511588082e-02 8.725299498586452235e-04
2.459866250231999904e+06 3.576488228791800672e-02 8.740478418871763756e-04
2.459866743300000206e+06 3.509619221907459008e-02 8.758401202874744424e-04
2.459867236366999801e+06 3.686199195490884317e-02 8.780446224045973958e-04
2.459867739959999919e+06 3.726946855808747905e-02 8.808166836562002049e-04
2.459868233026999980e+06 3.653806970681188621e-02 8.842274738000018529e-04
2.459868726094000041e+06 4.003829729515159114e-02 8.885793873281530759e-04
2.459869229687999934e+06 3.902481024341736271e-02 8.943741113462059904e-04
2.459869722754999995e+06 3.994426184781518785e-02 9.018338767597981146e-04
2.459870215822000057e+06 4.295340530654306183e-02 9.117354421418722658e-04
2.459870719415999949e+06 4.575359251477188055e-02 9.247758187821919712e-04
2.459871212483000010e+06 4.680885307068368556e-02 9.394655099398635609e-04
2.459871705550000072e+06 5.035084924499971110e-02 9.531422089429319967e-04
2.459872209143999964e+06 4.463558180678739440e-02 9.196917227440961663e-04
2.459872702211000025e+06 4.150106101356961646e-02 9.049123664934049724e-04
2.459873195278000087e+06 5.119717526201324198e-02 9.595436855113371327e-04
2.459873698871000204e+06 4.248323697089913947e-02 9.106768779815835064e-04
2.459874191937999800e+06 3.996516404886334833e-02 8.996923335534592718e-04
2.459874685006000102e+06 3.927556126364166456e-02 8.923434081000773633e-04
2.459875188599000219e+06 3.860685282440095428e-02 8.867865862520656409e-04
2.459875681665999815e+06 3.856505898947927558e-02 8.827363790636851308e-04
2.459876174732999876e+06 3.573353651072231491e-02 8.795679457532647010e-04
2.459876678326999769e+06 3.641269303736269225e-02 8.770011709604499809e-04
2.459877171393999830e+06 3.755156142157616006e-02 8.749633628130339342e-04
2.459877664460999891e+06 3.643359278935862089e-02 8.733099699427320992e-04
2.459878168054999784e+06 3.584848445639640668e-02 8.718977269906425485e-04
2.459878661121999845e+06 3.469914709786455637e-02 8.707575170517853911e-04
2.459879154188999906e+06 3.720677260299003197e-02 8.697739757576408194e-04
2.459987411249999888e+06 3.420808794102037781e-02 8.627510697201399605e-04
2.459987904316999950e+06 3.446929493016147317e-02 8.627671757807377998e-04
2.459988407910000067e+06 3.421851828606480711e-02 8.627619987027151200e-04
2.459988900977000128e+06 3.364387416841096989e-02 8.627443208505426731e-04
2.459989394044000190e+06 3.457377489189759900e-02 8.627711342920102618e-04
2.459989897638000082e+06 3.459467062084038008e-02 8.627509079050827302e-04
2.459990390705000143e+06 3.632911346869281688e-02 8.627416655829832446e-04
2.459990883772000205e+06 3.431256622457021926e-02 8.627630301224449095e-04
2.459991387366000097e+06 3.388419715372367053e-02 8.627589521373350487e-04
2.459991880433000159e+06 3.409315555363450628e-02 8.627412853426764472e-04
2.459992373500000220e+06 3.311100783219364518e-02 8.627421720559001273e-04
2.459992877094000112e+06 3.499171270591239225e-02 8.627585089565569486e-04
2.459993370161000174e+06 3.462600600423109548e-02 8.627669744522720738e-04
2.459993863227999769e+06 3.417675302205103183e-02 8.627477307317461342e-04
2.459994366820999887e+06 3.433346219505773594e-02 8.627508643100230933e-04
2.459994859887999948e+06 3.496036836553352567e-02 8.627584728969972050e-04
2.459995352955999784e+06 3.390508207317709244e-02 8.627598521746016611e-04
2.459995856548999902e+06 3.594250981452175309e-02 8.627636130037158284e-04
2.459996349615999963e+06 3.492901993147664447e-02 8.627569500005908935e-04
2.459996842683000024e+06 3.512752891990881393e-02 8.627424249769403584e-04
2.459997346276999917e+06 3.339310476535269773e-02 8.627417761956093995e-04
2.459997839343999978e+06 3.435437089095853824e-02 8.627700052541262439e-04
2.459998332411000039e+06 3.402000710672648670e-02 8.627702489596840397e-04
2.459998836004999932e+06 3.513798070338143564e-02 8.627402176382371543e-04
2.459999329071999993e+06 3.289158484569043583e-02 8.627504919844613271e-04
2.459999822139000054e+06 3.345578310988689408e-02 8.627588056736113040e-04
2.460000325732000172e+06 3.496036836553352567e-02 8.627584728969972050e-04
2.460000818800000008e+06 3.438571030626591529e-02 8.627652979224117134e-04
2.460001311867000069e+06 3.452152718021535976e-02 8.627709345326867044e-04
2.460001815460000187e+06 3.417675302205103183e-02 8.627477307317461342e-04
2.460002308526999783e+06 3.407224892927993715e-02 8.627457235548636420e-04
2.460002801593999844e+06 3.406180042523362234e-02 8.627635049740531390e-04
2.460003305188000202e+06 3.224378376488833825e-02 8.627456264686724505e-04
2.460003798254999798e+06 3.413494441598186047e-02 8.627612679380539887e-04
2.460004291321999859e+06 3.542008507654428179e-02 8.627506072185960615e-04
2.460004794916000217e+06 3.387374391932847922e-02 8.627423829988818509e-04
2.460005287982999813e+06 3.435437089095853824e-02 8.627700052541262439e-04
2.460005781049999874e+06 3.392597986529369281e-02 8.627604255577905716e-04
2.460006284644000232e+06 3.326773244334070567e-02 8.627505818651578541e-04
2.460006777710999828e+06 3.463646807191594901e-02 8.627405427136570788e-04
2.460007270777999889e+06 3.318412724344093484e-02 8.627524252417511502e-04
2.460007774371000007e+06 3.363343311823963067e-02 8.627553743450667610e-04
2.460008267438000068e+06 3.498127221086148181e-02 8.627588388020317753e-04
2.460008760505999904e+06 3.572310499195373301e-02 8.627613733371701813e-04
2.460009264099000022e+06 3.373789637719024764e-02 8.627626939283691843e-04
2.460009757166000083e+06 3.571264362583251306e-02 8.627389650975415348e-04
2.460010250233000144e+06 3.463646807191594901e-02 8.627405427136570788e-04
2.460010753827000037e+06 3.525292848767085790e-02 8.627701753604769073e-04
2.460011246894000098e+06 3.455289178430603902e-02 8.627591970935636354e-04
2.460011739961000159e+06 3.320503940805731580e-02 8.627456260519282289e-04
2.460012243555000052e+06 3.377968535773021724e-02 8.627424146535954234e-04
2.460012736622000113e+06 3.391551374098183275e-02 8.627441637362085435e-04
2.460013229689000174e+06 3.487678145698152460e-02 8.627515526023045531e-04
2.460013733281999826e+06 3.381102991688920284e-02 8.627644355436158439e-04
2.460014226350000128e+06 3.274531706848320817e-02 8.627441324660468447e-04
2.460014719417000189e+06 3.387374391932847922e-02 8.627423829988818509e-04
2.460015223009999841e+06 3.358118366308821684e-02 8.627450507712003348e-04
2.460015716076999903e+06 3.414538390797244860e-02 8.627420847185251649e-04
2.460016209143999964e+06 3.443794277212642446e-02 8.627436750260263033e-04
2.460016712737999856e+06 3.589027615566493801e-02 8.627659311329059517e-04
2.460017205804999918e+06 3.347668146867353867e-02 8.627427362833741146e-04
2.460017698871999979e+06 3.335130253859310695e-02 8.627676136213425009e-04
2.460018202465999871e+06 3.454242314637231970e-02 8.627523212159982947e-04
2.460018695532999933e+06 3.475140757532652058e-02 8.627548635550948098e-04
2.460019188599999994e+06 3.447974140541092136e-02 8.627428381367007772e-04
2.460019692193999887e+06 3.472005464261006952e-02 8.627439612844535304e-04
2.460020185260999948e+06 3.483498276511588082e-02 8.627442673910265623e-04
2.460020678328000009e+06 3.463646807191594901e-02 8.627405427136570788e-04
2.460021181921000127e+06 3.510663467867998488e-02 8.627466067645891577e-04
2.460021674988000188e+06 3.294382331022237265e-02 8.627553063974117715e-04
2.460022168056000024e+06 3.476184349870305168e-02 8.627578159910646687e-04
2.460022671649000142e+06 3.364387416841096989e-02 8.627443208505426731e-04
2.460023164716000203e+06 3.439616312987058000e-02 8.627424473925850027e-04
2.460023657782999799e+06 3.450064385478716911e-02 8.627574333398987071e-04
2.460024161377000157e+06 3.380059925449928337e-02 8.627473257637309576e-04
2.460024654444000218e+06 3.405135512529740976e-02 8.627498318990663466e-04
2.460025147510999814e+06 3.365431845986702891e-02 8.627641741214812530e-04
2.460025651105000172e+06 3.361252977942902342e-02 8.627454586004165878e-04
2.460026144171999767e+06 3.403047413382544184e-02 8.627536107781851472e-04
2.460026637238999829e+06 3.318412724344093484e-02 8.627524252417511502e-04
2.460027140831999946e+06 3.459467062084038008e-02 8.627509079050827302e-04
2.460027633899999782e+06 3.446929493016147317e-02 8.627671757807377998e-04
2.460028126966999844e+06 3.508575286557605311e-02 8.627504783390946980e-04
2.460028630559999961e+06 3.382149494885276775e-02 8.627511176272327498e-04
2.460029123627000023e+06 3.558728038007351324e-02 8.627587346347826217e-04
2.460029616694000084e+06 3.542008507654428179e-02 8.627506072185960615e-04
2.460030120287999976e+06 3.389462239580916941e-02 8.627434365967878195e-04
2.460030613355000038e+06 3.338264929923809993e-02 8.627483685554123045e-04
2.460031106422000099e+06 3.490811515909540003e-02 8.627550210392413016e-04
2.460031610015999991e+06 3.354983587871425421e-02 8.627430987643764683e-04
2.460032103083000053e+06 3.286024521702957113e-02 8.627456154189108673e-04
2.460032596150000114e+06 3.363343311823963067e-02 8.627553743450667610e-04
2.460033099744000006e+06 3.349759288174746635e-02 8.627571625962880165e-04
2.460033592811000068e+06 3.427078086428932829e-02 8.627539997823827078e-04
2.460034085878000129e+06 3.326773244334070567e-02 8.627505818651578541e-04
2.460034589470999781e+06 3.369609702339935314e-02 8.627489781112643872e-04
2.460035082537999842e+06 3.291249453491576493e-02 8.627533123176198571e-04
2.460035575606000144e+06 3.408270063841910280e-02 8.627592413711455618e-04
2.460036079198999796e+06 3.536786140140710244e-02 8.627489855373669803e-04
2.460036572265999857e+06 3.258859222168564856e-02 8.627569852741603321e-04
2.460037065332999919e+06 3.377968535773021724e-02 8.627424146535954234e-04
2.460037568926999811e+06 3.465736977078691383e-02 8.627504416448034293e-04
2.460038061993999872e+06 3.406180042523362234e-02 8.627635049740531390e-04
2.460038555060999934e+06 3.469914709786455637e-02 8.627677431670704869e-04
2.460039058654999826e+06 3.516932232417491200e-02 8.627647268270622087e-04
2.460039551721999887e+06 3.427078086428932829e-02 8.627539997823827078e-04
2.460040044788999949e+06 3.501260304514094285e-02 8.627576180701983406e-04
2.460040548382000066e+06 3.361252977942902342e-02 8.627454586004165878e-04
2.460041041449999902e+06 3.452152718021535976e-02 8.627709345326867044e-04
2.460041534516999964e+06 3.408270063841910280e-02 8.627592413711455618e-04
2.460042038110000081e+06 3.392597986529369281e-02 8.627604255577905716e-04
2.460042531177000143e+06 3.436481418777508762e-02 8.627474160162565712e-04
2.460043024244000204e+06 3.335130253859310695e-02 8.627676136213425009e-04
2.460043527838000096e+06 3.463646807191594901e-02 8.627405427136570788e-04
2.460044020905000158e+06 3.430210721222802517e-02 8.627527935850655503e-04
2.460044513972000219e+06 3.436481418777508762e-02 8.627474160162565712e-04
2.460045017566000111e+06 3.543055864110258163e-02 8.627446568037607172e-04
2.460045510633000173e+06 3.342446003066986554e-02 8.627514568036322813e-04
2.460046003699999768e+06 3.563949979268132146e-02 8.627445312645861753e-04
2.460046507294000126e+06 3.455289178430603902e-02 8.627591970935636354e-04
2.460047000361000188e+06 3.453198948528984902e-02 8.627461649274607500e-04
2.460047493427999783e+06 3.437526065922245910e-02 8.627563941026425605e-04
2.460047997020999901e+06 3.293338718396951470e-02 8.627549929426180748e-04
2.460048490087999962e+06 3.283933847623898838e-02 8.627411396904762940e-04
2.460048983155999798e+06 3.247365706177306188e-02 8.627649216253069093e-04
2.460049486748999916e+06 3.435437089095853824e-02 8.627700052541262439e-04
2.460049979815999977e+06 3.519022146349136404e-02 8.627588368441233306e-04
2.460050472883000039e+06 3.424989149747109662e-02 8.627643882102207194e-04
2.460050976476999931e+06 3.453198948528984902e-02 8.627461649274607500e-04
2.460051469543999992e+06 3.451109983083336386e-02 8.627646187012686253e-04
2.460051962611000054e+06 3.551413162732477286e-02 8.627516810227328159e-04
2.460052466204999946e+06 3.331995452415539155e-02 8.627545783519814052e-04
2.460052959272000007e+06 3.316322824907332045e-02 8.627588736731875430e-04
2.460053452339000069e+06 3.481410220832837493e-02 8.627401664531898513e-04
2.460053955932000186e+06 3.431256622457021926e-02 8.627630301224449095e-04
2.460054449000000022e+06 3.445885161992545687e-02 8.627596817080718803e-04
2.460054942067000084e+06 3.502305289117881720e-02 8.627570569373655416e-04
2.460055445660000201e+06 3.399911402414869388e-02 8.627414158008964119e-04
2.460055938726999797e+06 3.444841147374397977e-02 8.627521129800776005e-04
2.460056431793999858e+06 3.504396194075481280e-02 8.627557030623763182e-04
2.460056935388000216e+06 3.400957462301670842e-02 8.627562659664873368e-04
2.460057428454999812e+06 3.422898333745683086e-02 8.627421227253959275e-04
2.460057921521999873e+06 3.504396194075481280e-02 8.627557030623763182e-04
2.460058425116000231e+06 3.486634314092198345e-02 8.627502433085796826e-04
2.460058918182999827e+06 3.203482825528118638e-02 8.627605940628585435e-04
