2.458346727899000049e+06 4.617490387319483219e-02 1.050202683900263324e-03
2.458347220966000110e+06 4.604011502657644195e-02 1.050190169353523717e-03
2.458347714033000171e+06 4.746125304188500427e-02 1.050171430298993186e-03
2.458348217627000064e+06 4.817183609569988811e-02 1.050188209058779696e-03
2.458348710694000125e+06 4.531729720952434870e-02 1.050189272580121869e-03
2.458349203761000186e+06 4.687322120735203101e-02 1.050197989247358184e-03
2.458349707355000079e+06 4.727748875446156213e-02 1.050198444873739860e-03
2.458350200422000140e+06 4.557459311389570195e-02 1.050191326511550668e-03
2.458350693489000201e+06 4.780432606683317903e-02 1.050189521496259788e-03
2.458351197081999853e+06 4.755927220165673958e-02 1.050193910857685113e-03
2.458351690150000155e+06 4.785331185343714294e-02 1.050207877241889206e-03
2.458352183217000216e+06 4.604011502657644195e-02 1.050190169353523717e-03
2.458352686809999868e+06 4.664045730654495237e-02 1.050180748119302569e-03
2.458353179876999930e+06 4.751028110222392520e-02 1.050206064287400416e-03
2.458353672943999991e+06 4.668945451656580231e-02 1.050208930315246021e-03
2.458354176537999883e+06 4.512129961431025210e-02 1.050177046926078269e-03
2.458354669604999945e+06 4.559907154843083343e-02 1.050167415502661211e-03
2.458355162672000006e+06 4.531729720952434870e-02 1.050189272580121869e-03
2.458355666265999898e+06 4.917645291701121246e-02 1.050167832975438696e-03
2.458356159332999960e+06 4.648118590887886925e-02 1.050190614012653113e-03
2.458356652400000021e+06 4.682420365388670347e-02 1.050177914468461903e-03
2.458357155993999913e+06 4.588086530251317408e-02 1.050191804879591377e-03
2.458357649060999975e+06 4.600336498886788833e-02 1.050199302203514307e-03
2.458358142128000036e+06 4.655466436955524312e-02 1.050178519185656408e-03
2.458358645721000154e+06 4.551330778392898013e-02 1.050204363558813374e-03
2.458359138788000215e+06 4.840461832277478949e-02 1.050180683129463104e-03
2.458359631856000051e+06 4.535404221903000660e-02 1.050205354147370736e-03
2.458360135449000169e+06 4.724075175028902285e-02 1.050209083937420030e-03
2.458360628516000230e+06 4.660370022210742758e-02 1.050168654814348122e-03
2.458361121582999825e+06 4.575835465219306453e-02 1.050169162846837029e-03
2.458361625177000184e+06 4.791457055050077352e-02 1.050184225591220414e-03
2.458362118243999779e+06 4.677519427883899961e-02 1.050198847508516508e-03
2.458362611310999840e+06 4.678747413108427095e-02 1.050172905331576024e-03
2.458363114905000199e+06 4.675068730137606210e-02 1.050208382370906163e-03
2.458363607971999794e+06 4.420245594739539985e-02 1.050205886680388853e-03
2.458364101038999856e+06 4.671392939545282452e-02 1.050200129291645581e-03
2.458364604631999973e+06 4.820858672899427239e-02 1.050190173558947053e-03
2.458365097699999809e+06 4.677519427883899961e-02 1.050198847508516508e-03
2.458365590766999871e+06 4.768177345595030203e-02 1.050176132706329103e-03
2.458366094359999988e+06 4.643215066746196606e-02 1.050194622730550456e-03
2.458366587427000050e+06 4.714273775232721148e-02 1.050201138194107589e-03
2.458367080494000111e+06 4.695895242819329157e-02 1.050172517884274785e-03
2.458367584088000003e+06 4.525606609441016476e-02 1.050187495131631394e-03
2.458368077155000065e+06 4.693447885870565689e-02 1.050187167376816352e-03
2.458368570222000126e+06 4.657919729357759553e-02 1.050174218703052486e-03
2.458369073816000018e+06 4.743677983329203096e-02 1.050197895083412446e-03
2.458369566883000080e+06 4.608911829918987957e-02 1.050204259308061897e-03
2.458370059950000141e+06 4.569707474401930869e-02 1.050193780050634592e-03
2.458370563544000033e+06 4.553783718540103248e-02 1.050183184726040126e-03
2.458371056611000095e+06 4.579511985589997808e-02 1.050169358979976706e-03
2.458371549678000156e+06 4.656692921597679197e-02 1.050197850808907811e-03
2.458372053270999808e+06 4.688548361137802323e-02 1.050170447433046135e-03
2.458372546337999869e+06 4.474148556393915677e-02 1.050196866052745563e-03
2.458373039406000171e+06 4.694671404867439141e-02 1.050201499975048081e-03
2.458373542998999823e+06 4.606463136024972760e-02 1.050197842775514199e-03
2.458374036065999884e+06 4.803710208367341361e-02 1.050170980815802934e-03
2.458374529132999945e+06 4.668945451656580231e-02 1.050208930315246021e-03
2.458375032726999838e+06 4.760826997030483121e-02 1.050179648419118789e-03
2.458375525793999899e+06 4.468025056953490309e-02 1.050199845540329300e-03
2.458376018860999960e+06 4.676296071982541380e-02 1.050182600740951757e-03
2.458376522454999853e+06 4.622388031432927979e-02 1.050167113076573566e-03
2.458377015521999914e+06 4.918868359818660829e-02 1.050202498076940232e-03
2.458377508588999975e+06 4.711825519450441035e-02 1.050176509224742122e-03
2.458378012182000093e+06 4.594213778801517489e-02 1.050197932760988133e-03
2.458378505249999929e+06 4.661593505216297950e-02 1.050186745527119684e-03
2.458378998316999990e+06 4.661593505216297950e-02 1.050186745527119684e-03
2.458379501910000108e+06 4.573383283390593246e-02 1.050196092953310182e-03
2.458379994977000169e+06 4.453320993267791822e-02 1.050189081030318290e-03
2.458380488044000231e+06 4.611361825484518867e-02 1.050167913690698692e-03
2.458380991638000123e+06 4.693447885870565689e-02 1.050187167376816352e-03
2.458381484705000184e+06 4.693447885870565689e-02 1.050187167376816352e-03
2.458381977771999780e+06 4.559907154843083343e-02 1.050167415502661211e-03
2.458382481366000138e+06 4.814735123923526844e-02 1.050186561938936834e-03
2.458382974433000199e+06 4.702023550536640201e-02 1.050200505434142504e-03
2.458383467499999795e+06 4.731425432734705228e-02 1.050187154152003180e-03
2.458383971094000153e+06 4.808610495403275314e-02 1.050179330552979129e-03
2.458384464161000215e+06 4.743677983329203096e-02 1.050197895083412446e-03
2.458384957227999810e+06 4.618715375135281492e-02 1.050183515722086019e-03
2.458385460820999928e+06 4.709374197620740110e-02 1.050194030309548878e-03
2.458385953887999989e+06 4.627290870341783935e-02 1.050172904213804784e-03
2.458386446955999825e+06 4.619940687931756162e-02 1.050206814686124477e-03
2.458386950548999943e+06 4.668945451656580231e-02 1.050208930315246021e-03
2.458387443616000004e+06 4.604011502657644195e-02 1.050190169353523717e-03
2.458387936683000065e+06 4.815959211142201157e-02 1.050187419221261824e-03
2.458388440276999958e+06 4.673846015190410985e-02 1.050191997714456857e-03
2.458388933344000019e+06 4.646894364561903606e-02 1.050170810585210075e-03
2.458389426411000080e+06 4.615037135676935964e-02 1.050197294807639131e-03
2.458389930004999973e+06 4.551330778392898013e-02 1.050204363558813374e-03
2.458390423072000034e+06 4.672619316388015864e-02 1.050174582544209992e-03
2.458390916139000095e+06 4.617490387319483219e-02 1.050202683900263324e-03
2.458391419732000213e+06 4.534180449369255850e-02 1.050172548917526925e-03
2.458391912800000049e+06 4.744901485974246935e-02 1.050206552104878451e-03
2.458392405867000110e+06 4.684870601976883625e-02 1.050166515689820220e-03
2.458392909460000228e+06 4.688548361137802323e-02 1.050170447433046135e-03
2.458393402526999824e+06 4.731425432734705228e-02 1.050187154152003180e-03
2.458393895593999885e+06 4.548883349220367300e-02 1.050184285389641403e-03
2.458394399187999777e+06 4.885790041801073291e-02 1.050205082006589472e-03
2.458394892254999839e+06 4.585636230145649639e-02 1.050180001024948523e-03
2.458395385321999900e+06 4.488851103851745905e-02 1.050175046104673661e-03
2.458395888915999793e+06 4.702023550536640201e-02 1.050200505434142504e-03
2.458396381982999854e+06 4.713049488369228102e-02 1.050188855934096029e-03
2.458396875049999915e+06 4.702023550536640201e-02 1.050200505434142504e-03
2.458397378643999808e+06 4.656692921597679197e-02 1.050197850808907811e-03
2.458397871710999869e+06 4.705697438797184357e-02 1.050197590720443590e-03
2.458398364777999930e+06 4.649343139736840380e-02 1.050167532953427988e-03
2.458398868371000048e+06 4.604011502657644195e-02 1.050190169353523717e-03
2.458399361438000109e+06 4.630966080322491962e-02 1.050196597755543833e-03
2.458399854505999945e+06 4.679971410299940682e-02 1.050189014061189479e-03
2.458400358099000063e+06 4.632190376738161419e-02 1.050175591674319328e-03
2.458400851166000124e+06 4.773080950759237689e-02 1.050201055587795390e-03
2.458401344233000185e+06 4.553783718540103248e-02 1.050183184726040126e-03
2.458401847827000078e+06 4.618715375135281492e-02 1.050183515722086019e-03
2.458402340894000139e+06 4.517028180354277361e-02 1.050193793455419687e-03
2.458402833961000200e+06 4.831887342819082831e-02 1.050189512113080224e-03
2.458403337555000093e+06 4.626063608110650427e-02 1.050192627942368164e-03
2.458403830622000154e+06 4.461897609684652849e-02 1.050197947860571825e-03
2.458404323689000215e+06 4.747353810525797857e-02 1.050180912467678189e-03
2.458404827281999867e+06 4.724075175028902285e-02 1.050209083937420030e-03
2.458405320350000169e+06 4.719174103785712948e-02 1.050206156854387911e-03
2.458405813417000230e+06 4.660370022210742758e-02 1.050168654814348122e-03
2.458406317009999882e+06 4.635865208343482868e-02 1.050197462005216095e-03
2.458406810076999944e+06 4.749803027788814663e-02 1.050197745874187393e-03
2.458407303144000005e+06 4.532957007041849701e-02 1.050181435006410958e-03
2.458407806737999897e+06 4.681195727698767017e-02 1.050205059346694244e-03
2.458408299804999959e+06 4.732650134097594885e-02 1.050197452945898129e-03
2.458408792872000020e+06 4.651793205343476845e-02 1.050206804835993350e-03
2.458409296465999912e+06 4.574609209995945253e-02 1.050182669229030247e-03
2.458409789532999974e+06 4.644442601447339170e-02 1.050172826197066532e-03
2.458410282600000035e+06 4.428819697485117390e-02 1.050203460396286403e-03
2.458410786193999927e+06 4.583187238640105965e-02 1.050167910245647807e-03
2.458411279260999989e+06 4.708146846801636309e-02 1.050180511952650579e-03
2.458411772328000050e+06 4.737552110436574898e-02 1.050194362998041302e-03
2.458412275921000168e+06 4.791457055050077352e-02 1.050184225591220414e-03
2.458412768988000229e+06 4.700798115433370977e-02 1.050186579283802829e-03
2.458413262056000065e+06 4.632190376738161419e-02 1.050175591674319328e-03
2.458413765649000183e+06 4.784106070287733742e-02 1.050203388074722735e-03
2.458414258715999778e+06 4.592986828761225215e-02 1.050171280319402807e-03
2.458414751782999840e+06 4.621166325795108415e-02 1.050187489585183978e-03
2.458415255377000198e+06 4.743677983329203096e-02 1.050197895083412446e-03
2.458415748443999793e+06 4.692220364048917819e-02 1.050171803672967285e-03
2.458416241510999855e+06 4.634639940663077412e-02 1.050176012557246363e-03
2.458416745105000213e+06 4.553783718540103248e-02 1.050183184726040126e-03
2.458417238171999808e+06 4.764502947994754545e-02 1.050200629321481477e-03
2.458417731238999870e+06 4.862513275116721323e-02 1.050172899167644463e-03
2.458418234831999987e+06 4.438620350422755462e-02 1.050197254934603051e-03
2.458526481366999913e+06 4.774303242499904065e-02 1.050206153584301019e-03
2.458526984960000031e+06 4.600336498886788833e-02 1.050199302203514307e-03
2.458527478027000092e+06 4.580735336020713699e-02 1.050196755754578262e-03
2.458527971094000153e+06 4.670171185962370547e-02 1.050183543715134003e-03
2.458528474688000046e+06 4.681195727698767017e-02 1.050205059346694244e-03
2.458528967755000107e+06 4.724075175028902285e-02 1.050209083937420030e-03
2.458529460822000168e+06 4.715498380123483296e-02 1.050169924625350129e-03
2.458529964416000061e+06 4.683645323453428794e-02 1.050193821480557670e-03
2.458530457483000122e+06 4.633414996823168042e-02 1.050197176414712375e-03
2.458530950550000183e+06 4.588086530251317408e-02 1.050191804879591377e-03
2.458531454144000076e+06 4.515805206952447359e-02 1.050200600991753374e-03
2.458531947211000137e+06 4.693447885870565689e-02 1.050187167376816352e-03
2.458532440278000198e+06 4.673846015190410985e-02 1.050191997714456857e-03
2.458532943870999850e+06 4.499878627796635028e-02 1.050185340141068877e-03
2.458533436937999912e+06 4.659142569089987779e-02 1.050192446320239803e-03
2.458533930006000213e+06 4.596660194886777878e-02 1.050206784066511079e-03
2.458534433598999865e+06 4.814735123923526844e-02 1.050186561938936834e-03
2.458534926665999927e+06 4.566034619806315364e-02 1.050190792442113772e-03
2.458535419732999988e+06 4.733875152467170722e-02 1.050207686708560725e-03
2.458535923326999880e+06 4.594213778801517489e-02 1.050197932760988133e-03
2.458536416393999942e+06 4.600336498886788833e-02 1.050199302203514307e-03
2.458536909461000003e+06 4.590538139656349242e-02 1.050203321499492380e-03
2.458537413054999895e+06 4.695895242819329157e-02 1.050172517884274785e-03
2.458537906121999957e+06 4.762054922796930823e-02 1.050187352800403861e-03
2.458538399189000018e+06 4.752253508632647838e-02 1.050170547255754828e-03
2.458538902782000136e+06 4.650568011193702972e-02 1.050187200157409696e-03
2.458539395849999972e+06 4.662817309421799644e-02 1.050204773359308345e-03
2.458539888917000033e+06 4.702023550536640201e-02 1.050200505434142504e-03
2.458540392510000151e+06 4.781656781037822712e-02 1.050194210167551719e-03
2.458540885577000212e+06 4.695895242819329157e-02 1.050172517884274785e-03
2.458541378643999808e+06 4.450872975212417232e-02 1.050185702376873380e-03
2.458541882238000166e+06 4.666494948080153471e-02 1.050173486540324904e-03
2.458542375305000227e+06 4.471701445049086621e-02 1.050199069052025307e-03
2.458542868371999823e+06 4.700798115433370977e-02 1.050186579283802829e-03
2.458543371966000181e+06 4.764502947994754545e-02 1.050200629321481477e-03
2.458543865032999776e+06 4.804931492636747847e-02 1.050172443551061372e-03
2.458544358099999838e+06 4.465573068926392136e-02 1.050199323208235056e-03
2.458544861694000196e+06 4.518255646427896122e-02 1.050187872464429430e-03
2.458545354760999791e+06 4.586861216579773276e-02 1.050207062113748006e-03
2.458545847827999853e+06 4.555008586664338610e-02 1.050171988754692838e-03
2.458546351420999970e+06 4.770628518141132451e-02 1.050188726436475069e-03
2.458546844488000032e+06 4.688548361137802323e-02 1.050170447433046135e-03
2.458547337555999868e+06 4.768177345595030203e-02 1.050176132706329103e-03
2.458547841148999985e+06 4.790230371681491323e-02 1.050180080920625836e-03
2.458548334216000047e+06 4.588086530251317408e-02 1.050191804879591377e-03
2.458548827283000108e+06 4.857611745652690854e-02 1.050188065996257147e-03
2.458549330877000000e+06 4.627290870341783935e-02 1.050172904213804784e-03
2.458549823944000062e+06 4.595436824048094310e-02 1.050181231671114008e-03
2.458550317011000123e+06 4.566034619806315364e-02 1.050190792442113772e-03
2.458550820605000015e+06 4.755927220165673958e-02 1.050193910857685113e-03
2.458551313672000077e+06 4.651793205343476845e-02 1.050206804835993350e-03
2.458551806739000138e+06 4.702023550536640201e-02 1.050200505434142504e-03
2.458552310331999790e+06 4.672619316388015864e-02 1.050174582544209992e-03
2.458552803400000092e+06 4.877216113865864150e-02 1.050203861917558363e-03
2.458553296467000153e+06 4.676296071982541380e-02 1.050182600740951757e-03
2.458553800059999805e+06 4.604011502657644195e-02 1.050190169353523717e-03
2.458554293126999866e+06 4.520703251877090240e-02 1.050173853641038013e-03
2.458554786193999927e+06 4.579511985589997808e-02 1.050169358979976706e-03
2.458555289787999820e+06 4.575835465219306453e-02 1.050169162846837029e-03
2.458555782854999881e+06 4.558685168167826013e-02 1.050179895692199055e-03
2.458556275921999943e+06 4.740000636583854843e-02 1.050169597489153742e-03
2.458556779515999835e+06 4.585636230145649639e-02 1.050180001024948523e-03
2.458557272582999896e+06 4.633414996823168042e-02 1.050197176414712375e-03
2.458557765649999958e+06 4.539081702280436947e-02 1.050178964849802620e-03
2.458558269243999850e+06 4.626063608110650427e-02 1.050192627942368164e-03
2.458558762310999911e+06 4.633414996823168042e-02 1.050197176414712375e-03
2.458559255377999973e+06 4.482723996849386633e-02 1.050186657534017947e-03
2.458559758971000090e+06 4.758376477925721493e-02 1.050208835634577984e-03
2.458560252038000152e+06 4.552559179789968102e-02 1.050194298737791836e-03
2.458560745105999988e+06 4.807383848264182996e-02 1.050177102075458340e-03
2.458561248699000105e+06 4.838010426675792841e-02 1.050183545839257796e-03
2.458561741766000167e+06 4.621166325795108415e-02 1.050187489585183978e-03
2.458562234833000228e+06 4.665270178640669452e-02 1.050198638826434043e-03
2.458562738427000120e+06 4.654244562061862073e-02 1.050202959303128984e-03
2.458563231494000182e+06 4.760826997030483121e-02 1.050179648419118789e-03
2.458563724560999777e+06 4.688548361137802323e-02 1.050170447433046135e-03
2.458564228155000135e+06 4.657919729357759553e-02 1.050174218703052486e-03
2.458564721222000197e+06 4.530506939896652291e-02 1.050197996194850462e-03
2.458565214288999792e+06 4.541532223690752934e-02 1.050202148924425389e-03
2.458565717881999910e+06 4.677519427883899961e-02 1.050198847508516508e-03
2.458566210950000212e+06 4.629742107490609354e-02 1.050174877871732845e-03
2.458566704016999807e+06 4.452098866249344644e-02 1.050187914558057059e-03
2.458567207609999925e+06 4.831887342819082831e-02 1.050189512113080224e-03
2.458567700676999986e+06 4.721626177878755770e-02 1.050186500826828405e-03
2.458568193744000047e+06 4.623614318559361031e-02 1.050190204676774335e-03
2.458568697337999940e+06 4.771854576900705358e-02 1.050194924101692474e-03
2.458569190405000001e+06 4.715498380123483296e-02 1.050169924625350129e-03
2.458569683472000062e+06 4.612589435785748038e-02 1.050192582258272986e-03
2.458570187065999955e+06 4.607689442225199744e-02 1.050180351706200789e-03
2.458570680133000016e+06 4.780432606683317903e-02 1.050189521496259788e-03
2.458571173200000077e+06 4.711825519450441035e-02 1.050176509224742122e-03
2.458571676793999970e+06 4.583187238640105965e-02 1.050167910245647807e-03
2.458572169861000031e+06 4.717948544317342868e-02 1.050194144022881032e-03
2.458572662928000093e+06 4.502328718521707296e-02 1.050176592591042096e-03
2.458573166521000210e+06 4.648118590887886925e-02 1.050190614012653113e-03
2.458573659587999806e+06 4.360211941504907318e-02 1.050198952402955346e-03
2.458574152656000108e+06 4.656692921597679197e-02 1.050197850808907811e-03
2.458574656249000225e+06 4.694671404867439141e-02 1.050201499975048081e-03
2.458575149315999821e+06 4.692220364048917819e-02 1.050171803672967285e-03
2.458575642382999882e+06 4.814735123923526844e-02 1.050186561938936834e-03
2.458576145976999775e+06 4.623614318559361031e-02 1.050190204676774335e-03
2.458576639043999836e+06 4.678747413108427095e-02 1.050172905331576024e-03
2.458577132110999897e+06 4.770628518141132451e-02 1.050188726436475069e-03
2.458577635704999790e+06 4.744901485974246935e-02 1.050206552104878451e-03
2.458578128771999851e+06 4.595436824048094310e-02 1.050181231671114008e-03
2.458578621838999912e+06 4.519479283459390540e-02 1.050180903452489854e-03
2.458579125432000030e+06 4.675068730137606210e-02 1.050208382370906163e-03
2.458579618499999866e+06 4.475376736180480819e-02 1.050196612995948258e-03
2.458580111566999927e+06 4.630966080322491962e-02 1.050196597755543833e-03
2.458580615160000045e+06 4.817183609569988811e-02 1.050188209058779696e-03
2.458581108227000106e+06 4.531729720952434870e-02 1.050189272580121869e-03
2.458581601294000167e+06 4.697123726018218731e-02 1.050187678640533261e-03
2.458582104888000060e+06 4.681195727698767017e-02 1.050205059346694244e-03
2.458582597955000121e+06 4.577062049148749451e-02 1.050197730062753633e-03
2.458583091022000182e+06 4.845363907723036073e-02 1.050173172607236395e-03
2.458583594616000075e+06 4.573383283390593246e-02 1.050196092953310182e-03
2.458584087683000136e+06 4.637090799950000647e-02 1.050176140210514961e-03
2.458584580750000197e+06 4.491303463597511036e-02 1.050169650147666708e-03
2.458585084344000090e+06 4.804931492636747847e-02 1.050172443551061372e-03
2.458585577411000151e+06 4.639542955283917913e-02 1.050175974323875683e-03
2.458586070478000212e+06 4.773080950759237689e-02 1.050201055587795390e-03
2.458586574070999864e+06 4.717948544317342868e-02 1.050194144022881032e-03
2.458587067137999926e+06 4.532957007041849701e-02 1.050181435006410958e-03
2.458587560206000227e+06 4.657919729357759553e-02 1.050174218703052486e-03
2.458588063798999880e+06 4.713049488369228102e-02 1.050188855934096029e-03
2.458588556865999941e+06 4.615037135676935964e-02 1.050197294807639131e-03
2.458589049933000002e+06 4.437398170712145845e-02 1.050194171428780847e-03
2.458589553526999895e+06 4.525606609441016476e-02 1.050187495131631394e-03
2.458590046593999956e+06 4.768177345595030203e-02 1.050176132706329103e-03
2.458590539661000017e+06 4.567258576552251509e-02 1.050177841209851571e-03
2.458591043254999910e+06 4.717948544317342868e-02 1.050194144022881032e-03
2.458591536321999971e+06 4.563583487014995915e-02 1.050173448424981558e-03
2.458592029389000032e+06 4.643215066746196606e-02 1.050194622730550456e-03
2.458592532982000150e+06 4.443520621666512821e-02 1.050169817053887757e-03
2.458593026049999986e+06 4.613813123413476602e-02 1.050173727460049613e-03
2.458593519117000047e+06 4.684870601976883625e-02 1.050166515689820220e-03
2.458594022710000165e+06 4.589312171247695443e-02 1.050176464549689185e-03
2.458594515777000226e+06 4.744901485974246935e-02 1.050206552104878451e-03
2.458595008843999822e+06 4.638316715568262943e-02 1.050197454216936525e-03
2.458595512438000180e+06 4.777980797428917070e-02 1.050178977638904646e-03
2.458596005504999775e+06 4.618715375135281492e-02 1.050183515722086019e-03
2.458596498571999837e+06 4.590538139656349242e-02 1.050203321499492380e-03
2.458597002166000195e+06 4.627290870341783935e-02 1.050172904213804784e-03
2.458597495232999790e+06 4.627290870341783935e-02 1.050172904213804784e-03
2.458597988299999852e+06 4.678747413108427095e-02 1.050172905331576024e-03
2.458712204272000119e+06 4.599112149624006579e-02 1.050173954905362847e-03
2.458712697339000180e+06 4.682420365388670347e-02 1.050177914468461903e-03
2.458713200931999832e+06 4.666494948080153471e-02 1.050173486540324904e-03
2.458713694000000134e+06 4.539081702280436947e-02 1.050178964849802620e-03
2.458714187067000195e+06 4.661593505216297950e-02 1.050186745527119684e-03
2.458714690659999847e+06 4.476601130005621737e-02 1.050195313398196361e-03
2.458715183726999909e+06 4.648118590887886925e-02 1.050190614012653113e-03
2.458715676793999970e+06 4.672619316388015864e-02 1.050174582544209992e-03
2.458716180387999862e+06 4.645666181855271498e-02 1.050192765680655086e-03
2.458716673454999924e+06 4.845363907723036073e-02 1.050173172607236395e-03
2.458717166521999985e+06 4.546433048705034174e-02 1.050204832092926574e-03
2.458717670115999877e+06 4.667720039057309672e-02 1.050191239956790130e-03
2.458718163182999939e+06 4.646894364561903606e-02 1.050170810585210075e-03
2.458718656250000000e+06 4.741227557587328334e-02 1.050179417732674883e-03
2.458719159843999892e+06 4.656692921597679197e-02 1.050197850808907811e-03
2.458719652910999954e+06 4.649343139736840380e-02 1.050167532953427988e-03
2.458720145978000015e+06 4.545206300300859426e-02 1.050172636314987288e-03
2.458720649571000133e+06 4.645666181855271498e-02 1.050192765680655086e-03
2.458721142638000194e+06 4.626063608110650427e-02 1.050192627942368164e-03
2.458721635706000030e+06 4.556233784251297741e-02 1.050202675244437485e-03
2.458722139299000148e+06 4.575835465219306453e-02 1.050169162846837029e-03
2.458722632366000209e+06 4.740000636583854843e-02 1.050169597489153742e-03
2.458723125432999805e+06 4.667720039057309672e-02 1.050191239956790130e-03
2.458723629027000163e+06 4.735100487925476137e-02 1.050174243518443764e-03
2.458724122094000224e+06 4.765727432473515490e-02 1.050207168644272642e-03
2.458724615160999820e+06 4.556233784251297741e-02 1.050202675244437485e-03
2.458725118755000178e+06 4.755927220165673958e-02 1.050193910857685113e-03
2.458725611821999773e+06 4.758376477925721493e-02 1.050208835634577984e-03
2.458726104888999835e+06 4.643215066746196606e-02 1.050194622730550456e-03
2.458726608481999952e+06 4.850262013120894972e-02 1.050207307877888815e-03
2.458727101549999788e+06 4.736326140554582287e-02 1.050184335826876737e-03
2.458727594616999850e+06 4.812283450518309302e-02 1.050183677921854609e-03
2.458728098209999967e+06 4.818408319286025115e-02 1.050188931417143576e-03
2.458728591277000029e+06 4.664045730654495237e-02 1.050180748119302569e-03
2.458729084344000090e+06 4.699572999701363135e-02 1.050172589060480340e-03
2.458729587937999982e+06 4.514578406585128406e-02 1.050206360582053074e-03
2.458730081005000044e+06 4.711825519450441035e-02 1.050176509224742122e-03
2.458730574072000105e+06 4.759603771647453324e-02 1.050172845428756557e-03
2.458731077665999997e+06 4.499878627796635028e-02 1.050185340141068877e-03
2.458731570733000059e+06 4.689770602894205442e-02 1.050185046500938003e-03
2.458732063800000120e+06 4.388389830822313903e-02 1.050195549108149436e-03
2.458732567394000012e+06 4.755927220165673958e-02 1.050193910857685113e-03
2.458733060461000074e+06 4.454547558555231601e-02 1.050191136269047060e-03
2.458733553528000135e+06 4.524381313452260911e-02 1.050194857295239526e-03
2.458734057120999787e+06 4.818408319286025115e-02 1.050188931417143576e-03
2.458734550187999848e+06 4.743677983329203096e-02 1.050197895083412446e-03
2.458735043256000150e+06 4.743677983329203096e-02 1.050197895083412446e-03
2.458735546848999802e+06 4.679971410299940682e-02 1.050189014061189479e-03
2.458736039915999863e+06 4.661593505216297950e-02 1.050186745527119684e-03
2.458736532982999925e+06 4.644442601447339170e-02 1.050172826197066532e-03
2.458737036576999817e+06 4.613813123413476602e-02 1.050173727460049613e-03
2.458737529643999878e+06 4.776757564180183352e-02 1.050174089777005998e-03
2.458738022710999940e+06 4.595436824048094310e-02 1.050181231671114008e-03
2.458738526304999832e+06 4.410444892118591670e-02 1.050192775153362644e-03
2.458739019371999893e+06 4.690997483839031562e-02 1.050200549083435885e-03
2.458739512438999955e+06 4.490075048541543323e-02 1.050171904399784797e-03
2.458740016032000072e+06 4.644442601447339170e-02 1.050172826197066532e-03
2.458740509099999908e+06 4.657919729357759553e-02 1.050174218703052486e-03
2.458741002166999970e+06 4.469247439472950889e-02 1.050199020936900792e-03
2.458741505760000087e+06 4.780432606683317903e-02 1.050189521496259788e-03
2.458741998827000149e+06 4.733875152467170722e-02 1.050207686708560725e-03
2.458742491894000210e+06 4.645666181855271498e-02 1.050192765680655086e-03
2.458742995488000102e+06 4.697123726018218731e-02 1.050187678640533261e-03
2.458743488555000164e+06 4.714273775232721148e-02 1.050201138194107589e-03
2.458743981622000225e+06 4.738778397653602148e-02 1.050204324997546781e-03
2.458744485216000117e+06 4.596660194886777878e-02 1.050206784066511079e-03
2.458744978283000179e+06 4.651793205343476845e-02 1.050206804835993350e-03
2.458745471349999774e+06 4.725302325983547769e-02 1.050177240348945619e-03
2.458745974944000132e+06 4.468025056953490309e-02 1.050199845540329300e-03
2.458746468011000194e+06 4.637090799950000647e-02 1.050176140210514961e-03
2.458746961077999789e+06 4.695895242819329157e-02 1.050172517884274785e-03
2.458747464670999907e+06 4.626063608110650427e-02 1.050192627942368164e-03
2.458747957737999968e+06 4.662817309421799644e-02 1.050204773359308345e-03
2.458748450805999804e+06 4.857611745652690854e-02 1.050188065996257147e-03
2.458748954398999922e+06 4.817183609569988811e-02 1.050188209058779696e-03
2.458749447465999983e+06 4.808610495403275314e-02 1.050179330552979129e-03
2.458749940533000045e+06 4.650568011193702972e-02 1.050187200157409696e-03
2.458750444126999937e+06 4.574609209995945253e-02 1.050182669229030247e-03
2.458750937193999998e+06 4.646894364561903606e-02 1.050170810585210075e-03
2.458751430261000060e+06 4.682420365388670347e-02 1.050177914468461903e-03
2.458751933854999952e+06 4.498652010759796732e-02 1.050189110071343516e-03
2.458752426922000013e+06 4.448422205697534493e-02 1.050181042842169774e-03
2.458752919989000075e+06 4.660370022210742758e-02 1.050168654814348122e-03
2.458753423582000192e+06 4.588086530251317408e-02 1.050191804879591377e-03
2.458753916650000028e+06 4.592986828761225215e-02 1.050171280319402807e-03
2.458754409717000090e+06 4.643215066746196606e-02 1.050194622730550456e-03
2.458754913310000207e+06 4.792684052548038670e-02 1.050188303516795324e-03
2.458755406376999803e+06 4.563583487014995915e-02 1.050173448424981558e-03
2.458755899443999864e+06 4.569707474401930869e-02 1.050193780050634592e-03
2.458756403038000222e+06 4.692220364048917819e-02 1.050171803672967285e-03
2.458756896104999818e+06 4.338160343411939790e-02 1.050201752198552966e-03
2.458757389171999879e+06 4.641992131915519820e-02 1.050174547339899822e-03
2.458757892765999772e+06 4.523156349209144639e-02 1.050202138489197837e-03
2.458758385832999833e+06 4.621166325795108415e-02 1.050187489585183978e-03
2.458758878899999894e+06 4.273231292164172967e-02 1.050187237646897555e-03
2.458759382493999787e+06 4.547655939660025931e-02 1.050194115986920976e-03
2.458759875560999848e+06 4.690997483839031562e-02 1.050200549083435885e-03
2.458760368627999909e+06 4.708146846801636309e-02 1.050180511952650579e-03
2.458760872221000027e+06 4.678747413108427095e-02 1.050172905331576024e-03
2.458761365288000088e+06 4.705697438797184357e-02 1.050197590720443590e-03
2.458761858355999924e+06 4.683645323453428794e-02 1.050193821480557670e-03
2.458762361949000042e+06 4.595436824048094310e-02 1.050181231671114008e-03
2.458762855016000103e+06 4.622388031432927979e-02 1.050167113076573566e-03
2.458763348083000164e+06 4.731425432734705228e-02 1.050187154152003180e-03
2.458763851677000057e+06 4.513351939500374888e-02 1.050170470026819342e-03
2.458764344744000118e+06 4.692220364048917819e-02 1.050171803672967285e-03
2.458764837811000179e+06 4.758376477925721493e-02 1.050208835634577984e-03
2.458765341405000072e+06 4.679971410299940682e-02 1.050189014061189479e-03
2.458765834472000133e+06 4.626063608110650427e-02 1.050192627942368164e-03
2.458766327539000195e+06 4.762054922796930823e-02 1.050187352800403861e-03
2.458766831131999847e+06 4.820858672899427239e-02 1.050190173558947053e-03
2.458767324200000148e+06 4.477825858805969256e-02 1.050193934483710945e-03
2.458767817267000210e+06 4.599112149624006579e-02 1.050173954905362847e-03
2.458768320859999862e+06 4.472924833371443726e-02 1.050198007145815423e-03
2.458768813926999923e+06 4.773080950759237689e-02 1.050201055587795390e-03
2.458769306993999984e+06 4.798806075307172209e-02 1.050203821661957427e-03
2.458769810587999877e+06 4.806157514035291900e-02 1.050174806396678238e-03
2.458770303654999938e+06 4.508453554613833097e-02 1.050193392741651747e-03
2.458770796721999999e+06 4.686096201042858067e-02 1.050182284279408806e-03
2.458771300315999892e+06 4.736326140554582287e-02 1.050184335826876737e-03
2.458771793382999953e+06 4.627290870341783935e-02 1.050172904213804784e-03
2.458772286450000014e+06 4.627290870341783935e-02 1.050172904213804784e-03
2.458772790043999907e+06 4.643215066746196606e-02 1.050194622730550456e-03
2.458773283110999968e+06 4.806157514035291900e-02 1.050174806396678238e-03
2.458773776178000029e+06 4.568482861388128285e-02 1.050206884855495008e-03
2.458774279771000147e+06 4.678747413108427095e-02 1.050172905331576024e-03
2.458774772838000208e+06 4.604011502657644195e-02 1.050190169353523717e-03
2.458775265906000044e+06 4.657919729357759553e-02 1.050174218703052486e-03
2.458775769499000162e+06 4.656692921597679197e-02 1.050197850808907811e-03
2.458776262566000223e+06 4.679971410299940682e-02 1.050189014061189479e-03
2.458776755632999819e+06 4.661593505216297950e-02 1.050186745527119684e-03
2.458777259227000177e+06 4.994826417234326382e-02 1.050180485397242533e-03
2.458777752293999773e+06 4.825758674378754359e-02 1.050190879317893346e-03
2.458778245360999834e+06 4.787782356719293836e-02 1.050172558726367297e-03
2.458778748955000192e+06 4.852715157047373523e-02 1.050202135154399037e-03
2.458779242021999788e+06 4.545206300300859426e-02 1.050172636314987288e-03
2.458779735088999849e+06 4.740000636583854843e-02 1.050169597489153742e-03
2.458780238681999967e+06 4.823310272615783517e-02 1.050191145371616019e-03
2.458780731749999803e+06 4.585636230145649639e-02 1.050180001024948523e-03
2.458781224816999864e+06 4.818408319286025115e-02 1.050188931417143576e-03
2.458781728409999982e+06 4.752253508632647838e-02 1.050170547255754828e-03
2.458782221477000043e+06 4.801259726746993917e-02 1.050210140831730381e-03
2.458782714544000104e+06 4.786556614127444181e-02 1.050168214023316192e-03
2.458783218137999997e+06 4.807383848264182996e-02 1.050177102075458340e-03
2.458783711205000058e+06 4.791457055050077352e-02 1.050184225591220414e-03
2.459622427943999879e+06 4.720399981611964058e-02 1.050174628571381432e-03
2.459622921010999940e+06 4.629742107490609354e-02 1.050174877871732845e-03
2.459623424604999833e+06 4.594213778801517489e-02 1.050197932760988133e-03
2.459623917671999894e+06 4.655466436955524312e-02 1.050178519185656408e-03
2.459624410738999955e+06 4.826985564199606088e-02 1.050191128359066880e-03
2.459624914332000073e+06 4.547655939660025931e-02 1.050194115986920976e-03
2.459625407399999909e+06 4.710597529771113484e-02 1.050206517070515887e-03
2.459625900466999970e+06 4.682420365388670347e-02 1.050177914468461903e-03
2.459626404060000088e+06 4.468025056953490309e-02 1.050199845540329300e-03
2.459626897127000149e+06 4.443520621666512821e-02 1.050169817053887757e-03
2.459627390194000211e+06 4.675068730137606210e-02 1.050208382370906163e-03
2.459627893788000103e+06 4.496203920836562562e-02 1.050197376975343846e-03
2.459628386855000164e+06 4.548883349220367300e-02 1.050184285389641403e-03
2.459628879922000226e+06 4.628514195135910447e-02 1.050194759072018520e-03
2.459629383516000118e+06 4.762054922796930823e-02 1.050187352800403861e-03
2.459629876583000179e+06 4.715498380123483296e-02 1.050169924625350129e-03
2.459630369649999775e+06 4.715498380123483296e-02 1.050169924625350129e-03
2.459630873244000133e+06 4.524381313452260911e-02 1.050194857295239526e-03
2.459631366311000194e+06 4.807383848264182996e-02 1.050177102075458340e-03
2.459631859377999790e+06 4.553783718540103248e-02 1.050183184726040126e-03
2.459632362970999908e+06 4.596660194886777878e-02 1.050206784066511079e-03
2.459632856037999969e+06 4.798806075307172209e-02 1.050203821661957427e-03
2.459633349105999805e+06 4.638316715568262943e-02 1.050197454216936525e-03
2.459633852698999923e+06 4.580735336020713699e-02 1.050196755754578262e-03
2.459634345765999984e+06 4.875989929630605846e-02 1.050209286608556848e-03
2.459634838833000045e+06 4.654244562061862073e-02 1.050202959303128984e-03
2.459635342426999938e+06 4.524381313452260911e-02 1.050194857295239526e-03
2.459635835493999999e+06 4.455774461672006720e-02 1.050193112972480592e-03
2.459636328561000060e+06 4.830659207098027957e-02 1.050189534296158298e-03
2.459636832154999953e+06 4.688548361137802323e-02 1.050170447433046135e-03
2.459637325222000014e+06 4.597888126213731802e-02 1.050190894825832463e-03
2.459637818289000075e+06 4.730201048296436145e-02 1.050176790361211912e-03
2.459638321882000193e+06 4.641992131915519820e-02 1.050174547339899822e-03
2.459638814950000029e+06 4.591760206395365668e-02 1.050186858884480509e-03
2.459639308017000090e+06 4.717948544317342868e-02 1.050194144022881032e-03
2.459639811610000208e+06 4.612589435785748038e-02 1.050192582258272986e-03
2.459640304676999804e+06 4.343061707600126553e-02 1.050188264623032114e-03
2.459640797743999865e+06 4.786556614127444181e-02 1.050168214023316192e-03
2.459641301338000223e+06 4.711825519450441035e-02 1.050176509224742122e-03
2.459641794404999819e+06 4.667720039057309672e-02 1.050191239956790130e-03
2.459642287471999880e+06 4.499878627796635028e-02 1.050185340141068877e-03
2.459642791065999772e+06 4.608911829918987957e-02 1.050204259308061897e-03
2.459643284132999834e+06 4.752253508632647838e-02 1.050170547255754828e-03
2.459643777199999895e+06 4.800030533750503786e-02 1.050206531103423969e-03
2.459644280793999787e+06 4.525606609441016476e-02 1.050187495131631394e-03
2.459644773860999849e+06 4.559907154843083343e-02 1.050167415502661211e-03
2.459645266927999910e+06 4.702023550536640201e-02 1.050200505434142504e-03
2.459645770521000028e+06 4.744901485974246935e-02 1.050206552104878451e-03
2.459646263588000089e+06 4.665270178640669452e-02 1.050198638826434043e-03
2.459646756655999925e+06 4.441069810175482524e-02 1.050204155268607545e-03
2.459647260249000043e+06 4.411667774750710480e-02 1.050199531032568970e-03
2.459647753316000104e+06 4.546433048705034174e-02 1.050204832092926574e-03
2.459648246383000165e+06 4.671392939545282452e-02 1.050200129291645581e-03
2.459648749977000058e+06 4.542757980463894840e-02 1.050192715412348425e-03
2.459649243044000119e+06 4.475376736180480819e-02 1.050196612995948258e-03
2.459649736111000180e+06 4.686096201042858067e-02 1.050182284279408806e-03
2.459650239705000073e+06 4.575835465219306453e-02 1.050169162846837029e-03
2.459650732772000134e+06 4.661593505216297950e-02 1.050186745527119684e-03
2.459651225839000195e+06 4.738778397653602148e-02 1.050204324997546781e-03
2.459651729431999847e+06 4.715498380123483296e-02 1.050169924625350129e-03
2.459652222500000149e+06 4.666494948080153471e-02 1.050173486540324904e-03
2.459652715567000210e+06 4.710597529771113484e-02 1.050206517070515887e-03
2.459653219159999862e+06 4.656692921597679197e-02 1.050197850808907811e-03
2.459653712226999924e+06 4.547655939660025931e-02 1.050194115986920976e-03
2.459654205293999985e+06 4.661593505216297950e-02 1.050186745527119684e-03
2.459654708887999877e+06 4.441069810175482524e-02 1.050204155268607545e-03
2.459655201954999939e+06 4.692220364048917819e-02 1.050171803672967285e-03
2.459655695022000000e+06 4.764502947994754545e-02 1.050200629321481477e-03
2.459656198615999892e+06 4.665270178640669452e-02 1.050198638826434043e-03
2.459656691682999954e+06 4.651793205343476845e-02 1.050206804835993350e-03
2.459657184750000015e+06 4.552559179789968102e-02 1.050194298737791836e-03
2.459657688343999907e+06 4.660370022210742758e-02 1.050168654814348122e-03
2.459658181410999969e+06 4.592986828761225215e-02 1.050171280319402807e-03
2.459658674478000030e+06 4.673846015190410985e-02 1.050191997714456857e-03
2.459659178071000148e+06 4.619940687931756162e-02 1.050206814686124477e-03
2.459659671138000209e+06 4.536632503123232824e-02 1.050197283960891152e-03
2.459660164206000045e+06 4.630966080322491962e-02 1.050196597755543833e-03
2.459660667799000163e+06 4.727748875446156213e-02 1.050198444873739860e-03
2.459661160866000224e+06 4.815959211142201157e-02 1.050187419221261824e-03
2.459661653932999820e+06 5.019328270194051839e-02 1.050200590293473004e-03
2.459662157527000178e+06 4.644442601447339170e-02 1.050172826197066532e-03
2.459662650593999773e+06 4.607689442225199744e-02 1.050180351706200789e-03
2.459663143660999835e+06 4.730201048296436145e-02 1.050176790361211912e-03
2.459663647255000193e+06 4.763278778129505925e-02 1.050194024028748346e-03
2.459664140321999788e+06 4.660370022210742758e-02 1.050168654814348122e-03
2.459664633388999850e+06 4.704471046210059043e-02 1.050183868303388281e-03
2.459665136981999967e+06 4.632190376738161419e-02 1.050175591674319328e-03
2.459665630049999803e+06 4.666494948080153471e-02 1.050173486540324904e-03
2.459666123116999865e+06 4.454547558555231601e-02 1.050191136269047060e-03
2.459666626709999982e+06 4.684870601976883625e-02 1.050166515689820220e-03
2.459667119777000044e+06 4.665270178640669452e-02 1.050198638826434043e-03
2.459667612844000105e+06 4.657919729357759553e-02 1.050174218703052486e-03
2.459668116437999997e+06 4.746125304188500427e-02 1.050171430298993186e-03
2.459668609505000059e+06 4.673846015190410985e-02 1.050191997714456857e-03
2.459669102572000120e+06 4.586861216579773276e-02 1.050207062113748006e-03
2.459669606166000012e+06 4.546433048705034174e-02 1.050204832092926574e-03
2.459670099233000074e+06 4.577062049148749451e-02 1.050197730062753633e-03
2.459670592300000135e+06 4.728976980700794197e-02 1.050166361607857536e-03
2.459671095894000027e+06 4.742450428211736346e-02 1.050188205438868467e-03
2.459671588961000089e+06 4.637090799950000647e-02 1.050176140210514961e-03
2.459672082028000150e+06 4.664045730654495237e-02 1.050180748119302569e-03
2.459672585620999802e+06 4.444748581428870776e-02 1.050173466259195264e-03
2.459673078687999863e+06 4.703249305094424348e-02 1.050171048950188221e-03
2.459673571756000165e+06 4.599112149624006579e-02 1.050173954905362847e-03
2.459674075348999817e+06 4.550106899252540082e-02 1.050173405737814605e-03
2.459674568415999878e+06 4.692220364048917819e-02 1.050171803672967285e-03
2.459675061482999939e+06 4.616265724398183057e-02 1.050179250659103542e-03
2.459675565076999832e+06 4.623614318559361031e-02 1.050190204676774335e-03
2.459676058143999893e+06 4.776757564180183352e-02 1.050174089777005998e-03
2.459676551210999954e+06 4.632190376738161419e-02 1.050175591674319328e-03
2.459677054804999847e+06 4.869863631041777136e-02 1.050190521026359318e-03
2.459677547871999908e+06 4.584411570861549046e-02 1.050195103476995713e-03
2.459678040938999970e+06 4.595436824048094310e-02 1.050181231671114008e-03
2.459678544532000087e+06 4.860064130607627542e-02 1.050181103554397337e-03
2.459679037599999923e+06 4.664045730654495237e-02 1.050180748119302569e-03
2.459679530666999985e+06 4.807383848264182996e-02 1.050177102075458340e-03
2.459680034260000102e+06 4.839235974250969546e-02 1.050182148533051292e-03
2.459680527327000163e+06 4.771854576900705358e-02 1.050194924101692474e-03
2.459681020394000225e+06 4.536632503123232824e-02 1.050197283960891152e-03
2.459681523988000117e+06 4.657919729357759553e-02 1.050174218703052486e-03
2.459682017055000179e+06 4.592986828761225215e-02 1.050171280319402807e-03
2.459682510121999774e+06 4.785331185343714294e-02 1.050207877241889206e-03
2.459683013716000132e+06 4.434946651303290494e-02 1.050185836166423999e-03
2.459683506783000194e+06 4.768177345595030203e-02 1.050176132706329103e-03
2.459683999849999789e+06 4.681195727698767017e-02 1.050205059346694244e-03
2.459684503444000147e+06 4.524381313452260911e-02 1.050194857295239526e-03
2.459684996511000209e+06 4.548883349220367300e-02 1.050184285389641403e-03
2.459685489577999804e+06 4.825758674378754359e-02 1.050190879317893346e-03
2.459685993170999922e+06 4.531729720952434870e-02 1.050189272580121869e-03
2.459686486237999983e+06 4.803710208367341361e-02 1.050170980815802934e-03
2.459686979305999819e+06 4.597888126213731802e-02 1.050190894825832463e-03
2.459687482898999937e+06 4.677519427883899961e-02 1.050198847508516508e-03
2.459687975965999998e+06 4.651793205343476845e-02 1.050206804835993350e-03
2.459688469033000059e+06 4.759603771647453324e-02 1.050172845428756557e-03
2.459688972626999952e+06 4.846586854182333148e-02 1.050170398958871374e-03
2.459689465694000013e+06 4.530506939896652291e-02 1.050197996194850462e-03
2.459689958761000074e+06 4.895591814875645265e-02 1.050192749035846291e-03
2.459690462354999967e+06 4.776757564180183352e-02 1.050174089777005998e-03
2.459690955422000028e+06 4.569707474401930869e-02 1.050193780050634592e-03
2.459691448489000089e+06 4.445972785641791325e-02 1.050176070033236476e-03
2.459691952082000207e+06 4.661593505216297950e-02 1.050186745527119684e-03
2.459692445150000043e+06 4.621166325795108415e-02 1.050187489585183978e-03
2.459692938217000104e+06 4.775530245669207252e-02 1.050168168344339749e-03
2.459693441810000222e+06 4.771854576900705358e-02 1.050194924101692474e-03
2.459693934876999818e+06 4.684870601976883625e-02 1.050166515689820220e-03
2.459807647255999967e+06 4.534180449369255850e-02 1.050256071608020357e-03
2.459808150849000085e+06 4.562360515137911521e-02 1.050228184849410790e-03
2.459808643916000146e+06 4.786556614127444181e-02 1.050256385654568022e-03
2.459809136983000208e+06 4.622388031432927979e-02 1.050252260610775364e-03
2.459809640577000100e+06 4.602786175316810752e-02 1.050249813974851341e-03
2.459810133644000161e+06 4.561133670037621768e-02 1.050239839578185090e-03
2.459810626711000223e+06 4.760826997030483121e-02 1.050267346093308220e-03
2.459811130305000115e+06 4.540306797659346416e-02 1.050253318655953094e-03
2.459811623372000176e+06 4.911520940255265089e-02 1.050262312062341620e-03
2.459812116438999772e+06 4.662817309421799644e-02 1.050247719493820455e-03
2.459812620031999890e+06 4.744901485974246935e-02 1.050250254262595755e-03
2.459813113100000191e+06 4.541532223690752934e-02 1.050285807039606127e-03
2.459813606166999787e+06 4.461897609684652849e-02 1.050280139051951818e-03
2.459814109759999905e+06 4.617490387319483219e-02 1.050287741216526316e-03
2.459814602826999966e+06 4.613813123413476602e-02 1.050301211827887491e-03
2.459815095894000027e+06 4.690997483839031562e-02 1.050286960450456464e-03
2.459815599487999920e+06 4.842910019512123437e-02 1.050310395192687648e-03
2.459816092554999981e+06 4.618715375135281492e-02 1.050311135544144871e-03
2.459816585622000042e+06 4.508453554613833097e-02 1.050317965917019376e-03
2.459817089215999935e+06 4.572161896429935424e-02 1.050336734843985379e-03
2.459817582282999996e+06 4.671392939545282452e-02 1.050329204648598868e-03
2.459818075350000057e+06 4.577062049148749451e-02 1.050366355260258771e-03
2.459818578943999950e+06 4.671392939545282452e-02 1.050372229767583153e-03
2.459819072011000011e+06 4.742450428211736346e-02 1.050362923769432690e-03
2.459819565078000072e+06 4.806157514035291900e-02 1.050396138129606159e-03
2.459820068671000190e+06 4.716723303124138733e-02 1.050399279737057340e-03
2.459820561737999786e+06 4.597888126213731802e-02 1.050402635399006173e-03
2.459821054806000087e+06 4.645666181855271498e-02 1.050449494681391727e-03
2.459821558399000205e+06 4.575835465219306453e-02 1.050464177861682715e-03
2.459822051465999801e+06 4.512129961431025210e-02 1.050467954695309810e-03
2.459822544532999862e+06 4.621166325795108415e-02 1.050485427188616603e-03
2.459823048127000220e+06 4.613813123413476602e-02 1.050513685774284245e-03
2.459823541193999816e+06 4.637090799950000647e-02 1.050517813687341408e-03
2.459824034260999877e+06 4.623614318559361031e-02 1.050573470231378316e-03
2.459824537854999769e+06 4.665270178640669452e-02 1.050585357362886609e-03
2.459825030921999831e+06 4.627290870341783935e-02 1.050641712376880520e-03
2.459825523988999892e+06 4.566034619806315364e-02 1.050653394505098861e-03
2.459826027582000010e+06 4.736326140554582287e-02 1.050707813937283358e-03
2.459826520649999846e+06 4.741227557587328334e-02 1.050747105887297724e-03
2.459827013716999907e+06 4.411667774750710480e-02 1.050768392497958281e-03
2.459827517310000025e+06 4.641992131915519820e-02 1.050858616580523184e-03
2.459828010377000086e+06 4.649343139736840380e-02 1.050895507511420517e-03
2.459828503444000147e+06 4.639542955283917913e-02 1.050945146180069963e-03
2.459829007038000040e+06 4.483950400771358202e-02 1.051052154285054370e-03
2.459829500105000101e+06 4.623614318559361031e-02 1.051127076032473077e-03
2.459829993172000162e+06 4.677519427883899961e-02 1.051189723067145337e-03
2.459830496766000055e+06 4.807383848264182996e-02 1.051284043113989795e-03
2.459830989833000116e+06 4.574609209995945253e-02 1.051404546757922498e-03
2.459831482900000177e+06 4.468025056953490309e-02 1.051557862581975955e-03
2.459831986494000070e+06 4.777980797428917070e-02 1.051675209839697664e-03
2.459832479561000131e+06 4.934795954140422380e-02 1.051830522646689725e-03
2.459832972628000192e+06 4.743677983329203096e-02 1.052032912414755999e-03
2.459833476220999844e+06 4.830659207098027957e-02 1.052236167010004581e-03
2.459833969287999906e+06 4.683645323453428794e-02 1.052480133763920682e-03
2.459834462356000207e+06 4.630966080322491962e-02 1.052713111412743874e-03
2.459834965948999859e+06 4.860064130607627542e-02 1.053001162781366752e-03
2.459835459015999921e+06 4.683645323453428794e-02 1.053342893116132996e-03
2.459835952082999982e+06 4.708146846801636309e-02 1.053736330021034368e-03
2.459836455676999874e+06 4.807383848264182996e-02 1.054162089814171272e-03
2.459836948743999936e+06 4.744901485974246935e-02 1.054664172192044990e-03
2.459837441810999997e+06 4.822084316955137923e-02 1.055209366551975066e-03
2.459837945404999889e+06 4.801259726746993917e-02 1.055870459077823268e-03
2.459838438471999951e+06 4.528054026521042413e-02 1.056594117974232272e-03
2.459838931539000012e+06 4.895591814875645265e-02 1.057407159745808820e-03
2.459839435132000130e+06 4.751028110222392520e-02 1.058432678457651814e-03
2.459839928199999966e+06 4.917645291701121246e-02 1.059951161359924936e-03
2.459840421267000027e+06 4.937246379338156715e-02 1.070405886935776093e-03
2.459840924860000145e+06 5.060982085183379775e-02 1.064089956052477904e-03
2.459841417927000206e+06 4.801259726746993917e-02 1.062326759577272980e-03
2.459841910993999802e+06 4.846586854182333148e-02 1.064544065050206925e-03
2.459842414588000160e+06 4.869863631041777136e-02 1.066517050011308145e-03
2.459842907655000221e+06 4.916417999506933478e-02 1.068471315665565175e-03
2.459843400721999817e+06 5.141842859714287894e-02 1.070483009515866722e-03
2.459843904316000175e+06 5.089163456476630820e-02 1.072546330321922118e-03
2.459844397382999770e+06 5.204324885147718072e-02 1.074527591868837395e-03
2.459844890449999832e+06 5.031580206457888366e-02 1.076398787691088248e-03
2.459845394044000190e+06 4.972774892030201732e-02 1.078016944823065055e-03
2.459845887110999785e+06 5.069561547305270754e-02 1.079341226846301230e-03
2.459846380177999847e+06 5.160217413751877480e-02 1.080154282857912927e-03
2.459846883770999964e+06 5.176144597429323257e-02 1.080532423866905267e-03
2.459847376838000026e+06 5.181047811006347925e-02 1.080363000949337597e-03
2.459847869905999862e+06 4.961749104690323792e-02 1.079693979381743298e-03
2.459848373498999979e+06 4.928668401404500549e-02 1.078578394127131064e-03
2.459848866566000041e+06 5.002178670100207447e-02 1.077065795882285303e-03
2.459849359633000102e+06 4.965424697038112872e-02 1.075325943721901862e-03
2.459849863226999994e+06 5.024231013580757882e-02 1.073345789237697620e-03
2.459850356294000056e+06 4.808610495403275314e-02 1.071349443576103668e-03
2.459850849361000117e+06 5.002178670100207447e-02 1.069371810600723864e-03
2.459851352955000009e+06 4.998503493767075812e-02 1.067435178992686600e-03
2.459851846022000071e+06 4.922543923438841423e-02 1.065631521445681599e-03
2.459852339089000132e+06 4.954396954066982162e-02 1.063948304153305080e-03
2.459852842681999784e+06 4.828212765942113682e-02 1.062375947977647504e-03
2.459853335750000086e+06 4.678747413108427095e-02 1.061032305091262531e-03
2.459853828817000147e+06 4.905395179891919311e-02 1.059795687299182288e-03
2.459854332409999799e+06 4.860064130607627542e-02 1.058686044080177748e-03
2.459854825476999860e+06 4.710597529771113484e-02 1.057712330813108826e-03
2.459855318543999922e+06 4.661593505216297950e-02 1.056841649270239339e-03
2.459855822137999814e+06 4.578284745114361010e-02 1.056086560795242192e-03
2.459856315204999875e+06 4.856390490165038432e-02 1.055425705652524504e-03
2.459856808271999937e+06 4.692220364048917819e-02 1.054839233911513980e-03
2.459857311865999829e+06 4.806157514035291900e-02 1.054291576629138704e-03
2.459857804932999890e+06 4.972774892030201732e-02 1.053879844516239462e-03
2.459858297999999952e+06 4.755927220165673958e-02 1.053479188993840503e-03
2.459858801593999844e+06 4.815959211142201157e-02 1.053114956375705152e-03
2.459859294660999905e+06 4.556233784251297741e-02 1.052804472010406955e-03
2.459859787727999967e+06 4.738778397653602148e-02 1.052517550383004138e-03
2.459860291321000084e+06 4.833111339316458616e-02 1.052280641001129185e-03
2.459860784388000146e+06 4.862513275116721323e-02 1.052098671467708701e-03
2.459861277455999982e+06 4.499878627796635028e-02 1.051884602106646768e-03
2.459861781049000099e+06 4.650568011193702972e-02 1.051729199472430055e-03
2.459862274116000161e+06 4.604011502657644195e-02 1.051589518283050934e-03
2.459862767183000222e+06 4.731425432734705228e-02 1.051450917273726591e-03
2.459863270777000114e+06 4.751028110222392520e-02 1.051343787523711546e-03
2.459863763844000176e+06 4.606463136024972760e-02 1.051216093016964356e-03
2.459864256910999771e+06 4.482723996849386633e-02 1.051136268051523943e-03
2.459864760505000129e+06 4.730201048296436145e-02 1.051048125594865627e-03
2.459865253572000191e+06 4.735100487925476137e-02 1.051002869375040373e-03
2.459865746638999786e+06 4.675068730137606210e-02 1.050897325959177474e-03
2.459866250231999904e+06 4.706924151088430486e-02 1.050861534527171813e-03
2.459866743300000206e+06 4.722848342762762247e-02 1.050806327689293284e-03
2.459867236366999801e+06 4.741227557587328334e-02 1.050747105887297724e-03
2.459867739959999919e+06 4.597888126213731802e-02 1.050699072201449020e-03
2.459868233026999980e+06 4.661593505216297950e-02 1.050659029018566858e-03
2.459868726094000041e+06 4.634639940663077412e-02 1.050645565282152041e-03
2.459869229687999934e+06 4.646894364561903606e-02 1.050598805372912267e-03
2.459869722754999995e+06 4.532957007041849701e-02 1.050557185698748402e-03
2.459870215822000057e+06 4.520703251877090240e-02 1.050548588582072293e-03
2.459870719415999949e+06 4.555008586664338610e-02 1.050507614190536541e-03
2.459871212483000010e+06 4.679971410299940682e-02 1.050490742968529425e-03
2.459871705550000072e+06 4.574609209995945253e-02 1.050477605184280258e-03
2.459872209143999964e+06 4.679971410299940682e-02 1.050447638838909216e-03
2.459872702211000025e+06 4.818408319286025115e-02 1.050410827320502572e-03
2.459873195278000087e+06 4.432496486279847298e-02 1.050422138381091382e-03
2.459873698871000204e+06 4.607689442225199744e-02 1.050392543646657025e-03
2.459874191937999800e+06 4.796358095396435761e-02 1.050374906302830062e-03
2.459874685006000102e+06 4.604011502657644195e-02 1.050359787405587622e-03
2.459875188599000219e+06 4.797581929215720409e-02 1.050377794712965699e-03
2.459875681665999815e+06 4.704471046210059043e-02 1.050357187421811170e-03
2.459876174732999876e+06 4.628514195135910447e-02 1.050322649645479790e-03
2.459876678326999769e+06 4.719174103785712948e-02 1.050336552453699562e-03
2.459877171393999830e+06 4.617490387319483219e-02 1.050330269874657704e-03
2.459877664460999891e+06 4.628514195135910447e-02 1.050322649645479790e-03
2.459878168054999784e+06 4.684870601976883625e-02 1.050295963448348796e-03
2.459878661121999845e+06 4.596660194886777878e-02 1.050291457676449545e-03
2.459879154188999906e+06 4.725302325983547769e-02 1.050307805277293956e-03
2.459987411249999888e+06 4.618715375135281492e-02 1.050183515722086019e-03
2.459987904316999950e+06 4.752253508632647838e-02 1.050170547255754828e-03
2.459988407910000067e+06 4.594213778801517489e-02 1.050197932760988133e-03
2.459988900977000128e+06 4.628514195135910447e-02 1.050194759072018520e-03
2.459989394044000190e+06 4.677519427883899961e-02 1.050198847508516508e-03
2.459989897638000082e+06 4.547655939660025931e-02 1.050194115986920976e-03
2.459990390705000143e+06 4.569707474401930869e-02 1.050193780050634592e-03
2.459990883772000205e+06 4.823310272615783517e-02 1.050191145371616019e-03
2.459991387366000097e+06 4.682420365388670347e-02 1.050177914468461903e-03
2.459991880433000159e+06 4.706924151088430486e-02 1.050167896550586446e-03
2.459992373500000220e+06 4.525606609441016476e-02 1.050187495131631394e-03
2.459992877094000112e+06 4.635865208343482868e-02 1.050197462005216095e-03
2.459993370161000174e+06 4.596660194886777878e-02 1.050206784066511079e-03
2.459993863227999769e+06 4.676296071982541380e-02 1.050182600740951757e-03
2.459994366820999887e+06 4.643215066746196606e-02 1.050194622730550456e-03
2.459994859887999948e+06 4.475376736180480819e-02 1.050196612995948258e-03
2.459995352955999784e+06 4.733875152467170722e-02 1.050207686708560725e-03
2.459995856548999902e+06 4.806157514035291900e-02 1.050174806396678238e-03
2.459996349615999963e+06 4.835560262565043871e-02 1.050186136297118818e-03
2.459996842683000024e+06 4.743677983329203096e-02 1.050197895083412446e-03
2.459997346276999917e+06 4.518255646427896122e-02 1.050187872464429430e-03
2.459997839343999978e+06 4.757153882168018572e-02 1.050201889759092315e-03
2.459998332411000039e+06 4.738778397653602148e-02 1.050204324997546781e-03
2.459998836004999932e+06 4.564810991062419332e-02 1.050203661313380563e-03
2.459999329071999993e+06 4.733875152467170722e-02 1.050207686708560725e-03
2.459999822139000054e+06 4.524381313452260911e-02 1.050194857295239526e-03
2.460000325732000172e+06 4.639542955283917913e-02 1.050175974323875683e-03
2.460000818800000008e+06 4.985027976950991146e-02 1.050186448762670949e-03
2.460001311867000069e+06 4.541532223690752934e-02 1.050202148924425389e-03
2.460001815460000187e+06 4.695895242819329157e-02 1.050172517884274785e-03
2.460002308526999783e+06 4.543984068068056964e-02 1.050183200305387183e-03
2.460002801593999844e+06 4.751028110222392520e-02 1.050206064287400416e-03
2.460003305188000202e+06 4.721626177878755770e-02 1.050186500826828405e-03
2.460003798254999798e+06 4.509678690601881534e-02 1.050188024618548379e-03
2.460004291321999859e+06 4.868639295299251324e-02 1.050195542860335972e-03
2.460004794916000217e+06 4.692220364048917819e-02 1.050171803672967285e-03
2.460005287982999813e+06 4.655466436955524312e-02 1.050178519185656408e-03
2.460005781049999874e+06 4.383489796709595654e-02 1.050193740360818922e-03
2.460006284644000232e+06 4.790230371681491323e-02 1.050180080920625836e-03
2.460006777710999828e+06 4.700798115433370977e-02 1.050186579283802829e-03
2.460007270777999889e+06 4.360211941504907318e-02 1.050198952402955346e-03
2.460007774371000007e+06 4.502328718521707296e-02 1.050176592591042096e-03
2.460008267438000068e+06 4.742450428211736346e-02 1.050188205438868467e-03
2.460008760505999904e+06 4.747353810525797857e-02 1.050180912467678189e-03
2.460009264099000022e+06 4.407992023854397090e-02 1.050177098095778907e-03
2.460009757166000083e+06 4.738778397653602148e-02 1.050204324997546781e-03
2.460010250233000144e+06 4.486400083153418983e-02 1.050180123069073762e-03
2.460010753827000037e+06 4.496203920836562562e-02 1.050197376975343846e-03
2.460011246894000098e+06 4.676296071982541380e-02 1.050182600740951757e-03
2.460011739961000159e+06 4.656692921597679197e-02 1.050197850808907811e-03
2.460012243555000052e+06 4.692220364048917819e-02 1.050171803672967285e-03
2.460012736622000113e+06 4.564810991062419332e-02 1.050203661313380563e-03
2.460013229689000174e+06 4.681195727698767017e-02 1.050205059346694244e-03
2.460013733281999826e+06 4.839235974250969546e-02 1.050182148533051292e-03
2.460014226350000128e+06 4.626063608110650427e-02 1.050192627942368164e-03
2.460014719417000189e+06 4.639542955283917913e-02 1.050175974323875683e-03
2.460015223009999841e+06 4.612589435785748038e-02 1.050192582258272986e-03
2.460015716076999903e+06 4.471701445049086621e-02 1.050199069052025307e-03
2.460016209143999964e+06 4.545206300300859426e-02 1.050172636314987288e-03
2.460016712737999856e+06 4.698348203257384642e-02 1.050201808184657174e-03
2.460017205804999918e+06 4.601561174088793921e-02 1.050182206626765809e-03
2.460017698871999979e+06 4.646894364561903606e-02 1.050170810585210075e-03
2.460018202465999871e+06 4.619940687931756162e-02 1.050206814686124477e-03
2.460018695532999933e+06 4.785331185343714294e-02 1.050207877241889206e-03
2.460019188599999994e+06 4.721626177878755770e-02 1.050186500826828405e-03
2.460019692193999887e+06 4.688548361137802323e-02 1.050170447433046135e-03
2.460020185260999948e+06 4.688548361137802323e-02 1.050170447433046135e-03
2.460020678328000009e+06 4.592986828761225215e-02 1.050171280319402807e-03
2.460021181921000127e+06 4.657919729357759553e-02 1.050174218703052486e-03
2.460021674988000188e+06 4.719174103785712948e-02 1.050206156854387911e-03
2.460022168056000024e+06 4.615037135676935964e-02 1.050197294807639131e-03
2.460022671649000142e+06 4.737552110436574898e-02 1.050194362998041302e-03
2.460023164716000203e+06 4.551330778392898013e-02 1.050204363558813374e-03
2.460023657782999799e+06 4.841688000833996308e-02 1.050179149594089112e-03
2.460024161377000157e+06 4.654244562061862073e-02 1.050202959303128984e-03
2.460024654444000218e+06 4.666494948080153471e-02 1.050173486540324904e-03
2.460025147510999814e+06 4.694671404867439141e-02 1.050201499975048081e-03
2.460025651105000172e+06 4.639542955283917913e-02 1.050175974323875683e-03
2.460026144171999767e+06 4.693447885870565689e-02 1.050187167376816352e-03
2.460026637238999829e+06 4.762054922796930823e-02 1.050187352800403861e-03
2.460027140831999946e+06 4.716723303124138733e-02 1.050182066601746452e-03
2.460027633899999782e+06 4.590538139656349242e-02 1.050203321499492380e-03
2.460028126966999844e+06 4.618715375135281492e-02 1.050183515722086019e-03
2.460028630559999961e+06 4.575835465219306453e-02 1.050169162846837029e-03
2.460029123627000023e+06 4.771854576900705358e-02 1.050194924101692474e-03
2.460029616694000084e+06 4.633414996823168042e-02 1.050197176414712375e-03
2.460030120287999976e+06 4.759603771647453324e-02 1.050172845428756557e-03
2.460030613355000038e+06 4.714273775232721148e-02 1.050201138194107589e-03
2.460031106422000099e+06 4.612589435785748038e-02 1.050192582258272986e-03
2.460031610015999991e+06 4.670171185962370547e-02 1.050183543715134003e-03
2.460032103083000053e+06 4.871088274672797508e-02 1.050185430253214704e-03
2.460032596150000114e+06 4.512129961431025210e-02 1.050177046926078269e-03
2.460033099744000006e+06 4.474148556393915677e-02 1.050196866052745563e-03
2.460033592811000068e+06 4.592986828761225215e-02 1.050171280319402807e-03
2.460034085878000129e+06 4.716723303124138733e-02 1.050182066601746452e-03
2.460034589470999781e+06 4.624840931011170442e-02 1.050170638258764860e-03
2.460035082537999842e+06 4.708146846801636309e-02 1.050180511952650579e-03
2.460035575606000144e+06 4.528054026521042413e-02 1.050171560477960835e-03
2.460036079198999796e+06 4.539081702280436947e-02 1.050178964849802620e-03
2.460036572265999857e+06 4.838010426675792841e-02 1.050183545839257796e-03
2.460037065332999919e+06 4.692220364048917819e-02 1.050171803672967285e-03
2.460037568926999811e+06 4.683645323453428794e-02 1.050193821480557670e-03
2.460038061993999872e+06 4.678747413108427095e-02 1.050172905331576024e-03
2.460038555060999934e+06 4.581959013251815649e-02 1.050181890822847420e-03
2.460039058654999826e+06 4.769402774399544159e-02 1.050182462626552283e-03
2.460039551721999887e+06 4.514578406585128406e-02 1.050206360582053074e-03
2.460040044788999949e+06 4.694671404867439141e-02 1.050201499975048081e-03
2.460040548382000066e+06 4.820858672899427239e-02 1.050190173558947053e-03
2.460041041449999902e+06 4.666494948080153471e-02 1.050173486540324904e-03
2.460041534516999964e+06 4.583187238640105965e-02 1.050167910245647807e-03
2.460042038110000081e+06 4.687322120735203101e-02 1.050197989247358184e-03
2.460042531177000143e+06 4.570936625667888081e-02 1.050181560010576181e-03
2.460043024244000204e+06 4.610138787996461568e-02 1.050186612031763422e-03
2.460043527838000096e+06 4.530506939896652291e-02 1.050197996194850462e-03
2.460044020905000158e+06 4.819633340369451624e-02 1.050189586261991411e-03
2.460044513972000219e+06 4.640765244877970847e-02 1.050196185472629645e-03
2.460045017566000111e+06 4.401865819744545799e-02 1.050177104062249281e-03
2.460045510633000173e+06 4.624840931011170442e-02 1.050170638258764860e-03
2.460046003699999768e+06 4.637090799950000647e-02 1.050176140210514961e-03
2.460046507294000126e+06 4.813511347834894399e-02 1.050185637246147481e-03
2.460047000361000188e+06 4.539081702280436947e-02 1.050178964849802620e-03
2.460047493427999783e+06 4.820858672899427239e-02 1.050190173558947053e-03
2.460047997020999901e+06 4.755927220165673958e-02 1.050193910857685113e-03
2.460048490087999962e+06 4.594213778801517489e-02 1.050197932760988133e-03
2.460048983155999798e+06 4.618715375135281492e-02 1.050183515722086019e-03
2.460049486748999916e+06 4.622388031432927979e-02 1.050167113076573566e-03
2.460049979815999977e+06 4.646894364561903606e-02 1.050170810585210075e-03
2.460050472883000039e+06 4.494978305484126357e-02 1.050200906771982419e-03
2.460050976476999931e+06 4.759603771647453324e-02 1.050172845428756557e-03
2.460051469543999992e+06 4.661593505216297950e-02 1.050186745527119684e-03
2.460051962611000054e+06 4.556233784251297741e-02 1.050202675244437485e-03
2.460052466204999946e+06 4.618715375135281492e-02 1.050183515722086019e-03
2.460052959272000007e+06 4.655466436955524312e-02 1.050178519185656408e-03
2.460053452339000069e+06 4.720399981611964058e-02 1.050174628571381432e-03
2.460053955932000186e+06 4.585636230145649639e-02 1.050180001024948523e-03
2.460054449000000022e+06 4.846586854182333148e-02 1.050170398958871374e-03
2.460054942067000084e+06 4.566034619806315364e-02 1.050190792442113772e-03
2.460055445660000201e+06 4.677519427883899961e-02 1.050198847508516508e-03
2.460055938726999797e+06 4.567258576552251509e-02 1.050177841209851571e-03
2.460056431793999858e+06 4.643215066746196606e-02 1.050194622730550456e-03
2.460056935388000216e+06 4.611361825484518867e-02 1.050167913690698692e-03
2.460057428454999812e+06 4.526832237265255438e-02 1.050180051955051323e-03
2.460057921521999873e+06 4.617490387319483219e-02 1.050202683900263324e-03
2.460058425116000231e+06 4.789008413199605241e-02 1.050176836787625407e-03
2.460058918182999827e+06 4.594213778801517489e-02 1.050197932760988133e-03
