2.458346727899000049e+06 3.416271673821401067e-01 2.620407275257309945e-03
2.458347220966000110e+06 3.377523660038759257e-01 2.620238844742591409e-03
2.458347714033000171e+06 3.409026678800969878e-01 2.620187805281077448e-03
2.458348217627000064e+06 3.414082409864545586e-01 2.620300271532254466e-03
2.458348710694000125e+06 3.431433604052964159e-01 2.620343310513530057e-03
2.458349203761000186e+06 3.422671353649068826e-01 2.620272232505015120e-03
2.458349707355000079e+06 3.429411501114468797e-01 2.620378475781191818e-03
2.458350200422000140e+06 3.385777386310763748e-01 2.620405145604160803e-03
2.458350693489000201e+06 3.424020845454916473e-01 2.620359262241123838e-03
2.458351197081999853e+06 3.393022972103734713e-01 2.620387668423359261e-03
2.458351690150000155e+06 3.381735215311024167e-01 2.620391421206185942e-03
2.458352183217000216e+06 3.398414906346640674e-01 2.620169711238942191e-03
2.458352686809999868e+06 3.468157404667298604e-01 2.620276920471997176e-03
2.458353179876999930e+06 3.434968826146981846e-01 2.620195558873049044e-03
2.458353672943999991e+06 3.460238229457052728e-01 2.620349086446255651e-03
2.458354176537999883e+06 3.413912611837423561e-01 2.620169951943222917e-03
2.458354669604999945e+06 3.350737452779777303e-01 2.620135613920846016e-03
2.458355162672000006e+06 3.429411501114468797e-01 2.620378475781191818e-03
2.458355666265999898e+06 3.429916915109038622e-01 2.620132843433336037e-03
2.458356159332999960e+06 3.376009033211333499e-01 2.620307584677961533e-03
2.458356652400000021e+06 3.369100762641082936e-01 2.620220889297768599e-03
2.458357155993999913e+06 3.429746329559112406e-01 2.620318423482122152e-03
2.458357649060999975e+06 3.406330631824374122e-01 2.620311758263135175e-03
2.458358142128000036e+06 3.445583666318280391e-01 2.620358813504604541e-03
2.458358645721000154e+06 3.459228098819029373e-01 2.620221353954503563e-03
2.458359138788000215e+06 3.411891406393499637e-01 2.620189915546425764e-03
2.458359631856000051e+06 3.411215842639005458e-01 2.620299480014764894e-03
2.458360135449000169e+06 3.443730840761989320e-01 2.620218461064612817e-03
2.458360628516000230e+06 3.412563960848928324e-01 2.620392100485907389e-03
2.458361121582999825e+06 3.414755396212133531e-01 2.620187765791668743e-03
2.458361625177000184e+06 3.439014444948143567e-01 2.620430854048387114e-03
2.458362118243999779e+06 3.424692636614039554e-01 2.620242523706798905e-03
2.458362611310999840e+06 3.411555178873024730e-01 2.620245922715615499e-03
2.458363114905000199e+06 3.403132041142239994e-01 2.620358770322760156e-03
2.458363607971999794e+06 3.430927966567319243e-01 2.620273191047717363e-03
2.458364101038999856e+06 3.376680734577939824e-01 2.620206921731660973e-03
2.458364604631999973e+06 3.390327091294536022e-01 2.620179238601506866e-03
2.458365097699999809e+06 3.408521203713074099e-01 2.620427168469626096e-03
2.458365590766999871e+06 3.410543553873222611e-01 2.620411311857140380e-03
2.458366094359999988e+06 3.421829767183567350e-01 2.620258268968917326e-03
2.458366587427000050e+06 3.443394647081632898e-01 2.620279811017828080e-03
2.458367080494000111e+06 3.404646293345912622e-01 2.620270402932368958e-03
2.458367584088000003e+06 3.406500052745989326e-01 2.620128334655569529e-03
2.458368077155000065e+06 3.410879681692491339e-01 2.620355414171248072e-03
2.458368570222000126e+06 3.417955467467859720e-01 2.620124780869061403e-03
2.458369073816000018e+06 3.413742822255126930e-01 2.620354056168928102e-03
2.458369566883000080e+06 3.415258650244131777e-01 2.620259362436132104e-03
2.458370059950000141e+06 3.420481138936182219e-01 2.620170673858080237e-03
2.458370563544000033e+06 3.436655504586311749e-01 2.620216047166173609e-03
2.458371056611000095e+06 3.408015803574743208e-01 2.620352513212895196e-03
2.458371549678000156e+06 3.357478188484531723e-01 2.620149587566420867e-03
2.458372053270999808e+06 3.402458211765828078e-01 2.620153310159853161e-03
2.458372546337999869e+06 3.415258650244131777e-01 2.620259362436132104e-03
2.458373039406000171e+06 3.383420684235187714e-01 2.620139310854684503e-03
2.458373542998999823e+06 3.364384318127208173e-01 2.620271265654380410e-03
2.458374036065999884e+06 3.389315517682375267e-01 2.620333956880776301e-03
2.458374529132999945e+06 3.432441941194894208e-01 2.620164887562231523e-03
2.458375032726999838e+06 3.422841587310389011e-01 2.620402557181183544e-03
2.458375525793999899e+06 3.385272240570615376e-01 2.620325985729954430e-03
2.458376018860999960e+06 3.409701809009242357e-01 2.620392667177482565e-03
2.458376522454999853e+06 3.391845017829346332e-01 2.620415151016408217e-03
2.458377015521999914e+06 3.408521203713074099e-01 2.620427168469626096e-03
2.458377508588999975e+06 3.373482021609836567e-01 2.620210486079652210e-03
2.458378012182000093e+06 3.430927966567319243e-01 2.620273191047717363e-03
2.458378505249999929e+06 3.418292325771966622e-01 2.620383008572327310e-03
2.458378998316999990e+06 3.445079116789694917e-01 2.620292408208586485e-03
2.458379501910000108e+06 3.385272240570615376e-01 2.620325985729954430e-03
2.458379994977000169e+06 3.439857089695110282e-01 2.620122457656817727e-03
2.458380488044000231e+06 3.398245887536557874e-01 2.620352388156193223e-03
2.458380991638000123e+06 3.409868256997183877e-01 2.620206523781254404e-03
2.458381484705000184e+06 3.398245887536557874e-01 2.620352388156193223e-03
2.458381977771999780e+06 3.389989866548959729e-01 2.620230847548869930e-03
2.458382481366000138e+06 3.398749838821010227e-01 2.620427943370343907e-03
2.458382974433000199e+06 3.401950577306854240e-01 2.620389055217622887e-03
2.458383467499999795e+06 3.442215057244931153e-01 2.620333311484917584e-03
2.458383971094000153e+06 3.436316836668315000e-01 2.620274332393166504e-03
2.458384464161000215e+06 3.405825556494154749e-01 2.620236918389697803e-03
2.458384957227999810e+06 3.392685479207702137e-01 2.620127027033597022e-03
2.458385460820999928e+06 3.424862970808061347e-01 2.620372846905338112e-03
2.458385953887999989e+06 3.369774193191781286e-01 2.620123895128128981e-03
2.458386446955999825e+06 3.418125466574795657e-01 2.620255098211416150e-03
2.458386950548999943e+06 3.380894352693588623e-01 2.620362649162504345e-03
2.458387443616000004e+06 3.391676325770037193e-01 2.620284825713882319e-03
2.458387936683000065e+06 3.367248747143034016e-01 2.620331213045373493e-03
2.458388440276999958e+06 3.416608366178385814e-01 2.620350849542249505e-03
2.458388933344000019e+06 3.398414906346640674e-01 2.620169711238942191e-03
2.458389426411000080e+06 3.420314172895133065e-01 2.620357796439107614e-03
2.458389930004999973e+06 3.454850029765733077e-01 2.620405386726401033e-03
2.458390423072000034e+06 3.410373931849680629e-01 2.620280986745553761e-03
2.458390916139000095e+06 3.409196233816086385e-01 2.620318125758090526e-03
2.458391419732000213e+06 3.393863725366026429e-01 2.620411798470089967e-03
2.458391912800000049e+06 3.393191731141282363e-01 2.620205474333060260e-03
2.458392405867000110e+06 3.427052834877445942e-01 2.620154459034094996e-03
2.458392909460000228e+06 3.404815630493469580e-01 2.620400727517547667e-03
2.458393402526999824e+06 3.403806003965118565e-01 2.620250706982556882e-03
2.458393895593999885e+06 3.362194241544693707e-01 2.620423593435316709e-03
2.458394399187999777e+06 3.412733691798095492e-01 2.620208106734953513e-03
2.458394892254999839e+06 3.432274391303877792e-01 2.620353112002533295e-03
2.458395385321999900e+06 3.422671353649068826e-01 2.620272232505015120e-03
2.458395888915999793e+06 3.414755396212133531e-01 2.620187765791668743e-03
2.458396381982999854e+06 3.387127929817634331e-01 2.620202527820816862e-03
2.458396875049999915e+06 3.382408055976815486e-01 2.620289719928673572e-03
2.458397378643999808e+06 3.413406412285420188e-01 2.620410217667649630e-03
2.458397871710999869e+06 3.388138850523287338e-01 2.620360434068966932e-03
2.458398364777999930e+06 3.402624306150360267e-01 2.620281215551880510e-03
2.458398868371000048e+06 3.396055663566776017e-01 2.620227470450471260e-03
2.458399361438000109e+06 3.403806003965118565e-01 2.620250706982556882e-03
2.458399854505999945e+06 3.421662735311102321e-01 2.620130364696996589e-03
2.458400358099000063e+06 3.396728224970212984e-01 2.620120684882460728e-03
2.458400851166000124e+06 3.399422933784101986e-01 2.620320701120668234e-03
2.458401344233000185e+06 3.430757330733141264e-01 2.620142872805514278e-03
2.458401847827000078e+06 3.438675544566515141e-01 2.620172621630151039e-03
2.458402340894000139e+06 3.387633352461219549e-01 2.620281498332001011e-03
2.458402833961000200e+06 3.412057961268806228e-01 2.620317822725372250e-03
2.458403337555000093e+06 3.400941800349820965e-01 2.620238510538002927e-03
2.458403830622000154e+06 3.459734720538693575e-01 2.620286445484000266e-03
2.458404323689000215e+06 3.407510478374851659e-01 2.620277822483530351e-03
2.458404827281999867e+06 3.410710042951766718e-01 2.620225091839710647e-03
2.458405320350000169e+06 3.450973306430161203e-01 2.620325619937123075e-03
2.458405813417000230e+06 3.409701809009242357e-01 2.620392667177482565e-03
2.458406317009999882e+06 3.400772655865672012e-01 2.620421416757511696e-03
2.458406810076999944e+06 3.440696771910861651e-01 2.620128239759336730e-03
2.458407303144000005e+06 3.407174682576371572e-01 2.620333417531242950e-03
2.458407806737999897e+06 3.384093860247184282e-01 2.620348935442926453e-03
2.458408299804999959e+06 3.389315517682375267e-01 2.620333956880776301e-03
2.458408792872000020e+06 3.443898949910978446e-01 2.620346369637037084e-03
2.458409296465999912e+06 3.459228098819029373e-01 2.620221353954503563e-03
2.458409789532999974e+06 3.413742822255126930e-01 2.620354056168928102e-03
2.458410282600000035e+06 3.416101766912097437e-01 2.620276950346482007e-03
2.458410786193999927e+06 3.464281702557305831e-01 2.620220382881875004e-03
2.458411279260999989e+06 3.401276981863487481e-01 2.620183480262930006e-03
2.458411772328000050e+06 3.397907875134211220e-01 2.620404709156469447e-03
2.458412275921000168e+06 3.377355680246479364e-01 2.620419594162318871e-03
2.458412768988000229e+06 3.415091939131623122e-01 2.620131458110835226e-03
2.458413262056000065e+06 3.510948022167693638e-01 2.620269242100339499e-03
2.458413765649000183e+06 3.375670123527641509e-01 2.620355448810775430e-03
2.458414258715999778e+06 3.413406412285420188e-01 2.620410217667649630e-03
2.458414751782999840e+06 3.407679957978594354e-01 2.620408147437736784e-03
2.458415255377000198e+06 3.431939316057605049e-01 2.620413393735502791e-03
2.458415748443999793e+06 3.427725220911361226e-01 2.620352826854674411e-03
2.458416241510999855e+06 3.427725220911361226e-01 2.620352826854674411e-03
2.458416745105000213e+06 3.424862970808061347e-01 2.620372846905338112e-03
2.458417238171999808e+06 3.447605778840342472e-01 2.620308944503537893e-03
2.458417731238999870e+06 3.390832991312676681e-01 2.620257910939885124e-03
2.458418234831999987e+06 3.423178927168470942e-01 2.620345525830098700e-03
2.458526481366999913e+06 3.402624306150360267e-01 2.620281215551880510e-03
2.458526984960000031e+06 3.394032526220181478e-01 2.620229528139860365e-03
2.458527478027000092e+06 3.406500052745989326e-01 2.620128334655569529e-03
2.458527971094000153e+06 3.378870911239269526e-01 2.620350408133668811e-03
2.458528474688000046e+06 3.426882391771396974e-01 2.620339774229410359e-03
2.458528967755000107e+06 3.408351682270321925e-01 2.620296842569425511e-03
2.458529460822000168e+06 3.411555178873024730e-01 2.620245922715615499e-03
2.458529964416000061e+06 3.424525464994574997e-01 2.620430030654912184e-03
2.458530457483000122e+06 3.405151193794396236e-01 2.620345356401744541e-03
2.458530950550000183e+06 3.415765124478336023e-01 2.620333336689078391e-03
2.458531454144000076e+06 3.408857132218615638e-01 2.620371458630180953e-03
2.458531947211000137e+06 3.415595242762073380e-01 2.620203015455564114e-03
2.458532440278000198e+06 3.434465830988606139e-01 2.620128199963263609e-03
2.458532943870999850e+06 3.367248747143034016e-01 2.620331213045373493e-03
2.458533436937999912e+06 3.411891406393499637e-01 2.620189915546425764e-03
2.458533930006000213e+06 3.378366795920221821e-01 2.620270620411138326e-03
2.458534433598999865e+06 3.464958201530339288e-01 2.620412920567903939e-03
2.458534926665999927e+06 3.434295019200163113e-01 2.620314199192788455e-03
2.458535419732999988e+06 3.393191731141282363e-01 2.620205474333060260e-03
2.458535923326999880e+06 3.386959472360827617e-01 2.620384163588695015e-03
2.458536416393999942e+06 3.378366795920221821e-01 2.620270620411138326e-03
2.458536909461000003e+06 3.398414906346640674e-01 2.620169711238942191e-03
2.458537413054999895e+06 3.359668287477093340e-01 2.620311539182189516e-03
2.458537906121999957e+06 3.399761096899356350e-01 2.620268232207608426e-03
2.458538399189000018e+06 3.356971081107398835e-01 2.620372221880831135e-03
2.458538902782000136e+06 3.421829767183567350e-01 2.620258268968917326e-03
2.458539395849999972e+06 3.388138850523287338e-01 2.620360434068966932e-03
2.458539888917000033e+06 3.418459193114524175e-01 2.620196073450138750e-03
2.458540392510000151e+06 3.429073547062487792e-01 2.620120248524612436e-03
2.458540885577000212e+06 3.406500052745989326e-01 2.620128334655569529e-03
2.458541378643999808e+06 3.443730840761989320e-01 2.620218461064612817e-03
2.458541882238000166e+06 3.437665376199494083e-01 2.620352764211715448e-03
2.458542375305000227e+06 3.380218699841125440e-01 2.620150313970628052e-03
2.458542868371999823e+06 3.371795292600882066e-01 2.620142605450924856e-03
2.458543371966000181e+06 3.426547842918227782e-01 2.620399560691450119e-03
2.458543865032999776e+06 3.433959746690398718e-01 2.620374670813144149e-03
2.458544358099999838e+06 3.458049454937160982e-01 2.620284074629870060e-03
2.458544861694000196e+06 3.403298168420423320e-01 2.620173230399344081e-03
2.458545354760999791e+06 3.408857132218615638e-01 2.620371458630180953e-03
2.458545847827999853e+06 3.363708866621160087e-01 2.620364824273283336e-03
2.458546351420999970e+06 3.395380108070241154e-01 2.620331697593004244e-03
2.458546844488000032e+06 3.402793542730177534e-01 2.620411540674838242e-03
2.458547337555999868e+06 3.405825556494154749e-01 2.620236918389697803e-03
2.458547841148999985e+06 3.422504280695728429e-01 2.620144327551483798e-03
2.458548334216000047e+06 3.416101766912097437e-01 2.620276950346482007e-03
2.458548827283000108e+06 3.417281850444274793e-01 2.620237888381568483e-03
2.458549330877000000e+06 3.414082409864545586e-01 2.620300271532254466e-03
2.458549823944000062e+06 3.393191731141282363e-01 2.620205474333060260e-03
2.458550317011000123e+06 3.420651263662628505e-01 2.620300993483017961e-03
2.458550820605000015e+06 3.404310779800797659e-01 2.620325734936053159e-03
2.458551313672000077e+06 3.407510478374851659e-01 2.620277822483530351e-03
2.458551806739000138e+06 3.404815630493469580e-01 2.620400727517547667e-03
2.458552310331999790e+06 3.430757330733141264e-01 2.620142872805514278e-03
2.458552803400000092e+06 3.421829767183567350e-01 2.620258268968917326e-03
2.458553296467000153e+06 3.443562739819004404e-01 2.620407722585120155e-03
2.458553800059999805e+06 3.420481138936182219e-01 2.620170673858080237e-03
2.458554293126999866e+06 3.426377424927763427e-01 2.620269236164310921e-03
2.458554786193999927e+06 3.364384318127208173e-01 2.620271265654380410e-03
2.458555289787999820e+06 3.402793542730177534e-01 2.620411540674838242e-03
2.458555782854999881e+06 3.416608366178385814e-01 2.620350849542249505e-03
2.458556275921999943e+06 3.387464869867419237e-01 2.620151179676647075e-03
2.458556779515999835e+06 3.375502235920250227e-01 2.620225126477514991e-03
2.458557272582999896e+06 3.418629217275310772e-01 2.620326394338386676e-03
2.458557765649999958e+06 3.407005228102311101e-01 2.620203096293707585e-03
2.458558269243999850e+06 3.371795292600882066e-01 2.620142605450924856e-03
2.458558762310999911e+06 3.414082409864545586e-01 2.620300271532254466e-03
2.458559255377999973e+06 3.432274391303877792e-01 2.620353112002533295e-03
2.458559758971000090e+06 3.381567026058711622e-01 2.620261097083852273e-03
2.458560252038000152e+06 3.383588965683024252e-01 2.620269628919718111e-03
2.458560745105999988e+06 3.362361467251372416e-01 2.620244240704072431e-03
2.458561248699000105e+06 3.434968826146981846e-01 2.620195558873049044e-03
2.458561741766000167e+06 3.436316836668315000e-01 2.620274332393166504e-03
2.458562234833000228e+06 3.377691648185862650e-01 2.620369167758150250e-03
2.458562738427000120e+06 3.413576185135668850e-01 2.620226147221296591e-03
2.458563231494000182e+06 3.414922090895964879e-01 2.620315672865680939e-03
2.458563724560999777e+06 3.431433604052964159e-01 2.620343310513530057e-03
2.458564228155000135e+06 3.412900287790412990e-01 2.620336014801929233e-03
2.458564721222000197e+06 3.379210142274844952e-01 2.620302248661741940e-03
2.458565214288999792e+06 3.381903412928566888e-01 2.620210266995067969e-03
2.458565717881999910e+06 3.401950577306854240e-01 2.620389055217622887e-03
2.458566210950000212e+06 3.411721717335050030e-01 2.620373832628607180e-03
2.458566704016999807e+06 3.358993782786184323e-01 2.620404221165026620e-03
2.458567207609999925e+06 3.437329774659170223e-01 2.620413542458221393e-03
2.458567700676999986e+06 3.485173474671190985e-01 2.620293119918447669e-03
2.458568193744000047e+06 3.441707831062680301e-01 2.620264186354711363e-03
2.458568697337999940e+06 3.428063042078386413e-01 2.620295340758785688e-03
2.458569190405000001e+06 3.388641302959682355e-01 2.620124816108885916e-03
2.458569683472000062e+06 3.450973306430161203e-01 2.620325619937123075e-03
2.458570187065999955e+06 3.390495716246869073e-01 2.620309558652438031e-03
2.458570680133000016e+06 3.439182323861587065e-01 2.620242012590953944e-03
2.458571173200000077e+06 3.418629217275310772e-01 2.620326394338386676e-03
2.458571676793999970e+06 3.438675544566515141e-01 2.620172621630151039e-03
2.458572169861000031e+06 3.440192937988255095e-01 2.620378271672426772e-03
2.458572662928000093e+06 3.454175504313712342e-01 2.620211919696023659e-03
2.458573166521000210e+06 3.402119780377381164e-01 2.620206038892584390e-03
2.458573659587999806e+06 3.419473166027032218e-01 2.620343377762073163e-03
2.458574152656000108e+06 3.434801152909582878e-01 2.620384014539518368e-03
2.458574656249000225e+06 3.464281702557305831e-01 2.620220382881875004e-03
2.458575149315999821e+06 3.382915890106464873e-01 2.620371551682139886e-03
2.458575642382999882e+06 3.426210171067695098e-01 2.620141331357041942e-03
2.458576145976999775e+06 3.433453736966034509e-01 2.620304779358288358e-03
2.458576639043999836e+06 3.410037853869927194e-01 2.620336845189262780e-03
2.458577132110999897e+06 3.393022972103734713e-01 2.620387668423359261e-03
2.458577635704999790e+06 3.356297117921838713e-01 2.620155268548209158e-03
2.458578128771999851e+06 3.430589863074058887e-01 2.620330943169660570e-03
2.458578621838999912e+06 3.379378214302652395e-01 2.620121322594841026e-03
2.458579125432000030e+06 3.451310240048166555e-01 2.620263576367952776e-03
2.458579618499999866e+06 3.414249071695878990e-01 2.620428184098346977e-03
2.458580111566999927e+06 3.436655504586311749e-01 2.620216047166173609e-03
2.458580615160000045e+06 3.447942383671911415e-01 2.620247209497314489e-03
2.458581108227000106e+06 3.383757255500699501e-01 2.620399953466400270e-03
2.458581601294000167e+06 3.427052834877445942e-01 2.620154459034094996e-03
2.458582104888000060e+06 3.397235080156841835e-01 2.620198758829349415e-03
2.458582597955000121e+06 3.412900287790412990e-01 2.620336014801929233e-03
2.458583091022000182e+06 3.430757330733141264e-01 2.620142872805514278e-03
2.458583594616000075e+06 3.373649808737677613e-01 2.620340807684742087e-03
2.458584087683000136e+06 3.361181774643879905e-01 2.620253650556252870e-03
2.458584580750000197e+06 3.425367714457053792e-01 2.620128051721656685e-03
2.458585084344000090e+06 3.390832991312676681e-01 2.620257910939885124e-03
2.458585577411000151e+06 3.444067067266394222e-01 2.620157074153920112e-03
2.458586070478000212e+06 3.396055663566776017e-01 2.620227470450471260e-03
2.458586574070999864e+06 3.382408055976815486e-01 2.620289719928673572e-03
2.458587067137999926e+06 3.427052834877445942e-01 2.620154459034094996e-03
2.458587560206000227e+06 3.421999958986838286e-01 2.620388592950579666e-03
2.458588063798999880e+06 3.439014444948143567e-01 2.620430854048387114e-03
2.458588556865999941e+06 3.424358301535372351e-01 2.620302117998691248e-03
2.458589049933000002e+06 3.492078517337166566e-01 2.620338490700300973e-03
2.458589553526999895e+06 3.469336298371200611e-01 2.620208990173756095e-03
2.458590046593999956e+06 3.359331018202805774e-01 2.620357898030805776e-03
2.458590539661000017e+06 3.408521203713074099e-01 2.620427168469626096e-03
2.458591043254999910e+06 3.455690189005499180e-01 2.620406061932904589e-03
2.458591536321999971e+06 3.430927966567319243e-01 2.620273191047717363e-03
2.458592029389000032e+06 3.422671353649068826e-01 2.620272232505015120e-03
2.458592532982000150e+06 3.409026678800969878e-01 2.620187805281077448e-03
2.458593026049999986e+06 3.435813644115785492e-01 2.620207086086459840e-03
2.458593519117000047e+06 3.414755396212133531e-01 2.620187765791668743e-03
2.458594022710000165e+06 3.359668287477093340e-01 2.620311539182189516e-03
2.458594515777000226e+06 3.400099293653945920e-01 2.620215726926053597e-03
2.458595008843999822e+06 3.382408055976815486e-01 2.620289719928673572e-03
2.458595512438000180e+06 3.422671353649068826e-01 2.620272232505015120e-03
2.458596005504999775e+06 3.418966141981165108e-01 2.620269743492890241e-03
2.458596498571999837e+06 3.366237858583115417e-01 2.620164642038746300e-03
2.458597002166000195e+06 3.399256995670120740e-01 2.620192793801208279e-03
2.458597495232999790e+06 3.456533736141101376e-01 2.620408995987695382e-03
2.458597988299999852e+06 3.464958201530339288e-01 2.620412920567903939e-03
2.458712204272000119e+06 3.429244099150180469e-01 2.620250565641541601e-03
2.458712697339000180e+06 3.454681386054963554e-01 2.620277475273130596e-03
2.458713200931999832e+06 3.440867902103770248e-01 2.620258557273735713e-03
2.458713694000000134e+06 3.395548984344836652e-01 2.620149283607836437e-03
2.458714187067000195e+06 3.389484092321995989e-01 2.620152101605185795e-03
2.458714690659999847e+06 3.365394650064891247e-01 2.620128245915484370e-03
2.458715183726999909e+06 3.428568257342057835e-01 2.620365727397134213e-03
2.458715676793999970e+06 3.447942383671911415e-01 2.620247209497314489e-03
2.458716180387999862e+06 3.392854221459339903e-01 2.620257344487669261e-03
2.458716673454999924e+06 3.417955467467859720e-01 2.620124780869061403e-03
2.458717166521999985e+06 3.398749838821010227e-01 2.620427943370343907e-03
2.458717670115999877e+06 3.429244099150180469e-01 2.620250565641541601e-03
2.458718163182999939e+06 3.403972164143467816e-01 2.620378617129105660e-03
2.458718656250000000e+06 3.406330631824374122e-01 2.620311758263135175e-03
2.458719159843999892e+06 3.364216991814847346e-01 2.620140947507935362e-03
2.458719652910999954e+06 3.419303099892802011e-01 2.620213056029170162e-03
2.458720145978000015e+06 3.432274391303877792e-01 2.620353112002533295e-03
2.458720649571000133e+06 3.414082409864545586e-01 2.620300271532254466e-03
2.458721142638000194e+06 3.404476964620281598e-01 2.620140084828839668e-03
2.458721635706000030e+06 3.357141139069181324e-01 2.620195760977661169e-03
2.458722139299000148e+06 3.403806003965118565e-01 2.620250706982556882e-03
2.458722632366000209e+06 3.460744999115535903e-01 2.620414103632735369e-03
2.458723125432999805e+06 3.418796101063562021e-01 2.620139425422148959e-03
2.458723629027000163e+06 3.387801843434862792e-01 2.620411823469033421e-03
2.458724122094000224e+06 3.371459911152701605e-01 2.620192511370104602e-03
2.458724615160999820e+06 3.397235080156841835e-01 2.620198758829349415e-03
2.458725118755000178e+06 3.368089318083844486e-01 2.620364904953328879e-03
2.458725611821999773e+06 3.384598830151016036e-01 2.620428207290691289e-03
2.458726104888999835e+06 3.408857132218615638e-01 2.620371458630180953e-03
2.458726608481999952e+06 3.440360874431009908e-01 2.620189319099614118e-03
2.458727101549999788e+06 3.444910950032486485e-01 2.620164502270206676e-03
2.458727594616999850e+06 3.401446151431347098e-01 2.620313800524829567e-03
2.458728098209999967e+06 3.416271673821401067e-01 2.620407275257309945e-03
2.458728591277000029e+06 3.431768629924373815e-01 2.620283068520383105e-03
2.458729084344000090e+06 3.396728224970212984e-01 2.620120684882460728e-03
2.458729587937999982e+06 3.418459193114524175e-01 2.620196073450138750e-03
2.458730081005000044e+06 3.446256513970941682e-01 2.620235688757169626e-03
2.458730574072000105e+06 3.446256513970941682e-01 2.620235688757169626e-03
2.458731077665999997e+06 3.388307366638925178e-01 2.620178688490714877e-03
2.458731570733000059e+06 3.435642765294382728e-01 2.620393205524609859e-03
2.458732063800000120e+06 3.397235080156841835e-01 2.620198758829349415e-03
2.458732567394000012e+06 3.424862970808061347e-01 2.620372846905338112e-03
2.458733060461000074e+06 3.439518106274392917e-01 2.620181046954490715e-03
2.458733553528000135e+06 3.417618642359719905e-01 2.620181352922624357e-03
2.458734057120999787e+06 3.412057961268806228e-01 2.620317822725372250e-03
2.458734550187999848e+06 3.445751865914792877e-01 2.620169363453247850e-03
2.458735043256000150e+06 3.408690733587327881e-01 2.620243548833064463e-03
2.458735546848999802e+06 3.432947801804536181e-01 2.620234851603918391e-03
2.458736039915999863e+06 3.420314172895133065e-01 2.620357796439107614e-03
2.458736532982999925e+06 3.371966101529869086e-01 2.620275337041485034e-03
2.458737036576999817e+06 3.364889446176127508e-01 2.620354754933960049e-03
2.458737529643999878e+06 3.404815630493469580e-01 2.620400727517547667e-03
2.458738022710999940e+06 3.410879681692491339e-01 2.620355414171248072e-03
2.458738526304999832e+06 3.379378214302652395e-01 2.620121322594841026e-03
2.458739019371999893e+06 3.393191731141282363e-01 2.620205474333060260e-03
2.458739512438999955e+06 3.407679957978594354e-01 2.620408147437736784e-03
2.458740016032000072e+06 3.426377424927763427e-01 2.620269236164310921e-03
2.458740509099999908e+06 3.381230672648157798e-01 2.620311891137439182e-03
2.458741002166999970e+06 3.431433604052964159e-01 2.620343310513530057e-03
2.458741505760000087e+06 3.412900287790412990e-01 2.620336014801929233e-03
2.458741998827000149e+06 3.394201335470008463e-01 2.620359850692046810e-03
2.458742491894000210e+06 3.369941795903071413e-01 2.620254212426429558e-03
2.458742995488000102e+06 3.416271673821401067e-01 2.620407275257309945e-03
2.458743488555000164e+06 3.438339844408663248e-01 2.620233510493910189e-03
2.458743981622000225e+06 3.473886300618877487e-01 2.620125845587446475e-03
2.458744485216000117e+06 3.364722094741436353e-01 2.620224432635218439e-03
2.458744978283000179e+06 3.357141139069181324e-01 2.620195760977661169e-03
2.458745471349999774e+06 3.414082409864545586e-01 2.620300271532254466e-03
2.458745974944000132e+06 3.393022972103734713e-01 2.620387668423359261e-03
2.458746468011000194e+06 3.375166485754532708e-01 2.620275365576727345e-03
2.458746961077999789e+06 3.403972164143467816e-01 2.620378617129105660e-03
2.458747464670999907e+06 3.473547163016507122e-01 2.620189981731580776e-03
2.458747957737999968e+06 3.431939316057605049e-01 2.620413393735502791e-03
2.458748450805999804e+06 3.439857089695110282e-01 2.620122457656817727e-03
2.458748954398999922e+06 3.417618642359719905e-01 2.620181352922624357e-03
2.458749447465999983e+06 3.429578911250638629e-01 2.620190516273842359e-03
2.458749940533000045e+06 3.417618642359719905e-01 2.620181352922624357e-03
2.458750444126999937e+06 3.407510478374851659e-01 2.620277822483530351e-03
2.458750937193999998e+06 3.417618642359719905e-01 2.620181352922624357e-03
2.458751430261000060e+06 3.411215842639005458e-01 2.620299480014764894e-03
2.458751933854999952e+06 3.362869388905576629e-01 2.620330325677864593e-03
2.458752426922000013e+06 3.392348019880983556e-01 2.620178858368213664e-03
2.458752919989000075e+06 3.454512750576314573e-01 2.620149570063689398e-03
2.458753423582000192e+06 3.414755396212133531e-01 2.620187765791668743e-03
2.458753916650000028e+06 3.422334063810218430e-01 2.620329224334206394e-03
2.458754409717000090e+06 3.442047030292815224e-01 2.620205403549900544e-03
2.458754913310000207e+06 3.413912611837423561e-01 2.620169951943222917e-03
2.458755406376999803e+06 3.423683422629335005e-01 2.620416369774441513e-03
2.458755899443999864e+06 3.449457512154766037e-01 2.620127796979716470e-03
2.458756403038000222e+06 3.399256995670120740e-01 2.620192793801208279e-03
2.458756896104999818e+06 3.414755396212133531e-01 2.620187765791668743e-03
2.458757389171999879e+06 3.392854221459339903e-01 2.620257344487669261e-03
2.458757892765999772e+06 3.386959472360827617e-01 2.620384163588695015e-03
2.458758385832999833e+06 3.425367714457053792e-01 2.620128051721656685e-03
2.458758878899999894e+06 3.397235080156841835e-01 2.620198758829349415e-03
2.458759382493999787e+06 3.408185308311871831e-01 2.620168936414588208e-03
2.458759875560999848e+06 3.397066120024944125e-01 2.620381325641327457e-03
2.458760368627999909e+06 3.390327091294536022e-01 2.620179238601506866e-03
2.458760872221000027e+06 3.425367714457053792e-01 2.620128051721656685e-03
2.458761365288000088e+06 3.375502235920250227e-01 2.620225126477514991e-03
2.458761858355999924e+06 3.415258650244131777e-01 2.620259362436132104e-03
2.458762361949000042e+06 3.419807024148563968e-01 2.620284237480097721e-03
2.458762855016000103e+06 3.422841587310389011e-01 2.620402557181183544e-03
2.458763348083000164e+06 3.409026678800969878e-01 2.620187805281077448e-03
2.458763851677000057e+06 3.424358301535372351e-01 2.620302117998691248e-03
2.458764344744000118e+06 3.428230386388197992e-01 2.620423253084177076e-03
2.458764837811000179e+06 3.428906161594957869e-01 2.620308164918486865e-03
2.458765341405000072e+06 3.390832991312676681e-01 2.620257910939885124e-03
2.458765834472000133e+06 3.390327091294536022e-01 2.620179238601506866e-03
2.458766327539000195e+06 3.432947801804536181e-01 2.620234851603918391e-03
2.458766831131999847e+06 3.489213948940581012e-01 2.620117225624787449e-03
2.458767324200000148e+06 3.434633487856931788e-01 2.620256104129510630e-03
2.458767817267000210e+06 3.413576185135668850e-01 2.620226147221296591e-03
2.458768320859999862e+06 3.398414906346640674e-01 2.620169711238942191e-03
2.458768813926999923e+06 3.395886762092691913e-01 2.620409927211608033e-03
2.458769306993999984e+06 3.431262943071118343e-01 2.620212988783971603e-03
2.458769810587999877e+06 3.426882391771396974e-01 2.620339774229410359e-03
2.458770303654999938e+06 3.415935014644018164e-01 2.620149045162655736e-03
2.458770796721999999e+06 3.388978393554705759e-01 2.620385457278703867e-03
2.458771300315999892e+06 3.410373931849680629e-01 2.620280986745553761e-03
2.458771793382999953e+06 3.407846307267853869e-01 2.620222191025636024e-03
2.458772286450000014e+06 3.437497571333756885e-01 2.620224855327148508e-03
2.458772790043999907e+06 3.399256995670120740e-01 2.620192793801208279e-03
2.458773283110999968e+06 3.394876656434242523e-01 2.620255846332082261e-03
2.458773776178000029e+06 3.424692636614039554e-01 2.620242523706798905e-03
2.458774279771000147e+06 3.401446151431347098e-01 2.620313800524829567e-03
2.458774772838000208e+06 3.429578911250638629e-01 2.620190516273842359e-03
2.458775265906000044e+06 3.394876656434242523e-01 2.620255846332082261e-03
2.458775769499000162e+06 3.404815630493469580e-01 2.620400727517547667e-03
2.458776262566000223e+06 3.448784039538714263e-01 2.620251532322482625e-03
2.458776755632999819e+06 3.416945091718253669e-01 2.620294387252555986e-03
2.458777259227000177e+06 3.372807850070350111e-01 2.620308145815323370e-03
2.458777752293999773e+06 3.376680734577939824e-01 2.620206921731660973e-03
2.458778245360999834e+06 3.426042925371891590e-01 2.620328983007985234e-03
2.458778748955000192e+06 3.406330631824374122e-01 2.620311758263135175e-03
2.458779242021999788e+06 3.400603519793857221e-01 2.620291091143370915e-03
2.458779735088999849e+06 3.374998623195376024e-01 2.620145047226382900e-03
2.458780238681999967e+06 3.348044332591871286e-01 2.620188271272633120e-03
2.458780731749999803e+06 3.433453736966034509e-01 2.620304779358288358e-03
2.458781224816999864e+06 3.397235080156841835e-01 2.620198758829349415e-03
2.458781728409999982e+06 3.403636717030945613e-01 2.620120389858598183e-03
2.458782221477000043e+06 3.415595242762073380e-01 2.620203015455564114e-03
2.458782714544000104e+06 3.393863725366026429e-01 2.620411798470089967e-03
2.458783218137999997e+06 3.428906161594957869e-01 2.620308164918486865e-03
2.458783711205000058e+06 3.372640104816998496e-01 2.620177825834666720e-03
2.459622427943999879e+06 3.408015803574743208e-01 2.621921962490095584e-03
2.459622921010999940e+06 3.461586591908991095e-01 2.622007814338420464e-03
2.459623424604999833e+06 3.395380108070241154e-01 2.622208053982258338e-03
2.459623917671999894e+06 3.424187992440864692e-01 2.622064074532299074e-03
2.459624410738999955e+06 3.399592011137022585e-01 2.622329712180428846e-03
2.459624914332000073e+06 3.455690189005499180e-01 2.622315746904554760e-03
2.459625407399999909e+06 3.468492821442566987e-01 2.622447095937540003e-03
2.459625900466999970e+06 3.417618642359719905e-01 2.622384773089666242e-03
2.459626404060000088e+06 3.464115789019600045e-01 2.622647348495164669e-03
2.459626897127000149e+06 3.404984976063350488e-01 2.622726333526052833e-03
2.459627390194000211e+06 3.402624306150360267e-01 2.622788361793288066e-03
2.459627893788000103e+06 3.382747642133773214e-01 2.622733729122142358e-03
2.459628386855000164e+06 3.463777605261895154e-01 2.623029364375634945e-03
2.459628879922000226e+06 3.456871212648179870e-01 2.622893565213634415e-03
2.459629383516000118e+06 3.409362657123872209e-01 2.622958150437644000e-03
2.459629876583000179e+06 3.389989866548959729e-01 2.623353143601716599e-03
2.459630369649999775e+06 3.438675544566515141e-01 2.623339758849575765e-03
2.459630873244000133e+06 3.377523660038759257e-01 2.623349658994927284e-03
2.459631366311000194e+06 3.412900287790412990e-01 2.623479412132545281e-03
2.459631859377999790e+06 3.369439012775736764e-01 2.623587321595466978e-03
2.459632362970999908e+06 3.423850553143651942e-01 2.624013119195472196e-03
2.459632856037999969e+06 3.416775151316779890e-01 2.623940427410344483e-03
2.459633349105999805e+06 3.447437488747642220e-01 2.624308807206690922e-03
2.459633852698999923e+06 3.444910950032486485e-01 2.624289246582329777e-03
2.459634345765999984e+06 3.453838290974734493e-01 2.624409665595450573e-03
2.459634838833000045e+06 3.382747642133773214e-01 2.624603104552735051e-03
2.459635342426999938e+06 3.423850553143651942e-01 2.624959164064789158e-03
2.459635835493999999e+06 3.419303099892802011e-01 2.624936997836915548e-03
2.459636328561000060e+06 3.405825556494154749e-01 2.625255928409359757e-03
2.459636832154999953e+06 3.426377424927763427e-01 2.625634113559805610e-03
2.459637325222000014e+06 3.428230386388197992e-01 2.625791031768649059e-03
2.459637818289000075e+06 3.424862970808061347e-01 2.626050794569271922e-03
2.459638321882000193e+06 3.411385506536716572e-01 2.626399610160637475e-03
2.459638814950000029e+06 3.439518106274392917e-01 2.626516873449362497e-03
2.459639308017000090e+06 3.452321238292859196e-01 2.626754604346150188e-03
2.459639811610000208e+06 3.437833189256803701e-01 2.627130038241467375e-03
2.459640304676999804e+06 3.417618642359719905e-01 2.627421162042905146e-03
2.459640797743999865e+06 3.433959746690398718e-01 2.627965375954907732e-03
2.459641301338000223e+06 3.441035871495570220e-01 2.628309745705667902e-03
2.459641794404999819e+06 3.437158820433630635e-01 2.628514141924376529e-03
2.459642287471999880e+06 3.435307361211130117e-01 2.628996688073237040e-03
2.459642791065999772e+06 3.459059241398893536e-01 2.629332594248770701e-03
2.459643284132999834e+06 3.443055315049541876e-01 2.629852224009301357e-03
2.459643777199999895e+06 3.430251792899473018e-01 2.630498670166701858e-03
2.459644280793999787e+06 3.400772655865672012e-01 2.631070989811510209e-03
2.459644773860999849e+06 3.453332532691006374e-01 2.631340828255527772e-03
2.459645266927999910e+06 3.420144064933761663e-01 2.632197736553606483e-03
2.459645770521000028e+06 3.428063042078386413e-01 2.632609055458097480e-03
2.459646263588000089e+06 3.454512750576314573e-01 2.633512810129588159e-03
2.459646756655999925e+06 3.435642765294382728e-01 2.633999884408507516e-03
2.459647260249000043e+06 3.405656169118330134e-01 2.634849210630025446e-03
2.459647753316000104e+06 3.468831465567451255e-01 2.635802275499019888e-03
2.459648246383000165e+06 3.436991040294699595e-01 2.636616357560974365e-03
2.459648749977000058e+06 3.460238229457052728e-01 2.637558871251424221e-03
2.459649243044000119e+06 3.461251842993038341e-01 2.638650288983915553e-03
2.459649736111000180e+06 3.471525822112783155e-01 2.639448287342050729e-03
2.459650239705000073e+06 3.476747891947338798e-01 2.640856935527645822e-03
2.459650732772000134e+06 3.468157404667298604e-01 2.641998099381188611e-03
2.459651225839000195e+06 3.442551135756761749e-01 2.643418234837050223e-03
2.459651729431999847e+06 3.496123776795245774e-01 2.644948245876493041e-03
2.459652222500000149e+06 3.471359561635189994e-01 2.646355805925733676e-03
2.459652715567000210e+06 3.471020670705325939e-01 2.648015612766361181e-03
2.459653219159999862e+06 3.522066892469954968e-01 2.649977436369691224e-03
2.459653712226999924e+06 3.498143330594432610e-01 2.651953359198984221e-03
2.459654205293999985e+06 3.510779873657533523e-01 2.654096002021090646e-03
2.459654708887999877e+06 3.506737034962934541e-01 2.656530378757656144e-03
2.459655201954999939e+06 3.528131794718458170e-01 2.659414918783905429e-03
2.459655695022000000e+06 3.571761074783954548e-01 2.662365153851162583e-03
2.459656198615999892e+06 3.566540828212307890e-01 2.665372320946174638e-03
2.459656691682999954e+06 3.541943262047455021e-01 2.668846972204025076e-03
2.459657184750000015e+06 3.596022496584513339e-01 2.672831708131333597e-03
2.459657688343999907e+06 3.575131330490843307e-01 2.677390025388060556e-03
2.459658181410999969e+06 3.543460533323864459e-01 2.682392094484568196e-03
2.459658674478000030e+06 3.679242387691418759e-01 2.687922765334110464e-03
2.459659178071000148e+06 3.608151794754139163e-01 2.694143059048872968e-03
2.459659671138000209e+06 3.678063306461366033e-01 2.701289381084658568e-03
2.459660164206000045e+06 3.687160138245896279e-01 2.709328790364767554e-03
2.459660667799000163e+06 3.664753767631752090e-01 2.718854862618298122e-03
2.459661160866000224e+06 3.733488345777162265e-01 2.729616122120681436e-03
2.459661653932999820e+06 3.764485251490193862e-01 2.742570267878365921e-03
2.459662157527000178e+06 3.878701873962747682e-01 2.757905496359769424e-03
2.459662650593999773e+06 3.941369940078830458e-01 2.775964898259707624e-03
2.459663143660999835e+06 3.942720581990122874e-01 2.797978178410416225e-03
2.459663647255000193e+06 4.057442743444106825e-01 2.824830705956465557e-03
2.459664140321999788e+06 4.163575075064221420e-01 2.856538319182467395e-03
2.459664633388999850e+06 4.217652552719423631e-01 2.888978178779802539e-03
2.459665136981999967e+06 4.342821707772122619e-01 2.932716862700418189e-03
2.459665630049999803e+06 4.611349083838512386e-01 2.991309625224272684e-03
2.459666123116999865e+06 4.733822832034594863e-01 3.031516311871435086e-03
2.459666626709999982e+06 4.715124885347842243e-01 3.045598983991772233e-03
2.459667119777000044e+06 4.692548824339227154e-01 3.025398031899667259e-03
2.459667612844000105e+06 4.511618823875438444e-01 2.982713459849319765e-03
2.459668116437999997e+06 4.360340452314149240e-01 2.933302447144363681e-03
2.459668609505000059e+06 4.262295936203219782e-01 2.888544506588488440e-03
2.459669102572000120e+06 4.155992929212414255e-01 2.850570811603315990e-03
2.459669606166000012e+06 4.007914054769318168e-01 2.818772330525378539e-03
2.459670099233000074e+06 3.940360891495197637e-01 2.793037322330296085e-03
2.459670592300000135e+06 3.883252227168006443e-01 2.772228454837648726e-03
2.459671095894000027e+06 3.785879615280163812e-01 2.754321256861827494e-03
2.459671588961000089e+06 3.804408996462339543e-01 2.739769919523474696e-03
2.459672082028000150e+06 3.767180244903550745e-01 2.727532136757280807e-03
2.459672585620999802e+06 3.663238542991464897e-01 2.716718537974721105e-03
2.459673078687999863e+06 3.683283945147444172e-01 2.707498288939383727e-03
2.459673571756000165e+06 3.658521402353887564e-01 2.699741737191975726e-03
2.459674075348999817e+06 3.599896378801862862e-01 2.692620764061431048e-03
2.459674568415999878e+06 3.603266632576880846e-01 2.686512917491568238e-03
2.459675061482999939e+06 3.633419979792734122e-01 2.681218582425780317e-03
2.459675565076999832e+06 3.591808716089124331e-01 2.676316068840518987e-03
2.459676058143999893e+06 3.554410637711486465e-01 2.672021021115712595e-03
2.459676551210999954e+06 3.532342445987927682e-01 2.668444933034830671e-03
2.459677054804999847e+06 3.564012347679355597e-01 2.664795749802445143e-03
2.459677547871999908e+06 3.544808676240824852e-01 2.661537876518788384e-03
2.459678040938999970e+06 3.573952696101048154e-01 2.658732001374022880e-03
2.459678544532000087e+06 3.502860160756854913e-01 2.656174453529961711e-03
2.459679037599999923e+06 3.568393996197702367e-01 2.653939455368493471e-03
2.459679530666999985e+06 3.499322748094430557e-01 2.651558281137564223e-03
2.459680034260000102e+06 3.474897511104153569e-01 2.649693025649827588e-03
2.459680527327000163e+06 3.485847632178996625e-01 2.647768886824987573e-03
2.459681020394000225e+06 3.491573591106318930e-01 2.646329647597465019e-03
2.459681523988000117e+06 3.486855901445831685e-01 2.644680929176818768e-03
2.459682017055000179e+06 3.466978911555973486e-01 2.643016261702488875e-03
2.459682510121999774e+06 3.501008780715758051e-01 2.641872382508798911e-03
2.459683013716000132e+06 3.458387079430495503e-01 2.640607245372799013e-03
2.459683506783000194e+06 3.492078517337166566e-01 2.639314797433001819e-03
2.459683999849999789e+06 3.441203849086951760e-01 2.638263393471434320e-03
2.459684503444000147e+06 3.401276981863487481e-01 2.637413285549211790e-03
2.459684996511000209e+06 3.421662735311102321e-01 2.636517997480764333e-03
2.459685489577999804e+06 3.486181548940318065e-01 2.635500043961104544e-03
2.459685993170999922e+06 3.464281702557305831e-01 2.634897701149357084e-03
2.459686486237999983e+06 3.457880655050891150e-01 2.634169402529706189e-03
2.459686979305999819e+06 3.467483474750188699e-01 2.633181165371951439e-03
2.459687482898999937e+06 3.440867902103770248e-01 2.632618267449555322e-03
2.459687975965999998e+06 3.447269206869778002e-01 2.632118335900641634e-03
2.459688469033000059e+06 3.419473166027032218e-01 2.631366456875254643e-03
2.459688972626999952e+06 3.445920073722147925e-01 2.630770841564221679e-03
2.459689465694000013e+06 3.463608525763914869e-01 2.630238557927176701e-03
2.459689958761000074e+06 3.449120759409017856e-01 2.629719956031895556e-03
2.459690462354999967e+06 3.446088289740734112e-01 2.629312282956592587e-03
2.459690955422000028e+06 3.486518708889151941e-01 2.629011406691949757e-03
2.459691448489000089e+06 3.435813644115785492e-01 2.628434789496876100e-03
2.459691952082000207e+06 3.394201335470008463e-01 2.628175288089720004e-03
2.459692445150000043e+06 3.417618642359719905e-01 2.627735936352482496e-03
2.459692938217000104e+06 3.430927966567319243e-01 2.627541194351394951e-03
2.459693441810000222e+06 3.441539828870106010e-01 2.627109787504014124e-03
2.459693934876999818e+06 3.410543553873222611e-01 2.626693765254064367e-03
2.459807647255999967e+06 3.395717869018843871e-01 2.620279602168885599e-03
2.459808150849000085e+06 3.382915890106464873e-01 2.620371551682139886e-03
2.459808643916000146e+06 3.391507642100571873e-01 2.620154506893042270e-03
2.459809136983000208e+06 3.392685479207702137e-01 2.620439504913982167e-03
2.459809640577000100e+06 3.392516745348392870e-01 2.620309178400233308e-03
2.459810133644000161e+06 3.448615691930841387e-01 2.620441257622750219e-03
2.459810626711000223e+06 3.435642765294382728e-01 2.620393205524609859e-03
2.459811130305000115e+06 3.409196233816086385e-01 2.620318125758090526e-03
2.459811623372000176e+06 3.449962702921837154e-01 2.620193774843397605e-03
2.459812116438999772e+06 3.419136191356094701e-01 2.620400068045261859e-03
2.459812620031999890e+06 3.418966141981165108e-01 2.620269743492890241e-03
2.459813113100000191e+06 3.431433604052964159e-01 2.620343310513530057e-03
2.459813606166999787e+06 3.430927966567319243e-01 2.620273191047717363e-03
2.459814109759999905e+06 3.378030760826091772e-01 2.620321118794701615e-03
2.459814602826999966e+06 3.449625900856919669e-01 2.620255701126283053e-03
2.459815095894000027e+06 3.459396964482108205e-01 2.620349262668155571e-03
2.459815599487999920e+06 3.415428515219267047e-01 2.620389686472180193e-03
2.459816092554999981e+06 3.386791023282174073e-01 2.620253839827316536e-03
2.459816585622000042e+06 3.411721717335050030e-01 2.620373832628607180e-03
2.459817089215999935e+06 3.391845017829346332e-01 2.620415151016408217e-03
2.459817582282999996e+06 3.411891406393499637e-01 2.620189915546425764e-03
2.459818075350000057e+06 3.378030760826091772e-01 2.620321118794701615e-03
2.459818578943999950e+06 3.436487749016045590e-01 2.620404657173776991e-03
2.459819072011000011e+06 3.380726205261243011e-01 2.620232326471137133e-03
2.459819565078000072e+06 3.450299537870201716e-01 2.620449595822014512e-03
2.459820068671000190e+06 3.431262943071118343e-01 2.620212988783971603e-03
2.459820561737999786e+06 3.385272240570615376e-01 2.620325985729954430e-03
2.459821054806000087e+06 3.411555178873024730e-01 2.620245922715615499e-03
2.459821558399000205e+06 3.390327091294536022e-01 2.620179238601506866e-03
2.459822051465999801e+06 3.442383092399450284e-01 2.620144170464170589e-03
2.459822544532999862e+06 3.402962787727338845e-01 2.620228447824314143e-03
2.459823048127000220e+06 3.434465830988606139e-01 2.620444525956256397e-03
2.459823541193999816e+06 3.405825556494154749e-01 2.620236918389697803e-03
2.459824034260999877e+06 3.426042925371891590e-01 2.620328983007985234e-03
2.459824537854999769e+06 3.390664349586102744e-01 2.620439885185099713e-03
2.459825030921999831e+06 3.449457512154766037e-01 2.620445503757572007e-03
2.459825523988999892e+06 3.395380108070241154e-01 2.620331697593004244e-03
2.459826027582000010e+06 3.410037853869927194e-01 2.620336845189262780e-03
2.459826520649999846e+06 3.407341007200121452e-01 2.620147504010993285e-03
2.459827013716999907e+06 3.401781382651586361e-01 2.620258731212970690e-03
2.459827517310000025e+06 3.387296395653022207e-01 2.620332849030078404e-03
2.459828010377000086e+06 3.372301533332169865e-01 2.620225392735037531e-03
2.459828503444000147e+06 3.420481138936182219e-01 2.620170673858080237e-03
2.459829007038000040e+06 3.400603519793857221e-01 2.620291091143370915e-03
2.459829500105000101e+06 3.427557901260502304e-01 2.620224917967041781e-03
2.459829993172000162e+06 3.418966141981165108e-01 2.620269743492890241e-03
2.459830496766000055e+06 3.400772655865672012e-01 2.620421416757511696e-03
2.459830989833000116e+06 3.435307361211130117e-01 2.620137390051086295e-03
2.459831482900000177e+06 3.435139671448611542e-01 2.620325879735695054e-03
2.459831986494000070e+06 3.377187708808597200e-01 2.620289268638815658e-03
2.459832479561000131e+06 3.413742822255126930e-01 2.620354056168928102e-03
2.459832972628000192e+06 3.403972164143467816e-01 2.620378617129105660e-03
2.459833476220999844e+06 3.397738881541112477e-01 2.620274384373265548e-03
2.459833969287999906e+06 3.393529274397548146e-01 2.620153567929700295e-03
2.459834462356000207e+06 3.413742822255126930e-01 2.620354056168928102e-03
2.459834965948999859e+06 3.380894352693588623e-01 2.620362649162504345e-03
2.459835459015999921e+06 3.449289131672261810e-01 2.620317590346045097e-03
2.459835952082999982e+06 3.431601112900113937e-01 2.620155163037906840e-03
2.459836455676999874e+06 3.430251792899473018e-01 2.620388658462962511e-03
2.459836948743999936e+06 3.409532228849556090e-01 2.620262342993189778e-03
2.459837441810999997e+06 3.459059241398893536e-01 2.620412042614338622e-03
2.459837945404999889e+06 3.398918882696155830e-01 2.620245223793051144e-03
2.459838438471999951e+06 3.426715113262083778e-01 2.620211865978931687e-03
2.459838931539000012e+06 3.461082886786649437e-01 2.620351168608595765e-03
2.459839435132000130e+06 3.428063042078386413e-01 2.620295340758785688e-03
2.459839928199999966e+06 3.425200509884612221e-01 2.620315626431501520e-03
2.459840421267000027e+06 3.417281850444274793e-01 2.620237888381568483e-03
2.459840924860000145e+06 3.419473166027032218e-01 2.620343377762073163e-03
2.459841417927000206e+06 3.410879681692491339e-01 2.620355414171248072e-03
2.459841910993999802e+06 3.443898949910978446e-01 2.620346369637037084e-03
2.459842414588000160e+06 3.408185308311871831e-01 2.620168936414588208e-03
2.459842907655000221e+06 3.376176946025328807e-01 2.620437911112443504e-03
2.459843400721999817e+06 3.427052834877445942e-01 2.620154459034094996e-03
2.459843904316000175e+06 3.381735215311024167e-01 2.620391421206185942e-03
2.459844397382999770e+06 3.418629217275310772e-01 2.620326394338386676e-03
2.459844890449999832e+06 3.358486446496454225e-01 2.620317768127594128e-03
2.459845394044000190e+06 3.384262175176827037e-01 2.620167561868660608e-03
2.459845887110999785e+06 3.385777386310763748e-01 2.620405145604160803e-03
2.459846380177999847e+06 3.428568257342057835e-01 2.620365727397134213e-03
2.459846883770999964e+06 3.458387079430495503e-01 2.620221375203454946e-03
2.459847376838000026e+06 3.423008676729688005e-01 2.620215203990362753e-03
2.459847869905999862e+06 3.418292325771966622e-01 2.620383008572327310e-03
2.459848373498999979e+06 3.396055663566776017e-01 2.620227470450471260e-03
2.459848866566000041e+06 3.428568257342057835e-01 2.620365727397134213e-03
2.459849359633000102e+06 3.421492560279516537e-01 2.620315184668816494e-03
2.459849863226999994e+06 3.396055663566776017e-01 2.620227470450471260e-03
2.459850356294000056e+06 3.396393491717369928e-01 2.620175302431047414e-03
2.459850849361000117e+06 3.409026678800969878e-01 2.620187805281077448e-03
2.459851352955000009e+06 3.396728224970212984e-01 2.620433535113491415e-03
2.459851846022000071e+06 3.383420684235187714e-01 2.620139310854684503e-03
2.459852339089000132e+06 3.389652675346014332e-01 2.620282420306393675e-03
2.459852842681999784e+06 3.397235080156841835e-01 2.620198758829349415e-03
2.459853335750000086e+06 3.423850553143651942e-01 2.620228939718204347e-03
2.459853828817000147e+06 3.433286137685623296e-01 2.620176872816036562e-03
2.459854332409999799e+06 3.447942383671911415e-01 2.620247209497314489e-03
2.459854825476999860e+06 3.416438442523822561e-01 2.620220527437731872e-03
2.459855318543999922e+06 3.393191731141282363e-01 2.620205474333060260e-03
2.459855822137999814e+06 3.382239833261052042e-01 2.620159400864421461e-03
2.459856315204999875e+06 3.472536345488473897e-01 2.620386992153864430e-03
2.459856808271999937e+06 3.405489926737625406e-01 2.620292362296589191e-03
2.459857311865999829e+06 3.450804851956262853e-01 2.620197712377558309e-03
2.459857804932999890e+06 3.405656169118330134e-01 2.620420274476575623e-03
2.459858297999999952e+06 3.430589863074058887e-01 2.620330943169660570e-03
2.459858801593999844e+06 3.410037853869927194e-01 2.620336845189262780e-03
2.459859294660999905e+06 3.375838019485259967e-01 2.620174851453877744e-03
2.459859787727999967e+06 3.435813644115785492e-01 2.620207086086459840e-03
2.459860291321000084e+06 3.398245887536557874e-01 2.620352388156193223e-03
2.459860784388000146e+06 3.419473166027032218e-01 2.620343377762073163e-03
2.459861277455999982e+06 3.413070035467499208e-01 2.620151987283042029e-03
2.459861781049000099e+06 3.441875841456448204e-01 2.620392097159269379e-03
2.459862274116000161e+06 3.396559290046544111e-01 2.620303208896639612e-03
2.459862767183000222e+06 3.439857089695110282e-01 2.620439280203088611e-03
2.459863270777000114e+06 3.421155386605785331e-01 2.620372063705071319e-03
2.459863763844000176e+06 3.407510478374851659e-01 2.620277822483530351e-03
2.459864256910999771e+06 3.423683422629335005e-01 2.620416369774441513e-03
2.459864760505000129e+06 3.394707813597607760e-01 2.620438193096786064e-03
2.459865253572000191e+06 3.416438442523822561e-01 2.620220527437731872e-03
2.459865746638999786e+06 3.407005228102311101e-01 2.620203096293707585e-03
2.459866250231999904e+06 3.425872532493300371e-01 2.620198661990999576e-03
2.459866743300000206e+06 3.425200509884612221e-01 2.620315626431501520e-03
2.459867236366999801e+06 3.394707813597607760e-01 2.620438193096786064e-03
2.459867739959999919e+06 3.376512796708222020e-01 2.620387595106623765e-03
2.459868233026999980e+06 3.409701809009242357e-01 2.620392667177482565e-03
2.459868726094000041e+06 3.397066120024944125e-01 2.620381325641327457e-03
2.459869229687999934e+06 3.417785476815750623e-01 2.620309259683577079e-03
2.459869722754999995e+06 3.409196233816086385e-01 2.620318125758090526e-03
2.459870215822000057e+06 3.433621344427982836e-01 2.620432692144435312e-03
2.459870719415999949e+06 3.382747642133773214e-01 2.620241228548018334e-03
2.459871212483000010e+06 3.443394647081632898e-01 2.620279811017828080e-03
2.459871705550000072e+06 3.391170299929457399e-01 2.620206227022311464e-03
2.459872209143999964e+06 3.388978393554705759e-01 2.620385457278703867e-03
2.459872702211000025e+06 3.411049328870540687e-01 2.620171573731184221e-03
2.459873195278000087e+06 3.420988387652272311e-01 2.620244153878418560e-03
2.459873698871000204e+06 3.367583709678848569e-01 2.620281708824898428e-03
2.459874191937999800e+06 3.375502235920250227e-01 2.620225126477514991e-03
2.459874685006000102e+06 3.425872532493300371e-01 2.620198661990999576e-03
2.459875188599000219e+06 3.363374289503309189e-01 2.620413963375799963e-03
2.459875681665999815e+06 3.360677203180512662e-01 2.620169835016274758e-03
2.459876174732999876e+06 3.410543553873222611e-01 2.620411311857140380e-03
2.459876678326999769e+06 3.416101766912097437e-01 2.620276950346482007e-03
2.459877171393999830e+06 3.398749838821010227e-01 2.620427943370343907e-03
2.459877664460999891e+06 3.414249071695878990e-01 2.620428184098346977e-03
2.459878168054999784e+06 3.413912611837423561e-01 2.620169951943222917e-03
2.459878661121999845e+06 3.375166485754532708e-01 2.620275365576727345e-03
2.459879154188999906e+06 3.420818246159098575e-01 2.620428906084353114e-03
2.459987411249999888e+06 3.361689518092549900e-01 2.620339845621624114e-03
2.459987904316999950e+06 3.417448668459472927e-01 2.620365797902356100e-03
2.459988407910000067e+06 3.405656169118330134e-01 2.620420274476575623e-03
2.459988900977000128e+06 3.437665376199494083e-01 2.620352764211715448e-03
2.459989394044000190e+06 3.384598830151016036e-01 2.620428207290691289e-03
2.459989897638000082e+06 3.455521504283533551e-01 2.620278150446683947e-03
2.459990390705000143e+06 3.427390589777130625e-01 2.620412689662307646e-03
2.459990883772000205e+06 3.416608366178385814e-01 2.620350849542249505e-03
2.459991387366000097e+06 3.423008676729688005e-01 2.620215203990362753e-03
2.459991880433000159e+06 3.401446151431347098e-01 2.620313800524829567e-03
2.459992373500000220e+06 3.372301533332169865e-01 2.620225392735037531e-03
2.459992877094000112e+06 3.434801152909582878e-01 2.620384014539518368e-03
2.459993370161000174e+06 3.367583709678848569e-01 2.620281708824898428e-03
2.459993863227999769e+06 3.460913938827612779e-01 2.620223259801907935e-03
2.459994366820999887e+06 3.360339832623516210e-01 2.620216301005474750e-03
2.459994859887999948e+06 3.373985408029475108e-01 2.620290714800493481e-03
2.459995352955999784e+06 3.373985408029475108e-01 2.620290714800493481e-03
2.459995856548999902e+06 3.401276981863487481e-01 2.620183480262930006e-03
2.459996349615999963e+06 3.375838019485259967e-01 2.620174851453877744e-03
2.459996842683000024e+06 3.426547842918227782e-01 2.620399560691450119e-03
2.459997346276999917e+06 3.443730840761989320e-01 2.620218461064612817e-03
2.459997839343999978e+06 3.413239791587337479e-01 2.620282305978563920e-03
2.459998332411000039e+06 3.401446151431347098e-01 2.620313800524829567e-03
2.459998836004999932e+06 3.394707813597607760e-01 2.620125528952519864e-03
2.459999329071999993e+06 3.398749838821010227e-01 2.620427943370343907e-03
2.459999822139000054e+06 3.459903610933015572e-01 2.620414357375159577e-03
2.460000325732000172e+06 3.417448668459472927e-01 2.620365797902356100e-03
2.460000818800000008e+06 3.423346033055351123e-01 2.620158138783568874e-03
2.460001311867000069e+06 3.376009033211333499e-01 2.620307584677961533e-03
2.460001815460000187e+06 3.405489926737625406e-01 2.620292362296589191e-03
2.460002308526999783e+06 3.429073547062487792e-01 2.620120248524612436e-03
2.460002801593999844e+06 3.415428515219267047e-01 2.620389686472180193e-03
2.460003305188000202e+06 3.400772655865672012e-01 2.620421416757511696e-03
2.460003798254999798e+06 3.397907875134211220e-01 2.620404709156469447e-03
2.460004291321999859e+06 3.431262943071118343e-01 2.620212988783971603e-03
2.460004794916000217e+06 3.407510478374851659e-01 2.620277822483530351e-03
2.460005287982999813e+06 3.421325544867338531e-01 2.620187277618635062e-03
2.460005781049999874e+06 3.403636717030945613e-01 2.620120389858598183e-03
2.460006284644000232e+06 3.450131116285380939e-01 2.620321682210738964e-03
2.460006777710999828e+06 3.408521203713074099e-01 2.620427168469626096e-03
2.460007270777999889e+06 3.469841204645282007e-01 2.620270735396940456e-03
2.460007774371000007e+06 3.429073547062487792e-01 2.620120248524612436e-03
2.460008267438000068e+06 3.424692636614039554e-01 2.620242523706798905e-03
2.460008760505999904e+06 3.426547842918227782e-01 2.620399560691450119e-03
2.460009264099000022e+06 3.438843406936198943e-01 2.620300527964885672e-03
2.460009757166000083e+06 3.385440614109459512e-01 2.620144502476009184e-03
2.460010250233000144e+06 3.432106849591589071e-01 2.620225203100989917e-03
2.460010753827000037e+06 3.417785476815750623e-01 2.620309259683577079e-03
2.460011246894000098e+06 3.369268331857918630e-01 2.620351211420284421e-03
2.460011739961000159e+06 3.382579402528816392e-01 2.620422458971781877e-03
2.460012243555000052e+06 3.431095450731260210e-01 2.620401102291839996e-03
2.460012736622000113e+06 3.427052834877445942e-01 2.620154459034094996e-03
2.460013229689000174e+06 3.424862970808061347e-01 2.620372846905338112e-03
2.460013733281999826e+06 3.403467438516178944e-01 2.620303550151437035e-03
2.460014226350000128e+06 3.401781382651586361e-01 2.620258731212970690e-03
2.460014719417000189e+06 3.415765124478336023e-01 2.620333336689078391e-03
2.460015223009999841e+06 3.392348019880983556e-01 2.620178858368213664e-03
2.460015716076999903e+06 3.393529274397548146e-01 2.620153567929700295e-03
2.460016209143999964e+06 3.388809844065823196e-01 2.620255133452992734e-03
2.460016712737999856e+06 3.372807850070350111e-01 2.620308145815323370e-03
2.460017205804999918e+06 3.452152718021537225e-01 2.620267282654827404e-03
2.460017698871999979e+06 3.405151193794396236e-01 2.620345356401744541e-03
2.460018202465999871e+06 3.404646293345912622e-01 2.620270402932368958e-03
2.460018695532999933e+06 3.419640091013493866e-01 2.620156331940560329e-03
2.460019188599999994e+06 3.429916915109038622e-01 2.620132843433336037e-03
2.460019692193999887e+06 3.380554952584041151e-01 2.620410957676896652e-03
2.460020185260999948e+06 3.430927966567319243e-01 2.620273191047717363e-03
2.460020678328000009e+06 3.458555904038375650e-01 2.620349283918144319e-03
2.460021181921000127e+06 3.414922090895964879e-01 2.620315672865680939e-03
2.460021674988000188e+06 3.424358301535372351e-01 2.620302117998691248e-03
2.460022168056000024e+06 3.357478188484531723e-01 2.620149587566420867e-03
2.460022671649000142e+06 3.444739618760213062e-01 2.620351461677421050e-03
2.460023164716000203e+06 3.437497571333756885e-01 2.620224855327148508e-03
2.460023657782999799e+06 3.395717869018843871e-01 2.620279602168885599e-03
2.460024161377000157e+06 3.362699040775924963e-01 2.620197591301822067e-03
2.460024654444000218e+06 3.391845017829346332e-01 2.620415151016408217e-03
2.460025147510999814e+06 3.428230386388197992e-01 2.620423253084177076e-03
2.460025651105000172e+06 3.435139671448611542e-01 2.620325879735695054e-03
2.460026144171999767e+06 3.490226406518624480e-01 2.620234575844404643e-03
2.460026637238999829e+06 3.392010594120239975e-01 2.620230653469276388e-03
2.460027140831999946e+06 3.457543079997156821e-01 2.620218828251577245e-03
2.460027633899999782e+06 3.410543553873222611e-01 2.620411311857140380e-03
2.460028126966999844e+06 3.433453736966034509e-01 2.620304779358288358e-03
2.460028630559999961e+06 3.372975603666859556e-01 2.620127809743952752e-03
2.460029123627000023e+06 3.394538979158293057e-01 2.620307866648271915e-03
2.460029616694000084e+06 3.404310779800797659e-01 2.620325734936053159e-03
2.460030120287999976e+06 3.390664349586102744e-01 2.620127593457631868e-03
2.460030613355000038e+06 3.376176946025328807e-01 2.620126953724153870e-03
2.460031106422000099e+06 3.411215842639005458e-01 2.620299480014764894e-03
2.460031610015999991e+06 3.407846307267853869e-01 2.620222191025636024e-03
2.460032103083000053e+06 3.438675544566515141e-01 2.620172621630151039e-03
2.460032596150000114e+06 3.428063042078386413e-01 2.620295340758785688e-03
2.460033099744000006e+06 3.424358301535372351e-01 2.620302117998691248e-03
2.460033592811000068e+06 3.408351682270321925e-01 2.620296842569425511e-03
2.460034085878000129e+06 3.388978393554705759e-01 2.620385457278703867e-03
2.460034589470999781e+06 3.418629217275310772e-01 2.620326394338386676e-03
2.460035082537999842e+06 3.433118546586326758e-01 2.620365174420869608e-03
2.460035575606000144e+06 3.416608366178385814e-01 2.620350849542249505e-03
2.460036079198999796e+06 3.407174682576371572e-01 2.620333417531242950e-03
2.460036572265999857e+06 3.419303099892802011e-01 2.620213056029170162e-03
2.460037065332999919e+06 3.442383092399450284e-01 2.620144170464170589e-03
2.460037568926999811e+06 3.404141467761799822e-01 2.620195414080609287e-03
2.460038061993999872e+06 3.346188482140550757e-01 2.620276854587955465e-03
2.460038555060999934e+06 3.429411501114468797e-01 2.620378475781191818e-03
2.460039058654999826e+06 3.421999958986838286e-01 2.620388592950579666e-03
2.460039551721999887e+06 3.354276040106884960e-01 2.620122178064772031e-03
2.460040044788999949e+06 3.365394650064891247e-01 2.620128245915484370e-03
2.460040548382000066e+06 3.444067067266394222e-01 2.620157074153920112e-03
2.460041041449999902e+06 3.416608366178385814e-01 2.620350849542249505e-03
2.460041534516999964e+06 3.394201335470008463e-01 2.620359850692046810e-03
2.460042038110000081e+06 3.386454150257716122e-01 2.620305115702835190e-03
2.460042531177000143e+06 3.398580803353193902e-01 2.620297617431603839e-03
2.460043024244000204e+06 3.420144064933761663e-01 2.620227473989097684e-03
2.460043527838000096e+06 3.437665376199494083e-01 2.620352764211715448e-03
2.460044020905000158e+06 3.436991040294699595e-01 2.620155311745970064e-03
2.460044513972000219e+06 3.383588965683024252e-01 2.620269628919718111e-03
2.460045017566000111e+06 3.397404048692323486e-01 2.620329079851152401e-03
2.460045510633000173e+06 3.327658878829736766e-01 2.620171974596061538e-03
2.460046003699999768e+06 3.427390589777130625e-01 2.620412689662307646e-03
2.460046507294000126e+06 3.405489926737625406e-01 2.620292362296589191e-03
2.460047000361000188e+06 3.407679957978594354e-01 2.620408147437736784e-03
2.460047493427999783e+06 3.437158820433630635e-01 2.620283217235705280e-03
2.460047997020999901e+06 3.383588965683024252e-01 2.620269628919718111e-03
2.460048490087999962e+06 3.412227667051045410e-01 2.620133871886670685e-03
2.460048983155999798e+06 3.481464731713874716e-01 2.620390631065281847e-03
2.460049486748999916e+06 3.410207459177933553e-01 2.620153081364704536e-03
2.460049979815999977e+06 3.448447352540635058e-01 2.620313344418500646e-03
2.460050472883000039e+06 3.443898949910978446e-01 2.620346369637037084e-03
2.460050976476999931e+06 3.416438442523822561e-01 2.620220527437731872e-03
2.460051469543999992e+06 3.407174682576371572e-01 2.620333417531242950e-03
2.460051962611000054e+06 3.390158474728709459e-01 2.620361170166671857e-03
2.460052466204999946e+06 3.462935479781765746e-01 2.620159007476829862e-03
2.460052959272000007e+06 3.444235192828625780e-01 2.620284979729689372e-03
2.460053452339000069e+06 3.428906161594957869e-01 2.620308164918486865e-03
2.460053955932000186e+06 3.416775151316779890e-01 2.620164067956167516e-03
2.460054449000000022e+06 3.411215842639005458e-01 2.620299480014764894e-03
2.460054942067000084e+06 3.403636717030945613e-01 2.620120389858598183e-03
2.460055445660000201e+06 3.441035871495570220e-01 2.620386467803504857e-03
2.460055938726999797e+06 3.401615329413195110e-01 2.620130826918485104e-03
2.460056431793999858e+06 3.397738881541112477e-01 2.620274384373265548e-03
2.460056935388000216e+06 3.365562034950528303e-01 2.620258563430189098e-03
2.460057428454999812e+06 3.385945784974079276e-01 2.620223619759439165e-03
2.460057921521999873e+06 3.421492560279516537e-01 2.620315184668816494e-03
2.460058425116000231e+06 3.386622582581279572e-01 2.620123522547547143e-03
2.460058918182999827e+06 3.450804851956262853e-01 2.620197712377558309e-03
