2.458346727899000049e+06 6.406387439839178910e+00 2.074026061979868454e-02
2.458347220966000110e+06 6.389804928815440377e+00 2.073954287465425150e-02
2.458347714033000171e+06 6.394508956501275598e+00 2.073714216876160546e-02
2.458348217627000064e+06 6.408683145915253121e+00 2.074179020286334718e-02
2.458348710694000125e+06 6.399157508494125679e+00 2.074042955711081701e-02
2.458349203761000186e+06 6.367573988763393977e+00 2.073776440869742888e-02
2.458349707355000079e+06 6.401745428233763135e+00 2.073702486149830992e-02
2.458350200422000140e+06 6.403390686511365004e+00 2.074235430831694246e-02
2.458350693489000201e+06 6.447200849680007728e+00 2.074175335522599264e-02
2.458351197081999853e+06 6.382805344276961002e+00 2.074033927939760921e-02
2.458351690150000155e+06 6.396859322945589454e+00 2.073887258994425858e-02
2.458352183217000216e+06 6.350401731824605989e+00 2.074032756977697844e-02
2.458352686809999868e+06 6.410507313612652247e+00 2.074178985100535999e-02
2.458353179876999930e+06 6.438673456656730743e+00 2.073804021571198225e-02
2.458353672943999991e+06 6.430441623578790455e+00 2.074113994456839097e-02
2.458354176537999883e+06 6.384157607126332401e+00 2.073885330677601932e-02
2.458354669604999945e+06 6.406092421587910479e+00 2.073930551749237489e-02
2.458355162672000006e+06 6.454140272401347467e+00 2.074030073946439567e-02
2.458355666265999898e+06 6.423616426319211925e+00 2.074279101311927997e-02
2.458356159332999960e+06 6.394450061168499566e+00 2.073695117350346159e-02
2.458356652400000021e+06 6.421794442994033680e+00 2.073690756416539382e-02
2.458357155993999913e+06 6.396505829203009696e+00 2.073772654915789770e-02
2.458357649060999975e+06 6.385039672024070967e+00 2.074171868317287171e-02
2.458358142128000036e+06 6.411505217202783768e+00 2.073911344591512079e-02
2.458358645721000154e+06 6.385627782993844370e+00 2.073774777350466045e-02
2.458359138788000215e+06 6.402565056034278612e+00 2.073967986274241962e-02
2.458359631856000051e+06 6.446613005429643550e+00 2.073986215922688642e-02
2.458360135449000169e+06 6.352285368567319956e+00 2.074062883128015289e-02
2.458360628516000230e+06 6.365281283437843385e+00 2.074202286163974451e-02
2.458361121582999825e+06 6.401332705757920571e+00 2.074158378450052798e-02
2.458361625177000184e+06 6.407856833047206990e+00 2.073911583002251147e-02
2.458362118243999779e+06 6.418152026549587497e+00 2.073696834504253766e-02
2.458362611310999840e+06 6.417265387327002024e+00 2.074001414473126970e-02
2.458363114905000199e+06 6.426385884020697326e+00 2.073989615426418895e-02
2.458363607971999794e+06 6.400035751194493194e+00 2.073738139525152166e-02
2.458364101038999856e+06 6.392159453640521960e+00 2.074129761583502762e-02
2.458364604631999973e+06 6.427735539517563268e+00 2.073833173864365886e-02
2.458365097699999809e+06 6.407797814776512446e+00 2.073892481658636683e-02
2.458365590766999871e+06 6.434440659082561353e+00 2.074218600070160817e-02
2.458366094359999988e+06 6.424148921632339970e+00 2.073859365805841293e-02
2.458366587427000050e+06 6.371281591247311304e+00 2.073810290639054033e-02
2.458367080494000111e+06 6.412857653952038106e+00 2.073758167440074851e-02
2.458367584088000003e+06 6.391158674598687917e+00 2.073805028508476575e-02
2.458368077155000065e+06 6.385216099627494479e+00 2.074229180595771327e-02
2.458368570222000126e+06 6.443615239895985169e+00 2.074208741013049834e-02
2.458369073816000018e+06 6.414736183374392553e+00 2.073774817950366570e-02
2.458369566883000080e+06 6.450022060190280904e+00 2.073894829466464695e-02
2.458370059950000141e+06 6.430850299801673664e+00 2.074245811386795507e-02
2.458370563544000033e+06 6.437671324530121808e+00 2.074074180682124527e-02
2.458371056611000095e+06 6.403154781225906866e+00 2.074159014582026977e-02
2.458371549678000156e+06 6.413271119492703676e+00 2.073891871880151339e-02
2.458372053270999808e+06 6.380395499113514113e+00 2.073838527046963087e-02
2.458372546337999869e+06 6.402741967888648134e+00 2.074025292919179364e-02
2.458373039406000171e+06 6.425089771232621594e+00 2.074163093160104332e-02
2.458373542998999823e+06 6.394685645754334402e+00 2.073771516509100021e-02
2.458374036065999884e+06 6.400802101672433686e+00 2.073986452234038297e-02
2.458374529132999945e+06 6.380160440986460735e+00 2.073762125419501695e-02
2.458375032726999838e+06 6.421386342264778335e+00 2.074150406298676946e-02
2.458375525793999899e+06 6.398744952862256419e+00 2.073909241530584938e-02
2.458376018860999960e+06 6.421676150258298854e+00 2.074244016203995178e-02
2.458376522454999853e+06 6.413212051354816090e+00 2.073872770718081238e-02
2.458377015521999914e+06 6.410034987379480853e+00 2.074026159575343559e-02
2.458377508588999975e+06 6.395863698881086634e+00 2.074153554525436094e-02
2.458378012182000093e+06 6.406151424151280693e+00 2.073949653443492303e-02
2.458378505249999929e+06 6.404210524957468564e+00 2.073911149602554113e-02
2.458378998316999990e+06 6.460551607236428850e+00 2.073710193373780666e-02
2.458379501910000108e+06 6.432437868308839235e+00 2.074165426026853762e-02
2.458379994977000169e+06 6.389392976147249215e+00 2.073820579001403597e-02
2.458380488044000231e+06 6.378809024798405503e+00 2.073910380703805623e-02
2.458380991638000123e+06 6.392624574879629762e+00 2.073691901776611446e-02
2.458381484705000184e+06 6.425616470466673391e+00 2.073741302338812098e-02
2.458381977771999780e+06 6.382335059125126442e+00 2.073881113102381268e-02
2.458382481366000138e+06 6.414033147249180722e+00 2.074138292644353912e-02
2.458382974433000199e+06 6.404151540270356158e+00 2.073892048262930207e-02
2.458383467499999795e+06 6.377393282774669991e+00 2.074037467185120553e-02
2.458383971094000153e+06 6.430678534167191707e+00 2.074190409047873759e-02
2.458384464161000215e+06 6.398980695680661412e+00 2.073985648578110033e-02
2.458384957227999810e+06 6.404564444489035502e+00 2.074025761334900506e-02
2.458385460820999928e+06 6.401686466250926522e+00 2.074273003845148247e-02
2.458385953887999989e+06 6.398921759161837031e+00 2.073966546552329440e-02
2.458386446955999825e+06 6.413619632580353169e+00 2.074004572317456052e-02
2.458386950548999943e+06 6.443437198686976508e+00 2.074151429299324334e-02
2.458387443616000004e+06 6.421090633304409323e+00 2.074054890341903157e-02
2.458387936683000065e+06 6.416621173001392009e+00 2.073793210301740075e-02
2.458388440276999958e+06 6.399157508494125679e+00 2.074042955711081701e-02
2.458388933344000019e+06 6.381747251412463129e+00 2.074277891032624485e-02
2.458389426411000080e+06 6.437380794679971707e+00 2.073980578441416908e-02
2.458389930004999973e+06 6.395274645192033702e+00 2.073962526720517230e-02
2.458390423072000034e+06 6.443496545210041226e+00 2.074170533027946961e-02
2.458390916139000095e+06 6.419151120168231195e+00 2.074019640393828454e-02
2.458391419732000213e+06 6.371340273189609604e+00 2.073829391225658070e-02
2.458391912800000049e+06 6.454669353061558645e+00 2.074200093368780765e-02
2.458392405867000110e+06 6.419499952789729846e+00 2.074132347774391982e-02
2.458392909460000228e+06 6.434262871373067405e+00 2.074161288084016772e-02
2.458393402526999824e+06 6.425208126850136203e+00 2.074201301008158846e-02
2.458393895593999885e+06 6.418914634257635754e+00 2.073943232094028338e-02
2.458394399187999777e+06 6.414505768088490711e+00 2.073700328617693323e-02
2.458394892254999839e+06 6.421208915254402072e+00 2.074093096196770111e-02
2.458395385321999900e+06 6.390923219948899892e+00 2.073728628115124525e-02
2.458395888915999793e+06 6.451905533818733218e+00 2.073906185899322338e-02
2.458396381982999854e+06 6.392801212064559202e+00 2.073749200792946584e-02
2.458396875049999915e+06 6.432206817184058956e+00 2.074090922663669387e-02
2.458397378643999808e+06 6.394862339889543001e+00 2.073828817725302184e-02
2.458397871710999869e+06 6.410625400608918056e+00 2.074217193241341059e-02
2.458398364777999930e+06 6.402152280716781441e+00 2.073834276927047360e-02
2.458398868371000048e+06 6.399039632742315575e+00 2.074004750779828363e-02
2.458399361438000109e+06 6.342937031071055998e+00 2.073931620003266127e-02
2.458399854505999945e+06 6.414854348270014661e+00 2.073813018646061823e-02
2.458400358099000063e+06 6.416502975559954969e+00 2.073755009970924476e-02
2.458400851166000124e+06 6.417034881192920537e+00 2.073926917001185991e-02
2.458401344233000185e+06 6.413855923412286053e+00 2.074080982877155380e-02
2.458401847827000078e+06 6.427913146867701322e+00 2.073890476784246914e-02
2.458402340894000139e+06 6.401273747576380124e+00 2.074139274833377775e-02
2.458402833961000200e+06 6.363223829133543674e+00 2.074117914887096611e-02
2.458403337555000093e+06 6.399334326193176992e+00 2.074100264427529774e-02
2.458403830622000154e+06 6.409739801156307593e+00 2.073930649340217924e-02
2.458404323689000215e+06 6.400978964813920591e+00 2.074043759389222405e-02
2.458404827281999867e+06 6.390746634654072444e+00 2.074259939184580626e-02
2.458405320350000169e+06 6.409975949047336030e+00 2.074007057176444416e-02
2.458405813417000230e+06 6.381100725456115619e+00 2.074067748818525514e-02
2.458406317009999882e+06 6.442440258823001642e+00 2.073830512965382789e-02
2.458406810076999944e+06 6.437908501475453349e+00 2.074150593806337387e-02
2.458407303144000005e+06 6.411269012972474535e+00 2.073834940281403527e-02
2.458407806737999897e+06 6.436088392224833754e+00 2.074156980830483762e-02
2.458408299804999959e+06 6.453260548896589732e+00 2.073747375875338583e-02
2.458408792872000020e+06 6.413560561232557689e+00 2.073985470117381547e-02
2.458409296465999912e+06 6.405626320441180965e+00 2.073779654549386120e-02
2.458409789532999974e+06 6.391394137923103180e+00 2.073881431716574630e-02
2.458410282600000035e+06 6.398450286552415101e+00 2.073813736679610414e-02
2.458410786193999927e+06 6.409916911258950023e+00 2.073987954953483356e-02
2.458411279260999989e+06 6.425089771232621594e+00 2.074163093160104332e-02
2.458411772328000050e+06 6.399387372455616507e+00 2.074117457351253718e-02
2.458412275921000168e+06 6.437202925732670167e+00 2.073923273031968995e-02
2.458412768988000229e+06 6.378985280240305755e+00 2.073967685757020438e-02
2.458413262056000065e+06 6.398980695680661412e+00 2.073985648578110033e-02
2.458413765649000183e+06 6.411505217202783768e+00 2.073911344591512079e-02
2.458414258715999778e+06 6.384980863906227988e+00 2.074152764576367089e-02
2.458414751782999840e+06 6.410034987379480853e+00 2.074026159575343559e-02
2.458415255377000198e+06 6.404092556126512292e+00 2.073872947099236405e-02
2.458415748443999793e+06 6.397743142771421532e+00 2.074173796900530276e-02
2.458416241510999855e+06 6.404446469138679099e+00 2.073987556720369163e-02
2.458416745105000213e+06 6.433148846904525264e+00 2.073802169025187533e-02
2.458417238171999808e+06 6.397684217650827954e+00 2.074154693141846972e-02
2.458417731238999870e+06 6.445081299523351070e+00 2.074087053728783034e-02
2.458418234831999987e+06 6.407679779865844694e+00 2.073854279499192169e-02
2.458526481366999913e+06 6.403390686511365004e+00 2.074235430831694246e-02
2.458526984960000031e+06 6.390275764387894242e+00 2.074107107694690352e-02
2.458527478027000092e+06 6.417265387327002024e+00 2.074001414473126970e-02
2.458527971094000153e+06 6.381100725456115619e+00 2.074067748818525514e-02
2.458528474688000046e+06 6.394214485261784375e+00 2.074207649924403318e-02
2.458528967755000107e+06 6.404859392372737936e+00 2.074121275950195978e-02
2.458529460822000168e+06 6.422616637708514098e+00 2.073956255039163810e-02
2.458529964416000061e+06 6.401745428233763135e+00 2.073702486149830992e-02
2.458530457483000122e+06 6.415267942546470259e+00 2.073946726622640305e-02
2.458530950550000183e+06 6.427498737351094782e+00 2.073756772434119308e-02
2.458531454144000076e+06 6.385921858791977712e+00 2.073870280407255628e-02
2.458531947211000137e+06 6.417501812475999046e+00 2.074077824916491924e-02
2.458532440278000198e+06 6.399334326193176992e+00 2.074100264427529774e-02
2.458532943870999850e+06 6.400507340629570940e+00 2.073890943827461433e-02
2.458533436937999912e+06 6.412148917897967593e+00 2.074119560623323422e-02
2.458533930006000213e+06 6.441615526377028722e+00 2.074158325155130156e-02
2.458534433598999865e+06 6.410625400608918056e+00 2.074217193241341059e-02
2.458534926665999927e+06 6.393036735903428358e+00 2.073825601944244423e-02
2.458535419732999988e+06 6.394214485261784375e+00 2.074207649924403318e-02
2.458535923326999880e+06 6.408801199308778784e+00 2.074217228427781279e-02
2.458536416393999942e+06 6.470663270774656972e+00 2.073975988238519266e-02
2.458536909461000003e+06 6.368459627956703173e+00 2.074064873748172888e-02
2.458537413054999895e+06 6.396505829203009696e+00 2.073772654915789770e-02
2.458537906121999957e+06 6.390628913834855318e+00 2.074221730256380417e-02
2.458538399189000018e+06 6.387215953203097207e+00 2.073702261780668160e-02
2.458538902782000136e+06 6.408092911565869798e+00 2.073987990136041959e-02
2.458539395849999972e+06 6.418152026549587497e+00 2.073696834504253766e-02
2.458539888917000033e+06 6.412916718825787399e+00 2.073777267546604228e-02
2.458540392510000151e+06 6.402034349799736290e+00 2.073796075839763955e-02
2.458540885577000212e+06 6.396158246071419917e+00 2.074249075025960676e-02
2.458541378643999808e+06 6.431851370120733158e+00 2.073976307330474209e-02
2.458541882238000166e+06 6.421912737908799684e+00 2.073728955563750032e-02
2.458542375305000227e+06 6.365164031703391068e+00 2.074164078297766056e-02
2.458542868371999823e+06 6.426912689504099774e+00 2.074159631532149911e-02
2.458543371966000181e+06 6.388392630234892344e+00 2.074084287038636260e-02
2.458543865032999776e+06 6.396393893590269997e+00 2.073736364944513133e-02
2.458544358099999838e+06 6.440790899509602596e+00 2.073892800664384889e-02
2.458544861694000196e+06 6.416030207566361554e+00 2.074193153904708986e-02
2.458545354760999791e+06 6.373987390725416091e+00 2.074103944654727763e-02
2.458545847827999853e+06 6.400448390049890079e+00 2.073871842673939356e-02
2.458546351420999970e+06 6.411387113999868603e+00 2.073873142084603147e-02
2.458546844488000032e+06 6.423557262897944931e+00 2.074259996583352472e-02
2.458547337555999868e+06 6.419091997873787925e+00 2.074000538054972947e-02
2.458547841148999985e+06 6.384980863906227988e+00 2.074152764576367089e-02
2.458548334216000047e+06 6.352285368567319956e+00 2.074062883128015289e-02
2.458548827283000108e+06 6.394450061168499566e+00 2.073695117350346159e-02
2.458549330877000000e+06 6.435027393378937255e+00 2.073815052934414177e-02
2.458549823944000062e+06 6.433498440197274348e+00 2.073914864587816931e-02
2.458550317011000123e+06 6.437499376708590404e+00 2.074018782927395527e-02
2.458550820605000015e+06 6.405095360459569953e+00 2.074197690809502156e-02
2.458551313672000077e+06 6.365339910115009658e+00 2.074221390361007111e-02
2.458551806739000138e+06 6.395392451589573035e+00 2.074000730873968093e-02
2.458552310331999790e+06 6.374985480949481698e+00 2.073841566674990144e-02
2.458552803400000092e+06 6.407856833047206990e+00 2.073911583002251147e-02
2.458553296467000153e+06 6.425675652854009101e+00 2.073760402290008090e-02
2.458553800059999805e+06 6.429203907687961461e+00 2.073714773998804398e-02
2.458554293126999866e+06 6.397212836223475030e+00 2.074001869406486009e-02
2.458554786193999927e+06 6.424089753306634343e+00 2.073840264943155667e-02
2.458555289787999820e+06 6.436675276772292342e+00 2.073753276300229625e-02
2.458555782854999881e+06 6.434144348962530735e+00 2.074123080973020936e-02
2.458556275921999943e+06 6.429559208443064833e+00 2.073829374878734255e-02
2.458556779515999835e+06 6.430204721718340011e+00 2.074037582680970937e-02
2.458557272582999896e+06 6.420558391491662853e+00 2.073882972703979671e-02
2.458557765649999958e+06 6.402152280716781441e+00 2.073834276927047360e-02
2.458558269243999850e+06 6.384392812517161175e+00 2.073961736844202874e-02
2.458558762310999911e+06 6.432793347784151017e+00 2.074280051811423775e-02
2.458559255377999973e+06 6.416148396299008461e+00 2.074231362306507356e-02
2.458559758971000090e+06 6.424793891726973349e+00 2.074067576619092329e-02
2.458560252038000152e+06 6.433379931867929002e+00 2.073876662016060218e-02
2.458560745105999988e+06 6.401391664482486199e+00 2.074177482242679088e-02
2.458561248699000105e+06 6.435614181177574444e+00 2.074004156926565617e-02
2.458561741766000167e+06 6.446791134390648104e+00 2.074043523071337353e-02
2.458562234833000228e+06 6.391982834187768248e+00 2.074072452052022966e-02
2.458562738427000120e+06 6.417915577446261288e+00 2.074211549966305246e-02
2.458563231494000182e+06 6.403508642413287433e+00 2.074273640012271047e-02
2.458563724560999777e+06 6.384040007680371609e+00 2.073847128649881910e-02
2.458564228155000135e+06 6.458725096384070774e+00 2.073718789824328251e-02
2.458564721222000197e+06 6.399917859265003450e+00 2.073699940208768508e-02
2.458565214288999792e+06 6.415386117237547481e+00 2.073984930485039263e-02
2.458565717881999910e+06 6.401745428233763135e+00 2.073702486149830992e-02
2.458566210950000212e+06 6.396446915478440687e+00 2.073753554851743425e-02
2.458566704016999807e+06 6.427972350408325930e+00 2.073909578109403226e-02
2.458567207609999925e+06 6.414328531192800220e+00 2.074233812442027175e-02
2.458567700676999986e+06 6.409385595631864163e+00 2.073816042863808884e-02
2.458568193744000047e+06 6.393684471202945474e+00 2.074035719624294644e-02
2.458568697337999940e+06 6.403567621179083957e+00 2.073702954492646564e-02
2.458569190405000001e+06 6.419913846589032858e+00 2.074266076339544018e-02
2.458569683472000062e+06 6.397153915987161099e+00 2.073982767231305480e-02
2.458570187065999955e+06 6.400153645295652005e+00 2.073776339545198993e-02
2.458570680133000016e+06 6.393861137674297979e+00 2.074093028140799530e-02
2.458571173200000077e+06 6.379044033136528569e+00 2.073986787793293679e-02
2.458571676793999970e+06 6.436319582779586490e+00 2.074231486566548502e-02
2.458572169861000031e+06 6.358285138006940507e+00 2.074264988136563168e-02
2.458572662928000093e+06 6.386568873220159759e+00 2.074080402614083760e-02
2.458573166521000210e+06 6.399799969507121489e+00 2.074251184956346292e-02
2.458573659587999806e+06 6.412503276133461938e+00 2.074234183873207085e-02
2.458574152656000108e+06 6.432615605590940255e+00 2.074222738127335167e-02
2.458574656249000225e+06 6.390628913834855318e+00 2.074221730256380417e-02
2.458575149315999821e+06 6.414736183374392553e+00 2.073774817950366570e-02
2.458575642382999882e+06 6.381041953617142326e+00 2.074048646036576529e-02
2.458576145976999775e+06 6.417501812475999046e+00 2.074077824916491924e-02
2.458576639043999836e+06 6.405508325530527181e+00 2.073741454468267659e-02
2.458577132110999897e+06 6.409503661965130661e+00 2.073854244318908829e-02
2.458577635704999790e+06 6.385686597070061588e+00 2.073793877609979297e-02
2.458578128771999851e+06 6.448376698996067802e+00 2.073959709017032110e-02
2.458578621838999912e+06 6.396334980896663858e+00 2.073717265214709490e-02
2.458579125432000030e+06 6.430850299801673664e+00 2.074245811386795507e-02
2.458579618499999866e+06 6.393920027582861820e+00 2.074112131331524306e-02
2.458580111566999927e+06 6.387627765508928412e+00 2.073835962616257453e-02
2.458580615160000045e+06 6.377692853420840358e+00 2.074134892687465315e-02
2.458581108227000106e+06 6.394450061168499566e+00 2.073695117350346159e-02
2.458581601294000167e+06 6.409857874014319279e+00 2.073968852906459340e-02
2.458582104888000060e+06 6.425267305476468849e+00 2.074220405196117861e-02
2.458582597955000121e+06 6.399334326193176992e+00 2.074100264427529774e-02
2.458583091022000182e+06 6.412089860095891325e+00 2.074100457364172478e-02
2.458583594616000075e+06 6.365457165089270397e+00 2.074259599282946009e-02
2.458584087683000136e+06 6.401568543914422094e+00 2.074234794676290891e-02
2.458584580750000197e+06 6.392218327875926143e+00 2.074148865112557250e-02
2.458585084344000090e+06 6.433261425721589433e+00 2.073838460148021839e-02
2.458585577411000151e+06 6.433735463405033883e+00 2.073991271842499928e-02
2.458586070478000212e+06 6.422031035002659927e+00 2.073767155414621075e-02
2.458586574070999864e+06 6.391806219615141949e+00 2.074015144104048719e-02
2.458587067137999926e+06 6.397684217650827954e+00 2.074154693141846972e-02
2.458587560206000227e+06 6.418973754918493313e+00 2.073962333905074104e-02
2.458588063798999880e+06 6.405915417158341896e+00 2.073873247722052282e-02
2.458588556865999941e+06 6.389157586546978962e+00 2.073744178035154262e-02
2.458589049933000002e+06 6.379044033136528569e+00 2.073986787793293679e-02
2.458589553526999895e+06 6.379866630505294012e+00 2.074254234775260025e-02
2.458590046593999956e+06 6.443146408624946808e+00 2.074057823572414416e-02
2.458590539661000017e+06 6.398627084709931800e+00 2.073871039062415156e-02
2.458591043254999910e+06 6.444440228369153978e+00 2.073880751074146100e-02
2.458591536321999971e+06 6.432206817184058956e+00 2.074090922663669387e-02
2.458592029389000032e+06 6.415090684591412185e+00 2.073889422148539677e-02
2.458592532982000150e+06 6.383275664081964784e+00 2.074186754037369435e-02
2.458593026049999986e+06 6.383981208769733406e+00 2.073828027899910983e-02
2.458593519117000047e+06 6.406623464222396258e+00 2.074102473331297658e-02
2.458594022710000165e+06 6.410389228791631311e+00 2.074140777663552315e-02
2.458594515777000226e+06 6.405213347763035969e+00 2.074235899294875340e-02
2.458595008843999822e+06 6.399275386417308198e+00 2.074081161346102639e-02
2.458595512438000180e+06 6.421386342264778335e+00 2.074150406298676946e-02
2.458596005504999775e+06 6.392336077973499897e+00 2.074187072698518985e-02
2.458596498571999837e+06 6.409975949047336030e+00 2.074007057176444416e-02
2.458597002166000195e+06 6.384451615218827314e+00 2.073980838825684528e-02
2.458597495232999790e+06 6.421031493146469593e+00 2.074035787678384785e-02
2.458597988299999852e+06 6.386510051017918244e+00 2.074061299715590154e-02
2.458712204272000119e+06 6.408151932554518204e+00 2.074007092359326024e-02
2.458712697339000180e+06 6.411209963274584034e+00 2.073815839643690373e-02
2.458713200931999832e+06 6.430323171557591699e+00 2.074075788217015839e-02
2.458713694000000134e+06 6.381982368000848282e+00 2.073766509363370036e-02
2.458714187067000195e+06 6.408624120033971749e+00 2.074159916479543023e-02
2.458714690659999847e+06 6.405856416768664019e+00 2.073854146731516149e-02
2.458715183726999909e+06 6.435145932055903017e+00 2.073853254371271770e-02
2.458715676793999970e+06 6.448317307525333497e+00 2.073940607230162145e-02
2.458716180387999862e+06 6.412562337743258567e+00 2.074253288364030778e-02
2.458716673454999924e+06 6.412621399897033392e+00 2.074272393030813372e-02
2.458717166521999985e+06 6.393566696267279248e+00 2.073997514826333988e-02
2.458717670115999877e+06 6.403626600488077969e+00 2.073722054090644182e-02
2.458718163182999939e+06 6.410566356838867996e+00 2.074198089082956997e-02
2.458718656250000000e+06 6.398744952862256419e+00 2.073909241530584938e-02
2.458719159843999892e+06 6.380277968967505764e+00 2.073800325881390572e-02
2.458719652910999954e+06 6.423734754796459612e+00 2.073725663461441215e-02
2.458720145978000015e+06 6.382922920979374304e+00 2.074072133408483287e-02
2.458720649571000133e+06 6.403862523156320208e+00 2.073798454241795181e-02
2.458721142638000194e+06 6.386804167446930691e+00 2.074156815967526102e-02
2.458721635706000030e+06 6.408328998782123698e+00 2.074064400084819557e-02
2.458722139299000148e+06 6.402859911840620200e+00 2.074063498228836608e-02
2.458722632366000209e+06 6.407154550878457755e+00 2.074274409165054872e-02
2.458723125432999805e+06 6.396918240468588479e+00 2.073906360289938175e-02
2.458723629027000163e+06 6.404033572525928086e+00 2.073853846111469237e-02
2.458724122094000224e+06 6.414328531192800220e+00 2.074233812442027175e-02
2.458724615160999820e+06 6.394508956501275598e+00 2.073714216876160546e-02
2.458725118755000178e+06 6.372983587028388186e+00 2.073777305601331999e-02
2.458725611821999773e+06 6.377275807931019003e+00 2.073999262354967940e-02
2.458726104888999835e+06 6.421617004707575127e+00 2.074224911798571575e-02
2.458726608481999952e+06 6.423675590285373715e+00 2.073706563830200397e-02
2.458727101549999788e+06 6.379514075787674265e+00 2.074139610417359558e-02
2.458727594616999850e+06 6.406505450943845048e+00 2.074064267303692144e-02
2.458728098209999967e+06 6.394685645754334402e+00 2.073771516509100021e-02
2.458728591277000029e+06 6.401568543914422094e+00 2.074234794676290891e-02
2.458729084344000090e+06 6.414736183374392553e+00 2.073774817950366570e-02
2.458729587937999982e+06 6.401214789937864857e+00 2.074120171392654019e-02
2.458730081005000044e+06 6.432384548081872211e+00 2.074148232705511768e-02
2.458730574072000105e+06 6.441965579770156047e+00 2.074271040072161662e-02
2.458731077665999997e+06 6.449321096878763093e+00 2.074263451067073424e-02
2.458731570733000059e+06 6.428031554494217481e+00 2.073928679610483050e-02
2.458732063800000120e+06 6.411269012972474535e+00 2.073834940281403527e-02
2.458732567394000012e+06 6.441965579770156047e+00 2.074271040072161662e-02
2.458733060461000074e+06 6.427557937074829475e+00 2.073775872527800976e-02
2.458733553528000135e+06 6.425326484647861491e+00 2.074239509560034389e-02
2.458734057120999787e+06 6.410448270930240611e+00 2.074159881294068003e-02
2.458734550187999848e+06 6.389098740501914619e+00 2.073725078233389085e-02
2.458735043256000150e+06 6.448614270349235511e+00 2.074036117923875808e-02
2.458735546848999802e+06 6.407679779865844694e+00 2.073854279499192169e-02
2.458736039915999863e+06 6.431673653954967484e+00 2.073919002039039880e-02
2.458736532982999925e+06 6.392918972899355623e+00 2.073787401016751950e-02
2.458737036576999817e+06 6.393213384476945649e+00 2.073882904654903228e-02
2.458737529643999878e+06 6.381218270757997857e+00 2.074105954910256122e-02
2.458738022710999940e+06 6.434203609894890263e+00 2.074142184440543046e-02
2.458738526304999832e+06 6.394214485261784375e+00 2.074207649924403318e-02
2.458739019371999893e+06 6.405036367622860105e+00 2.074178586830749058e-02
2.458739512438999955e+06 6.377275807931019003e+00 2.073999262354967940e-02
2.458740016032000072e+06 6.394744543256932978e+00 2.073790616738579659e-02
2.458740509099999908e+06 6.413442420169155334e+00 2.073947266245042623e-02
2.458741002166999970e+06 6.411741430135360353e+00 2.073987751716518599e-02
2.458741505760000087e+06 6.428913759969386632e+00 2.074213312817515739e-02
2.458741998827000149e+06 6.415858837771065026e+00 2.074137752972248644e-02
2.458742491894000210e+06 6.385686597070061588e+00 2.073793877609979297e-02
2.458742995488000102e+06 6.395097939664545095e+00 2.073905221809843602e-02
2.458743488555000164e+06 6.405449328890284733e+00 2.073722354691587277e-02
2.458743981622000225e+06 6.434908856885513728e+00 2.073776852201246121e-02
2.458744485216000117e+06 6.391394137923103180e+00 2.073881431716574630e-02
2.458744978283000179e+06 6.388686833361878037e+00 2.074179804349202128e-02
2.458745471349999774e+06 6.411800484728263250e+00 2.074006853937607545e-02
2.458745974944000132e+06 6.399505254613087502e+00 2.074155664358657766e-02
2.458746468011000194e+06 6.403862523156320208e+00 2.073798454241795181e-02
2.458746961077999789e+06 6.396977158534240537e+00 2.073925461761380942e-02
2.458747464670999907e+06 6.444849794250516517e+00 2.074012553180699242e-02
2.458747957737999968e+06 6.422504245169848858e+00 2.073919961854978414e-02
2.458748450805999804e+06 6.390570054238430053e+00 2.074202626056216928e-02
2.458748954398999922e+06 6.435383015960645103e+00 2.073929659356116284e-02
2.458749447465999983e+06 6.394567852376500383e+00 2.073733316577888730e-02
2.458749940533000045e+06 6.372690107045950292e+00 2.074268753275795157e-02
2.458750444126999937e+06 6.396564743470196213e+00 2.073791755155754771e-02
2.458750937193999998e+06 6.426267506708294164e+00 2.073951411477720913e-02
2.458751430261000060e+06 6.423326530761690911e+00 2.074185489823224260e-02
2.458751933854999952e+06 6.389687225342927768e+00 2.073916084167486129e-02
2.458752426922000013e+06 6.408092911565869798e+00 2.073987990136041959e-02
2.458752919989000075e+06 6.449730972955760144e+00 2.073801235319814792e-02
2.458753423582000192e+06 6.376159904837513714e+00 2.074223617596231486e-02
2.458753916650000028e+06 6.434499922744052469e+00 2.074237704417451755e-02
2.458754409717000090e+06 6.433972495345213538e+00 2.074067681912182895e-02
2.458754913310000207e+06 6.426675917651989423e+00 2.074083218074980819e-02
2.458755406376999803e+06 6.424563115171381789e+00 2.073993076770620433e-02
2.458755899443999864e+06 6.378926527885213638e+00 2.073948583896682157e-02
2.458756403038000222e+06 6.401509583560742733e+00 2.074215690355799349e-02
2.458756896104999818e+06 6.434618451704560371e+00 2.074275913639908944e-02
2.458757389171999879e+06 6.404977375329470313e+00 2.074159483027942369e-02
2.458757892765999772e+06 6.381277044220917460e+00 2.074125058220041215e-02
2.458758385832999833e+06 6.420794937961649573e+00 2.073959378783707397e-02
2.458758878899999894e+06 6.400861055509932562e+00 2.074005554443157651e-02
2.458759382493999787e+06 6.400212593160621743e+00 2.073795439819101083e-02
2.458759875560999848e+06 6.387804264625005501e+00 2.073893265613195591e-02
2.458760368627999909e+06 6.397802068434760514e+00 2.074192900835172826e-02
2.458760872221000027e+06 6.415622473150398797e+00 2.074061340321100080e-02
2.458761365288000088e+06 6.437025061699980455e+00 2.073865969205899648e-02
2.458761858355999924e+06 6.400389440013160680e+00 2.073852741696344260e-02
2.458762361949000042e+06 6.439788437818600997e+00 2.074163140950838896e-02
2.458762855016000103e+06 6.403567621179083957e+00 2.073702954492646564e-02
2.458763348083000164e+06 6.418500804877855792e+00 2.073809524342743252e-02
2.458763851677000057e+06 6.386804167446930691e+00 2.074156815967526102e-02
2.458764344744000118e+06 6.380865641348020922e+00 2.073991338746370913e-02
2.458764837811000179e+06 6.396564743470196213e+00 2.073791755155754771e-02
2.458765341405000072e+06 6.411623322581282203e+00 2.073949547802151142e-02
2.458765834472000133e+06 6.421794442994033680e+00 2.073690756416539382e-02
2.458766327539000195e+06 6.425148948768853785e+00 2.074182196996154220e-02
2.458766831131999847e+06 6.406210427258089091e+00 2.073968755313681731e-02
2.458767324200000148e+06 6.375690109321713095e+00 2.074070788782516467e-02
2.458767817267000210e+06 6.407738797049391977e+00 2.073873380490950241e-02
2.458768320859999862e+06 6.439675744782108247e+00 2.074126844146248136e-02
2.458768813926999923e+06 6.393507809612979820e+00 2.073978412691254020e-02
2.458769306993999984e+06 6.412798589622290990e+00 2.073739067509462741e-02
2.458769810587999877e+06 6.401916421055038775e+00 2.073757875456164190e-02
2.458770303654999938e+06 6.400920009890421092e+00 2.074024656828217170e-02
2.458770796721999999e+06 6.408328998782123698e+00 2.074064400084819557e-02
2.458771300315999892e+06 6.412148917897967593e+00 2.074119560623323422e-02
2.458771793382999953e+06 6.419499952789729846e+00 2.074132347774391982e-02
2.458772286450000014e+06 6.400389440013160680e+00 2.073852741696344260e-02
2.458772790043999907e+06 6.375925002752647508e+00 2.074147201781771990e-02
2.458773283110999968e+06 6.423267370010469435e+00 2.074166385956845160e-02
2.458773776178000029e+06 6.379631591862120921e+00 2.074177817832842385e-02
2.458774279771000147e+06 6.401332705757920571e+00 2.074158378450052798e-02
2.458774772838000208e+06 6.424971417795256379e+00 2.074124886015850378e-02
2.458775265906000044e+06 6.426089944828245137e+00 2.073894106874174872e-02
2.458775769499000162e+06 6.386568873220159759e+00 2.074080402614083760e-02
2.458776262566000223e+06 6.417738246335358276e+00 2.074154238174966136e-02
2.458776755632999819e+06 6.425616470466673391e+00 2.073741302338812098e-02
2.458777259227000177e+06 6.364161617547926753e+00 2.073837429774258098e-02
2.458777752293999773e+06 6.402506086502427252e+00 2.073948884411136451e-02
2.458778245360999834e+06 6.400920009890421092e+00 2.074024656828217170e-02
2.458778748955000192e+06 6.423504016284731222e+00 2.074242802478089287e-02
2.458779242021999788e+06 6.398391354918815388e+00 2.073794636237188960e-02
2.458779735088999849e+06 6.427617137343816012e+00 2.073794972797401298e-02
2.458780238681999967e+06 6.438264283277479016e+00 2.074265218771226271e-02
2.458780731749999803e+06 6.430441623578790455e+00 2.074113994456839097e-02
2.458781224816999864e+06 6.411328063214233097e+00 2.073854041095040193e-02
2.458781728409999982e+06 6.400271541568521627e+00 2.073814540268923215e-02
2.458782221477000043e+06 6.418211140186537378e+00 2.073715934045883974e-02
2.458782714544000104e+06 6.396334980896663858e+00 2.073717265214709490e-02
2.458783218137999997e+06 6.391806219615141949e+00 2.074015144104048719e-02
2.458783711205000058e+06 6.412267035133958792e+00 2.074157767669471825e-02
2.459622427943999879e+06 6.421617004707575127e+00 2.074224911798571575e-02
2.459622921010999940e+06 6.433616950709621918e+00 2.073953067863290242e-02
2.459623424604999833e+06 6.406741479674831652e+00 2.074140680062683262e-02
2.459623917671999894e+06 6.456137927734948434e+00 2.074077385763891182e-02
2.459624410738999955e+06 6.365164031703391068e+00 2.074164078297766056e-02
2.459624914332000073e+06 6.418914634257635754e+00 2.073943232094028338e-02
2.459625407399999909e+06 6.409857874014319279e+00 2.073968852906459340e-02
2.459625900466999970e+06 6.421327199383270568e+00 2.074131302755427911e-02
2.459626404060000088e+06 6.419032876123876186e+00 2.073981435892055178e-02
2.459626897127000149e+06 6.388216114861898554e+00 2.074026978763654147e-02
2.459627390194000211e+06 6.389628374419734413e+00 2.073896982782414550e-02
2.459627893788000103e+06 6.385980675576766075e+00 2.073889381546395461e-02
2.459628386855000164e+06 6.412503276133461938e+00 2.074234183873207085e-02
2.459628879922000226e+06 6.416207491481757508e+00 2.074250466771343504e-02
2.459629383516000118e+06 6.415090684591412185e+00 2.073889422148539677e-02
2.459629876583000179e+06 6.390805495876871412e+00 2.074279043912620121e-02
2.459630369649999775e+06 6.427676338158057945e+00 2.073814073242922010e-02
2.459630873244000133e+06 6.412562337743258567e+00 2.074253288364030778e-02
2.459631366311000194e+06 6.419151120168231195e+00 2.074019640393828454e-02
2.459631859377999790e+06 6.421268057046467526e+00 2.074112199388122163e-02
2.459632362970999908e+06 6.430204721718340011e+00 2.074037582680970937e-02
2.459632856037999969e+06 6.430968761533023326e+00 2.074284020758590530e-02
2.459633349105999805e+06 6.398803887752628761e+00 2.073928343028564811e-02
2.459633852698999923e+06 6.425030594241408544e+00 2.074143989499998078e-02
2.459634345765999984e+06 6.407390603523589689e+00 2.073760687182547857e-02
2.459634838833000045e+06 6.435673455647651586e+00 2.074023259298752447e-02
2.459635342426999938e+06 6.445615574199321074e+00 2.074258988284309255e-02
2.459635835493999999e+06 6.391099810123005653e+00 2.073785928146260060e-02
2.459636328561000060e+06 6.402447117513700547e+00 2.073929782723964166e-02
2.459636832154999953e+06 6.372983587028388186e+00 2.073777305601331999e-02
2.459637325222000014e+06 6.390628913834855318e+00 2.074221730256380417e-02
2.459637818289000075e+06 6.419499952789729846e+00 2.074132347774391982e-02
2.459638321882000193e+06 6.415327029619902532e+00 2.073965828465872130e-02
2.459638814950000029e+06 6.406033419567969567e+00 2.073911450230914513e-02
2.459639308017000090e+06 6.404446469138679099e+00 2.073987556720369163e-02
2.459639811610000208e+06 6.405744317525379650e+00 2.073817855334175383e-02
2.459640304676999804e+06 6.390982082798117858e+00 2.073747727949585770e-02
2.459640797743999865e+06 6.420854075940825467e+00 2.073978480743471353e-02
2.459641301338000223e+06 6.386804167446930691e+00 2.074156815967526102e-02
2.459641794404999819e+06 6.417679137053901250e+00 2.074135134596424845e-02
2.459642287471999880e+06 6.391982834187768248e+00 2.074072452052022966e-02
2.459642791065999772e+06 6.390982082798117858e+00 2.073747727949585770e-02
2.459643284132999834e+06 6.455787104223047024e+00 2.073964681369937224e-02
2.459643777199999895e+06 6.415971114016450372e+00 2.074174049967741559e-02
2.459644280793999787e+06 6.411741430135360353e+00 2.073987751716518599e-02
2.459644773860999849e+06 6.388216114861898554e+00 2.074026978763654147e-02
2.459645266927999910e+06 6.379279050132838691e+00 2.074063197697775113e-02
2.459645770521000028e+06 6.385510156466493115e+00 2.073736577359194810e-02
2.459646263588000089e+06 6.418211140186537378e+00 2.073715934045883974e-02
2.459646756655999925e+06 6.388392630234892344e+00 2.074084287038636260e-02
2.459647260249000043e+06 6.411269012972474535e+00 2.073834940281403527e-02
2.459647753316000104e+06 6.428209170023663432e+00 2.073985985169321533e-02
2.459648246383000165e+06 6.404328495961510548e+00 2.073949352809593971e-02
2.459648749977000058e+06 6.414795265550117698e+00 2.073793918210253828e-02
2.459649243044000119e+06 6.422208484729334366e+00 2.073824456510319283e-02
2.459649736111000180e+06 6.431442630280504780e+00 2.073844507527320552e-02
2.459650239705000073e+06 6.382158711126693973e+00 2.073823810441224880e-02
2.459650732772000134e+06 6.406859497301212514e+00 2.074178887497869772e-02
2.459651225839000195e+06 6.413501490428825669e+00 2.073966368093244084e-02
2.459651729431999847e+06 6.376688466171154701e+00 2.073808248760229678e-02
2.459652222500000149e+06 6.389687225342927768e+00 2.073916084167486129e-02
2.459652715567000210e+06 6.405567322714149192e+00 2.073760554420864266e-02
2.459653219159999862e+06 6.421563774177689865e+00 2.074207717984135821e-02
2.459653712226999924e+06 6.390982082798117858e+00 2.073747727949585770e-02
2.459654205293999985e+06 6.411269012972474535e+00 2.073834940281403527e-02
2.459654708887999877e+06 6.389863781364790718e+00 2.073973389378302307e-02
2.459655201954999939e+06 6.415031599694789755e+00 2.073870321009033124e-02
2.459655695022000000e+06 6.399039632742315575e+00 2.074004750779828363e-02
2.459656198615999892e+06 6.419387614791452812e+00 2.074096051508667049e-02
2.459656691682999954e+06 6.381747251412463129e+00 2.074277891032624485e-02
2.459657184750000015e+06 6.432615605590940255e+00 2.074222738127335167e-02
2.459657688343999907e+06 6.425267305476468849e+00 2.074220405196117861e-02
2.459658181410999969e+06 6.422734947768827141e+00 2.073994459077091457e-02
2.459658674478000030e+06 6.401214789937864857e+00 2.074120171392654019e-02
2.459659178071000148e+06 6.426267506708294164e+00 2.073951411477720913e-02
2.459659671138000209e+06 6.411032817444088039e+00 2.073758538786081226e-02
2.459660164206000045e+06 6.424444771435312340e+00 2.073954872758163037e-02
2.459660667799000163e+06 6.400212593160621743e+00 2.073795439819101083e-02
2.459661160866000224e+06 6.377452021007986360e+00 2.074056569864107455e-02
2.459661653932999820e+06 6.415267942546470259e+00 2.073946726622640305e-02
2.459662157527000178e+06 6.398568151447967978e+00 2.073851938092221778e-02
2.459662650593999773e+06 6.395922607234006740e+00 2.074172658273631953e-02
2.459663143660999835e+06 6.413330188174629853e+00 2.073910973218149809e-02
2.459663647255000193e+06 6.411800484728263250e+00 2.074006853937607545e-02
2.459664140321999788e+06 6.382746556737942889e+00 2.074014825469313109e-02
2.459664633388999850e+06 6.416798473245989953e+00 2.073850512117371425e-02
2.459665136981999967e+06 6.421676150258298854e+00 2.074244016203995178e-02
2.459665630049999803e+06 6.369515517734961385e+00 2.073822099375331740e-02
2.459666123116999865e+06 6.401391664482486199e+00 2.074177482242679088e-02
2.459666626709999982e+06 6.398214563274644107e+00 2.073737335965436870e-02
2.459667119777000044e+06 6.420327767073894520e+00 2.073808479486421996e-02
2.459667612844000105e+06 6.405272342229800131e+00 2.074255003801497854e-02
2.459668116437999997e+06 6.408742172340188503e+00 2.074198124269080457e-02
2.459668609505000059e+06 6.415681563489194161e+00 2.074080443219968040e-02
2.459669102572000120e+06 6.439379193583042671e+00 2.074031329274533819e-02
2.459669606166000012e+06 6.384334010357084921e+00 2.073942635038655488e-02
2.459670099233000074e+06 6.396564743470196213e+00 2.073791755155754771e-02
2.459670592300000135e+06 6.400035751194493194e+00 2.073738139525152166e-02
2.459671095894000027e+06 6.378515276550819735e+00 2.073814875800364388e-02
2.459671588961000089e+06 6.392624574879629762e+00 2.074280684258660371e-02
2.459672082028000150e+06 6.389569524038573256e+00 2.073877881573271340e-02
2.459672585620999802e+06 6.402977857965240993e+00 2.074101704242274635e-02
2.459673078687999863e+06 6.416857574416196641e+00 2.073869613074431559e-02
2.459673571756000165e+06 6.399039632742315575e+00 2.074004750779828363e-02
2.459674075348999817e+06 6.373159681505270235e+00 2.073834606977494402e-02
2.459674568415999878e+06 6.432911845308096233e+00 2.074318261813956274e-02
2.459675061482999939e+06 6.356873951148446444e+00 2.073804616286487393e-02
2.459675565076999832e+06 6.401857457497285964e+00 2.074328408390198331e-02
2.459676058143999893e+06 6.421794442994033680e+00 2.074282225542728106e-02
2.459676551210999954e+06 6.402152280716781441e+00 2.073834276927047360e-02
2.459677054804999847e+06 6.389451824902336874e+00 2.073839679682767945e-02
2.459677547871999908e+06 6.407561747129438601e+00 2.073816078043450722e-02
2.459678040938999970e+06 6.391099810123005653e+00 2.073785928146260060e-02
2.459678544532000087e+06 6.374222221424724388e+00 2.074180358875513802e-02
2.459679037599999923e+06 6.410973769921610277e+00 2.074329911357410475e-02
2.459679530666999985e+06 6.465432768349839598e+00 2.074085973505792463e-02
2.459680034260000102e+06 6.413974072092770484e+00 2.074119189212668760e-02
2.459680527327000163e+06 6.401037920280398197e+00 2.074062862126163295e-02
2.459681020394000225e+06 6.439201269418682649e+00 2.073974022462801367e-02
2.459681523988000117e+06 6.419913846589032858e+00 2.074266076339544018e-02
2.459682017055000179e+06 6.416207491481757508e+00 2.074250466771343504e-02
2.459682510121999774e+06 6.422504245169848858e+00 2.073919961854978414e-02
2.459683013716000132e+06 6.396099335548197651e+00 2.074229970573944135e-02
2.459683506783000194e+06 6.393743359484343358e+00 2.074054822287185740e-02
2.459683999849999789e+06 6.420558391491662853e+00 2.073882972703979671e-02
2.459684503444000147e+06 6.412148917897967593e+00 2.074119560623323422e-02
2.459684996511000209e+06 6.404800401709365154e+00 2.074102172675246908e-02
2.459685489577999804e+06 6.409680765542915992e+00 2.073911547820996362e-02
2.459685993170999922e+06 6.404210524957468564e+00 2.073911149602554113e-02
2.459686486237999983e+06 6.444731076823449811e+00 2.073974348809476398e-02
2.459686979305999819e+06 6.402918884631340291e+00 2.074082601147579988e-02
2.459687482898999937e+06 6.403685580340291672e+00 2.074330955102856103e-02
2.459687975965999998e+06 6.405744317525379650e+00 2.073817855334175383e-02
2.459688469033000059e+06 6.411564269620095402e+00 2.073930446108868814e-02
2.459688972626999952e+06 6.431501866329000450e+00 2.073863608429074579e-02
2.459689465694000013e+06 6.393802248308126934e+00 2.074073925126020471e-02
2.459689958761000074e+06 6.400802101672433686e+00 2.073986452234038297e-02
2.459690462354999967e+06 6.458552586224096892e+00 2.074258256238259088e-02
2.459690955422000028e+06 6.378750274066659287e+00 2.073891279371258001e-02
2.459691448489000089e+06 6.403213756732487383e+00 2.074178118380512817e-02
2.459691952082000207e+06 6.427267863638309819e+00 2.074274256996495522e-02
2.459692445150000043e+06 6.430850299801673664e+00 2.074245811386795507e-02
2.459692938217000104e+06 6.427794741422334646e+00 2.073852274661732928e-02
2.459693441810000222e+06 6.429618427144526471e+00 2.073848475641112271e-02
2.459693934876999818e+06 6.418855514141274199e+00 2.073924130458908166e-02
2.459807647255999967e+06 6.655851135832596022e+00 2.113715524616151947e-02
2.459808150849000085e+06 6.655091026323917802e+00 2.115925960854180693e-02
2.459808643916000146e+06 6.687195192439707725e+00 2.118126315215147423e-02
2.459809136983000208e+06 6.733009077688411281e+00 2.120855042392557135e-02
2.459809640577000100e+06 6.723893097220692283e+00 2.124176500921301503e-02
2.459810133644000161e+06 6.701900873772475009e+00 2.127105120913306072e-02
2.459810626711000223e+06 6.752944804358739006e+00 2.130244515524939986e-02
2.459811130305000115e+06 6.707310322365580113e+00 2.133764145648220367e-02
2.459811623372000176e+06 6.762118856347075990e+00 2.137498207509175296e-02
2.459812116438999772e+06 6.815102624542004328e+00 2.141692434408360227e-02
2.459812620031999890e+06 6.846099392696944896e+00 2.146388987547107052e-02
2.459813113100000191e+06 6.868621738075891159e+00 2.150919699197142640e-02
2.459813606166999787e+06 6.921783320233006798e+00 2.156091975789182005e-02
2.459814109759999905e+06 6.953303723782381596e+00 2.161427422694575662e-02
2.459814602826999966e+06 6.927842408778399630e+00 2.166912433895724563e-02
2.459815095894000027e+06 7.003823611240580505e+00 2.173261022600420436e-02
2.459815599487999920e+06 7.013874649584944443e+00 2.180255833655522779e-02
2.459816092554999981e+06 7.050572780280591978e+00 2.187767119919969971e-02
2.459816585622000042e+06 7.111971375455230948e+00 2.195683255845433390e-02
2.459817089215999935e+06 7.179714914172715901e+00 2.204033512382371982e-02
2.459817582282999996e+06 7.255343856188451568e+00 2.213217054602067968e-02
2.459818075350000057e+06 7.291921757206928589e+00 2.223031792674887847e-02
2.459818578943999950e+06 7.365726689265073013e+00 2.233999187045003498e-02
2.459819072011000011e+06 7.407362524105081114e+00 2.245262703776232036e-02
2.459819565078000072e+06 7.532445533348580469e+00 2.257507639341964356e-02
2.459820068671000190e+06 7.590199657369285369e+00 2.271321392684558238e-02
2.459820561737999786e+06 7.690050645357785264e+00 2.285619041146169650e-02
2.459821054806000087e+06 7.767441659579008117e+00 2.300751533174758001e-02
2.459821558399000205e+06 7.867305231119659403e+00 2.317288676463129249e-02
2.459822051465999801e+06 8.011266886166854562e+00 2.335342561443513876e-02
2.459822544532999862e+06 8.105824564296632673e+00 2.354694497959280639e-02
2.459823048127000220e+06 8.292364810601934977e+00 2.375278124460915297e-02
2.459823541193999816e+06 8.389282132222904309e+00 2.396857824221929056e-02
2.459824034260999877e+06 8.499723536393265277e+00 2.420582924227221086e-02
2.459824537854999769e+06 8.687555658532021496e+00 2.445268931451746730e-02
2.459825030921999831e+06 8.865393153153492634e+00 2.471645042045347157e-02
2.459825523988999892e+06 9.069872876008210127e+00 2.498580194089031897e-02
2.459826027582000010e+06 9.188842338574371382e+00 2.527968759357717213e-02
2.459826520649999846e+06 9.410190166781893240e+00 2.556796104831994890e-02
2.459827013716999907e+06 9.587849316407027089e+00 2.587405520232307146e-02
2.459827517310000025e+06 9.800855812028100189e+00 2.618710013177409646e-02
2.459828010377000086e+06 9.963758669058298878e+00 2.648470907839729077e-02
2.459828503444000147e+06 1.018452550230952447e+01 2.679012149279460034e-02
2.459829007038000040e+06 1.044503741503919159e+01 2.707134123105717910e-02
2.459829500105000101e+06 1.061734672229058596e+01 2.733213091610317211e-02
2.459829993172000162e+06 1.073055043166910494e+01 2.756425089517219873e-02
2.459830496766000055e+06 1.098872234278661431e+01 2.776186817218503564e-02
2.459830989833000116e+06 1.098801389651328364e+01 2.790176304329441970e-02
2.459831482900000177e+06 1.103383283463373665e+01 2.799778558198470421e-02
2.459831986494000070e+06 1.105576503010539291e+01 2.803307193266205838e-02
2.459832479561000131e+06 1.105875915982291602e+01 2.801010738726156246e-02
2.459832972628000192e+06 1.099213364489478195e+01 2.792234841185332189e-02
2.459833476220999844e+06 1.087398676311242340e+01 2.778247529066567648e-02
2.459833969287999906e+06 1.074679092712049844e+01 2.759607073385439077e-02
2.459834462356000207e+06 1.060923330556563648e+01 2.737964488235633542e-02
2.459834965948999859e+06 1.043727676991308506e+01 2.710890579329235106e-02
2.459835459015999921e+06 1.025232582811749182e+01 2.683627005880384608e-02
2.459835952082999982e+06 1.007519823785037971e+01 2.653965745452068273e-02
2.459836455676999874e+06 9.798978392133587789e+00 2.622720977963868827e-02
2.459836948743999936e+06 9.642605517953164451e+00 2.591524790099034026e-02
2.459837441810999997e+06 9.451945308003390167e+00 2.561176736511306534e-02
2.459837945404999889e+06 9.208065501859739044e+00 2.531561110571459855e-02
2.459838438471999951e+06 9.028882474180829121e+00 2.502256740242196978e-02
2.459838931539000012e+06 8.885739969811121242e+00 2.474862452863934442e-02
2.459839435132000130e+06 8.666976120800249817e+00 2.448257288096603382e-02
2.459839928199999966e+06 8.546360339690094676e+00 2.422844242485794330e-02
2.459840421267000027e+06 8.369347492613989914e+00 2.399641702130710097e-02
2.459840924860000145e+06 8.237495682948754450e+00 2.377011456519287358e-02
2.459841417927000206e+06 8.121001673770786411e+00 2.356111471669743163e-02
2.459841910993999802e+06 8.011967888535535209e+00 2.337022767758270558e-02
2.459842414588000160e+06 7.881650993312875109e+00 2.318610465628652417e-02
2.459842907655000221e+06 7.807083062284426056e+00 2.302426671956069038e-02
2.459843400721999817e+06 7.679935984159832252e+00 2.287564222683892423e-02
2.459843904316000175e+06 7.685880008469526459e+00 2.278716288435361781e-02
2.459844397382999770e+06 7.611194145177841541e+00 2.275500815665536594e-02
2.459844890449999832e+06 7.403890719568246404e+00 2.234663427607642278e-02
2.459845394044000190e+06 7.304861733204413454e+00 2.231013518859491229e-02
2.459845887110999785e+06 7.317447243666986623e+00 2.222052046955967988e-02
2.459846380177999847e+06 7.246815423966753933e+00 2.212617855531626154e-02
2.459846883770999964e+06 7.193356759998391858e+00 2.203583566515079223e-02
2.459847376838000026e+06 7.113792610829541729e+00 2.194935117926538268e-02
2.459847869905999862e+06 7.125320436446101802e+00 2.187335460547286392e-02
2.459848373498999979e+06 7.028521861505874213e+00 2.179630098359128243e-02
2.459848866566000041e+06 6.993175059022780360e+00 2.173177291660743568e-02
2.459849359633000102e+06 6.979533562710533268e+00 2.167009586379093494e-02
2.459849863226999994e+06 6.924136168106928224e+00 2.160651292159153358e-02
2.459850356294000056e+06 6.883910257707174019e+00 2.155073291597490309e-02
2.459850849361000117e+06 6.863208615568634485e+00 2.150488821118928806e-02
2.459851352955000009e+06 6.810929736506640353e+00 2.145399554401135334e-02
2.459851846022000071e+06 6.793637973325775903e+00 2.141204193324265995e-02
2.459852339089000132e+06 6.776583593543334061e+00 2.137077323442607146e-02
2.459852842681999784e+06 6.750003530763226678e+00 2.133046868342006186e-02
2.459853335750000086e+06 6.757530273511572538e+00 2.129823846217601332e-02
2.459853828817000147e+06 6.733244732372527075e+00 2.126510664940826911e-02
2.459854332409999799e+06 6.671612289403240581e+00 2.123022181527341179e-02
2.459854825476999860e+06 6.689665461478214503e+00 2.120141039054190477e-02
2.459855318543999922e+06 6.636092026421624546e+00 2.117831087402426496e-02
2.459855822137999814e+06 6.653031811010831298e+00 2.115271251982023606e-02
2.459856315204999875e+06 6.636856078731959485e+00 2.113184709474393713e-02
2.459856808271999937e+06 6.615983295368720540e+00 2.110804266701474252e-02
2.459857311865999829e+06 6.627156094755978444e+00 2.108875453083252152e-02
2.459857804932999890e+06 6.633562113205523580e+00 2.106637143174937277e-02
2.459858297999999952e+06 6.569519408184383735e+00 2.105056266974626722e-02
2.459858801593999844e+06 6.573992435257968836e+00 2.103462113541091846e-02
2.459859294660999905e+06 6.563525849670847734e+00 2.101926718414025980e-02
2.459859787727999967e+06 6.574579783961470802e+00 2.100016798818798297e-02
2.459860291321000084e+06 6.566875762063547839e+00 2.098765684933276074e-02
2.459860784388000146e+06 6.517712506372542514e+00 2.097460451025376371e-02
2.459861277455999982e+06 6.516710076612190150e+00 2.096537648634208550e-02
2.459861781049000099e+06 6.472725655961377278e+00 2.095502625867822627e-02
2.459862274116000161e+06 6.493481386951592604e+00 2.094447225527523715e-02
2.459862767183000222e+06 6.479603032578708621e+00 2.092954783645238626e-02
2.459863270777000114e+06 6.518180759927091117e+00 2.092208019664071675e-02
2.459863763844000176e+06 6.525947865899012434e+00 2.091094736084665034e-02
2.459864256910999771e+06 6.503542759654459715e+00 2.090504501160148770e-02
2.459864760505000129e+06 6.503776373235695907e+00 2.089980574174036404e-02
2.459865253572000191e+06 6.515593779439514677e+00 2.088977216273410487e-02
2.459865746638999786e+06 6.493774448716070680e+00 2.088560764165374103e-02
2.459866250231999904e+06 6.467904517419609256e+00 2.087388937544648951e-02
2.459866743300000206e+06 6.513595725007910175e+00 2.087136767475732124e-02
2.459867236366999801e+06 6.502189164098148844e+00 2.086476157692883013e-02
2.459867739959999919e+06 6.470722868060267530e+00 2.085914602364775244e-02
2.459868233026999980e+06 6.463962079383404280e+00 2.085521240320463432e-02
2.459868726094000041e+06 6.456256855285908536e+00 2.084819170203038377e-02
2.459869229687999934e+06 6.445965844964985259e+00 2.084464530379528946e-02
2.459869722754999995e+06 6.456667172153712109e+00 2.083762305436486287e-02
2.459870215822000057e+06 6.463432237010779957e+00 2.083564380592545576e-02
2.459870719415999949e+06 6.446203327497393332e+00 2.082760174502833184e-02
2.459871212483000010e+06 6.447497761087961798e+00 2.082584567876010276e-02
2.459871705550000072e+06 6.465962774716778050e+00 2.081997980848911134e-02
2.459872209143999964e+06 6.447729361478319099e+00 2.082065518518735545e-02
2.459872702211000025e+06 6.418323457596744497e+00 2.081437166335677047e-02
2.459873195278000087e+06 6.469960064256654597e+00 2.081497366064441468e-02
2.459873698871000204e+06 6.447022709398308571e+00 2.081243537556619339e-02
2.459874191937999800e+06 6.437262214835694607e+00 2.080464206026037821e-02
2.459874685006000102e+06 6.427913146867701322e+00 2.080402836260304006e-02
2.459875188599000219e+06 6.442612338617192513e+00 2.080413157468925453e-02
2.459875681665999815e+06 6.437967797077099874e+00 2.080099284998754641e-02
2.459876174732999876e+06 6.462253642345808125e+00 2.079613273224708084e-02
2.459876678326999769e+06 6.448614270349235511e+00 2.079381571836051018e-02
2.459877171393999830e+06 6.429263123116987444e+00 2.079063286859111903e-02
2.459877664460999891e+06 6.402918884631340291e+00 2.078800446131708404e-02
2.459878168054999784e+06 6.462783388102656623e+00 2.078593261636879977e-02
2.459878661121999845e+06 6.427149470079391413e+00 2.078971746543833987e-02
2.459879154188999906e+06 6.400920009890421092e+00 2.078741028987007855e-02
2.459987411249999888e+06 6.392447942575299358e+00 2.074223370557097545e-02
2.459987904316999950e+06 6.372337948906693583e+00 2.074154128115587858e-02
2.459988407910000067e+06 6.421149774007052891e+00 2.074073993181364817e-02
2.459988900977000128e+06 6.384922056330023743e+00 2.074133661011397928e-02
2.459989394044000190e+06 6.400448390049890079e+00 2.073871842673939356e-02
2.459989897638000082e+06 6.426385884020697326e+00 2.073989615426418895e-02
2.459990390705000143e+06 6.400212593160621743e+00 2.073795439819101083e-02
2.459990883772000205e+06 6.410034987379480853e+00 2.074026159575343559e-02
2.459991387366000097e+06 6.396158246071419917e+00 2.074249075025960676e-02
2.459991880433000159e+06 6.385216099627494479e+00 2.074229180595771327e-02
2.459992373500000220e+06 6.401155832842365001e+00 2.074101068127877368e-02
2.459992877094000112e+06 6.434322133397063048e+00 2.074180391903441764e-02
2.459993370161000174e+06 6.411564269620095402e+00 2.073930446108868814e-02
2.459993863227999769e+06 6.399741025442539311e+00 2.074232080484895990e-02
2.459994366820999887e+06 6.429381555611193733e+00 2.073772073647138503e-02
2.459994859887999948e+06 6.432793347784151017e+00 2.074280051811423775e-02
2.459995352955999784e+06 6.377452021007986360e+00 2.074056569864107455e-02
2.459995856548999902e+06 6.417265387327002024e+00 2.074001414473126970e-02
2.459996349615999963e+06 6.370870832784309101e+00 2.074263370346903293e-02
2.459996842683000024e+06 6.408860226821029293e+00 2.074236332762437879e-02
2.459997346276999917e+06 6.436615993075123221e+00 2.073734176414659958e-02
2.459997839343999978e+06 6.367867233134455240e+00 2.073871944003149656e-02
2.459998332411000039e+06 6.401450623750085889e+00 2.074196586211258728e-02
2.459998836004999932e+06 6.419032876123876186e+00 2.073981435892055178e-02
2.459999329071999993e+06 6.409975949047336030e+00 2.074007057176444416e-02
2.459999822139000054e+06 6.411328063214233097e+00 2.073854041095040193e-02
2.460000325732000172e+06 6.409385595631864163e+00 2.073816042863808884e-02
2.460000818800000008e+06 6.398744952862256419e+00 2.073909241530584938e-02
2.460001311867000069e+06 6.387157125041054151e+00 2.074271441276272915e-02
2.460001815460000187e+06 6.401798494482627611e+00 2.074309303207497526e-02
2.460002308526999783e+06 6.397978848681099784e+00 2.074250213694815020e-02
2.460002801593999844e+06 6.414623928739687564e+00 2.073738527941238266e-02
2.460003305188000202e+06 6.402624026109263511e+00 2.073987088313283822e-02
2.460003798254999798e+06 6.421327199383270568e+00 2.074131302755427911e-02
2.460004291321999859e+06 6.434499922744052469e+00 2.074237704417451755e-02
2.460004794916000217e+06 6.430678534167191707e+00 2.074190409047873759e-02
2.460005287982999813e+06 6.384922056330023743e+00 2.074133661011397928e-02
2.460005781049999874e+06 6.434677717003588704e+00 2.074295018515079359e-02
2.460006284644000232e+06 6.444849794250516517e+00 2.074012553180699242e-02
2.460006777710999828e+06 6.413974072092770484e+00 2.074119189212668760e-02
2.460007270777999889e+06 6.429440772676403348e+00 2.073791173881749106e-02
2.460007774371000007e+06 6.394744543256932978e+00 2.073790616738579659e-02
2.460008267438000068e+06 6.400330490519359650e+00 2.073833640894668165e-02
2.460008760505999904e+06 6.441846915471794333e+00 2.074232830939477801e-02
2.460009264099000022e+06 6.404977375329470313e+00 2.074159483027942369e-02
2.460009757166000083e+06 6.406800488216277678e+00 2.074159783692301057e-02
2.460010250233000144e+06 6.435086662444474470e+00 2.073834153564881044e-02
2.460010753827000037e+06 6.429618427144526471e+00 2.073848475641112271e-02
2.460011246894000098e+06 6.446791134390648104e+00 2.074043523071337353e-02
2.460011739961000159e+06 6.392801212064559202e+00 2.073749200792946584e-02
2.460012243555000052e+06 6.405744317525379650e+00 2.073817855334175383e-02
2.460012736622000113e+06 6.410973769921610277e+00 2.073739438852042344e-02
2.460013229689000174e+06 6.402329181165590022e+00 2.073891579877408173e-02
2.460013733281999826e+06 6.398568151447967978e+00 2.073851938092221778e-02
2.460014226350000128e+06 6.439966378207228281e+00 2.074220452988173938e-02
2.460014719417000189e+06 6.393566696267279248e+00 2.073997514826333988e-02
2.460015223009999841e+06 6.409857874014319279e+00 2.073968852906459340e-02
2.460015716076999903e+06 6.427853943872379183e+00 2.073871375635026604e-02
2.460016209143999964e+06 6.385627782993844370e+00 2.073774777350466045e-02
2.460016712737999856e+06 6.415090684591412185e+00 2.073889422148539677e-02
2.460017205804999918e+06 6.415386117237547481e+00 2.073984930485039263e-02
2.460017698871999979e+06 6.417034881192920537e+00 2.073926917001185991e-02
2.460018202465999871e+06 6.458142149539495946e+00 2.074126438517441204e-02
2.460018695532999933e+06 6.409680765542915992e+00 2.073911547820996362e-02
2.460019188599999994e+06 6.372866193413567082e+00 2.073739105563482399e-02
2.460019692193999887e+06 6.406977517101577924e+00 2.074217095636869679e-02
2.460020185260999948e+06 6.384334010357084921e+00 2.073942635038655488e-02
2.460020678328000009e+06 6.406151424151280693e+00 2.073949653443492303e-02
2.460021181921000127e+06 6.403390686511365004e+00 2.074235430831694246e-02
2.460021674988000188e+06 6.373869978620039234e+00 2.074065738600026909e-02
2.460022168056000024e+06 6.459552019401275658e+00 2.073984292036130939e-02
2.460022671649000142e+06 6.372572718837199446e+00 2.074230544185234892e-02
2.460023164716000203e+06 6.407561747129438601e+00 2.073816078043450722e-02
2.460023657782999799e+06 6.412503276133461938e+00 2.074234183873207085e-02
2.460024161377000157e+06 6.400035751194493194e+00 2.073738139525152166e-02
2.460024654444000218e+06 6.406210427258089091e+00 2.073968755313681731e-02
2.460025147510999814e+06 6.437262214835694607e+00 2.073942374659185073e-02
2.460025651105000172e+06 6.378104051729924784e+00 2.074268621416692007e-02
2.460026144171999767e+06 6.418500804877855792e+00 2.073809524342743252e-02
2.460026637238999829e+06 6.407272576113961726e+00 2.073722487450824908e-02
2.460027140831999946e+06 6.460843182824421049e+00 2.073803783411554136e-02
2.460027633899999782e+06 6.447022709398308571e+00 2.074118024731888901e-02
2.460028126966999844e+06 6.414972515342355130e+00 2.073851220045452859e-02
2.460028630559999961e+06 6.376571004310585877e+00 2.073770048152397821e-02
2.460029123627000023e+06 6.403154781225906866e+00 2.074159014582026977e-02
2.460029616694000084e+06 6.360048097675527146e+00 2.074254336842902904e-02
2.460030120287999976e+06 6.426089944828245137e+00 2.073894106874174872e-02
2.460030613355000038e+06 6.399216447184294054e+00 2.074062058440620526e-02
2.460031106422000099e+06 6.415208856017247108e+00 2.073927624955341706e-02
2.460031610015999991e+06 6.443087065326746909e+00 2.074038720881880501e-02
2.460032103083000053e+06 6.363751318111795285e+00 2.074289852000904891e-02
2.460032596150000114e+06 6.399799969507121489e+00 2.074251184956346292e-02
2.460033099744000006e+06 6.398568151447967978e+00 2.073851938092221778e-02
2.460033592811000068e+06 6.380630565900608175e+00 2.073914931489222527e-02
2.460034085878000129e+06 6.423326530761690911e+00 2.074185489823224260e-02
2.460034589470999781e+06 6.387627765508928412e+00 2.073835962616257453e-02
2.460035082537999842e+06 6.410271146145791299e+00 2.074102570930367803e-02
2.460035575606000144e+06 6.404682422012576204e+00 2.074063966653186264e-02
2.460036079198999796e+06 6.383569631558525082e+00 2.074282276066823777e-02
2.460036572265999857e+06 6.411269012972474535e+00 2.073834940281403527e-02
2.460037065332999919e+06 6.426439154522716635e+00 2.074006807432935903e-02
2.460037568926999811e+06 6.380689333950543052e+00 2.073934033039609437e-02
2.460038061993999872e+06 6.404505456542220365e+00 2.074006658939669609e-02
2.460038555060999934e+06 6.402859911840620200e+00 2.074063498228836608e-02
2.460039058654999826e+06 6.391747349175378012e+00 2.073996041806604879e-02
2.460039551721999887e+06 6.417383598812732792e+00 2.074039619342929464e-02
2.460040044788999949e+06 6.400625243417808363e+00 2.073929146662294165e-02
2.460040548382000066e+06 6.413560561232557689e+00 2.073985470117381547e-02
2.460041041449999902e+06 6.427557937074829475e+00 2.073775872527800976e-02
2.460041534516999964e+06 6.417442705372168987e+00 2.074058722041739397e-02
2.460042038110000081e+06 6.403036831842290333e+00 2.074120807512910142e-02
2.460042531177000143e+06 6.385274909911950125e+00 2.074248285040512785e-02
2.460043024244000204e+06 6.404092556126512292e+00 2.073872947099236405e-02
2.460043527838000096e+06 6.410684444922760683e+00 2.074236297575673960e-02
2.460044020905000158e+06 6.396276068745658350e+00 2.074287284457881214e-02
2.460044513972000219e+06 6.410271146145791299e+00 2.074102570930367803e-02
2.460045017566000111e+06 6.427557937074829475e+00 2.073775872527800976e-02
2.460045510633000173e+06 6.418323457596744497e+00 2.073752223659629593e-02
2.460046003699999768e+06 6.391099810123005653e+00 2.073785928146260060e-02
2.460046507294000126e+06 6.422563398892398467e+00 2.073939063451697012e-02
2.460047000361000188e+06 6.426030758625135952e+00 2.073875005691513257e-02
2.460047493427999783e+06 6.417093984540532148e+00 2.073946018661963417e-02
2.460047997020999901e+06 6.412857653952038106e+00 2.073758167440074851e-02
2.460048490087999962e+06 6.402624026109263511e+00 2.073987088313283822e-02
2.460048983155999798e+06 6.422326787271122939e+00 2.073862658120406016e-02
2.460049486748999916e+06 6.421735296353798361e+00 2.074263120785384967e-02
2.460049979815999977e+06 6.402565056034278612e+00 2.073967986274241962e-02
2.460050472883000039e+06 6.390511195184117810e+00 2.074183522032008523e-02
2.460050976476999931e+06 6.389334127934178653e+00 2.073801478495963108e-02
2.460051469543999992e+06 6.407154550878457755e+00 2.074274409165054872e-02
2.460051962611000054e+06 6.422445091992124766e+00 2.073900860434192348e-02
2.460052466204999946e+06 6.407738797049391977e+00 2.073873380490950241e-02
2.460052959272000007e+06 6.416680272538592966e+00 2.073812310731027592e-02
2.460053452339000069e+06 6.398332423827994830e+00 2.073775535970688935e-02
2.460053955932000186e+06 6.394803441302001623e+00 2.073809717143980033e-02
2.460054449000000022e+06 6.400094697973612412e+00 2.073757239447217293e-02
2.460054942067000084e+06 6.410855676508225187e+00 2.074291701140287478e-02
2.460055445660000201e+06 6.437440085421235025e+00 2.073999680596436829e-02
2.460055938726999797e+06 6.374222221424724388e+00 2.074180358875513802e-02
2.460056431793999858e+06 6.438436251529927823e+00 2.073727621214943237e-02
2.460056935388000216e+06 6.380806871674243652e+00 2.073972236668181895e-02
2.460057428454999812e+06 6.386745343077557813e+00 2.074137712365242692e-02
2.460057921521999873e+06 6.364220233912543101e+00 2.073856530610824339e-02
2.460058425116000231e+06 6.388745675613140662e+00 2.074198908339175765e-02
2.460058918182999827e+06 6.387686598005748451e+00 2.073855063439310198e-02
