2.458346727899000049e+06 3.297208418328131940e-03 2.529445756490791950e-04
2.458347220966000110e+06 2.528890354628713765e-03 2.529458201065968616e-04
2.458347714033000171e+06 2.810735636513539762e-03 2.529448280060301777e-04
2.458348217627000064e+06 3.204548139159003103e-03 2.529463223852298267e-04
2.458348710694000125e+06 2.799151469972161171e-03 2.529464772104186832e-04
2.458349203761000186e+06 3.119607817646760130e-03 2.529450094923332143e-04
2.458349707355000079e+06 2.640856481957593645e-03 2.529465516403943751e-04
2.458350200422000140e+06 2.660159027177778739e-03 2.529455650490966220e-04
2.458350693489000201e+06 2.841622612142598141e-03 2.529449213994972912e-04
2.458351197081999853e+06 2.841622612142598141e-03 2.529449213994972912e-04
2.458351690150000155e+06 2.803013568194912594e-03 2.529469517374909418e-04
2.458352183217000216e+06 2.918840744503781778e-03 2.529470090863749385e-04
2.458352686809999868e+06 2.189130238841892513e-03 2.529463000772017348e-04
2.458353179876999930e+06 2.698768298464002471e-03 2.529454745865031512e-04
2.458353672943999991e+06 2.729656507181531591e-03 2.529467744010816042e-04
2.458354176537999883e+06 2.849343445087542184e-03 2.529446079146798680e-04
2.458354669604999945e+06 3.397591801366092994e-03 2.529473911659826913e-04
2.458355162672000006e+06 2.926561129415332450e-03 2.529448882167875646e-04
2.458355666265999898e+06 3.351262138206655573e-03 2.529459547911800093e-04
2.458356159332999960e+06 2.860927155468412104e-03 2.529452735926907372e-04
2.458356652400000021e+06 2.972892463239660155e-03 2.529461867975534863e-04
2.458357155993999913e+06 2.826178576802290763e-03 2.529471726163383264e-04
2.458357649060999975e+06 2.938144832274835593e-03 2.529448077848164226e-04
2.458358142128000036e+06 3.038527701108410112e-03 2.529447281998497676e-04
2.458358645721000154e+06 2.918840744503781778e-03 2.529470090863749385e-04
2.458359138788000215e+06 2.517305936511949217e-03 2.529463803988750382e-04
2.458359631856000051e+06 2.714213460840048022e-03 2.529456597326591532e-04
2.458360135449000169e+06 3.111885435503431926e-03 2.529465482830285574e-04
2.458360628516000230e+06 2.748959870311013833e-03 2.529454997263645894e-04
2.458361121582999825e+06 2.826178576802290763e-03 2.529471726163383264e-04
2.458361625177000184e+06 2.131216648024349906e-03 2.529461930938316553e-04
2.458362118243999779e+06 3.219989088388764548e-03 2.529462204033787486e-04
2.458362611310999840e+06 2.992198493877345437e-03 2.529462987049646127e-04
2.458363114905000199e+06 2.988337192287604874e-03 2.529474134159466611e-04
2.458363607971999794e+06 3.057831850676067352e-03 2.529463886358565019e-04
2.458364101038999856e+06 2.706489833052729086e-03 2.529462821042306958e-04
2.458364604631999973e+06 2.965170016978404838e-03 2.529473050350387344e-04
2.458365097699999809e+06 3.119607817646760130e-03 2.529450094923332143e-04
2.458365590766999871e+06 2.942006310913971266e-03 2.529466604447336113e-04
2.458366094359999988e+06 2.509585520744644829e-03 2.529472450799869604e-04
2.458366587427000050e+06 2.803013568194912594e-03 2.529469517374909418e-04
2.458367080494000111e+06 2.544333288445550182e-03 2.529461480771975175e-04
2.458367584088000003e+06 2.803013568194912594e-03 2.529469517374909418e-04
2.458368077155000065e+06 2.559776218776978890e-03 2.529465903012093216e-04
2.458368570222000126e+06 3.582914131968376742e-03 2.529472167603442141e-04
2.458369073816000018e+06 3.065555618802517663e-03 2.529471984245396056e-04
2.458369566883000080e+06 3.080999302513678234e-03 2.529473684527677019e-04
2.458370059950000141e+06 2.945867438036696342e-03 2.529476151226141430e-04
2.458370563544000033e+06 2.922701079666545267e-03 2.529477495992013981e-04
2.458371056611000095e+06 3.370565723705072712e-03 2.529469810106127372e-04
2.458371549678000156e+06 2.942006310913971266e-03 2.529466604447336113e-04
2.458372053270999808e+06 2.833901819212105051e-03 2.529467324533268727e-04
2.458372546337999869e+06 2.683324524833033322e-03 2.529462472229076597e-04
2.458373039406000171e+06 2.891814293503525233e-03 2.529460751480756288e-04
2.458373542998999823e+06 3.362844610459501775e-03 2.529467375213636832e-04
2.458374036065999884e+06 3.073276251551573194e-03 2.529473652878068955e-04
2.458374529132999945e+06 2.671743736956465765e-03 2.529471532824213720e-04
2.458375032726999838e+06 3.108024259485224136e-03 2.529475819608257778e-04
2.458375525793999899e+06 2.926561129415332450e-03 2.529475836791996476e-04
2.458376018860999960e+06 2.652437748498402692e-03 2.529467132771030585e-04
2.458376522454999853e+06 3.019223061001085825e-03 2.529477849879395077e-04
2.458377015521999914e+06 3.370565723705072712e-03 2.529469810106127372e-04
2.458377508588999975e+06 2.930423578161468930e-03 2.529467431357480746e-04
2.458378012182000093e+06 2.675602542681537310e-03 2.529477659374768030e-04
2.458378505249999929e+06 2.895676222615036453e-03 2.529478327957742929e-04
2.458378998316999990e+06 2.826178576802290763e-03 2.529471726163383264e-04
2.458379501910000108e+06 2.490281257613965321e-03 2.529465227820818798e-04
2.458379994977000169e+06 3.038527701108410112e-03 2.529475267872854536e-04
2.458380488044000231e+06 2.486419482061805099e-03 2.529458719794212569e-04
2.458380991638000123e+06 3.108024259485224136e-03 2.529475819608257778e-04
2.458381484705000184e+06 2.760542260243486427e-03 2.529459232885242193e-04
2.458381977771999780e+06 3.065555618802517663e-03 2.529471984245396056e-04
2.458382481366000138e+06 2.698768298464002471e-03 2.529479602439645863e-04
2.458382974433000199e+06 2.849343445087542184e-03 2.529472322569765118e-04
2.458383467499999795e+06 3.057831850676067352e-03 2.529463886358565019e-04
2.458383971094000153e+06 2.849343445087542184e-03 2.529472322569765118e-04
2.458384464161000215e+06 2.509585520744644829e-03 2.529472450799869604e-04
2.458384957227999810e+06 2.853203841007504859e-03 2.529483078049866497e-04
2.458385460820999928e+06 2.764404555644327677e-03 2.529459124430888297e-04
2.458385953887999989e+06 3.158217240549458012e-03 2.529485632121120575e-04
2.458386446955999825e+06 3.416897885203349760e-03 2.529464950322805081e-04
2.458386950548999943e+06 3.308789965471131776e-03 2.529462264595382830e-04
2.458387443616000004e+06 3.096440933554241940e-03 2.529460052231623842e-04
2.458387936683000065e+06 2.779848962229473312e-03 2.529483469556415356e-04
2.458388440276999958e+06 2.416922918888263390e-03 2.529481379267941904e-04
2.458388933344000019e+06 2.729656507181531591e-03 2.529467744010816042e-04
2.458389426411000080e+06 2.729656507181531591e-03 2.529467744010816042e-04
2.458389930004999973e+06 3.331955557198468081e-03 2.529464373049131339e-04
2.458390423072000034e+06 3.146632326391509207e-03 2.529481117158704595e-04
2.458390916139000095e+06 2.494142139493217732e-03 2.529481637070929846e-04
2.458391419732000213e+06 2.864787413983739799e-03 2.529488369508191064e-04
2.458391912800000049e+06 2.656298028867745947e-03 2.529478633954339805e-04
2.458392405867000110e+06 2.779848962229473312e-03 2.529483469556415356e-04
2.458392909460000228e+06 3.185241753442679888e-03 2.529479334114698641e-04
2.458393402526999824e+06 2.899535297491006181e-03 2.529484450908924377e-04
2.458393895593999885e+06 3.227712171990641983e-03 2.529494221290600939e-04
2.458394399187999777e+06 2.864787413983739799e-03 2.529488369508191064e-04
2.458394892254999839e+06 2.934283016797521043e-03 2.529474634387314578e-04
2.458395385321999900e+06 2.996059265796532922e-03 2.529470523278899079e-04
2.458395888915999793e+06 2.887952195191730454e-03 2.529487261294089523e-04
2.458396381982999854e+06 2.795292118534193748e-03 2.529478653749477556e-04
2.458396875049999915e+06 2.826178576802290763e-03 2.529471726163383264e-04
2.458397378643999808e+06 3.320372436632363766e-03 2.529478558190998891e-04
2.458397871710999869e+06 2.779848962229473312e-03 2.529483469556415356e-04
2.458398364777999930e+06 2.988337192287604874e-03 2.529474134159466611e-04
2.458398868371000048e+06 3.050110687256112670e-03 2.529481979026464915e-04
2.458399361438000109e+06 3.351262138206655573e-03 2.529490414176768852e-04
2.458399854505999945e+06 2.988337192287604874e-03 2.529474134159466611e-04
2.458400358099000063e+06 3.301070503572808151e-03 2.529489763827340136e-04
2.458400851166000124e+06 3.138912431187739806e-03 2.529491077581972019e-04
2.458401344233000185e+06 3.080999302513678234e-03 2.529473684527677019e-04
2.458401847827000078e+06 2.521166919112481034e-03 2.529488780324329659e-04
2.458402340894000139e+06 2.687185206741840148e-03 2.529488298316536605e-04
2.458402833961000200e+06 3.088719002664509859e-03 2.529496001306308253e-04
2.458403337555000093e+06 2.382174656737146359e-03 2.529492436766379295e-04
2.458403830622000154e+06 2.772124939459279409e-03 2.529501997571790553e-04
2.458404323689000215e+06 2.594525837740406862e-03 2.529488726386151950e-04
2.458404827281999867e+06 2.795292118534193748e-03 2.529504399341327928e-04
2.458405320350000169e+06 2.845483030720025262e-03 2.529478514112501529e-04
2.458405813417000230e+06 2.845483030720025262e-03 2.529478514112501529e-04
2.458406317009999882e+06 3.204548139159003103e-03 2.529492738831398344e-04
2.458406810076999944e+06 2.544333288445550182e-03 2.529484914947581053e-04
2.458407303144000005e+06 2.571359504144322700e-03 2.529496778278841874e-04
2.458407806737999897e+06 2.868647596909678580e-03 2.529488413316039038e-04
2.458408299804999959e+06 3.077136771175165240e-03 2.529505166730034219e-04
2.458408792872000020e+06 2.949728198947427528e-03 2.529503874768368531e-04
2.458409296465999912e+06 2.833901819212105051e-03 2.529493425733603923e-04
2.458409789532999974e+06 2.814595571434950171e-03 2.529500041306238442e-04
2.458410282600000035e+06 2.397618053029639072e-03 2.529505383524668764e-04
2.458410786193999927e+06 2.884092598470829744e-03 2.529506858901938121e-04
2.458411279260999989e+06 3.312653412121710928e-03 2.529486719963725742e-04
2.458411772328000050e+06 2.969031463926702624e-03 2.529512953893486263e-04
2.458412275921000168e+06 3.077136771175165240e-03 2.529505166730034219e-04
2.458412768988000229e+06 2.633133024561575171e-03 2.529513213165607722e-04
2.458413262056000065e+06 2.926561129415332450e-03 2.529502791416117849e-04
2.458413765649000183e+06 3.258601101648546643e-03 2.529510927649525776e-04
2.458414258715999778e+06 3.451644027479382724e-03 2.529499883405225214e-04
2.458414751782999840e+06 2.903396841237082526e-03 2.529510509115605148e-04
2.458415255377000198e+06 2.907258172338335247e-03 2.529500713935336586e-04
2.458415748443999793e+06 3.080999302513678234e-03 2.529502061579938835e-04
2.458416241510999855e+06 3.100301996703335068e-03 2.529501649409853447e-04
2.458416745105000213e+06 3.258601101648546643e-03 2.529510927649525776e-04
2.458417238171999808e+06 2.745098926783726221e-03 2.529517861929574812e-04
2.458417731238999870e+06 3.003779160942254139e-03 2.529514363254495237e-04
2.458418234831999987e+06 3.127329200771587162e-03 2.529517960983364614e-04
2.458526481366999913e+06 6.389787273156343969e-03 2.772876282863773276e-04
2.458526984960000031e+06 6.992093062756348301e-03 2.811105063502692195e-04
2.458527478027000092e+06 7.231466855329420768e-03 2.858522108196321103e-04
2.458527971094000153e+06 8.582780385003352039e-03 2.919881990593582136e-04
2.458528474688000046e+06 9.123309328579194688e-03 3.003524863697265980e-04
2.458528967755000107e+06 1.165605532155924301e-02 3.115907419963950885e-04
2.458529460822000168e+06 1.386835020590772814e-02 3.271477767040440344e-04
2.458529964416000061e+06 1.707676492266343646e-02 3.479095920665778181e-04
2.458530457483000122e+06 1.279502680348653353e-02 3.200240964174946726e-04
2.458530950550000183e+06 2.071373424525877957e-02 3.629981387351243101e-04
2.458531454144000076e+06 1.678332482485511007e-02 3.429360277456684584e-04
2.458531947211000137e+06 1.389924467237658307e-02 3.235495954819918025e-04
2.458532440278000198e+06 1.111166654534198259e-02 3.089916637823652244e-04
2.458532943870999850e+06 9.436036236387380233e-03 2.982894318951398536e-04
2.458533436937999912e+06 8.138777953721454059e-03 2.906084759144261201e-04
2.458533930006000213e+06 7.474704014191060203e-03 2.847962095248906308e-04
2.458534433598999865e+06 6.953483044517811199e-03 2.801986664416984880e-04
2.458534926665999927e+06 6.235355224224820719e-03 2.766275906838431935e-04
2.458535419732999988e+06 6.034587655163222396e-03 2.737344860697512130e-04
2.458535923326999880e+06 5.355070589609959783e-03 2.712957866658911843e-04
2.458536416393999942e+06 5.420702838198187407e-03 2.693036391445994757e-04
2.458536909461000003e+06 4.501810398609617722e-03 2.676118245608189393e-04
2.458537413054999895e+06 4.617634987021194612e-03 2.661399180726378038e-04
2.458537906121999957e+06 4.582887538166785339e-03 2.648927880315684637e-04
2.458538399189000018e+06 4.208382442082616269e-03 2.638087558795117389e-04
2.458538902782000136e+06 4.331931693583552373e-03 2.628357892054289271e-04
2.458539395849999972e+06 3.837733383738644016e-03 2.619977786711508660e-04
2.458539888917000033e+06 4.053946378620500515e-03 2.612555672998548295e-04
2.458540392510000151e+06 4.150469244196750007e-03 2.605759435771022809e-04
2.458540885577000212e+06 3.914951624293103172e-03 2.599856583742311757e-04
2.458541378643999808e+06 3.814570097417413746e-03 2.594502759965871749e-04
2.458541882238000166e+06 3.999893241348802080e-03 2.589583864742950000e-04
2.458542375305000227e+06 3.579055228072726327e-03 2.585259514113388271e-04
2.458542868371999823e+06 3.949698999759356649e-03 2.581278865876617153e-04
2.458543371966000181e+06 3.262460032824892556e-03 2.577639096581137461e-04
2.458543865032999776e+06 3.555887398067252101e-03 2.574354358017787018e-04
2.458544358099999838e+06 3.301070503572808151e-03 2.571356048321670135e-04
2.458544861694000196e+06 3.930396822275803934e-03 2.568555556180270711e-04
2.458545354760999791e+06 3.606082015962088026e-03 2.566021923652066434e-04
2.458545847827999853e+06 3.544305918922308236e-03 2.563684620783669797e-04
2.458546351420999970e+06 3.239294249189508638e-03 2.561513983227352363e-04
2.458546844488000032e+06 3.374426709754130282e-03 2.559530906653326165e-04
2.458547337555999868e+06 3.443924325589697681e-03 2.557719239507067572e-04
2.458547841148999985e+06 2.822318353617777730e-03 2.555988442297092537e-04
2.458548334216000047e+06 3.196824537329961361e-03 2.554429965079614193e-04
2.458548827283000108e+06 3.092581830532809255e-03 2.552968351558047183e-04
2.458549330877000000e+06 2.934283016797521043e-03 2.551581694069229096e-04
2.458549823944000062e+06 3.262460032824892556e-03 2.550325130657909501e-04
2.458550317011000123e+06 2.942006310913971266e-03 2.549166035843850519e-04
2.458550820605000015e+06 2.675602542681537310e-03 2.548033996593789484e-04
2.458551313672000077e+06 2.972892463239660155e-03 2.547013314271471466e-04
2.458551806739000138e+06 3.741212700506957832e-03 2.546055515292871716e-04
2.458552310331999790e+06 3.212269691053412212e-03 2.545173599549635708e-04
2.458552803400000092e+06 2.884092598470829744e-03 2.544329277670825257e-04
2.458553296467000153e+06 3.204548139159003103e-03 2.543541868883016392e-04
2.458553800059999805e+06 3.258601101648546643e-03 2.542806609249752422e-04
2.458554293126999866e+06 2.857066835677683422e-03 2.542117877722691933e-04
2.458554786193999927e+06 2.992198493877345437e-03 2.541478783682503992e-04
2.458555289787999820e+06 3.061692709095352721e-03 2.540863596989322536e-04
2.458555782854999881e+06 2.976753000101467397e-03 2.540286224800281361e-04
2.458556275921999943e+06 3.146632326391509207e-03 2.539769569095497496e-04
2.458556779515999835e+06 2.737378172969609936e-03 2.539245182047246180e-04
2.458557272582999896e+06 2.505723811284651936e-03 2.538781081225757502e-04
2.458557765649999958e+06 3.142771455697653590e-03 2.538332177606930163e-04
2.458558269243999850e+06 3.617662099418606381e-03 2.537910088849814109e-04
2.458558762310999911e+06 3.061692709095352721e-03 2.537507888385467990e-04
2.458559255377999973e+06 3.629245942842606633e-03 2.537111640014453966e-04
2.458559758971000090e+06 2.903396841237082526e-03 2.536757394137280808e-04
2.458560252038000152e+06 3.409174253986542794e-03 2.536432752780200619e-04
2.458560745105999988e+06 2.860927155468412104e-03 2.536119314485874173e-04
2.458561248699000105e+06 3.034668103792902139e-03 2.535821290458384401e-04
2.458561741766000167e+06 2.467116171397050733e-03 2.535520964141517691e-04
2.458562234833000228e+06 3.532723115190183547e-03 2.535263340055140678e-04
2.458562738427000120e+06 3.281765914686840015e-03 2.535009356110311230e-04
2.458563231494000182e+06 2.934283016797521043e-03 2.534771680472467986e-04
2.458563724560999777e+06 3.177520784488718861e-03 2.534527551841004602e-04
2.458564228155000135e+06 3.092581830532809255e-03 2.534311507564801958e-04
2.458564721222000197e+06 2.961310864660617829e-03 2.534117887390293744e-04
2.458565214288999792e+06 2.787568832010573101e-03 2.533914933487361044e-04
2.458565717881999910e+06 2.833901819212105051e-03 2.533721820187989312e-04
2.458566210950000212e+06 2.633133024561575171e-03 2.533539053698157916e-04
2.458566704016999807e+06 3.019223061001085825e-03 2.533370979966498748e-04
2.458567207609999925e+06 3.007641024426311368e-03 2.533209701908980724e-04
2.458567700676999986e+06 3.011502305588256191e-03 2.533077987568031915e-04
2.458568193744000047e+06 2.540471925920306014e-03 2.532923054859932861e-04
2.458568697337999940e+06 2.988337192287604874e-03 2.532776966481931199e-04
2.458569190405000001e+06 2.806873239416802016e-03 2.532642299000829184e-04
2.458569683472000062e+06 3.216130035858864259e-03 2.532532785963823962e-04
2.458570187065999955e+06 3.123469000068602487e-03 2.532408221565112276e-04
2.458570680133000016e+06 2.969031463926702624e-03 2.532302224509989323e-04
2.458571173200000077e+06 3.386008156974863910e-03 2.532201810245220510e-04
2.458571676793999970e+06 3.216130035858864259e-03 2.532088461179162289e-04
2.458572169861000031e+06 3.243157200035953064e-03 2.531979857135635429e-04
2.458572662928000093e+06 3.165937959003617148e-03 2.531878607691485992e-04
2.458573166521000210e+06 2.633133024561575171e-03 2.531792905997293079e-04
2.458573659587999806e+06 2.876370327876910573e-03 2.531714912044070705e-04
2.458574152656000108e+06 2.540471925920306014e-03 2.531636131247057796e-04
2.458574656249000225e+06 3.096440933554241940e-03 2.531541959302226847e-04
2.458575149315999821e+06 2.976753000101467397e-03 2.531485397224991383e-04
2.458575642382999882e+06 3.034668103792902139e-03 2.531405138926382469e-04
2.458576145976999775e+06 3.057831850676067352e-03 2.531322688720134546e-04
2.458576639043999836e+06 2.957448563264491580e-03 2.531275818957025390e-04
2.458577132110999897e+06 2.864787413983739799e-03 2.531203437874640617e-04
2.458577635704999790e+06 2.718073522505038472e-03 2.531151291037015707e-04
2.458578128771999851e+06 2.525029172314288087e-03 2.531084656985098011e-04
2.458578621838999912e+06 2.884092598470829744e-03 2.531020976948222877e-04
2.458579125432000030e+06 2.598385595512641300e-03 2.530978189917203408e-04
2.458579618499999866e+06 3.007641024426311368e-03 2.530938187309742632e-04
2.458580111566999927e+06 3.142771455697653590e-03 2.530864110943807275e-04
2.458580615160000045e+06 3.231573216413230389e-03 2.530823503788658547e-04
2.458581108227000106e+06 2.860927155468412104e-03 2.530796591683854234e-04
2.458581601294000167e+06 2.860927155468412104e-03 2.530743891458091060e-04
2.458582104888000060e+06 2.918840744503781778e-03 2.530706732634179315e-04
2.458582597955000121e+06 3.038527701108410112e-03 2.530650674595843227e-04
2.458583091022000182e+06 2.930423578161468930e-03 2.530628009896804232e-04
2.458583594616000075e+06 2.980615804926987737e-03 2.530570166989842633e-04
2.458584087683000136e+06 2.972892463239660155e-03 2.530557122034563888e-04
2.458584580750000197e+06 2.976753000101467397e-03 2.530498388524959116e-04
2.458585084344000090e+06 2.930423578161468930e-03 2.530493058903860283e-04
2.458585577411000151e+06 2.629272505556636691e-03 2.530454181403427451e-04
2.458586070478000212e+06 2.609968104434087516e-03 2.530409148568025677e-04
2.458586574070999864e+06 3.212269691053412212e-03 2.530380550939043452e-04
2.458587067137999926e+06 3.077136771175165240e-03 2.530355411041043732e-04
2.458587560206000227e+06 2.791430375188648505e-03 2.530329130237649223e-04
2.458588063798999880e+06 3.575193894573472538e-03 2.530311212271083455e-04
2.458588556865999941e+06 2.691046486181499029e-03 2.530272652149520118e-04
2.458589049933000002e+06 2.876370327876910573e-03 2.530257832807512788e-04
2.458589553526999895e+06 2.756682822059380953e-03 2.530239163329057735e-04
2.458590046593999956e+06 2.625412810386247835e-03 2.530221604810390930e-04
2.458590539661000017e+06 2.706489833052729086e-03 2.530185724127001208e-04
2.458591043254999910e+06 3.111885435503431926e-03 2.530153359407715549e-04
2.458591536321999971e+06 3.088719002664509859e-03 2.530150308832851218e-04
2.458592029389000032e+06 3.131188404312167974e-03 2.530130430239374518e-04
2.458592532982000150e+06 2.768264605803313211e-03 2.530109988262537130e-04
2.458593026049999986e+06 2.683324524833033322e-03 2.530080330534131296e-04
2.458593519117000047e+06 2.949728198947427528e-03 2.530074402783428350e-04
2.458594022710000165e+06 3.119607817646760130e-03 2.530053480569711510e-04
2.458594515777000226e+06 2.992198493877345437e-03 2.530041729548017176e-04
2.458595008843999822e+06 2.926561129415332450e-03 2.530014929274423388e-04
2.458595512438000180e+06 2.891814293503525233e-03 2.529993443359471335e-04
2.458596005504999775e+06 2.799151469972161171e-03 2.529980394860009956e-04
2.458596498571999837e+06 3.123469000068602487e-03 2.529962923491396493e-04
2.458597002166000195e+06 3.042389405049645678e-03 2.529971930657962912e-04
2.458597495232999790e+06 3.127329200771587162e-03 2.529950017479279194e-04
2.458597988299999852e+06 3.019223061001085825e-03 2.529922779032206244e-04
2.458712204272000119e+06 3.026946882969716850e-03 2.529452942081262569e-04
2.458712697339000180e+06 2.822318353617777730e-03 2.529448044856024932e-04
2.458713200931999832e+06 3.247015785712978851e-03 2.529459678622248526e-04
2.458713694000000134e+06 2.718073522505038472e-03 2.529448953040729672e-04
2.458714187067000195e+06 2.405339592858082767e-03 2.529454688446578382e-04
2.458714690659999847e+06 2.810735636513539762e-03 2.529448280060301777e-04
2.458715183726999909e+06 3.181380391769193620e-03 2.529460297224369008e-04
2.458715676793999970e+06 2.953588578933364402e-03 2.529468259706246194e-04
2.458716180387999862e+06 2.969031463926702624e-03 2.529458262312770517e-04
2.458716673454999924e+06 2.640856481957593645e-03 2.529465516403943751e-04
2.458717166521999985e+06 3.660132436628696275e-03 2.529442381252642539e-04
2.458717670115999877e+06 3.497975795334536467e-03 2.529464104077522573e-04
2.458718163182999939e+06 2.857066835677683422e-03 2.529460575314073051e-04
2.458718656250000000e+06 2.351288934450424580e-03 2.529462475592073327e-04
2.458719159843999892e+06 3.150495038420986996e-03 2.529452382546051436e-04
2.458719652910999954e+06 2.795292118534193748e-03 2.529452908157626642e-04
2.458720145978000015e+06 2.918840744503781778e-03 2.529470090863749385e-04
2.458720649571000133e+06 2.779848962229473312e-03 2.529457866201290854e-04
2.458721142638000194e+06 3.135049482719164983e-03 2.529467733802447603e-04
2.458721635706000030e+06 2.772124939459279409e-03 2.529450933143298128e-04
2.458722139299000148e+06 3.474811098708751635e-03 2.529451389599982644e-04
2.458722632366000209e+06 2.745098926783726221e-03 2.529467295338633736e-04
2.458723125432999805e+06 2.664020730237268673e-03 2.529447133252866521e-04
2.458723629027000163e+06 2.737378172969609936e-03 2.529462854383697588e-04
2.458724122094000224e+06 2.760542260243486427e-03 2.529459232885242193e-04
2.458724615160999820e+06 2.999919493128971448e-03 2.529441578114866528e-04
2.458725118755000178e+06 2.756682822059380953e-03 2.529452073729307015e-04
2.458725611821999773e+06 2.347426483748502740e-03 2.529458494702852087e-04
2.458726104888999835e+06 2.586802071164208232e-03 2.529463550038572981e-04
2.458726608481999952e+06 2.814595571434950171e-03 2.529448194539793459e-04
2.458727101549999788e+06 3.200686956448221300e-03 2.529451835607371651e-04
2.458727594616999850e+06 2.752821173313101197e-03 2.529458355822153154e-04
2.458728098209999967e+06 2.664020730237268673e-03 2.529447133252866521e-04
2.458728591277000029e+06 2.741238356440583220e-03 2.529444661939588262e-04
2.458729084344000090e+06 3.243157200035953064e-03 2.529440857691802333e-04
2.458729587937999982e+06 2.694908349774932741e-03 2.529460829484303920e-04
2.458730081005000044e+06 2.640856481957593645e-03 2.529465516403943751e-04
2.458730574072000105e+06 2.505723811284651936e-03 2.529457339276998352e-04
2.458731077665999997e+06 3.061692709095352721e-03 2.529442908043430180e-04
2.458731570733000059e+06 2.710351392038804364e-03 2.529452129325427713e-04
2.458732063800000120e+06 3.030807826053917922e-03 2.529441206240363223e-04
2.458732567394000012e+06 2.656298028867745947e-03 2.529454168545363746e-04
2.458733060461000074e+06 2.903396841237082526e-03 2.529457026569320133e-04
2.458733553528000135e+06 2.814595571434950171e-03 2.529448194539793459e-04
2.458734057120999787e+06 2.710351392038804364e-03 2.529452129325427713e-04
2.458734550187999848e+06 2.328123421656540497e-03 2.529458094750102132e-04
2.458735043256000150e+06 2.706489833052729086e-03 2.529462821042306958e-04
2.458735546848999802e+06 2.949728198947427528e-03 2.529449538766935165e-04
2.458736039915999863e+06 2.895676222615036453e-03 2.529451657794125753e-04
2.458736532982999925e+06 3.301070503572808151e-03 2.529459359844410198e-04
2.458737036576999817e+06 3.324234098639521160e-03 2.529450513444782820e-04
2.458737529643999878e+06 2.775988099554011369e-03 2.529447553406011652e-04
2.458738022710999940e+06 2.401479037295979439e-03 2.529442603300777626e-04
2.458738526304999832e+06 2.714213460840048022e-03 2.529456597326591532e-04
2.458739019371999893e+06 3.115745668935958335e-03 2.529446557031798048e-04
2.458739512438999955e+06 2.791430375188648505e-03 2.529454989425723960e-04
2.458740016032000072e+06 2.884092598470829744e-03 2.529453731952945711e-04
2.458740509099999908e+06 3.046250405474301617e-03 2.529451056818264338e-04
2.458741002166999970e+06 2.837762203573624287e-03 2.529462951809998013e-04
2.458741505760000087e+06 2.957448563264491580e-03 2.529450798727706949e-04
2.458741998827000149e+06 3.324234098639521160e-03 2.529450513444782820e-04
2.458742491894000210e+06 2.822318353617777730e-03 2.529448044856024932e-04
2.458742995488000102e+06 2.347426483748502740e-03 2.529458494702852087e-04
2.458743488555000164e+06 2.914980138516614586e-03 2.529453633089304371e-04
2.458743981622000225e+06 2.841622612142598141e-03 2.529449213994972912e-04
2.458744485216000117e+06 3.204548139159003103e-03 2.529463223852298267e-04
2.458744978283000179e+06 3.316512205978902530e-03 2.529439702175858445e-04
2.458745471349999774e+06 2.837762203573624287e-03 2.529462951809998013e-04
2.458745974944000132e+06 2.748959870311013833e-03 2.529454997263645894e-04
2.458746468011000194e+06 2.822318353617777730e-03 2.529448044856024932e-04
2.458746961077999789e+06 2.996059265796532922e-03 2.529442928553286471e-04
2.458747464670999907e+06 2.629272505556636691e-03 2.529461305120446805e-04
2.458747957737999968e+06 2.629272505556636691e-03 2.529461305120446805e-04
2.458748450805999804e+06 3.135049482719164983e-03 2.529438858929628766e-04
2.458748954398999922e+06 2.876370327876910573e-03 2.529463062314844931e-04
2.458749447465999983e+06 3.011502305588256191e-03 2.529444445642256112e-04
2.458749940533000045e+06 2.320401833714059742e-03 2.529446451409506536e-04
2.458750444126999937e+06 3.138912431187739806e-03 2.529462167130083110e-04
2.458750937193999998e+06 3.200686956448221300e-03 2.529451835607371651e-04
2.458751430261000060e+06 3.127329200771587162e-03 2.529460353450575967e-04
2.458751933854999952e+06 2.389897087562417588e-03 2.529460035656892346e-04
2.458752426922000013e+06 2.999919493128971448e-03 2.529441578114866528e-04
2.458752919989000075e+06 3.127329200771587162e-03 2.529460353450575967e-04
2.458753423582000192e+06 3.223852771417520281e-03 2.529438963490436478e-04
2.458753916650000028e+06 3.185241753442679888e-03 2.529449996953981954e-04
2.458754409717000090e+06 3.108024259485224136e-03 2.529447193646943413e-04
2.458754913310000207e+06 2.644716958355524360e-03 2.529460629442071250e-04
2.458755406376999803e+06 2.575220376157036535e-03 2.529452371500046288e-04
2.458755899443999864e+06 3.084858158448812015e-03 2.529459561268329517e-04
2.458756403038000222e+06 2.880230201517482071e-03 2.529461841111522004e-04
2.458756896104999818e+06 3.057831850676067352e-03 2.529463886358565019e-04
2.458757389171999879e+06 3.451644027479382724e-03 2.529436301772553159e-04
2.458757892765999772e+06 3.042389405049645678e-03 2.529439523260634880e-04
2.458758385832999833e+06 3.080999302513678234e-03 2.529445307475415203e-04
2.458758878899999894e+06 3.181380391769193620e-03 2.529460297224369008e-04
2.458759382493999787e+06 2.884092598470829744e-03 2.529453731952945711e-04
2.458759875560999848e+06 3.270182574307564129e-03 2.529465274984579325e-04
2.458760368627999909e+06 2.629272505556636691e-03 2.529461305120446805e-04
2.458760872221000027e+06 2.447811664573043122e-03 2.529456312714124474e-04
2.458761365288000088e+06 3.231573216413230389e-03 2.529454364882692736e-04
2.458761858355999924e+06 2.459393381685955234e-03 2.529441499286869881e-04
2.458762361949000042e+06 2.714213460840048022e-03 2.529456597326591532e-04
2.458762855016000103e+06 3.150495038420986996e-03 2.529452382546051436e-04
2.458763348083000164e+06 2.849343445087542184e-03 2.529446079146798680e-04
2.458763851677000057e+06 2.992198493877345437e-03 2.529462987049646127e-04
2.458764344744000118e+06 2.617691121555058668e-03 2.529458307858560963e-04
2.458764837811000179e+06 2.606107943631558177e-03 2.529451020389188978e-04
2.458765341405000072e+06 3.050110687256112670e-03 2.529453886468862917e-04
2.458765834472000133e+06 3.135049482719164983e-03 2.529438858929628766e-04
2.458766327539000195e+06 2.857066835677683422e-03 2.529460575314073051e-04
2.458766831131999847e+06 2.810735636513539762e-03 2.529448280060301777e-04
2.458767324200000148e+06 3.443924325589697681e-03 2.529456973215744777e-04
2.458767817267000210e+06 2.602246301751255392e-03 2.529441907694330292e-04
2.458768320859999862e+06 2.999919493128971448e-03 2.529441578114866528e-04
2.458768813926999923e+06 3.351262138206655573e-03 2.529459547911800093e-04
2.458769306993999984e+06 3.162076699544259534e-03 2.529460510806105398e-04
2.458769810587999877e+06 3.239294249189508638e-03 2.529441355432330597e-04
2.458770303654999938e+06 2.984475375927205919e-03 2.529448892735427254e-04
2.458770796721999999e+06 3.073276251551573194e-03 2.529445346957735069e-04
2.458771300315999892e+06 2.945867438036696342e-03 2.529449018784346820e-04
2.458771793382999953e+06 2.972892463239660155e-03 2.529461867975534863e-04
2.458772286450000014e+06 2.463254018720714006e-03 2.529441798087325288e-04
2.458772790043999907e+06 2.694908349774932741e-03 2.529460829484303920e-04
2.458773283110999968e+06 2.525029172314288087e-03 2.529456710516265095e-04
2.458773776178000029e+06 2.764404555644327677e-03 2.529459124430888297e-04
2.458774279771000147e+06 2.691046486181499029e-03 2.529454732164400713e-04
2.458774772838000208e+06 2.752821173313101197e-03 2.529458355822153154e-04
2.458775265906000044e+06 3.192963838344321965e-03 2.529435893325608273e-04
2.458775769499000162e+06 3.030807826053917922e-03 2.529441206240363223e-04
2.458776262566000223e+06 3.011502305588256191e-03 2.529444445642256112e-04
2.458776755632999819e+06 2.602246301751255392e-03 2.529441907694330292e-04
2.458777259227000177e+06 2.945867438036696342e-03 2.529449018784346820e-04
2.458777752293999773e+06 2.633133024561575171e-03 2.529440457011405269e-04
2.458778245360999834e+06 2.741238356440583220e-03 2.529444661939588262e-04
2.458778748955000192e+06 2.992198493877345437e-03 2.529462987049646127e-04
2.458779242021999788e+06 3.308789965471131776e-03 2.529462264595382830e-04
2.458779735088999849e+06 2.694908349774932741e-03 2.529460829484303920e-04
2.458780238681999967e+06 2.999919493128971448e-03 2.529441578114866528e-04
2.458780731749999803e+06 2.891814293503525233e-03 2.529460751480756288e-04
2.458781224816999864e+06 3.258601101648546643e-03 2.529450901998960802e-04
2.458781728409999982e+06 2.868647596909678580e-03 2.529461992095264115e-04
2.458782221477000043e+06 3.393732441616928355e-03 2.529445082234744904e-04
2.458782714544000104e+06 3.219989088388764548e-03 2.529462204033787486e-04
2.458783218137999997e+06 3.061692709095352721e-03 2.529442908043430180e-04
2.458783711205000058e+06 2.945867438036696342e-03 2.529449018784346820e-04
2.459622427943999879e+06 3.007641024426311368e-03 2.529442311841951694e-04
2.459622921010999940e+06 3.150495038420986996e-03 2.529452382546051436e-04
2.459623424604999833e+06 3.146632326391509207e-03 2.529452135603953047e-04
2.459623917671999894e+06 3.077136771175165240e-03 2.529448483775966448e-04
2.459624410738999955e+06 2.679464453809645135e-03 2.529451518607132659e-04
2.459624914332000073e+06 2.837762203573624287e-03 2.529436815054208294e-04
2.459625407399999909e+06 2.806873239416802016e-03 2.529436619019243232e-04
2.459625900466999970e+06 2.822318353617777730e-03 2.529448044856024932e-04
2.459626404060000088e+06 3.270182574307564129e-03 2.529435155489991017e-04
2.459626897127000149e+06 2.579082294383093325e-03 2.529444977809035288e-04
2.459627390194000211e+06 3.254737741741367714e-03 2.529449738406529843e-04
2.459627893788000103e+06 3.289485678949199358e-03 2.529459542387563426e-04
2.459628386855000164e+06 2.625412810386247835e-03 2.529447814551172595e-04
2.459628879922000226e+06 3.065555618802517663e-03 2.529443749434717877e-04
2.459629383516000118e+06 2.513446236780330061e-03 2.529451462134697424e-04
2.459629876583000179e+06 2.887952195191730454e-03 2.529434063248698489e-04
2.459630369649999775e+06 2.976753000101467397e-03 2.529456546008257726e-04
2.459630873244000133e+06 3.154353776386958994e-03 2.529441829275039916e-04
2.459631366311000194e+06 2.845483030720025262e-03 2.529452306245266084e-04
2.459631859377999790e+06 3.127329200771587162e-03 2.529460353450575967e-04
2.459632362970999908e+06 3.802986642404401763e-03 2.529460463579309899e-04
2.459632856037999969e+06 2.803013568194912594e-03 2.529443700665878975e-04
2.459633349105999805e+06 2.799151469972161171e-03 2.529438990966395811e-04
2.459633852698999923e+06 3.046250405474301617e-03 2.529451056818264338e-04
2.459634345765999984e+06 2.907258172338335247e-03 2.529447160260704219e-04
2.459634838833000045e+06 3.150495038420986996e-03 2.529452382546051436e-04
2.459635342426999938e+06 3.073276251551573194e-03 2.529445346957735069e-04
2.459635835493999999e+06 2.748959870311013833e-03 2.529454997263645894e-04
2.459636328561000060e+06 2.799151469972161171e-03 2.529438990966395811e-04
2.459636832154999953e+06 2.552054825219713090e-03 2.529451653615288030e-04
2.459637325222000014e+06 3.146632326391509207e-03 2.529452135603953047e-04
2.459637818289000075e+06 3.204548139159003103e-03 2.529463223852298267e-04
2.459638321882000193e+06 2.895676222615036453e-03 2.529451657794125753e-04
2.459638814950000029e+06 3.023085289603061158e-03 2.529455883762945427e-04
2.459639308017000090e+06 3.007641024426311368e-03 2.529442311841951694e-04
2.459639811610000208e+06 3.003779160942254139e-03 2.529459031597546372e-04
2.459640304676999804e+06 2.934283016797521043e-03 2.529447608641981530e-04
2.459640797743999865e+06 2.536611750907946747e-03 2.529448159064849079e-04
2.459641301338000223e+06 2.733518390037451007e-03 2.529446143609648885e-04
2.459641794404999819e+06 2.706489833052729086e-03 2.529437893349730285e-04
2.459642287471999880e+06 2.880230201517482071e-03 2.529435313211016384e-04
2.459642791065999772e+06 3.158217240549458012e-03 2.529456543865366285e-04
2.459643284132999834e+06 3.127329200771587162e-03 2.529460353450575967e-04
2.459643777199999895e+06 2.992198493877345437e-03 2.529435427883056694e-04
2.459644280793999787e+06 3.158217240549458012e-03 2.529456543865366285e-04
2.459644773860999849e+06 3.111885435503431926e-03 2.529436821306225969e-04
2.459645266927999910e+06 2.517305936511949217e-03 2.529440618744254062e-04
2.459645770521000028e+06 2.930423578161468930e-03 2.529440441158891740e-04
2.459646263588000089e+06 2.938144832274835593e-03 2.529448077848164226e-04
2.459646756655999925e+06 2.837762203573624287e-03 2.529436815054208294e-04
2.459647260249000043e+06 3.239294249189508638e-03 2.529441355432330597e-04
2.459647753316000104e+06 3.486393474244719407e-03 2.529437496416403149e-04
2.459648246383000165e+06 2.748959870311013833e-03 2.529454997263645894e-04
2.459648749977000058e+06 2.791430375188648505e-03 2.529454989425723960e-04
2.459649243044000119e+06 2.795292118534193748e-03 2.529452908157626642e-04
2.459649736111000180e+06 3.096440933554241940e-03 2.529460052231623842e-04
2.459650239705000073e+06 3.328097186547477465e-03 2.529447305276986187e-04
2.459650732772000134e+06 3.069414921188974837e-03 2.529433577327567682e-04
2.459651225839000195e+06 2.961310864660617829e-03 2.529453916937454976e-04
2.459651729431999847e+06 2.714213460840048022e-03 2.529456597326591532e-04
2.459652222500000149e+06 2.625412810386247835e-03 2.529447814551172595e-04
2.459652715567000210e+06 2.474835858544675773e-03 2.529436332539207574e-04
2.459653219159999862e+06 3.173660013527959591e-03 2.529460361246976753e-04
2.459653712226999924e+06 3.096440933554241940e-03 2.529460052231623842e-04
2.459654205293999985e+06 3.115745668935958335e-03 2.529446557031798048e-04
2.459654708887999877e+06 2.822318353617777730e-03 2.529448044856024932e-04
2.459655201954999939e+06 3.173660013527959591e-03 2.529460361246976753e-04
2.459655695022000000e+06 3.289485678949199358e-03 2.529459542387563426e-04
2.459656198615999892e+06 2.478697906677785993e-03 2.529456886144446255e-04
2.459656691682999954e+06 2.548193479078037036e-03 2.529450072716469601e-04
2.459657184750000015e+06 2.698768298464002471e-03 2.529454745865031512e-04
2.459657688343999907e+06 3.165937959003617148e-03 2.529458380296970401e-04
2.459658181410999969e+06 2.969031463926702624e-03 2.529458262312770517e-04
2.459658674478000030e+06 2.636994354377579942e-03 2.529458010403066483e-04
2.459659178071000148e+06 2.675602542681537310e-03 2.529453016164649563e-04
2.459659671138000209e+06 3.154353776386958994e-03 2.529441829275039916e-04
2.459660164206000045e+06 2.393758866800109724e-03 2.529446527312063345e-04
2.459660667799000163e+06 3.142771455697653590e-03 2.529445757197710198e-04
2.459661160866000224e+06 3.111885435503431926e-03 2.529436821306225969e-04
2.459661653932999820e+06 2.602246301751255392e-03 2.529441907694330292e-04
2.459662157527000178e+06 3.243157200035953064e-03 2.529440857691802333e-04
2.459662650593999773e+06 2.853203841007504859e-03 2.529456799071340910e-04
2.459663143660999835e+06 2.505723811284651936e-03 2.529457339276998352e-04
2.459663647255000193e+06 2.679464453809645135e-03 2.529451518607132659e-04
2.459664140321999788e+06 3.795264078905898324e-03 2.529462479691085039e-04
2.459664633388999850e+06 3.057831850676067352e-03 2.529435722686419730e-04
2.459665136981999967e+06 2.629272505556636691e-03 2.529437088625739391e-04
2.459665630049999803e+06 2.490281257613965321e-03 2.529442291482814141e-04
2.459666123116999865e+06 2.513446236780330061e-03 2.529451462134697424e-04
2.459666626709999982e+06 2.675602542681537310e-03 2.529453016164649563e-04
2.459667119777000044e+06 3.312653412121710928e-03 2.529456209298265156e-04
2.459667612844000105e+06 3.165937959003617148e-03 2.529458380296970401e-04
2.459668116437999997e+06 2.683324524833033322e-03 2.529437757896874214e-04
2.459668609505000059e+06 2.521166919112481034e-03 2.529442338713410311e-04
2.459669102572000120e+06 3.289485678949199358e-03 2.529459542387563426e-04
2.459669606166000012e+06 3.030807826053917922e-03 2.529441206240363223e-04
2.459670099233000074e+06 2.980615804926987737e-03 2.529444615060501820e-04
2.459670592300000135e+06 3.111885435503431926e-03 2.529436821306225969e-04
2.459671095894000027e+06 2.598385595512641300e-03 2.529446540909054716e-04
2.459671588961000089e+06 2.914980138516614586e-03 2.529453633089304371e-04
2.459672082028000150e+06 3.065555618802517663e-03 2.529443749434717877e-04
2.459672585620999802e+06 2.312678164749168604e-03 2.529440676846025069e-04
2.459673078687999863e+06 2.656298028867745947e-03 2.529454168545363746e-04
2.459673571756000165e+06 2.748959870311013833e-03 2.529454997263645894e-04
2.459674075348999817e+06 3.150495038420986996e-03 2.529452382546051436e-04
2.459674568415999878e+06 3.181380391769193620e-03 2.529460297224369008e-04
2.459675061482999939e+06 3.169798094515773827e-03 2.529447813431132119e-04
2.459675565076999832e+06 2.636994354377579942e-03 2.529458010403066483e-04
2.459676058143999893e+06 2.849343445087542184e-03 2.529446079146798680e-04
2.459676551210999954e+06 3.080999302513678234e-03 2.529445307475415203e-04
2.459677054804999847e+06 2.930423578161468930e-03 2.529440441158891740e-04
2.459677547871999908e+06 3.277905281328648973e-03 2.529460995976811634e-04
2.459678040938999970e+06 3.235432919589921897e-03 2.529435933674251753e-04
2.459678544532000087e+06 3.061692709095352721e-03 2.529442908043430180e-04
2.459679037599999923e+06 3.057831850676067352e-03 2.529435722686419730e-04
2.459679530666999985e+06 3.185241753442679888e-03 2.529449996953981954e-04
2.459680034260000102e+06 2.849343445087542184e-03 2.529446079146798680e-04
2.459680527327000163e+06 3.073276251551573194e-03 2.529445346957735069e-04
2.459681020394000225e+06 3.598358256518876738e-03 2.529438544024207691e-04
2.459681523988000117e+06 3.320372436632363766e-03 2.529447976430696595e-04
2.459682017055000179e+06 3.015362989445891703e-03 2.529437756484717689e-04
2.459682510121999774e+06 2.938144832274835593e-03 2.529448077848164226e-04
2.459683013716000132e+06 3.173660013527959591e-03 2.529460361246976753e-04
2.459683506783000194e+06 3.111885435503431926e-03 2.529436821306225969e-04
2.459683999849999789e+06 2.555914960299313001e-03 2.529440442030582155e-04
2.459684503444000147e+06 3.254737741741367714e-03 2.529449738406529843e-04
2.459684996511000209e+06 3.181380391769193620e-03 2.529460297224369008e-04
2.459685489577999804e+06 2.664020730237268673e-03 2.529447133252866521e-04
2.459685993170999922e+06 3.308789965471131776e-03 2.529431789513581744e-04
2.459686486237999983e+06 3.401452417132474516e-03 2.529434548680620470e-04
2.459686979305999819e+06 3.212269691053412212e-03 2.529433795827965578e-04
2.459687482898999937e+06 2.748959870311013833e-03 2.529454997263645894e-04
2.459687975965999998e+06 2.938144832274835593e-03 2.529448077848164226e-04
2.459688469033000059e+06 3.015362989445891703e-03 2.529437756484717689e-04
2.459688972626999952e+06 2.918840744503781778e-03 2.529443207347001473e-04
2.459689465694000013e+06 3.200686956448221300e-03 2.529451835607371651e-04
2.459689958761000074e+06 2.756682822059380953e-03 2.529452073729307015e-04
2.459690462354999967e+06 2.914980138516614586e-03 2.529453633089304371e-04
2.459690955422000028e+06 2.810735636513539762e-03 2.529448280060301777e-04
2.459691448489000089e+06 2.976753000101467397e-03 2.529456546008257726e-04
2.459691952082000207e+06 3.115745668935958335e-03 2.529446557031798048e-04
2.459692445150000043e+06 2.660159027177778739e-03 2.529455650490966220e-04
2.459692938217000104e+06 3.181380391769193620e-03 2.529460297224369008e-04
2.459693441810000222e+06 2.918840744503781778e-03 2.529443207347001473e-04
2.459693934876999818e+06 3.038527701108410112e-03 2.529447281998497676e-04
2.459807647255999967e+06 2.552054825219713090e-03 2.529451653615288030e-04
2.459808150849000085e+06 2.683324524833033322e-03 2.529437757896874214e-04
2.459808643916000146e+06 2.799151469972161171e-03 2.529438990966395811e-04
2.459809136983000208e+06 2.756682822059380953e-03 2.529452073729307015e-04
2.459809640577000100e+06 2.764404555644327677e-03 2.529459124430888297e-04
2.459810133644000161e+06 3.080999302513678234e-03 2.529445307475415203e-04
2.459810626711000223e+06 3.019223061001085825e-03 2.529450041807343973e-04
2.459811130305000115e+06 2.644716958355524360e-03 2.529436270698697648e-04
2.459811623372000176e+06 3.127329200771587162e-03 2.529460353450575967e-04
2.459812116438999772e+06 2.830038866674270109e-03 2.529460015206776136e-04
2.459812620031999890e+06 2.934283016797521043e-03 2.529447608641981530e-04
2.459813113100000191e+06 3.077136771175165240e-03 2.529448483775966448e-04
2.459813606166999787e+06 3.165937959003617148e-03 2.529458380296970401e-04
2.459814109759999905e+06 3.293347818240688601e-03 2.529456725856085437e-04
2.459814602826999966e+06 2.598385595512641300e-03 2.529446540909054716e-04
2.459815095894000027e+06 3.382149494885276948e-03 2.529440740588218559e-04
2.459815599487999920e+06 3.061692709095352721e-03 2.529442908043430180e-04
2.459816092554999981e+06 2.671743736956465765e-03 2.529446925155010083e-04
2.459816585622000042e+06 2.563638588113699261e-03 2.529457396619174607e-04
2.459817089215999935e+06 2.961310864660617829e-03 2.529453916937454976e-04
2.459817582282999996e+06 3.247015785712978851e-03 2.529459678622248526e-04
2.459818075350000057e+06 2.737378172969609936e-03 2.529437642198997587e-04
2.459818578943999950e+06 3.042389405049645678e-03 2.529439523260634880e-04
2.459819072011000011e+06 2.887952195191730454e-03 2.529434063248698489e-04
2.459819565078000072e+06 2.733518390037451007e-03 2.529446143609648885e-04
2.459820068671000190e+06 2.606107943631558177e-03 2.529451020389188978e-04
2.459820561737999786e+06 3.088719002664509859e-03 2.529439104999652932e-04
2.459821054806000087e+06 2.984475375927205919e-03 2.529448892735427254e-04
2.459821558399000205e+06 3.231573216413230389e-03 2.529454364882692736e-04
2.459822051465999801e+06 2.860927155468412104e-03 2.529452735926907372e-04
2.459822544532999862e+06 3.135049482719164983e-03 2.529438858929628766e-04
2.459823048127000220e+06 3.239294249189508638e-03 2.529441355432330597e-04
2.459823541193999816e+06 3.019223061001085825e-03 2.529450041807343973e-04
2.459824034260999877e+06 2.675602542681537310e-03 2.529453016164649563e-04
2.459824537854999769e+06 2.818458211241491995e-03 2.529441008781232471e-04
2.459825030921999831e+06 2.826178576802290763e-03 2.529445696096738368e-04
2.459825523988999892e+06 2.934283016797521043e-03 2.529447608641981530e-04
2.459826027582000010e+06 2.864787413983739799e-03 2.529435598173838495e-04
2.459826520649999846e+06 3.223852771417520281e-03 2.529438963490436478e-04
2.459827013716999907e+06 3.019223061001085825e-03 2.529450041807343973e-04
2.459827517310000025e+06 2.965170016978404838e-03 2.529445740125270815e-04
2.459828010377000086e+06 3.544305918922308236e-03 2.529440787957096585e-04
2.459828503444000147e+06 2.725795059243928814e-03 2.529454469699512565e-04
2.459829007038000040e+06 2.999919493128971448e-03 2.529441578114866528e-04
2.459829500105000101e+06 2.737378172969609936e-03 2.529437642198997587e-04
2.459829993172000162e+06 2.718073522505038472e-03 2.529448953040729672e-04
2.459830496766000055e+06 3.007641024426311368e-03 2.529442311841951694e-04
2.459830989833000116e+06 3.243157200035953064e-03 2.529440857691802333e-04
2.459831482900000177e+06 2.934283016797521043e-03 2.529447608641981530e-04
2.459831986494000070e+06 3.243157200035953064e-03 2.529440857691802333e-04
2.459832479561000131e+06 2.806873239416802016e-03 2.529436619019243232e-04
2.459832972628000192e+06 2.664020730237268673e-03 2.529447133252866521e-04
2.459833476220999844e+06 3.745073970072616224e-03 2.529435954109815802e-04
2.459833969287999906e+06 2.872510335591944419e-03 2.529455078051109744e-04
2.459834462356000207e+06 2.961310864660617829e-03 2.529453916937454976e-04
2.459834965948999859e+06 2.872510335591944419e-03 2.529455078051109744e-04
2.459835459015999921e+06 2.721934059825414226e-03 2.529456581595021297e-04
2.459835952082999982e+06 3.007641024426311368e-03 2.529442311841951694e-04
2.459836455676999874e+06 3.023085289603061158e-03 2.529455883762945427e-04
2.459836948743999936e+06 2.594525837740406862e-03 2.529440933454013508e-04
2.459837441810999997e+06 2.872510335591944419e-03 2.529455078051109744e-04
2.459837945404999889e+06 2.899535297491006181e-03 2.529457745201913344e-04
2.459838438471999951e+06 2.876370327876910573e-03 2.529436569965088939e-04
2.459838931539000012e+06 2.764404555644327677e-03 2.529459124430888297e-04
2.459839435132000130e+06 2.277930135171617448e-03 2.529452474302821803e-04
2.459839928199999966e+06 3.011502305588256191e-03 2.529444445642256112e-04
2.459840421267000027e+06 3.069414921188974837e-03 2.529433577327567682e-04
2.459840924860000145e+06 2.648578199237839291e-03 2.529445663462529990e-04
2.459841417927000206e+06 3.142771455697653590e-03 2.529445757197710198e-04
2.459841910993999802e+06 2.640856481957593645e-03 2.529441193216871433e-04
2.459842414588000160e+06 2.799151469972161171e-03 2.529438990966395811e-04
2.459842907655000221e+06 2.528890354628713765e-03 2.529458201065968616e-04
2.459843400721999817e+06 2.787568832010573101e-03 2.529447577838316247e-04
2.459843904316000175e+06 2.918840744503781778e-03 2.529443207347001473e-04
2.459844397382999770e+06 3.046250405474301617e-03 2.529451056818264338e-04
2.459844890449999832e+06 2.895676222615036453e-03 2.529451657794125753e-04
2.459845394044000190e+06 3.092581830532809255e-03 2.529440789514657631e-04
2.459845887110999785e+06 3.366706054506200894e-03 2.529457079727893054e-04
2.459846380177999847e+06 2.992198493877345437e-03 2.529435427883056694e-04
2.459846883770999964e+06 3.034668103792902139e-03 2.529448616095748207e-04
2.459847376838000026e+06 2.903396841237082526e-03 2.529457026569320133e-04
2.459847869905999862e+06 2.857066835677683422e-03 2.529460575314073051e-04
2.459848373498999979e+06 3.119607817646760130e-03 2.529450094923332143e-04
2.459848866566000041e+06 3.108024259485224136e-03 2.529447193646943413e-04
2.459849359633000102e+06 2.675602542681537310e-03 2.529453016164649563e-04
2.459849863226999994e+06 3.386008156974863910e-03 2.529457416933953654e-04
2.459850356294000056e+06 2.498002104961510005e-03 2.529439013048736650e-04
2.459850849361000117e+06 2.664020730237268673e-03 2.529447133252866521e-04
2.459851352955000009e+06 2.571359504144322700e-03 2.529449412086337730e-04
2.459851846022000071e+06 2.505723811284651936e-03 2.529457339276998352e-04
2.459852339089000132e+06 2.609968104434087516e-03 2.529447600783951981e-04
2.459852842681999784e+06 2.833901819212105051e-03 2.529441223332932987e-04
2.459853335750000086e+06 3.316512205978902530e-03 2.529439702175858445e-04
2.459853828817000147e+06 2.965170016978404838e-03 2.529445740125270815e-04
2.459854332409999799e+06 2.992198493877345437e-03 2.529435427883056694e-04
2.459854825476999860e+06 2.795292118534193748e-03 2.529452908157626642e-04
2.459855318543999922e+06 2.891814293503525233e-03 2.529460751480756288e-04
2.459855822137999814e+06 3.505697185783804033e-03 2.529461674332742090e-04
2.459856315204999875e+06 2.613829168041790791e-03 2.529458036431262466e-04
2.459856808271999937e+06 2.725795059243928814e-03 2.529454469699512565e-04
2.459857311865999829e+06 2.918840744503781778e-03 2.529443207347001473e-04
2.459857804932999890e+06 2.818458211241491995e-03 2.529441008781232471e-04
2.459858297999999952e+06 3.196824537329961361e-03 2.529461586980260072e-04
2.459858801593999844e+06 3.343539051573078680e-03 2.529450610696817262e-04
2.459859294660999905e+06 2.945867438036696342e-03 2.529449018784346820e-04
2.459859787727999967e+06 2.953588578933364402e-03 2.529441056150114834e-04
2.459860291321000084e+06 2.826178576802290763e-03 2.529445696096738368e-04
2.459860784388000146e+06 2.725795059243928814e-03 2.529454469699512565e-04
2.459861277455999982e+06 2.887952195191730454e-03 2.529434063248698489e-04
2.459861781049000099e+06 2.980615804926987737e-03 2.529444615060501820e-04
2.459862274116000161e+06 2.972892463239660155e-03 2.529434486624058866e-04
2.459862767183000222e+06 2.671743736956465765e-03 2.529446925155010083e-04
2.459863270777000114e+06 2.382174656737146359e-03 2.529448555487551144e-04
2.459863763844000176e+06 2.980615804926987737e-03 2.529444615060501820e-04
2.459864256910999771e+06 3.173660013527959591e-03 2.529460361246976753e-04
2.459864760505000129e+06 3.142771455697653590e-03 2.529445757197710198e-04
2.459865253572000191e+06 2.849343445087542184e-03 2.529446079146798680e-04
2.459865746638999786e+06 2.992198493877345437e-03 2.529435427883056694e-04
2.459866250231999904e+06 3.077136771175165240e-03 2.529448483775966448e-04
2.459866743300000206e+06 2.664020730237268673e-03 2.529447133252866521e-04
2.459867236366999801e+06 3.007641024426311368e-03 2.529442311841951694e-04
2.459867739959999919e+06 3.015362989445891703e-03 2.529437756484717689e-04
2.459868233026999980e+06 3.208408069737030219e-03 2.529436748463778292e-04
2.459868726094000041e+06 2.660159027177778739e-03 2.529455650490966220e-04
2.459869229687999934e+06 2.640856481957593645e-03 2.529441193216871433e-04
2.459869722754999995e+06 2.826178576802290763e-03 2.529445696096738368e-04
2.459870215822000057e+06 2.517305936511949217e-03 2.529440618744254062e-04
2.459870719415999949e+06 3.038527701108410112e-03 2.529447281998497676e-04
2.459871212483000010e+06 2.486419482061805099e-03 2.529458719794212569e-04
2.459871705550000072e+06 2.880230201517482071e-03 2.529435313211016384e-04
2.459872209143999964e+06 2.830038866674270109e-03 2.529460015206776136e-04
2.459872702211000025e+06 3.046250405474301617e-03 2.529451056818264338e-04
2.459873195278000087e+06 2.694908349774932741e-03 2.529436008461131459e-04
2.459873698871000204e+06 2.830038866674270109e-03 2.529460015206776136e-04
2.459874191937999800e+06 2.752821173313101197e-03 2.529458355822153154e-04
2.459874685006000102e+06 3.204548139159003103e-03 2.529463223852298267e-04
2.459875188599000219e+06 3.100301996703335068e-03 2.529444539736562026e-04
2.459875681665999815e+06 3.119607817646760130e-03 2.529450094923332143e-04
2.459876174732999876e+06 2.903396841237082526e-03 2.529457026569320133e-04
2.459876678326999769e+06 2.799151469972161171e-03 2.529438990966395811e-04
2.459877171393999830e+06 2.853203841007504859e-03 2.529456799071340910e-04
2.459877664460999891e+06 2.918840744503781778e-03 2.529443207347001473e-04
2.459878168054999784e+06 2.629272505556636691e-03 2.529437088625739391e-04
2.459878661121999845e+06 3.474811098708751635e-03 2.529451389599982644e-04
2.459879154188999906e+06 2.532750443064224043e-03 2.529446792312869475e-04
2.459987411249999888e+06 3.189104864521352407e-03 2.529462988427295749e-04
2.459987904316999950e+06 3.034668103792902139e-03 2.529448616095748207e-04
2.459988407910000067e+06 2.969031463926702624e-03 2.529458262312770517e-04
2.459988900977000128e+06 2.938144832274835593e-03 2.529448077848164226e-04
2.459989394044000190e+06 3.015362989445891703e-03 2.529437756484717689e-04
2.459989897638000082e+06 2.949728198947427528e-03 2.529449538766935165e-04
2.459990390705000143e+06 2.849343445087542184e-03 2.529446079146798680e-04
2.459990883772000205e+06 2.945867438036696342e-03 2.529449018784346820e-04
2.459991387366000097e+06 3.250878962189175138e-03 2.529445022126338479e-04
2.459991880433000159e+06 2.644716958355524360e-03 2.529436270698697648e-04
2.459992373500000220e+06 2.868647596909678580e-03 2.529435570874489191e-04
2.459992877094000112e+06 2.772124939459279409e-03 2.529450933143298128e-04
2.459993370161000174e+06 3.150495038420986996e-03 2.529452382546051436e-04
2.459993863227999769e+06 2.980615804926987737e-03 2.529444615060501820e-04
2.459994366820999887e+06 2.992198493877345437e-03 2.529435427883056694e-04
2.459994859887999948e+06 2.996059265796532922e-03 2.529442928553286471e-04
2.459995352955999784e+06 3.096440933554241940e-03 2.529460052231623842e-04
2.459995856548999902e+06 3.084858158448812015e-03 2.529459561268329517e-04
2.459996349615999963e+06 2.814595571434950171e-03 2.529448194539793459e-04
2.459996842683000024e+06 2.760542260243486427e-03 2.529459232885242193e-04
2.459997346276999917e+06 3.127329200771587162e-03 2.529460353450575967e-04
2.459997839343999978e+06 3.235432919589921897e-03 2.529435933674251753e-04
2.459998332411000039e+06 3.131188404312167974e-03 2.529438286776033648e-04
2.459998836004999932e+06 2.934283016797521043e-03 2.529447608641981530e-04
2.459999329071999993e+06 2.999919493128971448e-03 2.529441578114866528e-04
2.459999822139000054e+06 2.872510335591944419e-03 2.529455078051109744e-04
2.460000325732000172e+06 2.768264605803313211e-03 2.529447075121798744e-04
2.460000818800000008e+06 3.146632326391509207e-03 2.529452135603953047e-04
2.460001311867000069e+06 2.741238356440583220e-03 2.529444661939588262e-04
2.460001815460000187e+06 3.053973048065431167e-03 2.529450331643974146e-04
2.460002308526999783e+06 3.030807826053917922e-03 2.529441206240363223e-04
2.460002801593999844e+06 2.687185206741840148e-03 2.529438798535743236e-04
2.460003305188000202e+06 3.254737741741367714e-03 2.529449738406529843e-04
2.460003798254999798e+06 2.853203841007504859e-03 2.529456799071340910e-04
2.460004291321999859e+06 3.088719002664509859e-03 2.529439104999652932e-04
2.460004794916000217e+06 2.768264605803313211e-03 2.529447075121798744e-04
2.460005287982999813e+06 3.455505591055561473e-03 2.529433587562011725e-04
2.460005781049999874e+06 2.694908349774932741e-03 2.529436008461131459e-04
2.460006284644000232e+06 2.938144832274835593e-03 2.529448077848164226e-04
2.460006777710999828e+06 2.980615804926987737e-03 2.529444615060501820e-04
2.460007270777999889e+06 3.003779160942254139e-03 2.529459031597546372e-04
2.460007774371000007e+06 2.606107943631558177e-03 2.529451020389188978e-04
2.460008267438000068e+06 2.969031463926702624e-03 2.529458262312770517e-04
2.460008760505999904e+06 2.698768298464002471e-03 2.529454745865031512e-04
2.460009264099000022e+06 2.972892463239660155e-03 2.529434486624058866e-04
2.460009757166000083e+06 2.633133024561575171e-03 2.529440457011405269e-04
2.460010250233000144e+06 2.914980138516614586e-03 2.529453633089304371e-04
2.460010753827000037e+06 2.625412810386247835e-03 2.529447814551172595e-04
2.460011246894000098e+06 2.760542260243486427e-03 2.529459232885242193e-04
2.460011739961000159e+06 2.752821173313101197e-03 2.529458355822153154e-04
2.460012243555000052e+06 2.745098926783726221e-03 2.529442012043163469e-04
2.460012736622000113e+06 3.281765914686840015e-03 2.529447738788754879e-04
2.460013229689000174e+06 2.718073522505038472e-03 2.529448953040729672e-04
2.460013733281999826e+06 3.038527701108410112e-03 2.529447281998497676e-04
2.460014226350000128e+06 2.887952195191730454e-03 2.529434063248698489e-04
2.460014719417000189e+06 3.189104864521352407e-03 2.529462988427295749e-04
2.460015223009999841e+06 3.069414921188974837e-03 2.529433577327567682e-04
2.460015716076999903e+06 2.872510335591944419e-03 2.529455078051109744e-04
2.460016209143999964e+06 2.907258172338335247e-03 2.529447160260704219e-04
2.460016712737999856e+06 2.756682822059380953e-03 2.529452073729307015e-04
2.460017205804999918e+06 3.636969005642036630e-03 2.529446521001072119e-04
2.460017698871999979e+06 2.501863435553478270e-03 2.529454668459922280e-04
2.460018202465999871e+06 3.486393474244719407e-03 2.529437496416403149e-04
2.460018695532999933e+06 2.857066835677683422e-03 2.529460575314073051e-04
2.460019188599999994e+06 2.868647596909678580e-03 2.529435570874489191e-04
2.460019692193999887e+06 2.895676222615036453e-03 2.529451657794125753e-04
2.460020185260999948e+06 2.949728198947427528e-03 2.529449538766935165e-04
2.460020678328000009e+06 2.880230201517482071e-03 2.529435313211016384e-04
2.460021181921000127e+06 3.142771455697653590e-03 2.529445757197710198e-04
2.460021674988000188e+06 2.926561129415332450e-03 2.529448882167875646e-04
2.460022168056000024e+06 2.949728198947427528e-03 2.529449538766935165e-04
2.460022671649000142e+06 2.953588578933364402e-03 2.529441056150114834e-04
2.460023164716000203e+06 3.200686956448221300e-03 2.529451835607371651e-04
2.460023657782999799e+06 3.258601101648546643e-03 2.529450901998960802e-04
2.460024161377000157e+06 2.822318353617777730e-03 2.529448044856024932e-04
2.460024654444000218e+06 2.857066835677683422e-03 2.529460575314073051e-04
2.460025147510999814e+06 2.849343445087542184e-03 2.529446079146798680e-04
2.460025651105000172e+06 2.289513454311378846e-03 2.529451598537588901e-04
2.460026144171999767e+06 2.961310864660617829e-03 2.529453916937454976e-04
2.460026637238999829e+06 3.760517378274398463e-03 2.529441156441486721e-04
2.460027140831999946e+06 3.030807826053917922e-03 2.529441206240363223e-04
2.460027633899999782e+06 3.030807826053917922e-03 2.529441206240363223e-04
2.460028126966999844e+06 2.370591921066307010e-03 2.529442255495112607e-04
2.460028630559999961e+06 3.053973048065431167e-03 2.529450331643974146e-04
2.460029123627000023e+06 3.092581830532809255e-03 2.529440789514657631e-04
2.460029616694000084e+06 2.606107943631558177e-03 2.529451020389188978e-04
2.460030120287999976e+06 2.799151469972161171e-03 2.529438990966395811e-04
2.460030613355000038e+06 2.988337192287604874e-03 2.529446610556779261e-04
2.460031106422000099e+06 3.108024259485224136e-03 2.529447193646943413e-04
2.460031610015999991e+06 2.864787413983739799e-03 2.529435598173838495e-04
2.460032103083000053e+06 3.162076699544259534e-03 2.529460510806105398e-04
2.460032596150000114e+06 3.208408069737030219e-03 2.529436748463778292e-04
2.460033099744000006e+06 2.745098926783726221e-03 2.529442012043163469e-04
2.460033592811000068e+06 2.656298028867745947e-03 2.529454168545363746e-04
2.460034085878000129e+06 2.474835858544675773e-03 2.529436332539207574e-04
2.460034589470999781e+06 3.073276251551573194e-03 2.529445346957735069e-04
2.460035082537999842e+06 2.775988099554011369e-03 2.529447553406011652e-04
2.460035575606000144e+06 2.887952195191730454e-03 2.529434063248698489e-04
2.460036079198999796e+06 2.803013568194912594e-03 2.529443700665878975e-04
2.460036572265999857e+06 2.339705521720438636e-03 2.529456908874135480e-04
2.460037065332999919e+06 2.872510335591944419e-03 2.529455078051109744e-04
2.460037568926999811e+06 2.914980138516614586e-03 2.529453633089304371e-04
2.460038061993999872e+06 2.876370327876910573e-03 2.529436569965088939e-04
2.460038555060999934e+06 2.768264605803313211e-03 2.529447075121798744e-04
2.460039058654999826e+06 3.154353776386958994e-03 2.529441829275039916e-04
2.460039551721999887e+06 2.664020730237268673e-03 2.529447133252866521e-04
2.460040044788999949e+06 3.320372436632363766e-03 2.529447976430696595e-04
2.460040548382000066e+06 2.609968104434087516e-03 2.529447600783951981e-04
2.460041041449999902e+06 2.694908349774932741e-03 2.529436008461131459e-04
2.460041534516999964e+06 2.860927155468412104e-03 2.529452735926907372e-04
2.460042038110000081e+06 2.667880667621906621e-03 2.529450843781883809e-04
2.460042531177000143e+06 2.822318353617777730e-03 2.529448044856024932e-04
2.460043024244000204e+06 3.084858158448812015e-03 2.529459561268329517e-04
2.460043527838000096e+06 2.710351392038804364e-03 2.529452129325427713e-04
2.460044020905000158e+06 3.108024259485224136e-03 2.529447193646943413e-04
2.460044513972000219e+06 3.119607817646760130e-03 2.529450094923332143e-04
2.460045017566000111e+06 2.656298028867745947e-03 2.529454168545363746e-04
2.460045510633000173e+06 3.050110687256112670e-03 2.529453886468862917e-04
2.460046003699999768e+06 2.984475375927205919e-03 2.529448892735427254e-04
2.460046507294000126e+06 2.698768298464002471e-03 2.529454745865031512e-04
2.460047000361000188e+06 2.876370327876910573e-03 2.529436569965088939e-04
2.460047493427999783e+06 2.768264605803313211e-03 2.529447075121798744e-04
2.460047997020999901e+06 2.853203841007504859e-03 2.529456799071340910e-04
2.460048490087999962e+06 3.196824537329961361e-03 2.529461586980260072e-04
2.460048983155999798e+06 2.737378172969609936e-03 2.529437642198997587e-04
2.460049486748999916e+06 2.938144832274835593e-03 2.529448077848164226e-04
2.460049979815999977e+06 3.243157200035953064e-03 2.529440857691802333e-04
2.460050472883000039e+06 3.077136771175165240e-03 2.529448483775966448e-04
2.460050976476999931e+06 2.876370327876910573e-03 2.529436569965088939e-04
2.460051469543999992e+06 3.135049482719164983e-03 2.529438858929628766e-04
2.460051962611000054e+06 3.038527701108410112e-03 2.529447281998497676e-04
2.460052466204999946e+06 2.498002104961510005e-03 2.529439013048736650e-04
2.460052959272000007e+06 2.945867438036696342e-03 2.529449018784346820e-04
2.460053452339000069e+06 2.760542260243486427e-03 2.529459232885242193e-04
2.460053955932000186e+06 2.652437748498402692e-03 2.529442702916551156e-04
2.460054449000000022e+06 3.675577632584023108e-03 2.529452442940254096e-04
2.460054942067000084e+06 2.702628797371832078e-03 2.529438796184527768e-04
2.460055445660000201e+06 3.216130035858864259e-03 2.529452134123501544e-04
2.460055938726999797e+06 2.938144832274835593e-03 2.529448077848164226e-04
2.460056431793999858e+06 2.853203841007504859e-03 2.529456799071340910e-04
2.460056935388000216e+06 2.926561129415332450e-03 2.529448882167875646e-04
2.460057428454999812e+06 3.270182574307564129e-03 2.529435155489991017e-04
2.460057921521999873e+06 2.880230201517482071e-03 2.529435313211016384e-04
2.460058425116000231e+06 2.552054825219713090e-03 2.529451653615288030e-04
2.460058918182999827e+06 3.123469000068602487e-03 2.529445095664022126e-04
