2.458346727899000049e+06 6.633226086209458305e-01 5.032945964104304677e-03
2.458347220966000110e+06 6.647347763891451322e-01 5.033252619509503804e-03
2.458347714033000171e+06 6.577044798538181913e-01 5.032722308309493277e-03
2.458348217627000064e+06 6.572551533942150304e-01 5.032916210560389562e-03
2.458348710694000125e+06 6.570626788935729490e-01 5.033257872776972404e-03
2.458349203761000186e+06 6.680097479876000444e-01 5.032824469324812498e-03
2.458349707355000079e+06 6.594380460501410024e-01 5.033232808916885195e-03
2.458350200422000140e+06 6.679771400185825492e-01 5.033194028663165107e-03
2.458350693489000201e+06 6.577365863527039336e-01 5.032967985658718009e-03
2.458351197081999853e+06 6.650562818749738980e-01 5.033236843551746643e-03
2.458351690150000155e+06 6.630654516043932301e-01 5.032826908345658032e-03
2.458352183217000216e+06 6.608188152580487529e-01 5.032816221308651812e-03
2.458352686809999868e+06 6.631943230606215378e-01 5.033194249276143513e-03
2.458353179876999930e+06 6.621347789370946035e-01 5.033081062066264467e-03
2.458353672943999991e+06 6.642537272569205564e-01 5.033281003427612921e-03
2.458354176537999883e+06 6.552327555739809739e-01 5.033120529221336327e-03
2.458354669604999945e+06 6.652805091130251647e-01 5.033095587957985700e-03
2.458355162672000006e+06 6.532105644254675436e-01 5.033229580108597619e-03
2.458355666265999898e+06 6.708342071116101257e-01 5.033096830687831813e-03
2.458356159332999960e+06 6.716051225755889087e-01 5.033313670897598957e-03
2.458356652400000021e+06 6.637400137591490390e-01 5.033056380851205769e-03
2.458357155993999913e+06 6.600803433325324043e-01 5.033271561269743108e-03
2.458357649060999975e+06 6.629054659756572487e-01 5.032833695782151090e-03
2.458358142128000036e+06 6.739802959971286089e-01 5.033112293756549643e-03
2.458358645721000154e+06 6.577365863527039336e-01 5.032967985658718009e-03
2.458359138788000215e+06 6.642855416339610297e-01 5.032910242408539236e-03
2.458359631856000051e+06 6.605620205121280897e-01 5.033294065121686478e-03
2.458360135449000169e+06 6.665967623988710011e-01 5.033230202877258912e-03
2.458360628516000230e+06 6.682343555354822717e-01 5.033285742540543999e-03
2.458361121582999825e+06 6.666931608226620565e-01 5.032729978199269524e-03
2.458361625177000184e+06 6.578008040524820910e-01 5.032853519406464346e-03
2.458362118243999779e+06 6.604336605630868329e-01 5.032924280825927868e-03
2.458362611310999840e+06 6.519903982512303964e-01 5.032835327583883023e-03
2.458363114905000199e+06 6.725354788594093414e-01 5.032853046426687474e-03
2.458363607971999794e+06 6.623592412846894817e-01 5.032957100123609286e-03
2.458364101038999856e+06 6.522474652053802391e-01 5.033017448937345505e-03
2.458364604631999973e+06 6.481381721276517904e-01 5.032947142465009696e-03
2.458365097699999809e+06 6.594380460501410024e-01 5.033232808916885195e-03
2.458365590766999871e+06 6.577365863527039336e-01 5.032967985658718009e-03
2.458366094359999988e+06 6.678491845016581996e-01 5.032844998302202916e-03
2.458366587427000050e+06 6.689080153174508103e-01 5.032815110320047747e-03
2.458367080494000111e+06 6.644140382750842733e-01 5.033271839755926874e-03
2.458367584088000003e+06 6.542377505673160343e-01 5.033310952089140207e-03
2.458368077155000065e+06 6.583469077077940268e-01 5.032787255346222836e-03
2.458368570222000126e+06 6.639002007976767539e-01 5.033048109492696195e-03
2.458369073816000018e+06 6.640286229000640361e-01 5.032798495525819815e-03
2.458369566883000080e+06 6.565170358407986795e-01 5.033310837742781436e-03
2.458370059950000141e+06 6.625197052904576722e-01 5.032955984417061303e-03
2.458370563544000033e+06 6.644140382750842733e-01 5.033271839755926874e-03
2.458371056611000095e+06 6.566452393584852887e-01 5.033084148795305239e-03
2.458371549678000156e+06 6.590209183563440209e-01 5.033083939784581580e-03
2.458372053270999808e+06 6.574155918802118137e-01 5.032933760301047665e-03
2.458372546337999869e+06 6.686511563468824360e-01 5.032730073585409483e-03
2.458373039406000171e+06 6.590530891184857021e-01 5.032722624459807538e-03
2.458373542998999823e+06 6.508989935256104253e-01 5.032803573004905433e-03
2.458374036065999884e+06 6.639644087439897646e-01 5.032923338114483371e-03
2.458374529132999945e+06 6.561960321650619488e-01 5.033267318453321995e-03
2.458375032726999838e+06 6.652805091130251647e-01 5.033095587957985700e-03
2.458375525793999899e+06 6.682663605643810456e-01 5.032911315278702606e-03
2.458376018860999960e+06 6.607220491208692925e-01 5.033296342453751591e-03
2.458376522454999853e+06 6.707378276981974530e-01 5.032991493062116857e-03
2.458377015521999914e+06 6.551687885795307587e-01 5.033232604377650687e-03
2.458377508588999975e+06 6.629372157778358199e-01 5.033074742933577733e-03
2.458378012182000093e+06 6.670463314117752729e-01 5.032938501063049380e-03
2.458378505249999929e+06 6.670782795403574772e-01 5.033179553234099629e-03
2.458378998316999990e+06 6.648315178781005752e-01 5.032760463815780759e-03
2.458379501910000108e+06 6.644782959162898184e-01 5.033146616707819855e-03
2.458379994977000169e+06 6.633867607064442007e-01 5.032821714880800212e-03
2.458380488044000231e+06 6.716366704465773774e-01 5.032931504730167420e-03
2.458380991638000123e+06 6.515089707912947725e-01 5.032719470973021601e-03
2.458381484705000184e+06 6.615568947229528707e-01 5.032953609232285880e-03
2.458381977771999780e+06 6.574797782398976720e-01 5.032819586382938741e-03
2.458382481366000138e+06 6.670782795403574772e-01 5.033179553234099629e-03
2.458382974433000199e+06 6.639326097468456478e-01 5.033293802746213567e-03
2.458383467499999795e+06 6.651843149472160821e-01 5.032980500552350703e-03
2.458383971094000153e+06 6.707699526306895033e-01 5.033232547771232350e-03
2.458384464161000215e+06 6.607865583044375546e-01 5.033179158279129858e-03
2.458384957227999810e+06 6.598554377651693059e-01 5.032772100798321539e-03
2.458385460820999928e+06 6.622951885643243441e-01 5.033080389965989727e-03
2.458385953887999989e+06 6.642855416339610297e-01 5.032910242408539236e-03
2.458386446955999825e+06 6.640610381182878719e-01 5.033044176594200607e-03
2.458386950548999943e+06 6.581219866114441652e-01 5.032886285718111800e-03
2.458387443616000004e+06 6.651524575255641780e-01 5.032739457914440356e-03
2.458387936683000065e+06 6.751682324905980970e-01 5.033277558425256620e-03
2.458388440276999958e+06 6.563882527973873282e-01 5.032928054338546564e-03
2.458388933344000019e+06 6.641252616197009795e-01 5.032919256684651246e-03
2.458389426411000080e+06 6.579292582622171537e-01 5.033230351145345956e-03
2.458389930004999973e+06 6.581541134913380109e-01 5.033131971072058418e-03
2.458390423072000034e+06 6.526969751316794577e-01 5.032879120964494149e-03
2.458390916139000095e+06 6.572551533942150304e-01 5.032916210560389562e-03
2.458391419732000213e+06 6.534994102679879679e-01 5.033047663615732373e-03
2.458391912800000049e+06 6.624556370525975790e-01 5.033079422145852327e-03
2.458392405867000110e+06 6.620061133707381140e-01 5.032712767443669327e-03
2.458392909460000228e+06 6.600803433325324043e-01 5.033271561269743108e-03
2.458393402526999824e+06 6.665003779135123541e-01 5.033116308146186324e-03
2.458393895593999885e+06 6.593742758207432608e-01 5.032746075685826798e-03
2.458394399187999777e+06 6.602086346118729576e-01 5.033033663918221740e-03
2.458394892254999839e+06 6.555858933286663470e-01 5.032814045389344230e-03
2.458395385321999900e+06 6.676240915130251530e-01 5.032993433475347125e-03
2.458395888915999793e+06 6.625520468493641957e-01 5.033201673173401738e-03
2.458396381982999854e+06 6.559712417330127998e-01 5.032751436020567980e-03
2.458396875049999915e+06 6.709306003739358149e-01 5.033202094668189595e-03
2.458397378643999808e+06 6.580256153808332620e-01 5.032755365599801169e-03
2.458397871710999869e+06 6.668540605738070282e-01 5.032716186855941756e-03
2.458398364777999930e+06 6.529212448894454734e-01 5.032804353887283290e-03
2.458398868371000048e+06 6.646386611318595428e-01 5.033137006832628241e-03
2.458399361438000109e+06 6.604652919783506881e-01 5.033165332315917874e-03
2.458399854505999945e+06 6.595024298708733745e-01 5.033116801265202431e-03
2.458400358099000063e+06 6.711877167944192424e-01 5.033276376150284254e-03
2.458400851166000124e+06 6.681697346686690242e-01 5.032799004190581169e-03
2.458401344233000185e+06 6.635792541914775633e-01 5.033059719588301589e-03
2.458401847827000078e+06 6.575118737697484006e-01 5.033065268480873579e-03
2.458402340894000139e+06 6.645425597720627797e-01 5.033021322359800681e-03
2.458402833961000200e+06 6.576081697602621512e-01 5.033196707228862476e-03
2.458403337555000093e+06 6.651199890312161633e-01 5.033106389869196687e-03
2.458403830622000154e+06 6.712841608531305848e-01 5.032763064727827258e-03
2.458404323689000215e+06 6.608188152580487529e-01 5.032816221308651812e-03
2.458404827281999867e+06 6.531143108517396545e-01 5.033089451146986228e-03
2.458405320350000169e+06 6.500644253377106940e-01 5.032936670474312361e-03
2.458405813417000230e+06 6.607865583044375546e-01 5.033179158279129858e-03
2.458406317009999882e+06 6.647029404970739019e-01 5.033011563839101705e-03
2.458406810076999944e+06 6.721824975249124368e-01 5.033307060157348606e-03
2.458407303144000005e+06 6.677526189262191769e-01 5.032732312625166037e-03
2.458407806737999897e+06 6.591811807437104598e-01 5.033093641362652859e-03
2.458408299804999959e+06 6.701283634315973181e-01 5.032738755026148515e-03
2.458408792872000020e+06 6.609789060782169656e-01 5.032817909729656383e-03
2.458409296465999912e+06 6.572551533942150304e-01 5.032916210560389562e-03
2.458409789532999974e+06 6.604975332490284901e-01 5.032802690582194143e-03
2.458410282600000035e+06 6.550402700096588093e-01 5.032848594781706014e-03
2.458410786193999927e+06 6.562280650275701399e-01 5.032908614023687797e-03
2.458411279260999989e+06 6.661794014608148906e-01 5.033146731438724319e-03
2.458411772328000050e+06 6.646386611318595428e-01 5.033137006832628241e-03
2.458412275921000168e+06 6.536920451183618752e-01 5.032725058995020720e-03
2.458412768988000229e+06 6.586034479202970138e-01 5.032928609589861109e-03
2.458413262056000065e+06 6.593742758207432608e-01 5.032746075685826798e-03
2.458413765649000183e+06 6.637718035319221110e-01 5.033297438668098318e-03
2.458414258715999778e+06 6.609789060782169656e-01 5.032817909729656383e-03
2.458414751782999840e+06 6.579934947733964146e-01 5.033115733034268166e-03
2.458415255377000198e+06 6.692937970145345083e-01 5.033251934194338077e-03
2.458415748443999793e+06 6.534350106549361437e-01 5.033153513863529264e-03
2.458416241510999855e+06 6.680097479876000444e-01 5.032824469324812498e-03
2.458416745105000213e+06 6.694540912221670359e-01 5.033224205564682668e-03
2.458417238171999808e+06 6.586355983032038397e-01 5.033174297009889407e-03
2.458417731238999870e+06 6.634833060133298321e-01 5.032943070681801349e-03
2.458418234831999987e+06 6.566772941494897209e-01 5.032725021668751041e-03
2.458526481366999913e+06 6.608504651202646851e-01 5.033057267623140298e-03
2.458526984960000031e+06 6.534994102679879679e-01 5.033047663615732373e-03
2.458527478027000092e+06 6.650238180753068606e-01 5.032991153078596354e-03
2.458527971094000153e+06 6.592133593292179849e-01 5.032732178897135651e-03
2.458528474688000046e+06 6.704815011557745397e-01 5.032920713587954106e-03
2.458528967755000107e+06 6.584748620816691655e-01 5.033158935354049672e-03
2.458529460822000168e+06 6.634833060133298321e-01 5.032943070681801349e-03
2.458529964416000061e+06 6.590530891184857021e-01 5.032722624459807538e-03
2.458530457483000122e+06 6.532424515493983064e-01 5.032873623688380663e-03
2.458530950550000183e+06 6.574797782398976720e-01 5.032819586382938741e-03
2.458531454144000076e+06 6.601441818480162649e-01 5.033150330061296994e-03
2.458531947211000137e+06 6.697427175450481052e-01 5.032926790598610083e-03
2.458532440278000198e+06 6.612681417760608582e-01 5.033193053421984760e-03
2.458532943870999850e+06 6.613320951673907766e-01 5.033070720512171359e-03
2.458533436937999912e+06 6.599520769826654476e-01 5.032901337792065367e-03
2.458533930006000213e+06 6.636116474733183557e-01 5.033305413408576540e-03
2.458534433598999865e+06 6.638359990605202654e-01 5.033172809673026361e-03
2.458534926665999927e+06 6.608827251935528446e-01 5.033302961323738410e-03
2.458535419732999988e+06 6.537239557462497519e-01 5.032970736478507845e-03
2.458535923326999880e+06 6.630013305907375143e-01 5.032950861158931935e-03
2.458536416393999942e+06 6.591811807437104598e-01 5.033093641362652859e-03
2.458536909461000003e+06 6.661155928309222540e-01 5.033278156918685048e-03
2.458537413054999895e+06 6.586355983032038397e-01 5.033174297009889407e-03
2.458537906121999957e+06 6.565811344705261288e-01 5.033197528321874635e-03
2.458538399189000018e+06 6.545264477840514461e-01 5.033120649933940302e-03
2.458538902782000136e+06 6.664040073645663975e-01 5.033002341122796638e-03
2.458539395849999972e+06 6.585391518625378637e-01 5.033043807701600113e-03
2.458539888917000033e+06 6.697106418095387648e-01 5.033302576829188496e-03
2.458540392510000151e+06 6.710591462699029286e-01 5.032930286499138345e-03
2.458540885577000212e+06 6.639002007976767539e-01 5.033048109492696195e-03
2.458541378643999808e+06 6.610111724214783324e-01 5.033063591745760845e-03
2.458541882238000166e+06 6.640928432664980896e-01 5.033285233826587622e-03
2.458542375305000227e+06 6.578008040524820910e-01 5.032853519406464346e-03
2.458542868371999823e+06 6.594058564968628966e-01 5.032987118640696277e-03
2.458543371966000181e+06 6.651843149472160821e-01 5.032980500552350703e-03
2.458543865032999776e+06 6.665967623988710011e-01 5.033230202877258912e-03
2.458544358099999838e+06 6.601764074433834617e-01 5.032787983363019857e-03
2.458544861694000196e+06 6.581862419395352326e-01 5.032771456487721007e-03
2.458545354760999791e+06 6.582183719561167656e-01 5.033017136236163716e-03
2.458545847827999853e+06 6.636116474733183557e-01 5.033305413408576540e-03
2.458546351420999970e+06 6.589887491645733952e-01 5.032838256775216956e-03
2.458546844488000032e+06 6.627125575644575717e-01 5.033200261470418928e-03
2.458547337555999868e+06 6.582505035411571059e-01 5.033262827977708249e-03
2.458547841148999985e+06 6.594058564968628966e-01 5.032987118640696277e-03
2.458548334216000047e+06 6.688439453328670625e-01 5.032949080469179166e-03
2.458548827283000108e+06 6.558425657531237185e-01 5.032972313078898884e-03
2.458549330877000000e+06 6.628090047518854222e-01 5.032711823763681008e-03
2.458549823944000062e+06 6.633867607064442007e-01 5.032821714880800212e-03
2.458550317011000123e+06 6.670463314117752729e-01 5.032938501063049380e-03
2.458550820605000015e+06 6.666293029833809669e-01 5.032861916741622303e-03
2.458551313672000077e+06 6.581219866114441652e-01 5.032886285718111800e-03
2.458551806739000138e+06 6.544306030614566172e-01 5.032986384368102160e-03
2.458552310331999790e+06 6.538522160559285812e-01 5.032753762500413557e-03
2.458552803400000092e+06 6.658904708268081896e-01 5.032803713883773900e-03
2.458553296467000153e+06 6.674955888384752622e-01 5.033254267354926419e-03
2.458553800059999805e+06 6.625520468493641957e-01 5.033201673173401738e-03
2.458554293126999866e+06 6.519261473449540212e-01 5.032939809042036652e-03
2.458554786193999927e+06 6.567093505052828961e-01 5.032970699150432319e-03
2.458555289787999820e+06 6.673671108978102007e-01 5.032900146540274580e-03
2.458555782854999881e+06 6.594058564968628966e-01 5.032987118640696277e-03
2.458556275921999943e+06 6.598232278374916993e-01 5.033134152662314953e-03
2.458556779515999835e+06 6.622311420381068459e-01 5.033203608896731629e-03
2.458557272582999896e+06 6.658904708268081896e-01 5.032803713883773900e-03
2.458557765649999958e+06 6.569023265339563045e-01 5.033239594007437104e-03
2.458558269243999850e+06 6.622311420381068459e-01 5.033203608896731629e-03
2.458558762310999911e+06 6.636758275127035978e-01 5.033180932708217897e-03
2.458559255377999973e+06 6.664684574621528856e-01 5.032875259004092501e-03
2.458559758971000090e+06 6.622311420381068459e-01 5.033203608896731629e-03
2.458560252038000152e+06 6.535638162279756580e-01 5.032941743615729734e-03
2.458560745105999988e+06 6.571268307968181066e-01 5.033144055579973596e-03
2.458561248699000105e+06 6.689080153174508103e-01 5.032815110320047747e-03
2.458561741766000167e+06 6.704815011557745397e-01 5.032920713587954106e-03
2.458562234833000228e+06 6.579934947733964146e-01 5.033115733034268166e-03
2.458562738427000120e+06 6.670782795403574772e-01 5.033179553234099629e-03
2.458563231494000182e+06 6.568702607583061237e-01 5.032993903400027023e-03
2.458563724560999777e+06 6.649595076799822424e-01 5.033116893556531524e-03
2.458564228155000135e+06 6.653129854433207369e-01 5.032728507624244924e-03
2.458564721222000197e+06 6.695823542286770680e-01 5.032955121983389950e-03
2.458565214288999792e+06 6.584111849959154439e-01 5.033278628378705377e-03
2.458565717881999910e+06 6.585391518625378637e-01 5.033043807701600113e-03
2.458566210950000212e+06 6.545590020149792965e-01 5.032768111512249051e-03
2.458566704016999807e+06 6.600481224264036495e-01 5.033025869101911964e-03
2.458567207609999925e+06 6.665329137929155712e-01 5.032748105228374708e-03
2.458567700676999986e+06 6.613643787519292161e-01 5.033316414869487207e-03
2.458568193744000047e+06 6.620707479231154879e-01 5.033204133203588240e-03
2.458568697337999940e+06 6.543980552163994879e-01 5.032736070797423807e-03
2.458569190405000001e+06 6.721503049419402798e-01 5.033066001879641510e-03
2.458569683472000062e+06 6.656341575136238697e-01 5.033318783363463673e-03
2.458570187065999955e+06 6.616531737221830189e-01 5.033076669842526975e-03
2.458570680133000016e+06 6.676886596089129933e-01 5.032865226647430940e-03
2.458571173200000077e+06 6.590530891184857021e-01 5.032722624459807538e-03
2.458571676793999970e+06 6.628731071650842965e-01 5.033198553682140947e-03
2.458572169861000031e+06 6.566772941494897209e-01 5.032725021668751041e-03
2.458572662928000093e+06 6.645101210490275134e-01 5.032775642407018822e-03
2.458573166521000210e+06 6.595990173885505348e-01 5.033246413922004212e-03
2.458573659587999806e+06 6.645743879827126221e-01 5.033262378497587591e-03
2.458574152656000108e+06 6.720543554281036558e-01 5.032966516211215963e-03
2.458574656249000225e+06 6.676886596089129933e-01 5.032865226647430940e-03
2.458575149315999821e+06 6.732419977060742911e-01 5.033179580299233617e-03
2.458575642382999882e+06 6.611396446140304084e-01 5.032823938990091915e-03
2.458576145976999775e+06 6.524721814582254975e-01 5.032948607373704912e-03
2.458576639043999836e+06 6.621024577465421945e-01 5.032835379197388159e-03
2.458577132110999897e+06 6.562280650275701399e-01 5.032908614023687797e-03
2.458577635704999790e+06 6.582826366947306385e-01 5.032902230998431009e-03
2.458578128771999851e+06 6.651843149472160821e-01 5.032980500552350703e-03
2.458578621838999912e+06 6.633867607064442007e-01 5.032821714880800212e-03
2.458579125432000030e+06 6.573514117867114148e-01 5.033047863960912922e-03
2.458579618499999866e+06 6.685230717175918436e-01 5.032997485274914862e-03
2.458580111566999927e+06 6.629695777179324123e-01 5.032709819940529329e-03
2.458580615160000045e+06 6.642855416339610297e-01 5.032910242408539236e-03
2.458581108227000106e+06 6.702567556242358116e-01 5.033085665428049110e-03
2.458581601294000167e+06 6.612681417760608582e-01 5.033193053421984760e-03
2.458582104888000060e+06 6.568702607583061237e-01 5.032993903400027023e-03
2.458582597955000121e+06 6.703851724159750614e-01 5.032815076457640077e-03
2.458583091022000182e+06 6.613643787519292161e-01 5.033316414869487207e-03
2.458583594616000075e+06 6.601441818480162649e-01 5.033150330061296994e-03
2.458584087683000136e+06 6.691008783623525469e-01 5.033033668433923788e-03
2.458584580750000197e+06 6.630336956606646126e-01 5.033196549665192032e-03
2.458585084344000090e+06 6.648315178781005752e-01 5.032760463815780759e-03
2.458585577411000151e+06 6.599198623376784090e-01 5.033263472351199447e-03
2.458586070478000212e+06 6.546548655422602669e-01 5.032902226833780614e-03
2.458586574070999864e+06 6.481381721276517904e-01 5.032947142465009696e-03
2.458587067137999926e+06 6.653448505534439450e-01 5.032969549737694587e-03
2.458587560206000227e+06 6.600159030930915494e-01 5.032780188927186982e-03
2.458588063798999880e+06 6.693579100913679136e-01 5.033117578687808756e-03
2.458588556865999941e+06 6.622311420381068459e-01 5.033203608896731629e-03
2.458589049933000002e+06 6.633543784021366241e-01 5.033187016632812913e-03
2.458589553526999895e+06 6.591174353541869868e-01 5.033213991182094657e-03
2.458590046593999956e+06 6.633543784021366241e-01 5.033187016632812913e-03
2.458590539661000017e+06 6.525683403972962759e-01 5.033089307088470243e-03
2.458591043254999910e+06 6.605936580751808895e-01 5.032926705078617953e-03
2.458591536321999971e+06 6.645743879827126221e-01 5.033262378497587591e-03
2.458592029389000032e+06 6.630013305907375143e-01 5.032950861158931935e-03
2.458592532982000150e+06 6.581862419395352326e-01 5.032771456487721007e-03
2.458593026049999986e+06 6.650238180753068606e-01 5.032991153078596354e-03
2.458593519117000047e+06 6.578650280221171043e-01 5.032738982825920616e-03
2.458594022710000165e+06 6.602086346118729576e-01 5.033033663918221740e-03
2.458594515777000226e+06 6.582505035411571059e-01 5.033262827977708249e-03
2.458595008843999822e+06 6.678165843703245397e-01 5.033214408761243867e-03
2.458595512438000180e+06 6.537239557462497519e-01 5.032970736478507845e-03
2.458596005504999775e+06 6.623592412846894817e-01 5.032957100123609286e-03
2.458596498571999837e+06 6.546868231711877595e-01 5.033147912965907703e-03
2.458597002166000195e+06 6.582826366947306385e-01 5.032902230998431009e-03
2.458597495232999790e+06 6.546548655422602669e-01 5.032902226833780614e-03
2.458597988299999852e+06 6.580898612997795327e-01 5.033246735518748238e-03
2.458712204272000119e+06 6.656979200258030804e-01 5.033187805235984393e-03
2.458712697339000180e+06 6.585070061875302194e-01 5.032798126651225751e-03
2.458713200931999832e+06 6.584111849959154439e-01 5.033278628378705377e-03
2.458713694000000134e+06 6.682023520393861604e-01 5.033044685283793659e-03
2.458714187067000195e+06 6.674316541402697256e-01 5.032772167401075233e-03
2.458714690659999847e+06 6.616854729804885205e-01 5.032712929647712927e-03
2.458715183726999909e+06 6.618780824185466205e-01 5.032958673110514078e-03
2.458715676793999970e+06 6.626802081704431524e-01 5.032954572782987780e-03
2.458716180387999862e+06 6.675281733000926199e-01 5.032885154503865394e-03
2.458716673454999924e+06 6.700641765584682830e-01 5.032873856363308598e-03
2.458717166521999985e+06 6.707057043042526923e-01 5.032750449897745691e-03
2.458717670115999877e+06 6.645425597720627797e-01 5.033021322359800681e-03
2.458718163182999939e+06 6.608188152580487529e-01 5.032816221308651812e-03
2.458718656250000000e+06 6.666612311384233491e-01 5.033102965244689100e-03
2.458719159843999892e+06 6.621671017054402419e-01 5.032716878489430085e-03
2.458719652910999954e+06 6.692617427790069629e-01 5.033010878556756947e-03
2.458720145978000015e+06 6.608827251935528446e-01 5.033302961323738410e-03
2.458720649571000133e+06 6.578650280221171043e-01 5.032738982825920616e-03
2.458721142638000194e+06 6.578008040524820910e-01 5.032853519406464346e-03
2.458721635706000030e+06 6.660511768567232149e-01 5.032791419302297745e-03
2.458722139299000148e+06 6.455382788907511049e-01 5.032973485513948103e-03
2.458722632366000209e+06 6.541732781939392227e-01 5.032814940505059287e-03
2.458723125432999805e+06 6.613320951673907766e-01 5.033070720512171359e-03
2.458723629027000163e+06 6.731781326195500625e-01 5.033322142760193220e-03
2.458724122094000224e+06 6.705778437372078571e-01 5.033026277162643870e-03
2.458724615160999820e+06 6.635474736403952356e-01 5.032818673156381865e-03
2.458725118755000178e+06 6.625843899870583753e-01 5.032837111147606818e-03
2.458725611821999773e+06 6.642213026328458447e-01 5.033035310798874423e-03
2.458726104888999835e+06 6.637400137591490390e-01 5.033056380851205769e-03
2.458726608481999952e+06 6.616854729804885205e-01 5.032712929647712927e-03
2.458727101549999788e+06 6.602730936685371477e-01 5.032916927015552988e-03
2.458727594616999850e+06 6.684590386040425436e-01 5.033131083443435905e-03
2.458728098209999967e+06 6.644782959162898184e-01 5.033146616707819855e-03
2.458728591277000029e+06 6.606904054088325040e-01 5.033055284689343101e-03
2.458729084344000090e+06 6.612035855779820892e-01 5.033310679751562371e-03
2.458729587937999982e+06 6.589244154918411089e-01 5.032953818548550722e-03
2.458730081005000044e+06 6.656341575136238697e-01 5.033318783363463673e-03
2.458730574072000105e+06 6.539485783793966833e-01 5.032893162253485042e-03
2.458731077665999997e+06 6.570306052905446892e-01 5.033012181277309038e-03
2.458731570733000059e+06 6.615891892813031694e-01 5.033199297872679133e-03
2.458732063800000120e+06 6.609149868416465123e-01 5.032939941819526176e-03
2.458732567394000012e+06 6.560993386689647489e-01 5.033129933243014019e-03
2.458733060461000074e+06 6.616208760405188904e-01 5.032830987188034733e-03
2.458733553528000135e+06 6.560352870744764475e-01 5.033242805555869677e-03
2.458734057120999787e+06 6.569343938749271361e-01 5.032880237671497926e-03
2.458734550187999848e+06 6.615891892813031694e-01 5.033199297872679133e-03
2.458735043256000150e+06 6.632260866975860925e-01 5.032824459896043101e-03
2.458735546848999802e+06 6.625843899870583753e-01 5.032837111147606818e-03
2.458736039915999863e+06 6.643497868478409618e-01 5.032785102750418106e-03
2.458736532982999925e+06 6.617817706922246579e-01 5.032835836788728846e-03
2.458737036576999817e+06 6.575439708663765037e-01 5.033310962572042080e-03
2.458737529643999878e+06 6.594380460501410024e-01 5.033232808916885195e-03
2.458738022710999940e+06 6.583469077077940268e-01 5.032787255346222836e-03
2.458738526304999832e+06 6.539811038687928235e-01 5.033143483637448137e-03
2.458739019371999893e+06 6.629372157778358199e-01 5.033074742933577733e-03
2.458739512438999955e+06 6.661155928309222540e-01 5.033278156918685048e-03
2.458740016032000072e+06 6.652486470843822497e-01 5.032854539808236105e-03
2.458740509099999908e+06 6.645101210490275134e-01 5.032775642407018822e-03
2.458741002166999970e+06 6.661794014608148906e-01 5.033146731438724319e-03
2.458741505760000087e+06 6.557465283065189166e-01 5.032839281246513814e-03
2.458741998827000149e+06 6.611396446140304084e-01 5.032823938990091915e-03
2.458742491894000210e+06 6.641894913323797001e-01 5.032794265535957962e-03
2.458742995488000102e+06 6.646711061297069234e-01 5.032770519713487302e-03
2.458743488555000164e+06 6.641894913323797001e-01 5.032794265535957962e-03
2.458743981622000225e+06 6.553293213562638719e-01 5.033258711315867842e-03
2.458744485216000117e+06 6.636758275127035978e-01 5.033180932708217897e-03
2.458744978283000179e+06 6.655054249033406366e-01 5.032958300491282601e-03
2.458745471349999774e+06 6.624556370525975790e-01 5.033079422145852327e-03
2.458745974944000132e+06 6.745584702852182035e-01 5.033080912133631318e-03
2.458746468011000194e+06 6.636434310980009466e-01 5.032935244964276827e-03
2.458746961077999789e+06 6.599198623376784090e-01 5.033263472351199447e-03
2.458747464670999907e+06 6.598232278374916993e-01 5.033134152662314953e-03
2.458747957737999968e+06 6.673031885056033286e-01 5.033032689454920022e-03
2.458748450805999804e+06 6.647347763891451322e-01 5.033252619509503804e-03
2.458748954398999922e+06 6.691008783623525469e-01 5.033033668433923788e-03
2.458749447465999983e+06 6.588600880996733355e-01 5.033069309792466244e-03
2.458749940533000045e+06 6.694540912221670359e-01 5.033224205564682668e-03
2.458750444126999937e+06 6.623275191632255199e-01 5.032716058606406632e-03
2.458750937193999998e+06 6.632260866975860925e-01 5.032824459896043101e-03
2.458751430261000060e+06 6.636434310980009466e-01 5.032935244964276827e-03
2.458751933854999952e+06 6.567414084259388662e-01 5.033216388625102664e-03
2.458752426922000013e+06 6.623915750103859246e-01 5.033202788934414834e-03
2.458752919989000075e+06 6.622628595435964272e-01 5.032834707129904030e-03
2.458753423582000192e+06 6.613320951673907766e-01 5.033070720512171359e-03
2.458753916650000028e+06 6.544306030614566172e-01 5.032986384368102160e-03
2.458754409717000090e+06 6.636758275127035978e-01 5.033180932708217897e-03
2.458754913310000207e+06 6.639968208275356387e-01 5.033169025277179319e-03
2.458755406376999803e+06 6.676560673133792312e-01 5.033234488277380479e-03
2.458755899443999864e+06 6.611396446140304084e-01 5.032823938990091915e-03
2.458756403038000222e+06 6.608504651202646851e-01 5.033057267623140298e-03
2.458756896104999818e+06 6.599520769826654476e-01 5.032901337792065367e-03
2.458757389171999879e+06 6.584111849959154439e-01 5.033278628378705377e-03
2.458757892765999772e+06 6.571909889634963697e-01 5.033030168178662805e-03
2.458758385832999833e+06 6.747510980899855682e-01 5.033275227888522538e-03
2.458758878899999894e+06 6.613643787519292161e-01 5.033316414869487207e-03
2.458759382493999787e+06 6.579613757338846902e-01 5.032870048472976553e-03
2.458759875560999848e+06 6.599836853325214969e-01 5.033142388183183512e-03
2.458760368627999909e+06 6.627125575644575717e-01 5.033200261470418928e-03
2.458760872221000027e+06 6.611073719995771425e-01 5.033187171064158229e-03
2.458761365288000088e+06 6.565490843734229642e-01 5.032951839767858468e-03
2.458761858355999924e+06 6.604336605630868329e-01 5.032924280825927868e-03
2.458762361949000042e+06 6.535638162279756580e-01 5.032941743615729734e-03
2.458762855016000103e+06 6.733381167801529843e-01 5.033278002371785464e-03
2.458763348083000164e+06 6.613643787519292161e-01 5.033316414869487207e-03
2.458763851677000057e+06 6.558105517082256641e-01 5.032726635518436006e-03
2.458764344744000118e+06 6.616208760405188904e-01 5.032830987188034733e-03
2.458764837811000179e+06 6.583147714169180764e-01 5.033147917130761061e-03
2.458765341405000072e+06 6.732419977060742911e-01 5.033179580299233617e-03
2.458765834472000133e+06 6.556499010468775923e-01 5.033305421037454971e-03
2.458766327539000195e+06 6.593742758207432608e-01 5.032746075685826798e-03
2.458766831131999847e+06 6.712198632743121562e-01 5.032899228163332378e-03
2.458767324200000148e+06 6.600803433325324043e-01 5.033271561269743108e-03
2.458767817267000210e+06 6.687478518623308776e-01 5.032841931235407934e-03
2.458768320859999862e+06 6.578971423583194200e-01 5.032984660989114033e-03
2.458768813926999923e+06 6.689406687280726738e-01 5.033060792199495898e-03
2.458769306993999984e+06 6.572551533942150304e-01 5.032916210560389562e-03
2.458769810587999877e+06 6.667895731868968001e-01 5.032843639476787881e-03
2.458770303654999938e+06 6.576081697602621512e-01 5.033196707228862476e-03
2.458770796721999999e+06 6.636758275127035978e-01 5.033180932708217897e-03
2.458771300315999892e+06 6.567414084259388662e-01 5.033216388625102664e-03
2.458771793382999953e+06 6.585070061875302194e-01 5.032798126651225751e-03
2.458772286450000014e+06 6.673671108978102007e-01 5.032900146540274580e-03
2.458772790043999907e+06 6.690367899047768852e-01 5.033167795265326531e-03
2.458773283110999968e+06 6.572230703958110709e-01 5.033275860556359060e-03
2.458773776178000029e+06 6.611073719995771425e-01 5.033187171064158229e-03
2.458774279771000147e+06 6.679451488412121440e-01 5.032952975798831753e-03
2.458774772838000208e+06 6.591174353541869868e-01 5.033213991182094657e-03
2.458775265906000044e+06 6.654091982165303287e-01 5.032843440061432125e-03
2.458775769499000162e+06 6.580256153808332620e-01 5.032755365599801169e-03
2.458776262566000223e+06 6.574797782398976720e-01 5.032819586382938741e-03
2.458776755632999819e+06 6.629372157778358199e-01 5.033074742933577733e-03
2.458777259227000177e+06 6.588600880996733355e-01 5.033069309792466244e-03
2.458777752293999773e+06 6.659867671117978283e-01 5.032918125236153853e-03
2.458778245360999834e+06 6.629695777179324123e-01 5.032709819940529329e-03
2.458778748955000192e+06 6.581862419395352326e-01 5.032771456487721007e-03
2.458779242021999788e+06 6.663401772212572682e-01 5.033133987282756815e-03
2.458779735088999849e+06 6.573514117867114148e-01 5.033047863960912922e-03
2.458780238681999967e+06 6.638359990605202654e-01 5.033172809673026361e-03
2.458780731749999803e+06 6.664684574621528856e-01 5.032875259004092501e-03
2.458781224816999864e+06 6.691649729590978257e-01 5.032899469720918811e-03
2.458781728409999982e+06 6.599198623376784090e-01 5.033263472351199447e-03
2.458782221477000043e+06 6.574797782398976720e-01 5.032819586382938741e-03
2.458782714544000104e+06 6.628090047518854222e-01 5.032711823763681008e-03
2.458783218137999997e+06 6.556178964066398107e-01 5.033059727216789708e-03
2.458783711205000058e+06 6.678491845016581996e-01 5.032844998302202916e-03
2.459622427943999879e+06 6.668215090180672489e-01 5.033084687104467242e-03
2.459622921010999940e+06 6.645425597720627797e-01 5.033021322359800681e-03
2.459623424604999833e+06 6.535957205962447114e-01 5.033187431676907492e-03
2.459623917671999894e+06 6.648315178781005752e-01 5.032760463815780759e-03
2.459624410738999955e+06 6.550082951277164112e-01 5.033206208194855591e-03
2.459624914332000073e+06 6.730814164520435572e-01 5.033218931288681482e-03
2.459625407399999909e+06 6.678491845016581996e-01 5.032844998302202916e-03
2.459625900466999970e+06 6.617171643512038681e-01 5.032953971015054553e-03
2.459626404060000088e+06 6.520870867809985816e-01 5.032981089952783676e-03
2.459626897127000149e+06 6.603691858311071528e-01 5.033041164883836870e-03
2.459627390194000211e+06 6.586677502555614572e-01 5.032813341006185659e-03
2.459627893788000103e+06 6.653773300246309530e-01 5.033215239156256168e-03
2.459628386855000164e+06 6.633543784021366241e-01 5.033187016632812913e-03
2.459628879922000226e+06 6.544625497427878358e-01 5.033232074608462968e-03
2.459629383516000118e+06 6.693579100913679136e-01 5.033117578687808756e-03
2.459629876583000179e+06 6.578971423583194200e-01 5.032984660989114033e-03
2.459630369649999775e+06 6.566452393584852887e-01 5.033084148795305239e-03
2.459630873244000133e+06 6.705136138115280753e-01 5.033161764907091197e-03
2.459631366311000194e+06 6.626484706770331412e-01 5.032713531386825458e-03
2.459631859377999790e+06 6.585070061875302194e-01 5.032798126651225751e-03
2.459632362970999908e+06 6.641252616197009795e-01 5.032919256684651246e-03
2.459632856037999969e+06 6.612358628891970014e-01 5.032947365086390228e-03
2.459633349105999805e+06 6.728570388757140197e-01 5.032780512211947055e-03
2.459633852698999923e+06 6.640928432664980896e-01 5.033285233826587622e-03
2.459634345765999984e+06 6.584111849959154439e-01 5.033278628378705377e-03
2.459634838833000045e+06 6.684590386040425436e-01 5.033131083443435905e-03
2.459635342426999938e+06 6.577686944189005125e-01 5.033213675000928339e-03
2.459635835493999999e+06 6.626802081704431524e-01 5.032954572782987780e-03
2.459636328561000060e+06 6.599836853325214969e-01 5.033142388183183512e-03
2.459636832154999953e+06 6.694540912221670359e-01 5.033224205564682668e-03
2.459637325222000014e+06 6.627125575644575717e-01 5.033200261470418928e-03
2.459637818289000075e+06 6.649276610249400532e-01 5.032875844386401100e-03
2.459638321882000193e+06 6.628090047518854222e-01 5.032711823763681008e-03
2.459638814950000029e+06 6.530499491886125885e-01 5.033194942622082335e-03
2.459639308017000090e+06 6.576723749221686788e-01 5.033082381595310392e-03
2.459639811610000208e+06 6.636758275127035978e-01 5.033180932708217897e-03
2.459640304676999804e+06 6.584748620816691655e-01 5.033158935354049672e-03
2.459640797743999865e+06 6.580898612997795327e-01 5.033246735518748238e-03
2.459641301338000223e+06 6.621671017054402419e-01 5.032716878489430085e-03
2.459641794404999819e+06 6.615568947229528707e-01 5.032953609232285880e-03
2.459642287471999880e+06 6.484271638778967839e-01 5.032802338222039200e-03
2.459642791065999772e+06 6.680737380626451394e-01 5.033306574288775800e-03
2.459643284132999834e+06 6.630336956606646126e-01 5.033196549665192032e-03
2.459643777199999895e+06 6.586999037774506904e-01 5.033059022799261928e-03
2.459644280793999787e+06 6.623915750103859246e-01 5.033202788934414834e-03
2.459644773860999849e+06 6.630013305907375143e-01 5.032950861158931935e-03
2.459645266927999910e+06 6.595990173885505348e-01 5.033246413922004212e-03
2.459645770521000028e+06 6.654735521028906087e-01 5.032717258916590344e-03
2.459646263588000089e+06 6.680417422589410847e-01 5.033065516034337418e-03
2.459646756655999925e+06 6.586034479202970138e-01 5.032928609589861109e-03
2.459647260249000043e+06 6.578008040524820910e-01 5.032853519406464346e-03
2.459647753316000104e+06 6.647029404970739019e-01 5.033011563839101705e-03
2.459648246383000165e+06 6.549117766501212357e-01 5.033067738204385216e-03
2.459648749977000058e+06 6.521189190612497466e-01 5.033226779934691503e-03
2.459649243044000119e+06 6.680737380626451394e-01 5.033306574288775800e-03
2.459649736111000180e+06 6.521513535487413193e-01 5.032876464317783370e-03
2.459650239705000073e+06 6.605936580751808895e-01 5.032926705078617953e-03
2.459650732772000134e+06 6.536920451183618752e-01 5.032725058995020720e-03
2.459651225839000195e+06 6.556825111550866891e-01 5.032951857015595561e-03
2.459651729431999847e+06 6.682023520393861604e-01 5.033044685283793659e-03
2.459652222500000149e+06 6.592777212128031472e-01 5.033223546552280728e-03
2.459652715567000210e+06 6.578008040524820910e-01 5.032853519406464346e-03
2.459653219159999862e+06 6.578329152535294932e-01 5.033099203160890101e-03
2.459653712226999924e+06 6.540449549043899635e-01 5.033032493784731637e-03
2.459654205293999985e+06 6.678165843703245397e-01 5.033214408761243867e-03
2.459654708887999877e+06 6.693579100913679136e-01 5.033117578687808756e-03
2.459655201954999939e+06 6.577044798538181913e-01 5.032722308309493277e-03
2.459655695022000000e+06 6.673351489363367195e-01 5.033273746137131681e-03
2.459656198615999892e+06 6.641570698438904463e-01 5.033160307934009953e-03
2.459656691682999954e+06 6.671747475976902431e-01 5.033292924767196821e-03
2.459657184750000015e+06 6.665003779135123541e-01 5.033116308146186324e-03
2.459657688343999907e+06 6.678165843703245397e-01 5.033214408761243867e-03
2.459658181410999969e+06 6.612035855779820892e-01 5.033310679751562371e-03
2.459658674478000030e+06 6.578650280221171043e-01 5.032738982825920616e-03
2.459659178071000148e+06 6.617171643512038681e-01 5.032953971015054553e-03
2.459659671138000209e+06 6.648958158951175923e-01 5.033247198438377951e-03
2.459660164206000045e+06 6.565170358407986795e-01 5.033310837742781436e-03
2.459660667799000163e+06 6.599198623376784090e-01 5.033263472351199447e-03
2.459661160866000224e+06 6.606259056121775997e-01 5.033172392405676349e-03
2.459661653932999820e+06 6.659548712586068620e-01 5.033290452689225675e-03
2.459662157527000178e+06 6.604975332490284901e-01 5.032802690582194143e-03
2.459662650593999773e+06 6.574797782398976720e-01 5.032819586382938741e-03
2.459663143660999835e+06 6.650238180753068606e-01 5.032991153078596354e-03
2.459663647255000193e+06 6.583790455674328745e-01 5.033032935865886306e-03
2.459664140321999788e+06 6.592455394855574191e-01 5.032977856728204982e-03
2.459664633388999850e+06 6.660830773224606371e-01 5.033032464428880554e-03
2.459665136981999967e+06 6.644458603302075828e-01 5.032900930638983285e-03
2.459665630049999803e+06 6.698068736249342958e-01 5.032791990435188725e-03
2.459666123116999865e+06 6.564529434686898757e-01 5.032819461565865397e-03
2.459666626709999982e+06 6.592777212128031472e-01 5.033223546552280728e-03
2.459667119777000044e+06 6.601441818480162649e-01 5.033150330061296994e-03
2.459667612844000105e+06 6.613643787519292161e-01 5.033316414869487207e-03
2.459668116437999997e+06 6.564208996290504805e-01 5.033178377457923555e-03
2.459668609505000059e+06 6.613966639124229108e-01 5.032952952381063161e-03
2.459669102572000120e+06 6.614929195926275707e-01 5.033076160495218720e-03
2.459669606166000012e+06 6.609472500646267346e-01 5.033185629792748250e-03
2.459670099233000074e+06 6.568381965479022089e-01 5.032748224785662389e-03
2.459670592300000135e+06 6.618780824185466205e-01 5.032958673110514078e-03
2.459671095894000027e+06 6.604336605630868329e-01 5.032924280825927868e-03
2.459671588961000089e+06 6.609789060782169656e-01 5.032817909729656383e-03
2.459672082028000150e+06 6.623592412846894817e-01 5.032957100123609286e-03
2.459672585620999802e+06 6.599520769826654476e-01 5.032901337792065367e-03
2.459673078687999863e+06 6.584433259933162308e-01 5.032917884170443924e-03
2.459673571756000165e+06 6.608188152580487529e-01 5.032816221308651812e-03
2.459674075348999817e+06 6.547833084959705507e-01 5.033286601992583917e-03
2.459674568415999878e+06 6.613966639124229108e-01 5.032952952381063161e-03
2.459675061482999939e+06 6.669179399430960054e-01 5.033198281447298639e-03
2.459675565076999832e+06 6.702888575158207907e-01 5.032709365795014732e-03
2.459676058143999893e+06 6.631619501498906555e-01 5.032948560882172934e-03
2.459676551210999954e+06 6.596628093534356863e-01 5.033125623641910087e-03
2.459677054804999847e+06 6.716051225755889087e-01 5.033313670897598957e-03
2.459677547871999908e+06 6.571909889634963697e-01 5.033030168178662805e-03
2.459678040938999970e+06 6.546548655422602669e-01 5.032902226833780614e-03
2.459678544532000087e+06 6.566131861321887753e-01 5.032838465775736105e-03
2.459679037599999923e+06 6.620384298581459825e-01 5.032958444327147694e-03
2.459679530666999985e+06 6.639002007976767539e-01 5.033048109492696195e-03
2.459680034260000102e+06 6.583147714169180764e-01 5.033147917130761061e-03
2.459680527327000163e+06 6.653773300246309530e-01 5.033215239156256168e-03
2.459681020394000225e+06 6.710270074871689250e-01 5.033307284979884194e-03
2.459681523988000117e+06 6.654735521028906087e-01 5.032717258916590344e-03
2.459682017055000179e+06 6.583147714169180764e-01 5.033147917130761061e-03
2.459682510121999774e+06 6.679451488412121440e-01 5.032952975798831753e-03
2.459683013716000132e+06 6.714764720941858167e-01 5.032967958473679934e-03
2.459683506783000194e+06 6.581541134913380109e-01 5.033131971072058418e-03
2.459683999849999789e+06 6.715729576446175519e-01 5.033072612303284878e-03
2.459684503444000147e+06 6.621024577465421945e-01 5.032835379197388159e-03
2.459684996511000209e+06 6.574155918802118137e-01 5.032933760301047665e-03
2.459685489577999804e+06 6.610757098334169024e-01 5.032946118528253132e-03
2.459685993170999922e+06 6.546229094733022613e-01 5.033259482675651181e-03
2.459686486237999983e+06 6.592133593292179849e-01 5.032732178897135651e-03
2.459686979305999819e+06 6.708020791018024509e-01 5.032855782478564723e-03
2.459687482898999937e+06 6.622951885643243441e-01 5.033080389965989727e-03
2.459687975965999998e+06 6.592777212128031472e-01 5.033223546552280728e-03
2.459688469033000059e+06 6.612035855779820892e-01 5.033310679751562371e-03
2.459688972626999952e+06 6.603691858311071528e-01 5.033041164883836870e-03
2.459689465694000013e+06 6.583469077077940268e-01 5.032787255346222836e-03
2.459689958761000074e+06 6.634833060133298321e-01 5.032943070681801349e-03
2.459690462354999967e+06 6.625843899870583753e-01 5.032837111147606818e-03
2.459690955422000028e+06 6.611073719995771425e-01 5.033187171064158229e-03
2.459691448489000089e+06 6.675281733000926199e-01 5.032885154503865394e-03
2.459691952082000207e+06 6.647029404970739019e-01 5.033011563839101705e-03
2.459692445150000043e+06 6.598554377651693059e-01 5.032772100798321539e-03
2.459692938217000104e+06 6.607543029254026035e-01 5.032933470621805266e-03
2.459693441810000222e+06 6.623275191632255199e-01 5.032716058606406632e-03
2.459693934876999818e+06 6.591490037289537973e-01 5.032847957879718268e-03
2.459807647255999967e+06 6.677846008823853374e-01 5.032973354920855340e-03
2.459808150849000085e+06 6.486200957613229567e-01 5.033104987050243673e-03
2.459808643916000146e+06 6.552327555739809739e-01 5.033120529221336327e-03
2.459809136983000208e+06 6.599836853325214969e-01 5.033142388183183512e-03
2.459809640577000100e+06 6.591174353541869868e-01 5.033213991182094657e-03
2.459810133644000161e+06 6.526326545952289004e-01 5.032984248824218070e-03
2.459810626711000223e+06 6.648633599283747531e-01 5.033001507459767404e-03
2.459811130305000115e+06 6.727603688400629611e-01 5.033296718059833419e-03
2.459811623372000176e+06 6.661794014608148906e-01 5.033146731438724319e-03
2.459812116438999772e+06 6.651524575255641780e-01 5.032739457914440356e-03
2.459812620031999890e+06 6.655697880960965707e-01 5.032832041818341429e-03
2.459813113100000191e+06 6.639644087439897646e-01 5.032923338114483371e-03
2.459813606166999787e+06 6.575760695298562553e-01 5.032951018714926228e-03
2.459814109759999905e+06 6.609789060782169656e-01 5.032817909729656383e-03
2.459814602826999966e+06 6.601125658115588601e-01 5.032909279289804298e-03
2.459815095894000027e+06 6.680417422589410847e-01 5.033065516034337418e-03
2.459815599487999920e+06 6.592777212128031472e-01 5.033223546552280728e-03
2.459816092554999981e+06 6.603047173934628589e-01 5.033157978153332546e-03
2.459816585622000042e+06 6.583147714169180764e-01 5.033147917130761061e-03
2.459817089215999935e+06 6.624879754839515522e-01 5.032714942953292470e-03
2.459817582282999996e+06 6.637400137591490390e-01 5.033056380851205769e-03
2.459818075350000057e+06 6.525364861791660420e-01 5.032843623817106864e-03
2.459818578943999950e+06 6.659548712586068620e-01 5.033290452689225675e-03
2.459819072011000011e+06 6.623275191632255199e-01 5.032716058606406632e-03
2.459819565078000072e+06 6.616531737221830189e-01 5.033076669842526975e-03
2.459820068671000190e+06 6.584111849959154439e-01 5.033278628378705377e-03
2.459820561737999786e+06 6.698716528247771196e-01 5.033278728106826971e-03
2.459821054806000087e+06 6.513163793807246194e-01 5.033031411365362223e-03
2.459821558399000205e+06 6.690047479779961392e-01 5.032926743657396146e-03
2.459822051465999801e+06 6.673671108978102007e-01 5.032900146540274580e-03
2.459822544532999862e+06 6.572551533942150304e-01 5.032916210560389562e-03
2.459823048127000220e+06 6.598554377651693059e-01 5.032772100798321539e-03
2.459823541193999816e+06 6.586999037774506904e-01 5.033059022799261928e-03
2.459824034260999877e+06 6.545590020149792965e-01 5.032768111512249051e-03
2.459824537854999769e+06 6.698389539694583616e-01 5.033033035589141134e-03
2.459825030921999831e+06 6.570947540623059968e-01 5.032898369636155944e-03
2.459825523988999892e+06 6.594702371747862557e-01 5.032871116651748550e-03
2.459826027582000010e+06 6.647672260789544429e-01 5.032886049504366188e-03
2.459826520649999846e+06 6.565170358407986795e-01 5.033310837742781436e-03
2.459827013716999907e+06 6.621988161437233344e-01 5.032957920045900806e-03
2.459827517310000025e+06 6.601125658115588601e-01 5.032909279289804298e-03
2.459828010377000086e+06 6.722146916497456770e-01 5.032928997369210539e-03
2.459828503444000147e+06 6.630654516043932301e-01 5.032826908345658032e-03
2.459829007038000040e+06 6.648633599283747531e-01 5.033001507459767404e-03
2.459829500105000101e+06 6.660511768567232149e-01 5.032791419302297745e-03
2.459829993172000162e+06 6.569343938749271361e-01 5.032880237671497926e-03
2.459830496766000055e+06 6.634185335601937572e-01 5.033062761458401146e-03
2.459830989833000116e+06 6.581219866114441652e-01 5.032886285718111800e-03
2.459831482900000177e+06 6.645743879827126221e-01 5.033262378497587591e-03
2.459831986494000070e+06 6.670143848132707998e-01 5.033311803388317192e-03
2.459832479561000131e+06 6.662119216714351699e-01 5.032778825650741257e-03
2.459832972628000192e+06 6.692290736956009178e-01 5.032765199113775623e-03
2.459833476220999844e+06 6.653129854433207369e-01 5.032728507624244924e-03
2.459833969287999906e+06 6.638359990605202654e-01 5.033172809673026361e-03
2.459834462356000207e+06 6.617817706922246579e-01 5.032835836788728846e-03
2.459834965948999859e+06 6.651199890312161633e-01 5.033106389869196687e-03
2.459835459015999921e+06 6.598232278374916993e-01 5.033134152662314953e-03
2.459835952082999982e+06 6.663720915286452939e-01 5.032761297438882730e-03
2.459836455676999874e+06 6.632584627392063004e-01 5.033070142231898733e-03
2.459836948743999936e+06 6.619744081614962194e-01 5.033081438589870164e-03
2.459837441810999997e+06 6.567734679115321272e-01 5.032857179374659179e-03
2.459837945404999889e+06 6.621988161437233344e-01 5.032957920045900806e-03
2.459838438471999951e+06 6.577686944189005125e-01 5.033213675000928339e-03
2.459838931539000012e+06 6.625843899870583753e-01 5.032837111147606818e-03
2.459839435132000130e+06 6.643497868478409618e-01 5.032785102750418106e-03
2.459839928199999966e+06 6.657941884654824394e-01 5.033302449504378079e-03
2.459840421267000027e+06 6.626161244113289994e-01 5.033078158462610946e-03
2.459840924860000145e+06 6.647672260789544429e-01 5.032886049504366188e-03
2.459841417927000206e+06 6.641252616197009795e-01 5.032919256684651246e-03
2.459841910993999802e+06 6.594380460501410024e-01 5.033232808916885195e-03
2.459842414588000160e+06 6.542058148592467814e-01 5.033065257998500797e-03
2.459842907655000221e+06 6.595990173885505348e-01 5.033246413922004212e-03
2.459843400721999817e+06 6.620707479231154879e-01 5.033204133203588240e-03
2.459843904316000175e+06 6.677206385017528945e-01 5.033106275309025442e-03
2.459844397382999770e+06 6.620707479231154879e-01 5.033204133203588240e-03
2.459844890449999832e+06 6.632260866975860925e-01 5.032824459896043101e-03
2.459845394044000190e+06 6.606259056121775997e-01 5.033172392405676349e-03
2.459845887110999785e+06 6.625843899870583753e-01 5.032837111147606818e-03
2.459846380177999847e+06 6.623275191632255199e-01 5.032716058606406632e-03
2.459846883770999964e+06 6.618457737582764677e-01 5.033322578700875211e-03
2.459847376838000026e+06 6.621347789370946035e-01 5.033081062066264467e-03
2.459847869905999862e+06 6.550082951277164112e-01 5.033206208194855591e-03
2.459848373498999979e+06 6.589565815430994400e-01 5.033199507199178843e-03
2.459848866566000041e+06 6.614929195926275707e-01 5.033076160495218720e-03
2.459849359633000102e+06 6.546229094733022613e-01 5.033259482675651181e-03
2.459849863226999994e+06 6.565811344705261288e-01 5.033197528321874635e-03
2.459850356294000056e+06 6.618134666751109840e-01 5.033076884042699331e-03
2.459850849361000117e+06 6.641252616197009795e-01 5.032919256684651246e-03
2.459851352955000009e+06 6.654735521028906087e-01 5.032717258916590344e-03
2.459851846022000071e+06 6.589244154918411089e-01 5.032953818548550722e-03
2.459852339089000132e+06 6.597594203595116280e-01 5.033255089854198235e-03
2.459852842681999784e+06 6.599198623376784090e-01 5.033263472351199447e-03
2.459853335750000086e+06 6.640928432664980896e-01 5.033285233826587622e-03
2.459853828817000147e+06 6.554252977007684056e-01 5.032788519885997812e-03
2.459854332409999799e+06 6.634509189962970455e-01 5.033308455427170161e-03
2.459854825476999860e+06 6.574797782398976720e-01 5.032819586382938741e-03
2.459855318543999922e+06 6.528575035558612516e-01 5.032914331137988001e-03
2.459855822137999814e+06 6.645425597720627797e-01 5.033021322359800681e-03
2.459856315204999875e+06 6.623592412846894817e-01 5.032957100123609286e-03
2.459856808271999937e+06 6.601764074433834617e-01 5.032787983363019857e-03
2.459857311865999829e+06 6.690047479779961392e-01 5.032926743657396146e-03
2.459857804932999890e+06 6.630013305907375143e-01 5.032950861158931935e-03
2.459858297999999952e+06 6.625520468493641957e-01 5.033201673173401738e-03
2.459858801593999844e+06 6.650881346903010360e-01 5.032865341202115254e-03
2.459859294660999905e+06 6.660192779187805723e-01 5.033163812144377143e-03
2.459859787727999967e+06 6.647672260789544429e-01 5.032886049504366188e-03
2.459860291321000084e+06 6.667250920361702526e-01 5.032971020383150695e-03
2.459860784388000146e+06 6.538202991671895337e-01 5.033110286357938591e-03
2.459861277455999982e+06 6.636434310980009466e-01 5.032935244964276827e-03
2.459861781049000099e+06 6.695182196539236630e-01 5.033089699751407131e-03
2.459862274116000161e+06 6.647347763891451322e-01 5.033252619509503804e-03
2.459862767183000222e+06 6.627449085376420079e-01 5.032835551532660948e-03
2.459863270777000114e+06 6.580898612997795327e-01 5.033246735518748238e-03
2.459863763844000176e+06 6.730175665985793643e-01 5.032741470043487070e-03
2.459864256910999771e+06 6.621988161437233344e-01 5.032957920045900806e-03
2.459864760505000129e+06 6.608188152580487529e-01 5.032816221308651812e-03
2.459865253572000191e+06 6.621671017054402419e-01 5.033326756928412603e-03
2.459865746638999786e+06 6.567093505052828961e-01 5.032970699150432319e-03
2.459866250231999904e+06 6.506100985945248993e-01 5.032966750254719290e-03
2.459866743300000206e+06 6.671427948489976334e-01 5.033051867166470766e-03
2.459867236366999801e+06 6.620061133707381140e-01 5.033322497606917273e-03
2.459867739959999919e+06 6.618134666751109840e-01 5.033076884042699331e-03
2.459868233026999980e+06 6.622628595435964272e-01 5.032834707129904030e-03
2.459868726094000041e+06 6.587320588689462575e-01 5.033304716585541502e-03
2.459869229687999934e+06 6.533712191650501433e-01 5.033263930177108575e-03
2.459869722754999995e+06 6.595668199776777429e-01 5.033000722981688553e-03
2.459870215822000057e+06 6.622628595435964272e-01 5.032834707129904030e-03
2.459870719415999949e+06 6.521189190612497466e-01 5.033226779934691503e-03
2.459871212483000010e+06 6.663082644423291567e-01 5.032892937293962678e-03
2.459871705550000072e+06 6.585391518625378637e-01 5.033043807701600113e-03
2.459872209143999964e+06 6.744938590833753356e-01 5.033220060586350748e-03
2.459872702211000025e+06 6.598554377651693059e-01 5.032772100798321539e-03
2.459873195278000087e+06 6.530818284719506206e-01 5.032839132450323168e-03
2.459873698871000204e+06 6.664365385395475405e-01 5.033248032142102930e-03
2.459874191937999800e+06 6.672712296055387515e-01 5.032791644317545499e-03
2.459874685006000102e+06 6.612035855779820892e-01 5.033310679751562371e-03
2.459875188599000219e+06 6.722468873165138303e-01 5.033170049085097103e-03
2.459875681665999815e+06 6.613643787519292161e-01 5.033316414869487207e-03
2.459876174732999876e+06 6.556178964066398107e-01 5.033059727216789708e-03
2.459876678326999769e+06 6.571589090971902136e-01 5.032784487794084854e-03
2.459877171393999830e+06 6.628731071650842965e-01 5.033198553682140947e-03
2.459877664460999891e+06 6.570306052905446892e-01 5.033012181277309038e-03
2.459878168054999784e+06 6.587320588689462575e-01 5.033304716585541502e-03
2.459878661121999845e+06 6.642213026328458447e-01 5.033035310798874423e-03
2.459879154188999906e+06 6.653129854433207369e-01 5.032728507624244924e-03
2.459987411249999888e+06 6.643816058256474255e-01 5.035473819865098066e-03
2.459987904316999950e+06 6.599520769826654476e-01 5.035940529421168398e-03
2.459988407910000067e+06 6.671427948489976334e-01 5.036124173275105531e-03
2.459988900977000128e+06 6.610111724214783324e-01 5.036107660689601723e-03
2.459989394044000190e+06 6.765482889323077842e-01 5.036088183472700770e-03
2.459989897638000082e+06 6.599198623376784090e-01 5.036302515626377846e-03
2.459990390705000143e+06 6.521189190612497466e-01 5.036229898538471632e-03
2.459990883772000205e+06 6.554898934675515987e-01 5.036906899883717738e-03
2.459991387366000097e+06 6.589887491645733952e-01 5.037086914251992335e-03
2.459991880433000159e+06 6.673996890876489063e-01 5.036834019551238682e-03
2.459992373500000220e+06 6.687478518623308776e-01 5.037153507972483464e-03
2.459992877094000112e+06 6.776402593500367999e-01 5.037351162506857605e-03
2.459993370161000174e+06 6.648633599283747531e-01 5.037900401736405097e-03
2.459993863227999769e+06 6.683303752208908932e-01 5.038317868751196471e-03
2.459994366820999887e+06 6.625843899870583753e-01 5.038329476128851868e-03
2.459994859887999948e+06 6.648633599283747531e-01 5.038512763520984483e-03
2.459995352955999784e+06 6.672712296055387515e-01 5.038937439462639299e-03
2.459995856548999902e+06 6.567414084259388662e-01 5.039265200533077360e-03
2.459996349615999963e+06 6.662438298360342515e-01 5.039769835862037070e-03
2.459996842683000024e+06 6.665648373314057018e-01 5.040356295118624159e-03
2.459997346276999917e+06 6.555218918591962929e-01 5.040775329355113438e-03
2.459997839343999978e+06 6.705778437372078571e-01 5.041055402405388540e-03
2.459998332411000039e+06 6.634509189962970455e-01 5.041252246846444733e-03
2.459998836004999932e+06 6.568061339026703971e-01 5.042181611046407663e-03
2.459999329071999993e+06 6.671747475976902431e-01 5.042510284536639957e-03
2.459999822139000054e+06 6.627449085376420079e-01 5.043212532051285883e-03
2.460000325732000172e+06 6.687798814850955953e-01 5.043554452363362486e-03
2.460000818800000008e+06 6.679771400185825492e-01 5.044268162939651544e-03
2.460001311867000069e+06 6.645743879827126221e-01 5.044892195497641986e-03
2.460001815460000187e+06 6.658904708268081896e-01 5.046296485234668880e-03
2.460002308526999783e+06 6.677846008823853374e-01 5.047119558900224796e-03
2.460002801593999844e+06 6.696785676102205986e-01 5.047864640880217815e-03
2.460003305188000202e+06 6.697747948168220056e-01 5.048589976790888653e-03
2.460003798254999798e+06 6.601764074433834617e-01 5.049813241733705320e-03
2.460004291321999859e+06 6.665967623988710011e-01 5.051034993787656587e-03
2.460004794916000217e+06 6.665329137929155712e-01 5.052392889244878421e-03
2.460005287982999813e+06 6.613320951673907766e-01 5.053780439076545859e-03
2.460005781049999874e+06 6.706735824487816133e-01 5.055364806577093868e-03
2.460006284644000232e+06 6.741727586976830056e-01 5.056903254006387717e-03
2.460006777710999828e+06 6.778325185797527963e-01 5.058133864806111518e-03
2.460007270777999889e+06 6.694220293097294938e-01 5.060111812121842814e-03
2.460007774371000007e+06 6.786352277659021270e-01 5.062248717127794742e-03
2.460008267438000068e+06 6.786033511612499236e-01 5.064511002177149793e-03
2.460008760505999904e+06 6.670143848132707998e-01 5.066486322780843973e-03
2.460009264099000022e+06 6.722468873165138303e-01 5.069081460432979525e-03
2.460009757166000083e+06 6.769977105438744758e-01 5.071857559351269223e-03
2.460010250233000144e+06 6.724394743619628301e-01 5.074249702002774781e-03
2.460010753827000037e+06 6.700641765584682830e-01 5.077308794150942051e-03
2.460011246894000098e+06 6.730175665985793643e-01 5.080471620701617307e-03
2.460011739961000159e+06 6.773513488843289077e-01 5.083240999538187616e-03
2.460012243555000052e+06 6.793412718875061485e-01 5.086912010708714155e-03
2.460012736622000113e+06 6.927280923010857849e-01 5.090172636924478883e-03
2.460013229689000174e+06 6.716051225755889087e-01 5.093315075110092793e-03
2.460013733281999826e+06 6.860509973054845778e-01 5.096082518958944436e-03
2.460014226350000128e+06 6.871102069693533210e-01 5.098887661009104087e-03
2.460014719417000189e+06 6.882338038991516749e-01 5.102154522716992324e-03
2.460015223009999841e+06 6.867249082386117642e-01 5.107413393534318731e-03
2.460015716076999903e+06 6.942047804579735137e-01 5.117647397623098851e-03
2.460016209143999964e+06 6.983455981139774504e-01 5.142384524392867515e-03
2.460016712737999856e+06 7.117967488153930100e-01 5.206032512844335769e-03
2.460017205804999918e+06 7.539143330765969431e-01 5.343259962779623763e-03
2.460017698871999979e+06 7.780229357941679247e-01 5.396606195674537310e-03
2.460018202465999871e+06 7.379592826105195735e-01 5.289993159836802426e-03
2.460018695532999933e+06 7.201430935612003204e-01 5.220647763775114469e-03
2.460019188599999994e+06 7.110903745661623088e-01 5.193661817297380405e-03
2.460019692193999887e+06 7.195649488240271063e-01 5.185970312008104932e-03
2.460020185260999948e+06 7.042849370760260186e-01 5.187417180264025651e-03
2.460020678328000009e+06 7.112187540874658209e-01 5.192634305592937899e-03
2.460021181921000127e+06 7.127919724844422600e-01 5.198211880011046129e-03
2.460021674988000188e+06 7.134980655754425971e-01 5.204675550647556818e-03
2.460022168056000024e+06 7.199501060211632719e-01 5.209965328795880708e-03
2.460022671649000142e+06 7.268841516815681691e-01 5.215288498978294662e-03
2.460023164716000203e+06 7.274299868310445394e-01 5.219204787111440987e-03
2.460023657782999799e+06 7.169967712906470947e-01 5.222272631711265788e-03
2.460024161377000157e+06 7.086503402798447482e-01 5.224139435290770482e-03
2.460024654444000218e+06 7.241877929656600488e-01 5.224623584845544677e-03
2.460025147510999814e+06 7.280399312826252300e-01 5.223581050200938602e-03
2.460025651105000172e+06 7.172219957021475079e-01 5.221931304472349211e-03
2.460026144171999767e+06 7.095496660729900817e-01 5.219005876773928285e-03
2.460026637238999829e+06 7.101590076408830221e-01 5.214984766195681319e-03
2.460027140831999946e+06 7.113471567862755807e-01 5.210606326959080908e-03
2.460027633899999782e+06 7.183134526131779163e-01 5.204737492351324719e-03
2.460028126966999844e+06 7.187945904363799432e-01 5.198293194398698192e-03
2.460028630559999961e+06 7.091001871562490066e-01 5.191534889416995167e-03
2.460029123627000023e+06 7.184093897344222546e-01 5.184920566605782238e-03
2.460029616694000084e+06 6.936909042168569739e-01 5.177111504834992252e-03
2.460030120287999976e+06 7.051832693435665655e-01 5.170002436480656237e-03
2.460030613355000038e+06 7.012673189285375530e-01 5.162607321770654005e-03
2.460031106422000099e+06 6.885546253517018656e-01 5.155267481138194226e-03
2.460031610015999991e+06 7.003359171924845583e-01 5.147365073306202354e-03
2.460032103083000053e+06 6.944938431999526651e-01 5.140247234546345585e-03
2.460032596150000114e+06 6.929846263026577802e-01 5.133544709042773581e-03
2.460033099744000006e+06 6.960666078349040387e-01 5.126885000667147189e-03
2.460033592811000068e+06 6.938193376045381777e-01 5.120557210730277385e-03
2.460034085878000129e+06 6.885546253517018656e-01 5.114679817367392967e-03
2.460034589470999781e+06 6.850237044361315863e-01 5.109272339094169182e-03
2.460035082537999842e+06 6.869494813908358921e-01 5.104021991800840492e-03
2.460035575606000144e+06 6.781534882551882859e-01 5.099254362019470938e-03
2.460036079198999796e+06 6.853121002042433796e-01 5.094381062829740799e-03
2.460036572265999857e+06 6.840281898025959428e-01 5.089877008058567298e-03
2.460037065332999919e+06 6.776402593500367999e-01 5.086033282526128581e-03
2.460037568926999811e+06 6.748474326190300188e-01 5.082475312458711175e-03
2.460038061993999872e+06 6.833865074730687272e-01 5.078808005696563641e-03
2.460038555060999934e+06 6.758744046006973649e-01 5.075269661784047141e-03
2.460039058654999826e+06 6.829686988816415782e-01 5.072557738837179912e-03
2.460039551721999887e+06 6.682983671261601977e-01 5.069468373192189542e-03
2.460040044788999949e+06 6.681377342674358344e-01 5.067019115553606477e-03
2.460040548382000066e+06 6.706420798156088603e-01 5.065010294754857673e-03
2.460041041449999902e+06 6.805292555445779934e-01 5.062587738112729260e-03
2.460041534516999964e+06 6.644140382750842733e-01 5.060809497237874453e-03
2.460042038110000081e+06 6.702246552700945603e-01 5.058771205996573199e-03
2.460042531177000143e+06 6.602086346118729576e-01 5.056748574259264939e-03
2.460043024244000204e+06 6.692617427790069629e-01 5.055201740972929333e-03
2.460043527838000096e+06 6.689406687280726738e-01 5.054008774441482756e-03
2.460044020905000158e+06 6.678491845016581996e-01 5.052528576882705375e-03
2.460044513972000219e+06 6.712198632743121562e-01 5.051445718378895326e-03
2.460045017566000111e+06 6.696144238198633580e-01 5.049848092206201018e-03
2.460045510633000173e+06 6.758420352026112132e-01 5.048882706043275256e-03
2.460046003699999768e+06 6.650562818749738980e-01 5.047937790885962360e-03
2.460046507294000126e+06 6.631943230606215378e-01 5.047243213806888729e-03
2.460047000361000188e+06 6.695502861733876321e-01 5.046281009830908340e-03
2.460047493427999783e+06 6.615246017410144619e-01 5.045502952752413742e-03
2.460047997020999901e+06 6.667895731868968001e-01 5.044512221435307718e-03
2.460048490087999962e+06 6.713156936473146930e-01 5.044128955794396039e-03
2.460048983155999798e+06 6.673351489363367195e-01 5.043107960319350748e-03
2.460049486748999916e+06 6.629372157778358199e-01 5.042844146777680607e-03
2.460049979815999977e+06 6.693899689328209890e-01 5.041990072673425971e-03
2.460050472883000039e+06 6.578971423583194200e-01 5.041467900244332202e-03
2.460050976476999931e+06 6.741727586976830056e-01 5.040758916505876618e-03
2.460051469543999992e+06 6.644140382750842733e-01 5.040615215084446807e-03
2.460051962611000054e+06 6.643179693939286201e-01 5.039886383006625913e-03
2.460052466204999946e+06 6.641252616197009795e-01 5.039647758364710836e-03
2.460052959272000007e+06 6.637076142112838806e-01 5.039534969524884882e-03
2.460053452339000069e+06 6.679131591959854841e-01 5.038863642014286548e-03
2.460053955932000186e+06 6.648633599283747531e-01 5.038512763520984483e-03
2.460054449000000022e+06 6.691329248932921248e-01 5.038205078756913778e-03
2.460054942067000084e+06 6.684270243472849593e-01 5.038430829960974938e-03
2.460055445660000201e+06 6.594380460501410024e-01 5.038091728003567769e-03
2.460055938726999797e+06 6.656660380062566773e-01 5.037851561296990965e-03
2.460056431793999858e+06 6.595990173885505348e-01 5.037499005943423674e-03
2.460056935388000216e+06 6.585712991067664834e-01 5.036928900239514423e-03
2.460057428454999812e+06 6.700320854274436355e-01 5.036952675329719152e-03
2.460057921521999873e+06 6.669179399430960054e-01 5.036883806183531202e-03
2.460058425116000231e+06 6.652167865816954739e-01 5.036289627018256110e-03
2.460058918182999827e+06 6.630978198044515937e-01 5.036126269111196145e-03
