2.458346727899000049e+06 3.684776916792253587e+01 5.450450765512293572e-02
2.458347220966000110e+06 3.692951465612778605e+01 5.452338398069764280e-02
2.458347714033000171e+06 3.677477294630997307e+01 5.449814550836890037e-02
2.458348217627000064e+06 3.677128441757272270e+01 5.452684330949480324e-02
2.458348710694000125e+06 3.671997695741096379e+01 5.451840198009503397e-02
2.458349203761000186e+06 3.677402779587229276e+01 5.449704123732315719e-02
2.458349707355000079e+06 3.681964526299580598e+01 5.449681946529123799e-02
2.458350200422000140e+06 3.677771982550573426e+01 5.450251261762176919e-02
2.458350693489000201e+06 3.679710059042817250e+01 5.449734243926203370e-02
2.458351197081999853e+06 3.679574496011545648e+01 5.449533471995297168e-02
2.458351690150000155e+06 3.686239937095149344e+01 5.452614836854995789e-02
2.458352183217000216e+06 3.681516913175620687e+01 5.452410235969956664e-02
2.458352686809999868e+06 3.688783783622294976e+01 5.449582654608312732e-02
2.458353179876999930e+06 3.682778507777411647e+01 5.450886721896419651e-02
2.458353672943999991e+06 3.680086272615011467e+01 5.450291424778640897e-02
2.458354176537999883e+06 3.676823645949314567e+01 5.452232359974706205e-02
2.458354669604999945e+06 3.681547430523569631e+01 5.452455432855984191e-02
2.458355162672000006e+06 3.693332434669743947e+01 5.449499182592886654e-02
2.458355666265999898e+06 3.670198893927896222e+01 5.452549882707934809e-02
2.458356159332999960e+06 3.680550661319274752e+01 5.450979195006051825e-02
2.458356652400000021e+06 3.667982035669751895e+01 5.452634792527537994e-02
2.458357155993999913e+06 3.683925170204311428e+01 5.452583898901251086e-02
2.458357649060999975e+06 3.682554644934024424e+01 5.450555382121853587e-02
2.458358142128000036e+06 3.689205097112719756e+01 5.450205077288591826e-02
2.458358645721000154e+06 3.675110486441800361e+01 5.449691976044419850e-02
2.458359138788000215e+06 3.668667902055383223e+01 5.450275398464393684e-02
2.458359631856000051e+06 3.676850737886929466e+01 5.452272533655355691e-02
2.458360135449000169e+06 3.681021889311242035e+01 5.451677094374022398e-02
2.458360628516000230e+06 3.674663706557314669e+01 5.452413952229411692e-02
2.458361121582999825e+06 3.679798177691399275e+01 5.449864749647850837e-02
2.458361625177000184e+06 3.682510552341764054e+01 5.450490120601189648e-02
2.458362118243999779e+06 3.675259425141017289e+01 5.449912831998830059e-02
2.458362611310999840e+06 3.680567610920482480e+01 5.451004297750736138e-02
2.458363114905000199e+06 3.680384559358147811e+01 5.450733194225824280e-02
2.458363607971999794e+06 3.677921029110430595e+01 5.450472140382378594e-02
2.458364101038999856e+06 3.680028651825926289e+01 5.450206087080179673e-02
2.458364604631999973e+06 3.682995599894586292e+01 5.451208040307623653e-02
2.458365097699999809e+06 3.688613912762723146e+01 5.452729036794923267e-02
2.458365590766999871e+06 3.681950961465955885e+01 5.449661869195845942e-02
2.458366094359999988e+06 3.682293488815457749e+01 5.450168844507378291e-02
2.458366587427000050e+06 3.687251831385673029e+01 5.450715526882861373e-02
2.458367080494000111e+06 3.680245581844813074e+01 5.450527365369364774e-02
2.458367584088000003e+06 3.681377892902700211e+01 5.452204343785578555e-02
2.458368077155000065e+06 3.677324879110393852e+01 5.449588679606312547e-02
2.458368570222000126e+06 3.683507852325060838e+01 5.451966225999659715e-02
2.458369073816000018e+06 3.686046418485234000e+01 5.452328587869135351e-02
2.458369566883000080e+06 3.673543610997911912e+01 5.450751970305726252e-02
2.458370059950000141e+06 3.679466049182378384e+01 5.449372859776107497e-02
2.458370563544000033e+06 3.669617514945529280e+01 5.451686169870093718e-02
2.458371056611000095e+06 3.681262611780066152e+01 5.452033609822409116e-02
2.458371549678000156e+06 3.682775115814625622e+01 5.450881701446541605e-02
2.458372053270999808e+06 3.666630950043135329e+01 5.450626337626796047e-02
2.458372546337999869e+06 3.678947581953057266e+01 5.451993433967827068e-02
2.458373039406000171e+06 3.675208649906377900e+01 5.449837539190676566e-02
2.458373542998999823e+06 3.679706669906162375e+01 5.449729224537776251e-02
2.458374036065999884e+06 3.671257104799759219e+01 5.450740637552549395e-02
2.458374529132999945e+06 3.675005555982494343e+01 5.449536378359878808e-02
2.458375032726999838e+06 3.672376503183436114e+01 5.452402616020780857e-02
2.458375525793999899e+06 3.682503768912894770e+01 5.450480080436603120e-02
2.458376018860999960e+06 3.688967252937477070e+01 5.449853700908751514e-02
2.458376522454999853e+06 3.684345928769467093e+01 5.449813256362684433e-02
2.458377015521999914e+06 3.681876355774318910e+01 5.449551445184990656e-02
2.458377508588999975e+06 3.684237341313508551e+01 5.449652635897506148e-02
2.458378012182000093e+06 3.670009597635831966e+01 5.452268658854698968e-02
2.458378505249999929e+06 3.683518030247445552e+01 5.451981290359861343e-02
2.458378998316999990e+06 3.688773591150116005e+01 5.449567596875777575e-02
2.458379501910000108e+06 3.679293218654603237e+01 5.452505648122932258e-02
2.458379994977000169e+06 3.682737804430067996e+01 5.450826476802911325e-02
2.458380488044000231e+06 3.676010980637302339e+01 5.451027287189433301e-02
2.458380991638000123e+06 3.677531488338456001e+01 5.449894862863807060e-02
2.458381484705000184e+06 3.689609467404721954e+01 5.450802469127905697e-02
2.458381977771999780e+06 3.674332041471612342e+01 5.451921832273638746e-02
2.458382481366000138e+06 3.685160436710137333e+01 5.451018060758986566e-02
2.458382974433000199e+06 3.677070867280283295e+01 5.452598955784180440e-02
2.458383467499999795e+06 3.675872168277658858e+01 5.450821447227528760e-02
2.458383971094000153e+06 3.684003210501772685e+01 5.452699406478017652e-02
2.458384464161000215e+06 3.691295387395360450e+01 5.449893335106138770e-02
2.458384957227999810e+06 3.680564220993993985e+01 5.450999277192546816e-02
2.458385460820999928e+06 3.683158427380535471e+01 5.451449041546022750e-02
2.458385953887999989e+06 3.679008574305635193e+01 5.452083821204494613e-02
2.458386446955999825e+06 3.678005717346786696e+01 5.450597643586288510e-02
2.458386950548999943e+06 3.671162428143490075e+01 5.450600070470750652e-02
2.458387443616000004e+06 3.669813551054419065e+01 5.451977406583261021e-02
2.458387936683000065e+06 3.676881216555374721e+01 5.452317729399941415e-02
2.458388440276999958e+06 3.686521745520012416e+01 5.449636270421438777e-02
2.458388933344000019e+06 3.680720160843857514e+01 5.451230227654990657e-02
2.458389426411000080e+06 3.670317209068562647e+01 5.452725654982137904e-02
2.458389930004999973e+06 3.682510552341764054e+01 5.450490120601189648e-02
2.458390423072000034e+06 3.676051609636642326e+01 5.451087534502409293e-02
2.458390916139000095e+06 3.683083797222568023e+01 5.451338581322509591e-02
2.458391419732000213e+06 3.675157875373206195e+01 5.449762247422706291e-02
2.458391912800000049e+06 3.675452377430360684e+01 5.450198954156754150e-02
2.458392405867000110e+06 3.673411658478399744e+01 5.450556181026523783e-02
2.458392909460000228e+06 3.678100570486594734e+01 5.450738210605498429e-02
2.458393402526999824e+06 3.675885710716138988e+01 5.450841528832855304e-02
2.458393895593999885e+06 3.688209651580569215e+01 5.452131433809490058e-02
2.458394399187999777e+06 3.682849739717783422e+01 5.450992152412299785e-02
2.458394892254999839e+06 3.695918620221907247e+01 5.449911023546871736e-02
2.458395385321999900e+06 3.683636774753259147e+01 5.452157044304517530e-02
2.458395888915999793e+06 3.680693040395372151e+01 5.451190061654286739e-02
2.458396381982999854e+06 3.685326754214664646e+01 5.451264074395725800e-02
2.458396875049999915e+06 3.682398627363195232e+01 5.450324460250385861e-02
2.458397378643999808e+06 3.666941655662212440e+01 5.451088216734256003e-02
2.458397871710999869e+06 3.674741550659862810e+01 5.452529456206026831e-02
2.458398364777999930e+06 3.679998147067536252e+01 5.450160908839575546e-02
2.458398868371000048e+06 3.673634965518779438e+01 5.450887520849655860e-02
2.458399361438000109e+06 3.686148269118766763e+01 5.452479243356846139e-02
2.458399854505999945e+06 3.674430184143645306e+01 5.452067454980105699e-02
2.458400358099000063e+06 3.688814361207821690e+01 5.449627828055573359e-02
2.458400851166000124e+06 3.677748271154770521e+01 5.450216122806986890e-02
2.458401344233000185e+06 3.674931091022438068e+01 5.449425956891786049e-02
2.458401847827000078e+06 3.682178179021232722e+01 5.449998174285175523e-02
2.458402340894000139e+06 3.675381288566275373e+01 5.450093538982538066e-02
2.458402833961000200e+06 3.683280552719121204e+01 5.451629799467003906e-02
2.458403337555000093e+06 3.689008025135611035e+01 5.449913935250684516e-02
2.458403830622000154e+06 3.683460355725767954e+01 5.451895926202407483e-02
2.458404323689000215e+06 3.670422005664016751e+01 5.449500760130282506e-02
2.458404827281999867e+06 3.680821864305418245e+01 5.451380852793466514e-02
2.458405320350000169e+06 3.684376469568089618e+01 5.449858431721461838e-02
2.458405813417000230e+06 3.684468093482958295e+01 5.449993960044672431e-02
2.458406317009999882e+06 3.676837191893162782e+01 5.452252446778019929e-02
2.458406810076999944e+06 3.672917724462199374e+01 5.449823288730392540e-02
2.458407303144000005e+06 3.674142532005950557e+01 5.451640640813094907e-02
2.458407806737999897e+06 3.678500335596312709e+01 5.451330640017648665e-02
2.458408299804999959e+06 3.695976489811369703e+01 5.449996356625315397e-02
2.458408792872000020e+06 3.676535806439860465e+01 5.451805532898119921e-02
2.458409296465999912e+06 3.674728012436614222e+01 5.452509368382153776e-02
2.458409789532999974e+06 3.677524714081353352e+01 5.449884823795725364e-02
2.458410282600000035e+06 3.674264358397505958e+01 5.451821405087083072e-02
2.458410786193999927e+06 3.679706669906162375e+01 5.449729224537776251e-02
2.458411279260999989e+06 3.680923570577189707e+01 5.451531482093927711e-02
2.458411772328000050e+06 3.672474593622367678e+01 5.452548251569144105e-02
2.458412275921000168e+06 3.671551294275784727e+01 5.451177422688087415e-02
2.458412768988000229e+06 3.678286896275866980e+01 5.451014334947327372e-02
2.458413262056000065e+06 3.684383256446605515e+01 5.449868470740931031e-02
2.458413765649000183e+06 3.676305551056486109e+01 5.451464095295129042e-02
2.458414258715999778e+06 3.679079733328325119e+01 5.452189274874552627e-02
2.458414751782999840e+06 3.683273767871860827e+01 5.451619757203055028e-02
2.458415255377000198e+06 3.677775369905301517e+01 5.450256281631399302e-02
2.458415748443999793e+06 3.685768041111997206e+01 5.451916817441420510e-02
2.458416241510999855e+06 3.681666111503729866e+01 5.452631202085435336e-02
2.458416745105000213e+06 3.685136677679366102e+01 5.450982916860080268e-02
2.458417238171999808e+06 3.686443651871029203e+01 5.449520827732811518e-02
2.458417731238999870e+06 3.690302776740256974e+01 5.451826721768027184e-02
2.458418234831999987e+06 3.676444379782010685e+01 5.451669959525422965e-02
2.458526481366999913e+06 3.685401429821567376e+01 5.451374533109507731e-02
2.458526984960000031e+06 3.678032817994257897e+01 5.450637805221858478e-02
2.458527478027000092e+06 3.678269957177714389e+01 5.450989232156420311e-02
2.458527971094000153e+06 3.681866182388042574e+01 5.449536387538689297e-02
2.458528474688000046e+06 3.675855240299713955e+01 5.450796345324900039e-02
2.458528967755000107e+06 3.673706020605656164e+01 5.450992951380990992e-02
2.458529460822000168e+06 3.679181391462572037e+01 5.452339926512848184e-02
2.458529964416000061e+06 3.666870731408489803e+01 5.450982784360345473e-02
2.458530457483000122e+06 3.677568746975607183e+01 5.449950078068857562e-02
2.458530950550000183e+06 3.681428753369170437e+01 5.452279669292572906e-02
2.458531454144000076e+06 3.681910267264930070e+01 5.449601637639817087e-02
2.458531947211000137e+06 3.674826165685168178e+01 5.452655006781912533e-02
2.458532440278000198e+06 3.675946652306719642e+01 5.450931896972376761e-02
2.458532943870999850e+06 3.677118281489936180e+01 5.452669264646690245e-02
2.458533436937999912e+06 3.679781231633554484e+01 5.449839652150967328e-02
2.458533930006000213e+06 3.679954085085172721e+01 5.450095652042086236e-02
2.458534433598999865e+06 3.690748058777478491e+01 5.452484554107570741e-02
2.458534926665999927e+06 3.673022595308786009e+01 5.449978894606949398e-02
2.458535419732999988e+06 3.673232345984980185e+01 5.450290119688942087e-02
2.458535923326999880e+06 3.669428248639002987e+01 5.451404990564210490e-02
2.458536416393999942e+06 3.690612089098759441e+01 5.452283680853359238e-02
2.458536909461000003e+06 3.679835459293333599e+01 5.449919964547794010e-02
2.458537413054999895e+06 3.673357525482549590e+01 5.450475859254133582e-02
2.458537906121999957e+06 3.681052402555769731e+01 5.451722285182789701e-02
2.458538399189000018e+06 3.673997022443209204e+01 5.451424735785198594e-02
2.458538902782000136e+06 3.680689650353359355e+01 5.451185040925004416e-02
2.458539395849999972e+06 3.682734412504758126e+01 5.450821456408501409e-02
2.458539888917000033e+06 3.690231400646763404e+01 5.451721275110300857e-02
2.458540392510000151e+06 3.674321888931006441e+01 5.451906768077709187e-02
2.458540885577000212e+06 3.669499222359972634e+01 5.451510431104392151e-02
2.458541378643999808e+06 3.677704236110994174e+01 5.450150865348384749e-02
2.458541882238000166e+06 3.668367186227899879e+01 5.449828646640512281e-02
2.458542375305000227e+06 3.688467830080060850e+01 5.452513088662545165e-02
2.458542868371999823e+06 3.675834926829092808e+01 5.450766223194353222e-02
2.458543371966000181e+06 3.671179334510173220e+01 5.450625171469478114e-02
2.458543865032999776e+06 3.679842237807003613e+01 5.449930003680626689e-02
2.458544358099999838e+06 3.676214130124539281e+01 5.451328530413172141e-02
2.458544861694000196e+06 3.681215144131788719e+01 5.451963309156283854e-02
2.458545354760999791e+06 3.673418425158979517e+01 5.450566221331311356e-02
2.458545847827999853e+06 3.679781231633554484e+01 5.449839652150967328e-02
2.458546351420999970e+06 3.685642438692863010e+01 5.451731028771718279e-02
2.458546844488000032e+06 3.684675104050051431e+01 5.450300166072705871e-02
2.458547337555999868e+06 3.680296426667730714e+01 5.450602667707900306e-02
2.458547841148999985e+06 3.682646223543353869e+01 5.450690927777002148e-02
2.458548334216000047e+06 3.683609632814449242e+01 5.452116871474804033e-02
2.458548827283000108e+06 3.682391844140486370e+01 5.450314420390938580e-02
2.458549330877000000e+06 3.671358546783807242e+01 5.450891249162964636e-02
2.458549823944000062e+06 3.683263590624397210e+01 5.451604693841805016e-02
2.458550317011000123e+06 3.680686260314481473e+01 5.451180020200363519e-02
2.458550820605000015e+06 3.680103220077623405e+01 5.450316524356015047e-02
2.458551313672000077e+06 3.676769462672918110e+01 5.452152013501396222e-02
2.458551806739000138e+06 3.687143158285049793e+01 5.450554879825375565e-02
2.458552310331999790e+06 3.675371133126508028e+01 5.450078479838380702e-02
2.458552803400000092e+06 3.681930614309227678e+01 5.449631753334627238e-02
2.458553296467000153e+06 3.684933035127551193e+01 5.450681692735120931e-02
2.458553800059999805e+06 3.679167836882376008e+01 5.452319839387229083e-02
2.458554293126999866e+06 3.671135378118724191e+01 5.450559909113202040e-02
2.458554786193999927e+06 3.674558788854311331e+01 5.452258276827967598e-02
2.458555289787999820e+06 3.669992696655972253e+01 5.452243550287447921e-02
2.458555782854999881e+06 3.683684273627399364e+01 5.452227347468774354e-02
2.458556275921999943e+06 3.685048431191880525e+01 5.450852384362148140e-02
2.458556779515999835e+06 3.685788409475199501e+01 5.451946945930422062e-02
2.458557272582999896e+06 3.669722291562995053e+01 5.451841828936479506e-02
2.458557765649999958e+06 3.677660201594476774e+01 5.450085608671149245e-02
2.458558269243999850e+06 3.678103958143963581e+01 5.450743230923216220e-02
2.458558762310999911e+06 3.670702604827840076e+01 5.449917367635956356e-02
2.458559255377999973e+06 3.671656126107410500e+01 5.451333067228482376e-02
2.458559758971000090e+06 3.684807461163482856e+01 5.450495946155602817e-02
2.458560252038000152e+06 3.670523424573104876e+01 5.449651337481147689e-02
2.458560745105999988e+06 3.678910309346481711e+01 5.451938198060875262e-02
2.458561248699000105e+06 3.676667871181804514e+01 5.452001367055255010e-02
2.458561741766000167e+06 3.682171396204618219e+01 5.449988135026789110e-02
2.458562234833000228e+06 3.678615530216490725e+01 5.451501351966880904e-02
2.458562738427000120e+06 3.680557441150396869e+01 5.450989236090061918e-02
2.458563231494000182e+06 3.677182630323805768e+01 5.449377874903828245e-02
2.458563724560999777e+06 3.680133725706988201e+01 5.450361703886552611e-02
2.458564228155000135e+06 3.685007702756543324e+01 5.450792139648134166e-02
2.458564721222000197e+06 3.680367610599935091e+01 5.450708092729635024e-02
2.458565214288999792e+06 3.673997022443209204e+01 5.451424735785198594e-02
2.458565717881999910e+06 3.678002329779888413e+01 5.450592623402641945e-02
2.458566210950000212e+06 3.673381208570077661e+01 5.450510999883911162e-02
2.458566704016999807e+06 3.669752711141307344e+01 5.451887021110786435e-02
2.458567207609999925e+06 3.673536844086743969e+01 5.450741929658795698e-02
2.458567700676999986e+06 3.688287782640514223e+01 5.452246931801232877e-02
2.458568193744000047e+06 3.675817999022663685e+01 5.450741121546059942e-02
2.458568697337999940e+06 3.687727313862156819e+01 5.451418413432477378e-02
2.458569190405000001e+06 3.674636630734282505e+01 5.452373777506755448e-02
2.458569683472000062e+06 3.687666176966182263e+01 5.451328037227273771e-02
2.458570187065999955e+06 3.678466455512189981e+01 5.451280431638197421e-02
2.458570680133000016e+06 3.677280849136058549e+01 5.449523429660335649e-02
2.458571173200000077e+06 3.682028959941753499e+01 5.449777314872297773e-02
2.458571676793999970e+06 3.683093973973242896e+01 5.451353643948461669e-02
2.458572169861000031e+06 3.675543779418867985e+01 5.450334490948152699e-02
2.458572662928000093e+06 3.679560939983101520e+01 5.449513395209018563e-02
2.458573166521000210e+06 3.678446127611500316e+01 5.451250306832497450e-02
2.458573659587999806e+06 3.685011096775630079e+01 5.450797160015539294e-02
2.458574152656000108e+06 3.680116778103893438e+01 5.450336604101119198e-02
2.458574656249000225e+06 3.680526932008727670e+01 5.450944051357721476e-02
2.458575149315999821e+06 3.682090003379726539e+01 5.449867665368479663e-02
2.458575642382999882e+06 3.676410518633851865e+01 5.451619748020734152e-02
2.458576145976999775e+06 3.677572134143161264e+01 5.449955097660698355e-02
2.458576639043999836e+06 3.686161849415871217e+01 5.452499331069731586e-02
2.458577132110999897e+06 3.684403617157184385e+01 5.449898587910317893e-02
2.458577635704999790e+06 3.673949648480298436e+01 5.451354442970134800e-02
2.458578128771999851e+06 3.677314718300294771e+01 5.449573621857130290e-02
2.458578621838999912e+06 3.684950004910382404e+01 5.450706794109753256e-02
2.458579125432000030e+06 3.674805857901407791e+01 5.452624874380049974e-02
2.458579618499999866e+06 3.680445575534014324e+01 5.450823560569290072e-02
2.458580111566999927e+06 3.684162689294000614e+01 5.449542212073741482e-02
2.458580615160000045e+06 3.683545171511301675e+01 5.452021462190573958e-02
2.458581108227000106e+06 3.673821065088741733e+01 5.451163652755264266e-02
2.458581601294000167e+06 3.676508716822735323e+01 5.451765362658442249e-02
2.458582104888000060e+06 3.680269309341424844e+01 5.450562506331216306e-02
2.458582597955000121e+06 3.681856009029876020e+01 5.449521329933996322e-02
2.458583091022000182e+06 3.678961135721802833e+01 5.452013519890922671e-02
2.458583594616000075e+06 3.673797379165362997e+01 5.451128507917692156e-02
2.458584087683000136e+06 3.681947570265354841e+01 5.449656849874078696e-02
2.458584580750000197e+06 3.678205589316186064e+01 5.450893842605308154e-02
2.458585084344000090e+06 3.680150673388120453e+01 5.450386803787560241e-02
2.458585577411000151e+06 3.681062573693498052e+01 5.451737348868972849e-02
2.458586070478000212e+06 3.673086872468954311e+01 5.450074268146651996e-02
2.458586574070999864e+06 3.689177914145157189e+01 5.450164918841465811e-02
2.458587067137999926e+06 3.685696752727216818e+01 5.451811369041104083e-02
2.458587560206000227e+06 3.667900956494612075e+01 5.452514264365998509e-02
2.458588063798999880e+06 3.682629264369803934e+01 5.450665826475438458e-02
2.458588556865999941e+06 3.675530238240105518e+01 5.450314411210815946e-02
2.458589049933000002e+06 3.684206801668146625e+01 5.449607462244609318e-02
2.458589553526999895e+06 3.678690069834157583e+01 5.451611815488591889e-02
2.458590046593999956e+06 3.677443423969384639e+01 5.449764356421067657e-02
2.458590539661000017e+06 3.685917411722683568e+01 5.452137763560478689e-02
2.458591043254999910e+06 3.678828988606523609e+01 5.451817685297258992e-02
2.458591536321999971e+06 3.694530021869343983e+01 5.451266218347383674e-02
2.458592029389000032e+06 3.686694915599445466e+01 5.449892260758937290e-02
2.458592532982000150e+06 3.674413262806280756e+01 5.452042347339432216e-02
2.458593026049999986e+06 3.677565359811175227e+01 5.449945058481643623e-02
2.458593519117000047e+06 3.673963183835942914e+01 5.451374526539096849e-02
2.458594022710000165e+06 3.676769462672918110e+01 5.452152013501396222e-02
2.458594515777000226e+06 3.671689943465805328e+01 5.451383276092747199e-02
2.458595008843999822e+06 3.678720563749450179e+01 5.451657005756256613e-02
2.458595512438000180e+06 3.677788919355450048e+01 5.450276361154576810e-02
2.458596005504999775e+06 3.683976065862974991e+01 5.452659229652048745e-02
2.458596498571999837e+06 3.669222094663086153e+01 5.451098722465480551e-02
2.458597002166000195e+06 3.690561101760680884e+01 5.452208355290925207e-02
2.458597495232999790e+06 3.683368756870928706e+01 5.451760350581846132e-02
2.458597988299999852e+06 3.679798177691399275e+01 5.449864749647850837e-02
2.458712204272000119e+06 3.682476635322348102e+01 5.450439919963168123e-02
2.458712697339000180e+06 3.681774623176485051e+01 5.449400870594216933e-02
2.458713200931999832e+06 3.672420474435516269e+01 5.452467900440737675e-02
2.458713694000000134e+06 3.678222528117900225e+01 5.450918944956908985e-02
2.458714187067000195e+06 3.681594902456534157e+01 5.452525739867827848e-02
2.458714690659999847e+06 3.675950037980255303e+01 5.450936917468486576e-02
2.458715183726999909e+06 3.682086612051063668e+01 5.449862645857167509e-02
2.458715676793999970e+06 3.691108402653297560e+01 5.449617267549200506e-02
2.458716180387999862e+06 3.673394741831508270e+01 5.450531080345508844e-02
2.458716673454999924e+06 3.680309985405813222e+01 5.450622748507214649e-02
2.458717166521999985e+06 3.684943216987880277e+01 5.450696753546040857e-02
2.458717670115999877e+06 3.683019345121277155e+01 5.451243185657964063e-02
2.458718163182999939e+06 3.669205197309793220e+01 5.451073619285957961e-02
2.458718656250000000e+06 3.677111507993988226e+01 5.452659220467975798e-02
2.458719159843999892e+06 3.691580982373228181e+01 5.450314992546974324e-02
2.458719652910999954e+06 3.681910267264930070e+01 5.449601637639817087e-02
2.458720145978000015e+06 3.677521326957474912e+01 5.449879804268609185e-02
2.458720649571000133e+06 3.682076438083828407e+01 5.449847587350990091e-02
2.458721142638000194e+06 3.683032913890979643e+01 5.451263268817035934e-02
2.458721635706000030e+06 3.677975229357048192e+01 5.450552462099961248e-02
2.458722139299000148e+06 3.677226659122116814e+01 5.449443123107003406e-02
2.458722632366000209e+06 3.690649480261045312e+01 5.452338920260540317e-02
2.458723125432999805e+06 3.678341101914142541e+01 5.451094664655044275e-02
2.458723629027000163e+06 3.683161819696377393e+01 5.451454062518459875e-02
2.458724122094000224e+06 3.668972021780725612e+01 5.450727207213911657e-02
2.458724615160999820e+06 3.680337103031834545e+01 5.450662910327785243e-02
2.458725118755000178e+06 3.690588294919997026e+01 5.452248528794721022e-02
2.458725611821999773e+06 3.682724236747586133e+01 5.450806395253035563e-02
2.458726104888999835e+06 3.686189010160167356e+01 5.452539506717506840e-02
2.458726608481999952e+06 3.675042789028351109e+01 5.449591589932972074e-02
2.458727101549999788e+06 3.678378368753835304e+01 5.451149892015798998e-02
2.458727594616999850e+06 3.676051609636642326e+01 5.451087534502409293e-02
2.458728098209999967e+06 3.674514791999401098e+01 5.452192994917914176e-02
2.458728591277000029e+06 3.674409878548154040e+01 5.452037325825165315e-02
2.458729084344000090e+06 3.677148762376141633e+01 5.452714463679913387e-02
2.458729587937999982e+06 3.686725475869631907e+01 5.449937436772626237e-02
2.458730081005000044e+06 3.679415215831468089e+01 5.452686441078638535e-02
2.458730574072000105e+06 3.686817158200123856e+01 5.450072967060549944e-02
2.458731077665999997e+06 3.682714061018531737e+01 5.450791334139185734e-02
2.458731570733000059e+06 3.672450916379985131e+01 5.452513097804764786e-02
2.458732063800000120e+06 3.681625420450976094e+01 5.452570937711325588e-02
2.458732567394000012e+06 3.687785055194589745e+01 5.451503770113178687e-02
2.458733060461000074e+06 3.681696630088445232e+01 5.452676400803141421e-02
2.458733553528000135e+06 3.681591511583875587e+01 5.452520717908340697e-02
2.458734057120999787e+06 3.677727947222889782e+01 5.450186003882839803e-02
2.458734550187999848e+06 3.668907816628357921e+01 5.450631822248102470e-02
2.458735043256000150e+06 3.683114327558963907e+01 5.451383769325242323e-02
2.458735546848999802e+06 3.681360939570014779e+01 5.452179235514491989e-02
2.458736039915999863e+06 3.688936674084589384e+01 5.449808525589168451e-02
2.458736532982999925e+06 3.684434158434005724e+01 5.449943763976438510e-02
2.458737036576999817e+06 3.687706934784213786e+01 5.451388287864264437e-02
2.458737529643999878e+06 3.682022177400009610e+01 5.449767276020747730e-02
2.458738022710999940e+06 3.674880320323870819e+01 5.452735360667661235e-02
2.458738526304999832e+06 3.677944741620046898e+01 5.450507280988177439e-02
2.458739019371999893e+06 3.672687695673343455e+01 5.449481975272092715e-02
2.458739512438999955e+06 3.687295980747705215e+01 5.450780791102430300e-02
2.458740016032000072e+06 3.668438139425906286e+01 5.449934056691207312e-02
2.458740509099999908e+06 3.683745344508404429e+01 5.452317738583435658e-02
2.458741002166999970e+06 3.677582295664527834e+01 5.449970156463938148e-02
2.458741505760000087e+06 3.675191724984041031e+01 5.449812441819103237e-02
2.458741998827000149e+06 3.683423037398823396e+01 5.451840691283338369e-02
2.458742491894000210e+06 3.669972415582874703e+01 5.452213420159372076e-02
2.458742995488000102e+06 3.676667871181804514e+01 5.452001367055255010e-02
2.458743488555000164e+06 3.681693239122092365e+01 5.452671378704890270e-02
2.458743981622000225e+06 3.681167677095574930e+01 5.451893009396640427e-02
2.458744485216000117e+06 3.679896466365807584e+01 5.450010317408929272e-02
2.458744978283000179e+06 3.674535098174667525e+01 5.452223124933115728e-02
2.458745471349999774e+06 3.677399392575656378e+01 5.449699104371630298e-02
2.458745974944000132e+06 3.674981862422446710e+01 5.449501244013699175e-02
2.458746468011000194e+06 3.667147681512452095e+01 5.451394484242725463e-02
2.458746961077999789e+06 3.681411799802275908e+01 5.452254560674616585e-02
2.458747464670999907e+06 3.680625240148427935e+01 5.451089647947339467e-02
2.458747957737999968e+06 3.685584730908352213e+01 5.451645668532723032e-02
2.458748450805999804e+06 3.693835918347343039e+01 5.450242071010882872e-02
2.458748954398999922e+06 3.671314588246581678e+01 5.450825983620841142e-02
2.458749447465999983e+06 3.671831979772305488e+01 5.451594158372508048e-02
2.458749940533000045e+06 3.685530418524799501e+01 5.451565330705170770e-02
2.458750444126999937e+06 3.677731334537072883e+01 5.450191023691976222e-02
2.458750937193999998e+06 3.672457681290809717e+01 5.452523141714326477e-02
2.458751430261000060e+06 3.680896448629943052e+01 5.451491313873524369e-02
2.458751933854999952e+06 3.671375454053652732e+01 5.450916351502622936e-02
2.458752426922000013e+06 3.675276350375123968e+01 5.449937929832716910e-02
2.458752919989000075e+06 3.684654741839196390e+01 5.450270046684138614e-02
2.458753423582000192e+06 3.678246242571360369e+01 5.450954088443375062e-02
2.458753916650000028e+06 3.685330148527610561e+01 5.451269095197800590e-02
2.458754409717000090e+06 3.670242839106339972e+01 5.452615168891188774e-02
2.458754913310000207e+06 3.678134447200778823e+01 5.450788413990890341e-02
2.458755406376999803e+06 3.674616323997916822e+01 5.452343646659001813e-02
2.458755899443999864e+06 3.674027477456235147e+01 5.451469924502098247e-02
2.458756403038000222e+06 3.683060051580340399e+01 5.451303435357133381e-02
2.458756896104999818e+06 3.684814248835927231e+01 5.450505986349434701e-02
2.458757389171999879e+06 3.691669385296849271e+01 5.450445512175908225e-02
2.458757892765999772e+06 3.677226659122116814e+01 5.449443123107003406e-02
2.458758385832999833e+06 3.668580049939051690e+01 5.450144882909122718e-02
2.458758878899999894e+06 3.680787962839322347e+01 5.451330643951535215e-02
2.458759382493999787e+06 3.674443721269651775e+01 5.452087541175905383e-02
2.458759875560999848e+06 3.684746372674203485e+01 5.450405585243483370e-02
2.458760368627999909e+06 3.671994313707787683e+01 5.451835176681422285e-02
2.458760872221000027e+06 3.679743950581006118e+01 5.449784438064678160e-02
2.458761365288000088e+06 3.681510131577088174e+01 5.452400192268373053e-02
2.458761858355999924e+06 3.686586258912620906e+01 5.449731637965307685e-02
2.458762361949000042e+06 3.686538722619140884e+01 5.449661366981709693e-02
2.458762855016000103e+06 3.677944741620046898e+01 5.450507280988177439e-02
2.458763348083000164e+06 3.676759303397489020e+01 5.452136948669469851e-02
2.458763851677000057e+06 3.686936009058971564e+01 5.450248659487140490e-02
2.458764344744000118e+06 3.686616818282103480e+01 5.449776812647522117e-02
2.458764837811000179e+06 3.685313176994157658e+01 5.451243991233683389e-02
2.458765341405000072e+06 3.678500335596312709e+01 5.451330640017648665e-02
2.458765834472000133e+06 3.687065051472333010e+01 5.450439417677332282e-02
2.458766327539000195e+06 3.675787529167517675e+01 5.450695938870406265e-02
2.458766831131999847e+06 3.673083489432478643e+01 5.450069248445053166e-02
2.458767324200000148e+06 3.672626808111294139e+01 5.452774245466256858e-02
2.458767817267000210e+06 3.679340661520498657e+01 5.452575955782279493e-02
2.458768320859999862e+06 3.692573936837663240e+01 5.451781007956163494e-02
2.458768813926999923e+06 3.676434221404817748e+01 5.451654896025458913e-02
2.458769306993999984e+06 3.685842725660675256e+01 5.452027289381704972e-02
2.458769810587999877e+06 3.675804456833640188e+01 5.450721040310643750e-02
2.458770303654999938e+06 3.679333883930767968e+01 5.452565911775431040e-02
2.458770796721999999e+06 3.671875944504539291e+01 5.451659433112403946e-02
2.458771300315999892e+06 3.684091431959178919e+01 5.449436809601923559e-02
2.458771793382999953e+06 3.672731670651488400e+01 5.449547224721711797e-02
2.458772286450000014e+06 3.673797379165362997e+01 5.451128507917692156e-02
2.458772790043999907e+06 3.677931191595830285e+01 5.450487200614262395e-02
2.458773283110999968e+06 3.671845507326155200e+01 5.451614242824616430e-02
2.458773776178000029e+06 3.678574872879809732e+01 5.451441100080250957e-02
2.458774279771000147e+06 3.685812172707856860e+01 5.451982096044675347e-02
2.458774772838000208e+06 3.674541866924701594e+01 5.452233168308530387e-02
2.458775265906000044e+06 3.679120396244949376e+01 5.452249535030345706e-02
2.458775769499000162e+06 3.675723204747224315e+01 5.450600554451780211e-02
2.458776262566000223e+06 3.684827824218298531e+01 5.450526066792540925e-02
2.458776755632999819e+06 3.685452345875638258e+01 5.451449847152163575e-02
2.458777259227000177e+06 3.678032817994257897e+01 5.450637805221858478e-02
2.458777752293999773e+06 3.685672990238698787e+01 5.451776220027565456e-02
2.458778245360999834e+06 3.675462533094614770e+01 5.450214013633796623e-02
2.458778748955000192e+06 3.667914469566010638e+01 5.452534352207908525e-02
2.458779242021999788e+06 3.685849515240136043e+01 5.452037332396358210e-02
2.458779735088999849e+06 3.676082081680828395e+01 5.451132720424113620e-02
2.458780238681999967e+06 3.682764939944974003e+01 5.450866640124593654e-02
2.458780731749999803e+06 3.676491785913385257e+01 5.451740256408937196e-02
2.458781224816999864e+06 3.681049012182783287e+01 5.451717263963326565e-02
2.458781728409999982e+06 3.676051609636642326e+01 5.451087534502409293e-02
2.458782221477000043e+06 3.679730393928269905e+01 5.449764360353808595e-02
2.458782714544000104e+06 3.670658654144450139e+01 5.449852113754475452e-02
2.458783218137999997e+06 3.674000406321081869e+01 5.451429756735250154e-02
2.458783711205000058e+06 3.685211349434755590e+01 5.451093369876780503e-02
2.459622427943999879e+06 3.686464023967793935e+01 5.452946301824009023e-02
2.459622921010999940e+06 3.678920474565367726e+01 5.451953262343631201e-02
2.459623424604999833e+06 3.681767841103233962e+01 5.452781865934799854e-02
2.459623917671999894e+06 3.680011704706713260e+01 5.450180988011386202e-02
2.459624410738999955e+06 3.679784620838882603e+01 5.453233878526450584e-02
2.459624914332000073e+06 3.689517715636172568e+01 5.450666920699007850e-02
2.459625407399999909e+06 3.680387949119161561e+01 5.450738214538940890e-02
2.459625900466999970e+06 3.678496947573867715e+01 5.451325619158908092e-02
2.459626404060000088e+06 3.680954083006730571e+01 5.451576671695680665e-02
2.459626897127000149e+06 3.673577445740753689e+01 5.450802173817850815e-02
2.459627390194000211e+06 3.677202951242132656e+01 5.452794818441837610e-02
2.459627893788000103e+06 3.677914254135754391e+01 5.450462100250894060e-02
2.459628386855000164e+06 3.679947306365485815e+01 5.450085612604137902e-02
2.459628879922000226e+06 3.686888468255677509e+01 5.450178381836866953e-02
2.459629383516000118e+06 3.681618638652565778e+01 5.452560893713717660e-02
2.459629876583000179e+06 3.680930351095233988e+01 5.451541524195285121e-02
2.459630369649999775e+06 3.680940521895709594e+01 5.451556587381989338e-02
2.459630873244000133e+06 3.682161222003115597e+01 5.453364471989785578e-02
2.459631366311000194e+06 3.682435935311392683e+01 5.450379679807853400e-02
2.459631859377999790e+06 3.691006414968106242e+01 5.452866233679414670e-02
2.459632362970999908e+06 3.678500335596312709e+01 5.451330640017648665e-02
2.459632856037999969e+06 3.685411612976106710e+01 5.451389595834798402e-02
2.459633349105999805e+06 3.676322481108180540e+01 5.451489200272846558e-02
2.459633852698999923e+06 3.686766223290592848e+01 5.453393309218888124e-02
2.459634345765999984e+06 3.686097343450214225e+01 5.452403915092635112e-02
2.459634838833000045e+06 3.688800771138519252e+01 5.453005261988334157e-02
2.459635342426999938e+06 3.674348962434940091e+01 5.451946939359321453e-02
2.459635835493999999e+06 3.680265919689693277e+01 5.450557486179948008e-02
2.459636328561000060e+06 3.674616323997916822e+01 5.452343646659001813e-02
2.459636832154999953e+06 3.695122154410514526e+01 5.452139907855754752e-02
2.459637325222000014e+06 3.685998889152670444e+01 5.452258283399446376e-02
2.459637818289000075e+06 3.677704236110994174e+01 5.450150865348384749e-02
2.459638321882000193e+06 3.682402018979222191e+01 5.450329480187026537e-02
2.459638814950000029e+06 3.680357441382469830e+01 5.450693031887404033e-02
2.459639308017000090e+06 3.680781182583577760e+01 5.451320602238651086e-02
2.459639811610000208e+06 3.681666111503729866e+01 5.452631202085435336e-02
2.459640304676999804e+06 3.684685285197689097e+01 5.450315225829426707e-02
2.459640797743999865e+06 3.680594730444765617e+01 5.451044462382673844e-02
2.459641301338000223e+06 3.678364817132079168e+01 5.451129809274420090e-02
2.459641794404999819e+06 3.681486396080624957e+01 5.452365039458560020e-02
2.459642287471999880e+06 3.674068084532955680e+01 5.451530176707293507e-02
2.459642791065999772e+06 3.677673750620328974e+01 5.453492950267573719e-02
2.459643284132999834e+06 3.682965070542356045e+01 5.451162853761556959e-02
2.459643777199999895e+06 3.676996360471778047e+01 5.452488472260497154e-02
2.459644280793999787e+06 3.682673358383464546e+01 5.450731090099918824e-02
2.459644773860999849e+06 3.670641750175571616e+01 5.453207802306056506e-02
2.459645266927999910e+06 3.675005555982494343e+01 5.452921183563828184e-02
2.459645770521000028e+06 3.675161260320263779e+01 5.453152215454491053e-02
2.459646263588000089e+06 3.682398627363195232e+01 5.450324460250385861e-02
2.459646756655999925e+06 3.681438925546795815e+01 5.452294734518867148e-02
2.459647260249000043e+06 3.673523310301790445e+01 5.450721848420402721e-02
2.459647753316000104e+06 3.678310611144323161e+01 5.451049479048794555e-02
2.459648246383000165e+06 3.682836171622919608e+01 5.450972070252056018e-02
2.459648749977000058e+06 3.683613025545865582e+01 5.452121893062333163e-02
2.459649243044000119e+06 3.678259793756271279e+01 5.450974170537373903e-02
2.459649736111000180e+06 3.684305208098430739e+01 5.453146393633555994e-02
2.459650239705000073e+06 3.679198334758044098e+01 5.452365035523946274e-02
2.459650732772000134e+06 3.683928563226350406e+01 5.452588920918931964e-02
2.459651225839000195e+06 3.686929217478106580e+01 5.450238619767325265e-02
2.459651729431999847e+06 3.684586868615686228e+01 5.453563279843343103e-02
2.459652222500000149e+06 3.686525140933586897e+01 5.453036704858036515e-02
2.459652715567000210e+06 3.674978477640620156e+01 5.452881005103749068e-02
2.459653219159999862e+06 3.675641954456849447e+01 5.450480071256202236e-02
2.459653712226999924e+06 3.681662720565485358e+01 5.452626180028813385e-02
2.459654205293999985e+06 3.681615247758045228e+01 5.452555871721851549e-02
2.459654708887999877e+06 3.673662033961255702e+01 5.450927684621147823e-02
2.459655201954999939e+06 3.689894931943219092e+01 5.451224196908321246e-02
2.459655695022000000e+06 3.688131522175728350e+01 5.452015938264420658e-02
2.459656198615999892e+06 3.674802473281687298e+01 5.452619852329256001e-02
2.459656691682999954e+06 3.684546145281696994e+01 5.453503005167566198e-02
2.459657184750000015e+06 3.683534993513923439e+01 5.452006397719375008e-02
2.459657688343999907e+06 3.681815315878297667e+01 5.452852177155857044e-02
2.459658181410999969e+06 3.687279000161294107e+01 5.450755689387050407e-02
2.459658674478000030e+06 3.681479614538320533e+01 5.452354995840250074e-02
2.459659178071000148e+06 3.679533828076039725e+01 5.452862217755034824e-02
2.459659671138000209e+06 3.682252790828700739e+01 5.453500087502002880e-02
2.459660164206000045e+06 3.676589986272946220e+01 5.451885874265466336e-02
2.459660667799000163e+06 3.678395308351229431e+01 5.451174995546553825e-02
2.459661160866000224e+06 3.683066836033932390e+01 5.451313477038413624e-02
2.459661653932999820e+06 3.675895867577738585e+01 5.450856590085398357e-02
2.459662157527000178e+06 3.670597800220817675e+01 5.453142509026982776e-02
2.459662650593999773e+06 3.673716171444541345e+01 5.451008013051931306e-02
2.459663143660999835e+06 3.686226356510358215e+01 5.452594748716569489e-02
2.459663647255000193e+06 3.681571166413534968e+01 5.452490586248583126e-02
2.459664140321999788e+06 3.683914991156959218e+01 5.452568832875984151e-02
2.459664633388999850e+06 3.682008612353990884e+01 5.453138453630337890e-02
2.459665136981999967e+06 3.672904192958176139e+01 5.453186080653490975e-02
2.459665630049999803e+06 3.677030227015765007e+01 5.452538691766468937e-02
2.459666123116999865e+06 3.680540491596022434e+01 5.450964133414738788e-02
2.459666626709999982e+06 3.681730539923714218e+01 5.452726622040007798e-02
2.459667119777000044e+06 3.683626596502772088e+01 5.452141979458691168e-02
2.459667612844000105e+06 3.691417782537438086e+01 5.453473962866593056e-02
2.459668116437999997e+06 3.683514637603521180e+01 5.451976268901828626e-02
2.459668609505000059e+06 3.684800673503555402e+01 5.450485905980285983e-02
2.459669102572000120e+06 3.678059918841427844e+01 5.450677967153371578e-02
2.459669606166000012e+06 3.684423977980269171e+01 5.453322185137310374e-02
2.459670099233000074e+06 3.676698348334392108e+01 5.452046560552027687e-02
2.459670592300000135e+06 3.677578908487614484e+01 5.453352312207426084e-02
2.459671095894000027e+06 3.686823949574558412e+01 5.453478696821920102e-02
2.459671588961000089e+06 3.681879746909329043e+01 5.452947600977448017e-02
2.459672082028000150e+06 3.674085004280723155e+01 5.451555281989344665e-02
2.459672585620999802e+06 3.682639439864556863e+01 5.450680887242497635e-02
2.459673078687999863e+06 3.678730728444049447e+01 5.451672069262049336e-02
2.459673571756000165e+06 3.671936819618195358e+01 5.451749814811737704e-02
2.459674075348999817e+06 3.688070378578585462e+01 5.451925552153150112e-02
2.459674568415999878e+06 3.674724627888594597e+01 5.452504346437749005e-02
2.459675061482999939e+06 3.673607897275752521e+01 5.450847357374102864e-02
2.459675565076999832e+06 3.686481000801105523e+01 5.452971413627575453e-02
2.459676058143999893e+06 3.675746903086898243e+01 5.450635695885498733e-02
2.459676551210999954e+06 3.682978639112101860e+01 5.451182936624673903e-02
2.459677054804999847e+06 3.681015108624588095e+01 5.451667052022950849e-02
2.459677547871999908e+06 3.674660322068520202e+01 5.452408930372883156e-02
2.459678040938999970e+06 3.681421971933045256e+01 5.452269625831516336e-02
2.459678544532000087e+06 3.678568096700721668e+01 5.451431058163894866e-02
2.459679037599999923e+06 3.691342985023927525e+01 5.453363461613023461e-02
2.459679530666999985e+06 3.671385598452946653e+01 5.450931412961926292e-02
2.459680034260000102e+06 3.685598309129303374e+01 5.451665753174601836e-02
2.459680527327000163e+06 3.682459676929780557e+01 5.453806490520597683e-02
2.459681020394000225e+06 3.679615164396518878e+01 5.452982753608105748e-02
2.459681523988000117e+06 3.679482993788737843e+01 5.452786884199876255e-02
2.459682017055000179e+06 3.679855794871787111e+01 5.453339354440803199e-02
2.459682510121999774e+06 3.681001547288742159e+01 5.451646967376289066e-02
2.459683013716000132e+06 3.678439351669569390e+01 5.451240265267594254e-02
2.459683506783000194e+06 3.680248971477823972e+01 5.453922020060998632e-02
2.459683999849999789e+06 3.689487132220351384e+01 5.450621738638427444e-02
2.459684503444000147e+06 3.674663706557314669e+01 5.452413952229411692e-02
2.459684996511000209e+06 3.681842444596043151e+01 5.452892355403522739e-02
2.459685489577999804e+06 3.682059481534243872e+01 5.453213792042641700e-02
2.459685993170999922e+06 3.673929345540337721e+01 5.451324317755434218e-02
2.459686486237999983e+06 3.687645798226080274e+01 5.451297912158475922e-02
2.459686979305999819e+06 3.683171996662637326e+01 5.451469125463498377e-02
2.459687482898999937e+06 3.677541649747513475e+01 5.453297062533241091e-02
2.459687975965999998e+06 3.673141001476284373e+01 5.453537671886718452e-02
2.459688469033000059e+06 3.670398341655113228e+01 5.452846187816478424e-02
2.459688972626999952e+06 3.683959100565299138e+01 5.452634119286155212e-02
2.459689465694000013e+06 3.678093795181192149e+01 5.450728169983895532e-02
2.459689958761000074e+06 3.682961678407738049e+01 5.451157833057349023e-02
2.459690462354999967e+06 3.672894044362867305e+01 5.453171012964335568e-02
2.459690955422000028e+06 3.678588425275439988e+01 5.451461183968467350e-02
2.459691448489000089e+06 3.674819396411449901e+01 5.452644962629463882e-02
2.459691952082000207e+06 3.680791352971884578e+01 5.451335664814924847e-02
2.459692445150000043e+06 3.671892854157094632e+01 5.451684538989687301e-02
2.459692938217000104e+06 3.681330423767940374e+01 5.452134040917940017e-02
2.459693441810000222e+06 3.676610303916191214e+01 5.451916002583451215e-02
2.459693934876999818e+06 3.675134180831120290e+01 5.453112035292110443e-02
2.459807647255999967e+06 3.690132835930067046e+01 5.458373137537499142e-02
2.459808150849000085e+06 3.678110733468086835e+01 5.457528601928775258e-02
2.459808643916000146e+06 3.691798593377933457e+01 5.457436821581884007e-02
2.459809136983000208e+06 3.687900540571774144e+01 5.458467851331423593e-02
2.459809640577000100e+06 3.687068447386298686e+01 5.457236268794893319e-02
2.459810133644000161e+06 3.684254307892533120e+01 5.459857703390912781e-02
2.459810626711000223e+06 3.685391246695152745e+01 5.458148211983011866e-02
2.459811130305000115e+06 3.685652622513335785e+01 5.458535315511288399e-02
2.459811623372000176e+06 3.693050105616029555e+01 5.459286881599539898e-02
2.459812116438999772e+06 3.687200890470951009e+01 5.457432298029345902e-02
2.459812620031999890e+06 3.686786597169969326e+01 5.460214757755063597e-02
2.459813113100000191e+06 3.690612089098759441e+01 5.459082039557664606e-02
2.459813606166999787e+06 3.693934581974644260e+01 5.460594367293906265e-02
2.459814109759999905e+06 3.694295236964662621e+01 5.457724937349198863e-02
2.459814602826999966e+06 3.687727313862156819e+01 5.458211458184417803e-02
2.459815095894000027e+06 3.681825489124035755e+01 5.459649417153061152e-02
2.459815599487999920e+06 3.686348583574660864e+01 5.459566049663568121e-02
2.459816092554999981e+06 3.696657376550999885e+01 5.461214617328442877e-02
2.459816585622000042e+06 3.685554180094122501e+01 5.458389520050658389e-02
2.459817089215999935e+06 3.689408975753925546e+01 5.460700488805511621e-02
2.459817582282999996e+06 3.682965070542356045e+01 5.461339262324894916e-02
2.459818075350000057e+06 3.677704236110994174e+01 5.460312737688996498e-02
2.459818578943999950e+06 3.689300239076531085e+01 5.460539547464689225e-02
2.459819072011000011e+06 3.688559555739814755e+01 5.459443260800500575e-02
2.459819565078000072e+06 3.679916802281388044e+01 5.460208421249045790e-02
2.459820068671000190e+06 3.689014820545784801e+01 5.460117099012754688e-02
2.459820561737999786e+06 3.689208494997753007e+01 5.460403756897929534e-02
2.459821054806000087e+06 3.683925170204311428e+01 5.459369939845745701e-02
2.459821558399000205e+06 3.694407523535755900e+01 5.461293497710905526e-02
2.459822051465999801e+06 3.688726026652315682e+01 5.459689654680724424e-02
2.459822544532999862e+06 3.686830740961512731e+01 5.460280135713806854e-02
2.459823048127000220e+06 3.691706787171053605e+01 5.460701295778835201e-02
2.459823541193999816e+06 3.688430461020775653e+01 5.459252187487676627e-02
2.459824034260999877e+06 3.681889920333085797e+01 5.459744959924976021e-02
2.459824537854999769e+06 3.686535327193059430e+01 5.459842621207437047e-02
2.459825030921999831e+06 3.691152598192054057e+01 5.459881550157041907e-02
2.459825523988999892e+06 3.692713379908005322e+01 5.462190228291594757e-02
2.459826027582000010e+06 3.694162539053349548e+01 5.460931347040660910e-02
2.459826520649999846e+06 3.685622071136334199e+01 5.461884651603222951e-02
2.459827013716999907e+06 3.686810366838189879e+01 5.460249961174025446e-02
2.459827517310000025e+06 3.685941175787051804e+01 5.462357546751007986e-02
2.459828010377000086e+06 3.688430461020775653e+01 5.462649357486113605e-02
2.459828503444000147e+06 3.693441290190150283e+01 5.463266939105881209e-02
2.459829007038000040e+06 3.693414076009265301e+01 5.463226684415736778e-02
2.459829500105000101e+06 3.685038249040847802e+01 5.461019460088450961e-02
2.459829993172000162e+06 3.688267400465301904e+01 5.462407861096795630e-02
2.459830496766000055e+06 3.688923083564683481e+01 5.463378942671845429e-02
2.459830989833000116e+06 3.689483734078697097e+01 5.460811138728928482e-02
2.459831482900000177e+06 3.689725009914543108e+01 5.461168251503197013e-02
2.459831986494000070e+06 3.690370755255657542e+01 5.462124020278911335e-02
2.459832479561000131e+06 3.683378934408977301e+01 5.461952966484653893e-02
2.459832972628000192e+06 3.694843091620113285e+01 5.461937380425997690e-02
2.459833476220999844e+06 3.675994052020104164e+01 5.461159331266218775e-02
2.459833969287999906e+06 3.697832201002651686e+01 5.462950230833998888e-02
2.459834462356000207e+06 3.682632656198268251e+01 5.464238166817923098e-02
2.459834965948999859e+06 3.688236827413694385e+01 5.462362581712383591e-02
2.459835459015999921e+06 3.685968334905356869e+01 5.462397795037066128e-02
2.459835952082999982e+06 3.688012632778712430e+01 5.462030544361624884e-02
2.459836455676999874e+06 3.691577582303065697e+01 5.463910247040703466e-02
2.459836948743999936e+06 3.695067701479330680e+01 5.462269412113312378e-02
2.459837441810999997e+06 3.695693958638403132e+01 5.463195182789381404e-02
2.459837945404999889e+06 3.691434782183701913e+01 5.463698888341589344e-02
2.459838438471999951e+06 3.688909493094833181e+01 5.463358814877061070e-02
2.459838931539000012e+06 3.697515472440872486e+01 5.462482315505334113e-02
2.459839435132000130e+06 3.686284074341251227e+01 5.462865703125723699e-02
2.459839928199999966e+06 3.685258868612341843e+01 5.464740654740928710e-02
2.459840421267000027e+06 3.693427683074642687e+01 5.463246811723732055e-02
2.459840924860000145e+06 3.691944807976290832e+01 5.464453778383110416e-02
2.459841417927000206e+06 3.693941386459868426e+01 5.464006671838055745e-02
2.459841910993999802e+06 3.692798408754747896e+01 5.465717194344528462e-02
2.459842414588000160e+06 3.696974031608425548e+01 5.465087462984037636e-02
2.459842907655000221e+06 3.691577582303065697e+01 5.463910247040703466e-02
2.459843400721999817e+06 3.690228001819599513e+01 5.465311556270534971e-02
2.459843904316000175e+06 3.704305530300630522e+01 5.465689947093180234e-02
2.459844397382999770e+06 3.691111802291341348e+01 5.466620484859571749e-02
2.459844890449999832e+06 3.700043244993100444e+01 5.466216691457802951e-02
2.459845394044000190e+06 3.705892353116352922e+01 5.464618045652269024e-02
2.459845887110999785e+06 3.699201597887518744e+01 5.464973293704797341e-02
2.459846380177999847e+06 3.691812194491640042e+01 5.467657781629399472e-02
2.459846883770999964e+06 3.689646848409021374e+01 5.467849145191420318e-02
2.459847376838000026e+06 3.689480335940159250e+01 5.467602383076253236e-02
2.459847869905999862e+06 3.693652206891041345e+01 5.466980902415614907e-02
2.459848373498999979e+06 3.699961457118630648e+01 5.466095863074191263e-02
2.459848866566000041e+06 3.698990364302637346e+01 5.468068126205939683e-02
2.459849359633000102e+06 3.696316917503181543e+01 5.467520511423437646e-02
2.459849863226999994e+06 3.698128520025434085e+01 5.466794096603860148e-02
2.459850356294000056e+06 3.683792844782504261e+01 5.465959638203893300e-02
2.459850849361000117e+06 3.698322672949525014e+01 5.467081105033532590e-02
2.459851352955000009e+06 3.691247790380526794e+01 5.466821886310912343e-02
2.459851846022000071e+06 3.697399685975300088e+01 5.469122121610701243e-02
2.459852339089000132e+06 3.703844967084871342e+01 5.468421754950780062e-02
2.459852842681999784e+06 3.711077294929253867e+01 5.468845605281771882e-02
2.459853335750000086e+06 3.693274606479459266e+01 5.469823647026637176e-02
2.459853828817000147e+06 3.687961681353203858e+01 5.468748560615041554e-02
2.459854332409999799e+06 3.703367406455363664e+01 5.467716676050631691e-02
2.459854825476999860e+06 3.696565449517785140e+01 5.467888135173758907e-02
2.459855318543999922e+06 3.684339141959701180e+01 5.470163627970856673e-02
2.459855822137999814e+06 3.702746669690386483e+01 5.470210565103576089e-02
2.459856315204999875e+06 3.694448355862314770e+01 5.468159283859679726e-02
2.459856808271999937e+06 3.703862023960566319e+01 5.468446938021601783e-02
2.459857311865999829e+06 3.697930971372022668e+01 5.469907988696461054e-02
2.459857804932999890e+06 3.705571521223346565e+01 5.470970869801924930e-02
2.459858297999999952e+06 3.692499115897523154e+01 5.472076045214544632e-02
2.459858801593999844e+06 3.694050259928228996e+01 5.470972407416274663e-02
2.459859294660999905e+06 3.690302776740256974e+01 5.472220088557683271e-02
2.459859787727999967e+06 3.706373653040227367e+01 5.472155151303109005e-02
2.459860291321000084e+06 3.698833650405138940e+01 5.471243214067809252e-02
2.459860784388000146e+06 3.705008426024172508e+01 5.470139506160996007e-02
2.459861277455999982e+06 3.685740883469505746e+01 5.472244803217571341e-02
2.459861781049000099e+06 3.690680073311954601e+01 5.472779568362972497e-02
2.459862274116000161e+06 3.699351512910808992e+01 5.472009226272672028e-02
2.459862767183000222e+06 3.705452069636245938e+01 5.474207356860304879e-02
2.459863270777000114e+06 3.705196114915764127e+01 5.473829225072995158e-02
2.459863763844000176e+06 3.687000529701097662e+01 5.474115008628819418e-02
2.459864256910999771e+06 3.700946439640237884e+01 5.474368411050924144e-02
2.459864760505000129e+06 3.703892726534751745e+01 5.471903679112583019e-02
2.459865253572000191e+06 3.697723216070446739e+01 5.473006410013717127e-02
2.459865746638999786e+06 3.700551051835898875e+01 5.473783561056068392e-02
2.459866250231999904e+06 3.706998412110968388e+01 5.473077556566936785e-02
2.459866743300000206e+06 3.692318871676341985e+01 5.475209684771636942e-02
2.459867236366999801e+06 3.712957686839721561e+01 5.475036413614525060e-02
2.459867739959999919e+06 3.714264265152195321e+01 5.473542098163154679e-02
2.459868233026999980e+06 3.705974272093641986e+01 5.474978826705367146e-02
2.459868726094000041e+06 3.703981424289823821e+01 5.475446208694419170e-02
2.459869229687999934e+06 3.704169061155402431e+01 5.475723584697848173e-02
2.459869722754999995e+06 3.698251141738986547e+01 5.477194008871669184e-02
2.459870215822000057e+06 3.706264416368754411e+01 5.475407468041301740e-02
2.459870719415999949e+06 3.706045952684209510e+01 5.478498117674213130e-02
2.459871212483000010e+06 3.698697382847689141e+01 5.477854902097527984e-02
2.459871705550000072e+06 3.707811097848335891e+01 5.477692440286287268e-02
2.459872209143999964e+06 3.715434419061521965e+01 5.478688542252885263e-02
2.459872702211000025e+06 3.699075537683950898e+01 5.478414958006175978e-02
2.459873195278000087e+06 3.695326360049426029e+01 5.479669383416155976e-02
2.459873698871000204e+06 3.698629250951555036e+01 5.477753997210591669e-02
2.459874191937999800e+06 3.710219468934660370e+01 5.477833181428436865e-02
2.459874685006000102e+06 3.707698403893553518e+01 5.480940869587039299e-02
2.459875188599000219e+06 3.711340492456836415e+01 5.479488280243575288e-02
2.459875681665999815e+06 3.701887359777505537e+01 5.479169766184319862e-02
2.459876174732999876e+06 3.701832807151305360e+01 5.479089022749662752e-02
2.459876678326999769e+06 3.703824498937731136e+01 5.482036929144199627e-02
2.459877171393999830e+06 3.710250224207886305e+01 5.481295855796955441e-02
2.459877664460999891e+06 3.710937158406582626e+01 5.482310690201372405e-02
2.459878168054999784e+06 3.715376244810387618e+01 5.482024747910272527e-02
2.459878661121999845e+06 3.707619861647577864e+01 5.480824763755587359e-02
2.459879154188999906e+06 3.709519001189734411e+01 5.483632185071928705e-02
2.459987411249999888e+06 4.400017461598387314e+01 6.208530876678641092e-02
2.459987904316999950e+06 4.405297067313159687e+01 6.224095384904118622e-02
2.459988407910000067e+06 4.408804080783242085e+01 6.233110984366485585e-02
2.459988900977000128e+06 4.429296977161980209e+01 6.249844980092385260e-02
2.459989394044000190e+06 4.448016606511491489e+01 6.259871730319278849e-02
2.459989897638000082e+06 4.447250575613904289e+01 6.275177940997447856e-02
2.459990390705000143e+06 4.458512617251875554e+01 6.286962511794706721e-02
2.459990883772000205e+06 4.476506299663797250e+01 6.299966415332036718e-02
2.459991387366000097e+06 4.489901360399121444e+01 6.314682468249084579e-02
2.459991880433000159e+06 4.512541406891221385e+01 6.329899042305903167e-02
2.459992373500000220e+06 4.521981695134331147e+01 6.343141263511430095e-02
2.459992877094000112e+06 4.530607087029854085e+01 6.355240401220306479e-02
2.459993370161000174e+06 4.542393984026718812e+01 6.371774292277411489e-02
2.459993863227999769e+06 4.556355482822070968e+01 6.387162014552198730e-02
2.459994366820999887e+06 4.568571224535165243e+01 6.400078400320063921e-02
2.459994859887999948e+06 4.595445289163362190e+01 6.416563275536744937e-02
2.459995352955999784e+06 4.591916688256969792e+01 6.428553580107861098e-02
2.459995856548999902e+06 4.611480749211535368e+01 6.447448051032395044e-02
2.459996349615999963e+06 4.613855618398453373e+01 6.459267462235872281e-02
2.459996842683000024e+06 4.650953527000531551e+01 6.476933993733205441e-02
2.459997346276999917e+06 4.657177600732210720e+01 6.489891079461192203e-02
2.459997839343999978e+06 4.679195600277829215e+01 6.507644605987446262e-02
2.459998332411000039e+06 4.680303323867475029e+01 6.522117341190623863e-02
2.459998836004999932e+06 4.693365752909370059e+01 6.540320156067548629e-02
2.459999329071999993e+06 4.702322379969676547e+01 6.552801435298043209e-02
2.459999822139000054e+06 4.732711159537076639e+01 6.568995015701094287e-02
2.460000325732000172e+06 4.749024389631076559e+01 6.587263738135788749e-02
2.460000818800000008e+06 4.762107555263833092e+01 6.601025036526862733e-02
2.460001311867000069e+06 4.776678372823151619e+01 6.616822982638249917e-02
2.460001815460000187e+06 4.785930636481282363e+01 6.634047548878514722e-02
2.460002308526999783e+06 4.796870565423090937e+01 6.649211999493008507e-02
2.460002801593999844e+06 4.824989804612778244e+01 6.665969758769782483e-02
2.460003305188000202e+06 4.838562998791482528e+01 6.680265338304890166e-02
2.460003798254999798e+06 4.851437043864245879e+01 6.698039631433827523e-02
2.460004291321999859e+06 4.867209051200091352e+01 6.710849207860479504e-02
2.460004794916000217e+06 4.881233689034054635e+01 6.730186209560741484e-02
2.460005287982999813e+06 4.908323741012075914e+01 6.744933980737446988e-02
2.460005781049999874e+06 4.911882847825105358e+01 6.758872866623694131e-02
2.460006284644000232e+06 4.920141579669606813e+01 6.774768704746912673e-02
2.460006777710999828e+06 4.944477443515169313e+01 6.790061744255303233e-02
2.460007270777999889e+06 4.955469414659783212e+01 6.805156597779386807e-02
2.460007774371000007e+06 4.962750022450977383e+01 6.819725639660648153e-02
2.460008267438000068e+06 4.997403308609001726e+01 6.835126139076833085e-02
2.460008760505999904e+06 5.003183135483575228e+01 6.852247617662739210e-02
2.460009264099000022e+06 5.010053920858062071e+01 6.866272121686818608e-02
2.460009757166000083e+06 5.030384710293668604e+01 6.880235974492740492e-02
2.460010250233000144e+06 5.049328197563574605e+01 6.892193845977749589e-02
2.460010753827000037e+06 5.068408376512298474e+01 6.908901411194316722e-02
2.460011246894000098e+06 5.056737388424021162e+01 6.920936896335759536e-02
2.460011739961000159e+06 5.076640381630251397e+01 6.934149983176465804e-02
2.460012243555000052e+06 5.082254393779845003e+01 6.946499055034684178e-02
2.460012736622000113e+06 5.099279300117485292e+01 6.960375724467642022e-02
2.460013229689000174e+06 5.107570853642079101e+01 6.971693466539423401e-02
2.460013733281999826e+06 5.121938977469346099e+01 6.981870599353681706e-02
2.460014226350000128e+06 5.139863671188570748e+01 6.992102325662707951e-02
2.460014719417000189e+06 5.145182691584621182e+01 7.004077035320149802e-02
2.460015223009999841e+06 5.159100641683797051e+01 7.013519963462624962e-02
2.460015716076999903e+06 5.142188585633690678e+01 7.023681847464582906e-02
2.460016209143999964e+06 5.183825813747119327e+01 7.032809065578259078e-02
2.460016712737999856e+06 5.181539342223280187e+01 7.039251796417644869e-02
2.460017205804999918e+06 5.189175990401227523e+01 7.049626375448084237e-02
2.460017698871999979e+06 5.192044427534007411e+01 7.058305269231941736e-02
2.460018202465999871e+06 5.191991825254428505e+01 7.063015760452721892e-02
2.460018695532999933e+06 5.218508557791637514e+01 7.070249711550868899e-02
2.460019188599999994e+06 5.211155108419156790e+01 7.074685910028205571e-02
2.460019692193999887e+06 5.217398391949434711e+01 7.083161817788580228e-02
2.460020185260999948e+06 5.221330691502938492e+01 7.083691300777028577e-02
2.460020678328000009e+06 5.231058778734166026e+01 7.087253266305286459e-02
2.460021181921000127e+06 5.220272813561126668e+01 7.091872193502082866e-02
2.460021674988000188e+06 5.235363007554811077e+01 7.093084812280654738e-02
2.460022168056000024e+06 5.232046558536652725e+01 7.098229336877774631e-02
2.460022671649000142e+06 5.235483557630853113e+01 7.098070197032280149e-02
2.460023164716000203e+06 5.232807999027409807e+01 7.099262370351255846e-02
2.460023657782999799e+06 5.230601090355278160e+01 7.096268294571334012e-02
2.460024161377000157e+06 5.238609184217460779e+01 7.097482865739526692e-02
2.460024654444000218e+06 5.238208729722794033e+01 7.096940313543999290e-02
2.460025147510999814e+06 5.236843554753620822e+01 7.095090718429777898e-02
2.460025651105000172e+06 5.227668017988301585e+01 7.092289044752066174e-02
2.460026144171999767e+06 5.231680335489039635e+01 7.088095376923329860e-02
2.460026637238999829e+06 5.229050065514829981e+01 7.084531779140454399e-02
2.460027140831999946e+06 5.212988897764955709e+01 7.077175470092483822e-02
2.460027633899999782e+06 5.212167933240338158e+01 7.071260341155656548e-02
2.460028126966999844e+06 5.205911729298990309e+01 7.067567476665428949e-02
2.460028630559999961e+06 5.194402513333956506e+01 7.061510960103695167e-02
2.460029123627000023e+06 5.186930154906947621e+01 7.051352690544358814e-02
2.460029616694000084e+06 5.181486846374112076e+01 7.043952805232202297e-02
2.460030120287999976e+06 5.180265275002005154e+01 7.037520943984848509e-02
2.460030613355000038e+06 5.168222470951404546e+01 7.025920599952395484e-02
2.460031106422000099e+06 5.161244106824902644e+01 7.016433889086923226e-02
2.460031610015999991e+06 5.151351680680121348e+01 7.007730237806247819e-02
2.460032103083000053e+06 5.134649461488938016e+01 6.999196646202406058e-02
2.460032596150000114e+06 5.124557848236248958e+01 6.985440461644383536e-02
2.460033099744000006e+06 5.115465970923460048e+01 6.973047047513070140e-02
2.460033592811000068e+06 5.106418443251713768e+01 6.960714087724584331e-02
2.460034085878000129e+06 5.106841747463461445e+01 6.951883956409514453e-02
2.460034589470999781e+06 5.083607362400262275e+01 6.934301785940713558e-02
2.460035082537999842e+06 5.048505107901794275e+01 6.918969421519259588e-02
2.460035575606000144e+06 5.039961280602088323e+01 6.907260117761819529e-02
2.460036079198999796e+06 5.078370707122765282e+01 6.927158718930524761e-02
2.460036572265999857e+06 5.021853047787384128e+01 6.877817511596551192e-02
2.460037065332999919e+06 5.005616805025622540e+01 6.869411747349518649e-02
2.460037568926999811e+06 5.007203014444634448e+01 6.853141349488571510e-02
2.460038061993999872e+06 4.987746815332222639e+01 6.840294148323207424e-02
2.460038555060999934e+06 4.968974865899973992e+01 6.823703117376760108e-02
2.460039058654999826e+06 4.955683934634951981e+01 6.810015543437174246e-02
2.460039551721999887e+06 4.945215251744566842e+01 6.791074948075173645e-02
2.460040044788999949e+06 4.931978787250973539e+01 6.777440338021809008e-02
2.460040548382000066e+06 4.904572966268307255e+01 6.762366123859039901e-02
2.460041041449999902e+06 4.891801208517923527e+01 6.744756578125429836e-02
2.460041534516999964e+06 4.888995077575457771e+01 6.727378725963080452e-02
2.460042038110000081e+06 4.869895028314117980e+01 6.714552600749172651e-02
2.460042531177000143e+06 4.861434066700591927e+01 6.698409182554830588e-02
2.460043024244000204e+06 4.828986596951063603e+01 6.680386853486465493e-02
2.460043527838000096e+06 4.818550334756988462e+01 6.665949400128270974e-02
2.460044020905000158e+06 4.799787385376562554e+01 6.648834400078339202e-02
2.460044513972000219e+06 4.792224995119621411e+01 6.629531106290371956e-02
2.460045017566000111e+06 4.765565027545216736e+01 6.614596128449561074e-02
2.460045510633000173e+06 4.768981085942452580e+01 6.597375642162799092e-02
2.460046003699999768e+06 4.737639380175288295e+01 6.580198904664777415e-02
2.460046507294000126e+06 4.710402295887305968e+01 6.564060996073302345e-02
2.460047000361000188e+06 4.717453195726837123e+01 6.547816987961700697e-02
2.460047493427999783e+06 4.691719074247098575e+01 6.533704236050529024e-02
2.460047997020999901e+06 4.690418563405480512e+01 6.514612999564804718e-02
2.460048490087999962e+06 4.666602399334272633e+01 6.498726667556667391e-02
2.460048983155999798e+06 4.651574703021665869e+01 6.482083304240192356e-02
2.460049486748999916e+06 4.639290844692216353e+01 6.469238391501122565e-02
2.460049979815999977e+06 4.622434862813977929e+01 6.449991062721574520e-02
2.460050472883000039e+06 4.611281128987813105e+01 6.434427515450528989e-02
2.460050976476999931e+06 4.582760910053892189e+01 6.419956628180016611e-02
2.460051469543999992e+06 4.580254393769891408e+01 6.403789557051368930e-02
2.460051962611000054e+06 4.559974352613345872e+01 6.388035104595206348e-02
2.460052466204999946e+06 4.542511129122390656e+01 6.371938615784288051e-02
2.460052959272000007e+06 4.529843521050344179e+01 6.358341460685305868e-02
2.460053452339000069e+06 4.512437502981710225e+01 6.342221618265080074e-02
2.460053955932000186e+06 4.500189479136393089e+01 6.329151873656187199e-02
2.460054449000000022e+06 4.495483417280264860e+01 6.314252192483198189e-02
2.460054942067000084e+06 4.473571675552497595e+01 6.299956713190330015e-02
2.460055445660000201e+06 4.467695852829460534e+01 6.283452221058032083e-02
2.460055938726999797e+06 4.447443095030978100e+01 6.271353344074293013e-02
2.460056431793999858e+06 4.433995009739692250e+01 6.256474017493472706e-02
2.460056935388000216e+06 4.424334966638498656e+01 6.242843463436074242e-02
2.460057428454999812e+06 4.405706886657315380e+01 6.228732210809462266e-02
2.460057921521999873e+06 4.390310132640508556e+01 6.215051726465822823e-02
2.460058425116000231e+06 4.397068182537346814e+01 6.204369372713208070e-02
2.460058918182999827e+06 4.379151800561799490e+01 6.191188968742022958e-02
