2.458346727899000049e+06 1.586227957087559259e+00 7.484548998685972183e-03
2.458347220966000110e+06 1.587389853520436045e+00 7.484183197134257857e-03
2.458347714033000171e+06 1.585379360623913714e+00 7.484925497504769931e-03
2.458348217627000064e+06 1.586824144834023453e+00 7.484439047056830503e-03
2.458348710694000125e+06 1.592827701231971371e+00 7.484881591008463175e-03
2.458349203761000186e+06 1.592199928204890647e+00 7.484864553603174514e-03
2.458349707355000079e+06 1.582455842039918403e+00 7.484240382943846415e-03
2.458350200422000140e+06 1.583617892564769258e+00 7.483902048343285714e-03
2.458350693489000201e+06 1.604614823810704749e+00 7.484110258244170387e-03
2.458351197081999853e+06 1.592199928204890647e+00 7.484864553603174514e-03
2.458351690150000155e+06 1.588615516050572829e+00 7.484109242179012161e-03
2.458352183217000216e+06 1.596096701198167045e+00 7.484072346661816040e-03
2.458352686809999868e+06 1.588396055866346801e+00 7.484538312529164655e-03
2.458353179876999930e+06 1.602414255865273640e+00 7.484177699778379184e-03
2.458353672943999991e+06 1.602163376234494674e+00 7.484481597508883810e-03
2.458354176537999883e+06 1.602697649511694467e+00 7.484025168742029083e-03
2.458354669604999945e+06 1.584183917297002697e+00 7.485117895229490698e-03
2.458355162672000006e+06 1.591760047881032758e+00 7.484262759979432023e-03
2.458355666265999898e+06 1.591916924585652593e+00 7.485000375224807288e-03
2.458356159332999960e+06 1.594211728945406081e+00 7.484043680983177085e-03
2.458356652400000021e+06 1.595845340837491078e+00 7.484363549758159956e-03
2.458357155993999913e+06 1.594430524124603732e+00 7.485070817246555069e-03
2.458357649060999975e+06 1.592073816751334192e+00 7.484271708991259604e-03
2.458358142128000036e+06 1.591257266945330651e+00 7.484829949186564552e-03
2.458358645721000154e+06 1.588144445501556756e+00 7.484815457030670818e-03
2.458359138788000215e+06 1.598643403576586186e+00 7.484234554184368733e-03
2.458359631856000051e+06 1.599994169290721135e+00 7.484663724221936668e-03
2.458360135449000169e+06 1.587389853520436045e+00 7.484183197134257857e-03
2.458360628516000230e+06 1.591853878818212165e+00 7.484703941669977774e-03
2.458361121582999825e+06 1.586730610371702488e+00 7.483997880980349481e-03
2.458361625177000184e+06 1.589527331890952633e+00 7.484012861518892640e-03
2.458362118243999779e+06 1.596851019854602205e+00 7.484667826703256602e-03
2.458362611310999840e+06 1.592324583062179499e+00 7.483983965678345923e-03
2.458363114905000199e+06 1.588333149538267319e+00 7.484241897273743137e-03
2.458363607971999794e+06 1.576263430541540389e+00 7.483989157616602848e-03
2.458364101038999856e+06 1.585126768163278799e+00 7.483732952807871548e-03
2.458364604631999973e+06 1.592733812893373901e+00 7.484440398846476002e-03
2.458365097699999809e+06 1.575257659511853703e+00 7.485017290394271189e-03
2.458365590766999871e+06 1.592010764770386722e+00 7.483975304294294972e-03
2.458366094359999988e+06 1.583084147383128748e+00 7.484295810443045323e-03
2.458366587427000050e+06 1.586793453230826101e+00 7.484294286571469522e-03
2.458367080494000111e+06 1.590156980340727833e+00 7.484048274277903430e-03
2.458367584088000003e+06 1.585252329326775733e+00 7.484325754743796980e-03
2.458368077155000065e+06 1.596537779949180003e+00 7.484670092356041776e-03
2.458368570222000126e+06 1.597668968573160875e+00 7.484087146171273380e-03
2.458369073816000018e+06 1.600560150622397426e+00 7.484363005579389334e-03
2.458369566883000080e+06 1.589244803309061371e+00 7.484146373408839120e-03
2.458370059950000141e+06 1.593802119385142380e+00 7.485056656607720800e-03
2.458370563544000033e+06 1.609675744835839195e+00 7.483993924418754634e-03
2.458371056611000095e+06 1.590848416491187356e+00 7.484372056329497043e-03
2.458371549678000156e+06 1.598800958673756156e+00 7.484972166649906007e-03
2.458372053270999808e+06 1.594777133642170774e+00 7.483760291218215233e-03
2.458372546337999869e+06 1.593488009897741753e+00 7.485049144408790177e-03
2.458373039406000171e+06 1.597448257694642715e+00 7.484524556959886409e-03
2.458373542998999823e+06 1.584404254802151524e+00 7.484699678676151775e-03
2.458374036065999884e+06 1.568593460157690966e+00 7.485135598740976469e-03
2.458374529132999945e+06 1.589527331890952633e+00 7.484012861518892640e-03
2.458375032726999838e+06 1.585410024875875790e+00 7.485070270198972489e-03
2.458375525793999899e+06 1.594901990271341718e+00 7.484346201978893907e-03
2.458376018860999960e+06 1.591131230156004106e+00 7.484237107315519673e-03
2.458376522454999853e+06 1.586353605478503903e+00 7.485141865262576709e-03
2.458377015521999914e+06 1.583995706215358457e+00 7.484228615822020002e-03
2.458377508588999975e+06 1.591005203349521224e+00 7.485109682346626457e-03
2.458378012182000093e+06 1.590785413040598950e+00 7.484075647658409297e-03
2.458378505249999929e+06 1.582423777459537773e+00 7.484088733197312611e-03
2.458378998316999990e+06 1.592576855687853898e+00 7.485169656275356825e-03
2.458379501910000108e+06 1.593551120385348518e+00 7.483877876813569557e-03
2.458379994977000169e+06 1.595405922810522625e+00 7.483772143974969614e-03
2.458380488044000231e+06 1.588773546158132266e+00 7.484853736096247837e-03
2.458380991638000123e+06 1.591601720715916102e+00 7.484984244203098797e-03
2.458381484705000184e+06 1.593802119385142380e+00 7.485056656607720800e-03
2.458381977771999780e+06 1.578462977257645727e+00 7.484255725572475787e-03
2.458382481366000138e+06 1.596789249375408115e+00 7.484378299682566821e-03
2.458382974433000199e+06 1.599680312821943007e+00 7.484668885059233244e-03
2.458383467499999795e+06 1.592073816751334192e+00 7.484271708991259604e-03
2.458383971094000153e+06 1.587862162719107184e+00 7.484947552805221345e-03
2.458384464161000215e+06 1.598076628150880252e+00 7.484524895213853779e-03
2.458384957227999810e+06 1.586856298578851687e+00 7.484590703901783382e-03
2.458385460820999928e+06 1.590502660842620042e+00 7.484210306918111406e-03
2.458385953887999989e+06 1.590281475253676913e+00 7.484634207585074556e-03
2.458386446955999825e+06 1.579940747795474110e+00 7.483986653758385732e-03
2.458386950548999943e+06 1.586667770001387368e+00 7.485162862149877597e-03
2.458387443616000004e+06 1.597008398302501408e+00 7.483934582777656240e-03
2.458387936683000065e+06 1.599334110685873833e+00 7.484522097340587377e-03
2.458388440276999958e+06 1.578683973082213754e+00 7.483849551893940154e-03
2.458388933344000019e+06 1.591947715286535114e+00 7.485145149367289710e-03
2.458389426411000080e+06 1.598768562899738122e+00 7.484820502075573492e-03
2.458389930004999973e+06 1.594683130395364357e+00 7.484787922592234938e-03
2.458390423072000034e+06 1.588741353564991687e+00 7.484702073921593868e-03
2.458390916139000095e+06 1.572680130957440303e+00 7.484357803530499592e-03
2.458391419732000213e+06 1.591664756496572242e+00 7.483814711442837025e-03
2.458391912800000049e+06 1.597542423939940059e+00 7.484965754082842718e-03
2.458392405867000110e+06 1.596002620170193786e+00 7.485101174936920065e-03
2.458392909460000228e+06 1.586886991397602698e+00 7.484735470120443615e-03
2.458393402526999824e+06 1.588584789799514230e+00 7.483964488072556397e-03
2.458393895593999885e+06 1.586793453230826101e+00 7.484294286571469522e-03
2.458394399187999777e+06 1.596129042832379330e+00 7.484223996076336781e-03
2.458394892254999839e+06 1.585472815432878324e+00 7.483906443834244769e-03
2.458395385321999900e+06 1.585189547501828944e+00 7.484029347906421235e-03
2.458395888915999793e+06 1.591979972850031011e+00 7.483830552778404990e-03
2.458396381982999854e+06 1.593677348859175336e+00 7.484470690229224482e-03
2.458396875049999915e+06 1.587673514638613170e+00 7.484058293635510901e-03
2.458397378643999808e+06 1.591760047881032758e+00 7.484262759979432023e-03
2.458397871710999869e+06 1.575917941849012793e+00 7.483800275393433406e-03
2.458398364777999930e+06 1.586353605478503903e+00 7.485141865262576709e-03
2.458398868371000048e+06 1.583932974157310491e+00 7.483932212831702346e-03
2.458399361438000109e+06 1.581481077763339016e+00 7.484000019468997796e-03
2.458399854505999945e+06 1.587955763884085769e+00 7.483926213554800699e-03
2.458400358099000063e+06 1.584624622953120898e+00 7.484281200988255299e-03
2.458400851166000124e+06 1.593457189405208307e+00 7.484904372123191325e-03
2.458401344233000185e+06 1.585096109389934282e+00 7.485048133448406193e-03
2.458401847827000078e+06 1.582801306222598514e+00 7.484416445297669210e-03
2.458402340894000139e+06 1.582643870154209376e+00 7.485129663749490354e-03
2.458402833961000200e+06 1.578903545623160154e+00 7.484890449179393453e-03
2.458403337555000093e+06 1.588144445501556756e+00 7.484815457030670818e-03
2.458403830622000154e+06 1.604363599651242644e+00 7.484416193014216401e-03
2.458404323689000215e+06 1.590848416491187356e+00 7.484372056329497043e-03
2.458404827281999867e+06 1.601284131967530167e+00 7.484798732990180677e-03
2.458405320350000169e+06 1.604645860113107503e+00 7.484255015170095636e-03
2.458405813417000230e+06 1.599145572532138182e+00 7.485112648904209375e-03
2.458406317009999882e+06 1.610776184900555297e+00 7.484659549170712654e-03
2.458406810076999944e+06 1.600685460009506400e+00 7.484948963527152110e-03
2.458407303144000005e+06 1.595908544687768993e+00 7.484659969831657100e-03
2.458407806737999897e+06 1.591601720715916102e+00 7.484984244203098797e-03
2.458408299804999959e+06 1.585252329326775733e+00 7.484325754743796980e-03
2.458408792872000020e+06 1.583900879646475968e+00 7.483780569329479167e-03
2.458409296465999912e+06 1.593204777330006428e+00 7.483718723548621506e-03
2.458409789532999974e+06 1.585849611001903581e+00 7.484224410278340206e-03
2.458410282600000035e+06 1.587955763884085769e+00 7.483926213554800699e-03
2.458410786193999927e+06 1.578180961736816101e+00 7.484372112094313419e-03
2.458411279260999989e+06 1.592607659153058908e+00 7.483847587830074616e-03
2.458411772328000050e+06 1.590879186525091082e+00 7.484516818319095731e-03
2.458412275921000168e+06 1.588678433561852898e+00 7.484405652180618936e-03
2.458412768988000229e+06 1.584467005525381111e+00 7.484996112062118970e-03
2.458413262056000065e+06 1.594840295185837808e+00 7.484056687399511659e-03
2.458413765649000183e+06 1.586949840450235572e+00 7.485031904923964384e-03
2.458414258715999778e+06 1.588962324944860560e+00 7.484279601395665837e-03
2.458414751782999840e+06 1.581229106401278228e+00 7.484263988052597752e-03
2.458415255377000198e+06 1.588428241462735979e+00 7.484689971385529404e-03
2.458415748443999793e+06 1.584499111507603475e+00 7.485147780194854189e-03
2.458416241510999855e+06 1.601534873919168156e+00 7.484495694860003601e-03
2.458416745105000213e+06 1.576012290487356360e+00 7.484248323065757075e-03
2.458417238171999808e+06 1.581481077763339016e+00 7.484000019468997796e-03
2.458417731238999870e+06 1.587359150975563127e+00 7.484038441597400289e-03
2.458418234831999987e+06 1.579940747795474110e+00 7.483986653758385732e-03
2.458526481366999913e+06 1.576482666419369183e+00 7.485030074319254899e-03
2.458526984960000031e+06 1.586416433406250270e+00 7.483977172629116895e-03
2.458527478027000092e+06 1.595405922810522625e+00 7.483772143974969614e-03
2.458527971094000153e+06 1.594777133642170774e+00 7.483760291218215233e-03
2.458528474688000046e+06 1.600215231924222437e+00 7.484223987466104462e-03
2.458528967755000107e+06 1.587233422939587468e+00 7.484907558425821922e-03
2.458529460822000168e+06 1.600403896190053299e+00 7.485106372282683898e-03
2.458529964416000061e+06 1.600277134934729339e+00 7.484513508517329737e-03
2.458530457483000122e+06 1.590031030700471470e+00 7.484919967019514411e-03
2.458530950550000183e+06 1.594493671940720114e+00 7.483898682387628287e-03
2.458531454144000076e+06 1.593614233372456557e+00 7.484174277651869933e-03
2.458531947211000137e+06 1.591821623809702269e+00 7.484552282530566002e-03
2.458532440278000198e+06 1.582078395676755234e+00 7.483912394729393819e-03
2.458532943870999850e+06 1.592764619394429815e+00 7.484585162157948723e-03
2.458533436937999912e+06 1.603735711318985846e+00 7.484441260815805248e-03
2.458533930006000213e+06 1.582455842039918403e+00 7.484240382943846415e-03
2.458534433598999865e+06 1.597290835900453843e+00 7.483786988604398081e-03
2.458534926665999927e+06 1.599680312821943007e+00 7.484668885059233244e-03
2.458535419732999988e+06 1.594085458145582113e+00 7.484919108354280010e-03
2.458535923326999880e+06 1.575257659511853703e+00 7.485017290394271189e-03
2.458536416393999942e+06 1.582769234642229739e+00 7.484264791983637546e-03
2.458536909461000003e+06 1.599743668557236598e+00 7.484965317225610038e-03
2.458537413054999895e+06 1.590502660842620042e+00 7.484210306918111406e-03
2.458537906121999957e+06 1.586730610371702488e+00 7.483997880980349481e-03
2.458538399189000018e+06 1.605558004205887901e+00 7.484073040648190484e-03
2.458538902782000136e+06 1.602508714845812809e+00 7.484618876454823821e-03
2.458539395849999972e+06 1.594965156759991620e+00 7.484642621365354687e-03
2.458539888917000033e+06 1.583146845823176774e+00 7.484592227833711947e-03
2.458540392510000151e+06 1.593488009897741753e+00 7.485049144408790177e-03
2.458540885577000212e+06 1.588867201047259758e+00 7.483831551850850423e-03
2.458541378643999808e+06 1.587955763884085769e+00 7.483926213554800699e-03
2.458541882238000166e+06 1.592010764770386722e+00 7.483975304294294972e-03
2.458542375305000227e+06 1.572333979486176592e+00 7.484158647721209437e-03
2.458542868371999823e+06 1.602728648732294925e+00 7.484169924022138903e-03
2.458543371966000181e+06 1.598203215099519348e+00 7.485117759881173075e-03
2.458543865032999776e+06 1.581261146774099347e+00 7.484415641350338627e-03
2.458544358099999838e+06 1.591381848000766652e+00 7.483950226843602560e-03
2.458544861694000196e+06 1.587107704862005475e+00 7.484314710407675986e-03
2.458545354760999791e+06 1.584121177785103418e+00 7.484821457020435394e-03
2.458545847827999853e+06 1.607853221009432509e+00 7.484405644179407263e-03
2.458546351420999970e+06 1.595311882500095368e+00 7.484800353752445526e-03
2.458546844488000032e+06 1.588962324944860560e+00 7.484279601395665837e-03
2.458547337555999868e+06 1.587264123052640974e+00 7.485052330773050294e-03
2.458547841148999985e+06 1.592261521149968662e+00 7.485154099434197794e-03
2.458548334216000047e+06 1.578275445859907533e+00 7.484820194001932242e-03
2.458548827283000108e+06 1.597229048407995622e+00 7.484968597975669678e-03
2.458549330877000000e+06 1.589370690670623087e+00 7.484739208092664429e-03
2.458549823944000062e+06 1.596631892523711960e+00 7.485111298058004514e-03
2.458550317011000123e+06 1.578651984929491991e+00 7.485151902277645611e-03
2.458550820605000015e+06 1.596380447878736231e+00 7.483932509658651651e-03
2.458551313672000077e+06 1.586981996742022893e+00 7.483721909346524766e-03
2.458551806739000138e+06 1.590218494256047554e+00 7.484337788531832472e-03
2.458552310331999790e+06 1.600937582733600539e+00 7.484653394022236679e-03
2.458552803400000092e+06 1.592450714379458176e+00 7.484576787497543467e-03
2.458553296467000153e+06 1.586132996884034529e+00 7.484100933013552309e-03
2.458553800059999805e+06 1.599303177120819930e+00 7.484377335248884600e-03
2.458554293126999866e+06 1.596883376773533536e+00 7.484819488183936179e-03
2.458554786193999927e+06 1.589809910699466755e+00 7.483879065629119032e-03
2.458555289787999820e+06 1.593928367741118013e+00 7.484181501117412663e-03
2.458555782854999881e+06 1.592890785567889766e+00 7.485178031599138554e-03
2.458556275921999943e+06 1.584467005525381111e+00 7.484996112062118970e-03
2.458556779515999835e+06 1.588302428748608497e+00 7.484097140601536809e-03
2.458557272582999896e+06 1.576892181962068706e+00 7.484069682893845082e-03
2.458557765649999958e+06 1.585189547501828944e+00 7.484029347906421235e-03
2.458558269243999850e+06 1.586698459173637277e+00 7.483846236147498852e-03
2.458558762310999911e+06 1.595185524561734347e+00 7.484207514225505592e-03
2.458559255377999973e+06 1.580474888833839797e+00 7.485061143552839205e-03
2.458559758971000090e+06 1.595814474750576029e+00 7.484218790733007665e-03
2.458560252038000152e+06 1.613542466501652894e+00 7.484138251715126595e-03
2.458560745105999988e+06 1.586793453230826101e+00 7.484294286571469522e-03
2.458561248699000105e+06 1.587012691992015556e+00 7.483866658761044455e-03
2.458561741766000167e+06 1.608512351032566734e+00 7.484510843245583377e-03
2.458562234833000228e+06 1.580444320034948280e+00 7.484916371035158639e-03
2.458562738427000120e+06 1.585472815432878324e+00 7.483906443834244769e-03
2.458563231494000182e+06 1.591351068244627021e+00 7.483805475812771620e-03
2.458563724560999777e+06 1.601598303104813992e+00 7.484792120167143258e-03
2.458564228155000135e+06 1.587767104683180497e+00 7.484499463273216156e-03
2.458564721222000197e+06 1.595657213958811438e+00 7.484950907115248131e-03
2.458565214288999792e+06 1.586761300759404580e+00 7.484142635732685296e-03
2.458565717881999910e+06 1.601346076327561541e+00 7.485088276274987247e-03
2.458566210950000212e+06 1.585786805522410026e+00 7.483928007454601974e-03
2.458566704016999807e+06 1.581166483910767528e+00 7.483967583661436246e-03
2.458567207609999925e+06 1.594744819401077596e+00 7.485077465458850852e-03
2.458567700676999986e+06 1.593080053566855003e+00 7.484600142863275136e-03
2.458568193744000047e+06 1.594305704404079593e+00 7.484484849759495857e-03
2.458568697337999940e+06 1.595059176631659303e+00 7.485083825447935713e-03
2.458569190405000001e+06 1.608795341396606959e+00 7.484345860240062230e-03
2.458569683472000062e+06 1.578118459964049203e+00 7.484075703421040789e-03
2.458570187065999955e+06 1.583209546746417118e+00 7.484888656964085868e-03
2.458570680133000016e+06 1.581921031513918496e+00 7.484624997558509372e-03
2.458571173200000077e+06 1.583272250152937932e+00 7.483726850202043757e-03
2.458571676793999970e+06 1.594587664019340378e+00 7.484339842616558568e-03
2.458572169861000031e+06 1.583021451426164683e+00 7.483999404791573384e-03
2.458572662928000093e+06 1.589118925918507674e+00 7.485017218300878301e-03
2.458573166521000210e+06 1.586698459173637277e+00 7.483846236147498852e-03
2.458573659587999806e+06 1.592419913949804755e+00 7.484432024348047947e-03
2.458574152656000108e+06 1.594556822257816142e+00 7.484195084049938794e-03
2.458574656249000225e+06 1.593394082637614062e+00 7.484607942370437653e-03
2.458575149315999821e+06 1.594744819401077596e+00 7.485077465458850852e-03
2.458575642382999882e+06 1.587799277535155484e+00 7.484651121342354718e-03
2.458576145976999775e+06 1.587138402543432081e+00 7.484459471288095085e-03
2.458576639043999836e+06 1.588678433561852898e+00 7.484405652180618936e-03
2.458577132110999897e+06 1.585975229423279176e+00 7.484817251143651394e-03
2.458577635704999790e+06 1.583870244583688081e+00 7.485094619985825995e-03
2.458578128771999851e+06 1.595342738865920484e+00 7.484945124026131172e-03
2.458578621838999912e+06 1.584058440757925013e+00 7.484525030551450811e-03
2.458579125432000030e+06 1.592356848262134861e+00 7.484135613302005802e-03
2.458579618499999866e+06 1.563061262296713494e+00 7.484650016337007078e-03
2.458580111566999927e+06 1.600748855553908889e+00 7.483771062605161679e-03
2.458580615160000045e+06 1.591381848000766652e+00 7.483950226843602560e-03
2.458581108227000106e+06 1.593330978369285056e+00 7.484311524357418165e-03
2.458581601294000167e+06 1.589842124944731427e+00 7.484030711127191877e-03
2.458582104888000060e+06 1.597982430417214106e+00 7.484083724077077691e-03
2.458582597955000121e+06 1.592703006988162695e+00 7.484295638334946717e-03
2.458583091022000182e+06 1.592482982135201564e+00 7.484728447133499885e-03
2.458583594616000075e+06 1.591225024025689327e+00 7.484678287493894827e-03
2.458584087683000136e+06 1.594179426160855062e+00 7.483892035222323123e-03
2.458584580750000197e+06 1.614296109108817268e+00 7.484660249553071534e-03
2.458585084344000090e+06 1.584907789934092426e+00 7.484158862329077372e-03
2.458585577411000151e+06 1.591916924585652593e+00 7.485000375224807288e-03
2.458586070478000212e+06 1.587925050393641957e+00 7.483781462988399469e-03
2.458586574070999864e+06 1.579751585823590432e+00 7.484545621546111888e-03
2.458587067137999926e+06 1.598705245782211071e+00 7.484524075644382463e-03
2.458587560206000227e+06 1.579940747795474110e+00 7.483986653758385732e-03
2.458588063798999880e+06 1.578275445859907533e+00 7.484820194001932242e-03
2.458588556865999941e+06 1.611436513175639407e+00 7.484759465818027931e-03
2.458589049933000002e+06 1.583399122780051460e+00 7.484326544970896014e-03
2.458589553526999895e+06 1.597982430417214106e+00 7.484083724077077691e-03
2.458590046593999956e+06 1.584404254802151524e+00 7.484699678676151775e-03
2.458590539661000017e+06 1.596599540700486042e+00 7.484959630664489612e-03
2.458591043254999910e+06 1.592703006988162695e+00 7.484295638334946717e-03
2.458591536321999971e+06 1.580537483933561305e+00 7.483901862434966593e-03
2.458592029389000032e+06 1.590031030700471470e+00 7.484919967019514411e-03
2.458592532982000150e+06 1.587359150975563127e+00 7.484038441597400289e-03
2.458593026049999986e+06 1.588899396190442292e+00 7.483983196386156944e-03
2.458593519117000047e+06 1.605212008476555319e+00 7.483938687223263414e-03
2.458594022710000165e+06 1.600151857513279152e+00 7.483927584659086363e-03
2.458594515777000226e+06 1.592984683159699211e+00 7.484152074129112563e-03
2.458595008843999822e+06 1.587484888970710939e+00 7.484631267731724213e-03
2.458595512438000180e+06 1.605526950261224828e+00 7.483928287241928962e-03
2.458596005504999775e+06 1.575759739117342795e+00 7.484500322468678329e-03
2.458596498571999837e+06 1.593738998957051622e+00 7.484760220823942489e-03
2.458597002166000195e+06 1.577081001544378136e+00 7.484965837321941491e-03
2.458597495232999790e+06 1.584499111507603475e+00 7.485147780194854189e-03
2.458597988299999852e+06 1.595185524561734347e+00 7.484207514225505592e-03
2.458712204272000119e+06 1.579658468249302228e+00 7.484104449187633373e-03
2.458712697339000180e+06 1.594430524124603732e+00 7.485070817246555069e-03
2.458713200931999832e+06 1.581261146774099347e+00 7.484415641350338627e-03
2.458713694000000134e+06 1.586479263822317298e+00 7.484273577400077891e-03
2.458714187067000195e+06 1.604866087308866929e+00 7.483804044146161703e-03
2.458714690659999847e+06 1.602099924669873943e+00 7.484185184499585718e-03
2.458715183726999909e+06 1.587547761703220317e+00 7.484927698408260638e-03
2.458715676793999970e+06 1.596945150893968490e+00 7.485109032271640428e-03
2.458716180387999862e+06 1.601189745169344203e+00 7.484357545712191223e-03
2.458716673454999924e+06 1.593991495669206282e+00 7.484477913980854338e-03
2.458717166521999985e+06 1.586384288574214541e+00 7.483825528215893273e-03
2.458717670115999877e+06 1.601409498035831769e+00 7.483909772396277540e-03
2.458718163182999939e+06 1.606312355882821175e+00 7.484630403590071882e-03
2.458718656250000000e+06 1.591979972850031011e+00 7.483830552778404990e-03
2.458719159843999892e+06 1.601377049406171427e+00 7.483758129348754007e-03
2.458719652910999954e+06 1.584845021754178740e+00 7.483862462101279096e-03
2.458720145978000015e+06 1.594683130395364357e+00 7.484787922592234938e-03
2.458720649571000133e+06 1.597259941855455612e+00 7.485113371503518756e-03
2.458721142638000194e+06 1.590281475253676913e+00 7.484634207585074556e-03
2.458721635706000030e+06 1.578275445859907533e+00 7.484820194001932242e-03
2.458722139299000148e+06 1.598800958673756156e+00 7.484972166649906007e-03
2.458722632366000209e+06 1.591257266945330651e+00 7.484829949186564552e-03
2.458723125432999805e+06 1.587484888970710939e+00 7.484631267731724213e-03
2.458723629027000163e+06 1.604458173541535082e+00 7.484857383749344076e-03
2.458724122094000224e+06 1.585944554239397508e+00 7.484672483343220856e-03
2.458724615160999820e+06 1.600906618154947392e+00 7.484508629391053991e-03
2.458725118755000178e+06 1.583209546746417118e+00 7.484888656964085868e-03
2.458725611821999773e+06 1.589935842824351298e+00 7.484471879138940818e-03
2.458726104888999835e+06 1.591664756496572242e+00 7.483814711442837025e-03
2.458726608481999952e+06 1.592703006988162695e+00 7.484295638334946717e-03
2.458727101549999788e+06 1.588113728361722155e+00 7.484670689264942556e-03
2.458727594616999850e+06 1.588678433561852898e+00 7.484405652180618936e-03
2.458728098209999967e+06 1.594744819401077596e+00 7.485077465458850852e-03
2.458728591277000029e+06 1.592261521149968662e+00 7.485154099434197794e-03
2.458729084344000090e+06 1.592607659153058908e+00 7.483847587830074616e-03
2.458729587937999982e+06 1.587547761703220317e+00 7.484927698408260638e-03
2.458730081005000044e+06 1.604835046746933669e+00 7.485137403644844326e-03
2.458730574072000105e+06 1.576106644774259102e+00 7.484696397562249498e-03
2.458731077665999997e+06 1.578903545623160154e+00 7.484890449179393453e-03
2.458731570733000059e+06 1.600779817081133150e+00 7.483915812970399171e-03
2.458732063800000120e+06 1.603766730617681047e+00 7.484586024143951265e-03
2.458732567394000012e+06 1.598485864005806834e+00 7.484969274296159741e-03
2.458733060461000074e+06 1.592890785567889766e+00 7.485178031599138554e-03
2.458733553528000135e+06 1.600371467936444025e+00 7.484954704989003199e-03
2.458734057120999787e+06 1.590470433213218016e+00 7.484058657780970347e-03
2.458734550187999848e+06 1.589244803309061371e+00 7.484146373408839120e-03
2.458735043256000150e+06 1.591351068244627021e+00 7.483805475812771620e-03
2.458735546848999802e+06 1.590596417659459583e+00 7.484651485516681697e-03
2.458736039915999863e+06 1.575980356469719457e+00 7.484096673158336342e-03
2.458736532982999925e+06 1.569631117903216300e+00 7.484304439488765476e-03
2.458737036576999817e+06 1.595751274625808458e+00 7.483922388131800628e-03
2.458737529643999878e+06 1.583775425525618896e+00 7.484646521649581351e-03
2.458738022710999940e+06 1.604394631094492318e+00 7.484560955857504604e-03
2.458738526304999832e+06 1.604017861314588345e+00 7.484280665790207093e-03
2.458739019371999893e+06 1.594587664019340378e+00 7.484339842616558568e-03
2.458739512438999955e+06 1.594430524124603732e+00 7.485070817246555069e-03
2.458740016032000072e+06 1.588552601031057554e+00 7.483812843916329456e-03
2.458740509099999908e+06 1.578841015233412692e+00 7.484594019978064137e-03
2.458741002166999970e+06 1.584090538461413011e+00 7.484676689138658467e-03
2.458741505760000087e+06 1.601598303104813992e+00 7.484792120167143258e-03
2.458741998827000149e+06 1.577646142893025738e+00 7.484741916525031701e-03
2.458742491894000210e+06 1.591507904642055049e+00 7.484543045990277310e-03
2.458742995488000102e+06 1.588144445501556756e+00 7.484815457030670818e-03
2.458743488555000164e+06 1.593143147897250200e+00 7.484896572307127467e-03
2.458743981622000225e+06 1.591098989790188822e+00 7.484085457635333838e-03
2.458744485216000117e+06 1.601440472341138177e+00 7.484054525444427085e-03
2.458744978283000179e+06 1.583712702191496735e+00 7.484350102108655589e-03
2.458745471349999774e+06 1.585724002530239485e+00 7.485092122149414329e-03
2.458745974944000132e+06 1.591664756496572242e+00 7.483814711442837025e-03
2.458746468011000194e+06 1.579594453100913398e+00 7.483801158276019889e-03
2.458746961077999789e+06 1.590094004273560291e+00 7.483751878429799678e-03
2.458747464670999907e+06 1.597794051606858057e+00 7.484673082521736687e-03
2.458747957737999968e+06 1.601880077059829377e+00 7.484633555841335717e-03
2.458748450805999804e+06 1.593834414524348597e+00 7.483740350221835050e-03
2.458748954398999922e+06 1.600623541203885392e+00 7.484659425631335142e-03
2.458749447465999983e+06 1.594399685402405176e+00 7.484926044541770698e-03
2.458749940533000045e+06 1.590659413624833984e+00 7.484947916993949131e-03
2.458750444126999937e+06 1.601692713986638594e+00 7.483758119555679669e-03
2.458750937193999998e+06 1.606250219413779989e+00 7.484340878017008841e-03
2.458751430261000060e+06 1.587138402543432081e+00 7.484459471288095085e-03
2.458751933854999952e+06 1.592450714379458176e+00 7.484576787497543467e-03
2.458752426922000013e+06 1.588741353564991687e+00 7.484702073921593868e-03
2.458752919989000075e+06 1.583146845823176774e+00 7.484592227833711947e-03
2.458753423582000192e+06 1.590124759715696889e+00 7.483896628423978084e-03
2.458753916650000028e+06 1.586258637752985701e+00 7.484693764097949571e-03
2.458754409717000090e+06 1.589055990962109366e+00 7.484720784079002508e-03
2.458754913310000207e+06 1.596254005303815227e+00 7.484809943140911109e-03
2.458755406376999803e+06 1.587012691992015556e+00 7.483866658761044455e-03
2.458755899443999864e+06 1.589622495309929828e+00 7.484460921918536375e-03
2.458756403038000222e+06 1.594807979664936148e+00 7.483905041375115037e-03
2.458756896104999818e+06 1.602006965287507967e+00 7.483750926173028846e-03
2.458757389171999879e+06 1.589622495309929828e+00 7.484460921918536375e-03
2.458757892765999772e+06 1.584246659293710557e+00 7.483955200082499648e-03
2.458758385832999833e+06 1.595342738865920484e+00 7.484945124026131172e-03
2.458758878899999894e+06 1.577332311899361628e+00 7.484705801733711888e-03
2.458759382493999787e+06 1.595530828668199730e+00 7.484358055663610856e-03
2.458759875560999848e+06 1.587767104683180497e+00 7.484499463273216156e-03
2.458760368627999909e+06 1.594650818059021091e+00 7.484636261751154845e-03
2.458760872221000027e+06 1.602981093277458635e+00 7.483872349668550979e-03
2.458761365288000088e+06 1.579312235425358590e+00 7.483918667954534559e-03
2.458761858355999924e+06 1.591884668299669681e+00 7.484848710078872112e-03
2.458762361949000042e+06 1.591288044887179787e+00 7.484974720032683791e-03
2.458762855016000103e+06 1.580003321740407474e+00 7.484283058904851044e-03
2.458763348083000164e+06 1.593708173610011380e+00 7.484615454126590517e-03
2.458763851677000057e+06 1.589401432122499180e+00 7.484883977183678060e-03
2.458764344744000118e+06 1.595122349345714063e+00 7.483911112070914390e-03
2.458764837811000179e+06 1.583241627248810124e+00 7.485040322919463834e-03
2.458765341405000072e+06 1.582486449745471146e+00 7.484385142386632515e-03
2.458765834472000133e+06 1.591916924585652593e+00 7.485000375224807288e-03
2.458766327539000195e+06 1.597668968573160875e+00 7.484087146171273380e-03
2.458766831131999847e+06 1.593047773712925608e+00 7.484448485827088944e-03
2.458767324200000148e+06 1.588458964685852015e+00 7.484834739524210204e-03
2.458767817267000210e+06 1.589653241632186464e+00 7.484605685626963267e-03
2.458768320859999862e+06 1.585944554239397508e+00 7.484672483343220856e-03
2.458768813926999923e+06 1.589088189930733197e+00 7.484872446632779425e-03
2.458769306993999984e+06 1.585535608476721592e+00 7.484202845803974297e-03
2.458769810587999877e+06 1.599963222959125186e+00 7.484518959390951132e-03
2.458770303654999938e+06 1.592544586029988274e+00 7.485017987699356390e-03
2.458770796721999999e+06 1.591068215504954031e+00 7.483940703988909392e-03
2.458771300315999892e+06 1.594242564032169129e+00 7.484188436621371128e-03
2.458771793382999953e+06 1.591414094098124732e+00 7.484101873783613988e-03
2.458772286450000014e+06 1.594305704404079593e+00 7.484484849759495857e-03
2.458772790043999907e+06 1.578180961736816101e+00 7.484372112094313419e-03
2.458773283110999968e+06 1.581449032934156840e+00 7.483848374592813775e-03
2.458773776178000029e+06 1.577111505290293758e+00 7.485110610796395780e-03
2.458774279771000147e+06 1.588773546158132266e+00 7.484853736096247837e-03
2.458774772838000208e+06 1.582675939194323700e+00 7.483823636178527083e-03
2.458775265906000044e+06 1.595751274625808458e+00 7.483922388131800628e-03
2.458775769499000162e+06 1.603012097980405892e+00 7.484017101992874142e-03
2.458776262566000223e+06 1.594807979664936148e+00 7.483905041375115037e-03
2.458776755632999819e+06 1.582393170966162943e+00 7.483943979487532594e-03
2.458777259227000177e+06 1.591760047881032758e+00 7.484262759979432023e-03
2.458777752293999773e+06 1.573371213404791247e+00 7.484748396177954427e-03
2.458778245360999834e+06 1.584529758733873583e+00 7.483833151347681414e-03
2.458778748955000192e+06 1.601723693769879997e+00 7.483902869670574012e-03
2.458779242021999788e+06 1.600685460009506400e+00 7.484948963527152110e-03
2.458779735088999849e+06 1.581293187796147803e+00 7.484567297720997291e-03
2.458780238681999967e+06 1.586856298578851687e+00 7.484590703901783382e-03
2.458780731749999803e+06 1.590565653094737630e+00 7.484506720922413925e-03
2.458781224816999864e+06 1.586886991397602698e+00 7.484735470120443615e-03
2.458781728409999982e+06 1.587704223263876946e+00 7.484203049556343440e-03
2.458782221477000043e+06 1.592010764770386722e+00 7.483975304294294972e-03
2.458782714544000104e+06 1.582549124513561223e+00 7.484681563315336190e-03
2.458783218137999997e+06 1.584216017543016219e+00 7.483810448955456607e-03
2.458783711205000058e+06 1.595939412594175488e+00 7.484804737390051213e-03
2.459622427943999879e+06 1.582613259403905515e+00 7.484984889906523553e-03
2.459622921010999940e+06 1.594054626097486826e+00 7.484774338583777796e-03
2.459623424604999833e+06 1.583555175469532061e+00 7.485064166502632468e-03
2.459623917671999894e+06 1.604804006785372383e+00 7.484992629652176960e-03
2.459624410738999955e+06 1.596254005303815227e+00 7.484809943140911109e-03
2.459624914332000073e+06 1.587012691992015556e+00 7.485328351467833430e-03
2.459625407399999909e+06 1.598862806974270523e+00 7.485261716643852765e-03
2.459625900466999970e+06 1.590031030700471470e+00 7.484919967019514411e-03
2.459626404060000088e+06 1.597480626715382046e+00 7.484676215537522728e-03
2.459626897127000149e+06 1.595091497242558720e+00 7.485235495358003553e-03
2.459627390194000211e+06 1.591947715286535114e+00 7.485145149367289710e-03
2.459627893788000103e+06 1.588428241462735979e+00 7.484689971385529404e-03
2.459628386855000164e+06 1.596851019854602205e+00 7.486138580844877224e-03
2.459628879922000226e+06 1.592796893510816325e+00 7.484736821963601863e-03
2.459629383516000118e+06 1.579721031014484023e+00 7.485855835838254105e-03
2.459629876583000179e+06 1.601503897787991182e+00 7.485825972879532782e-03
2.459630369649999775e+06 1.583178925055063635e+00 7.484743887782559571e-03
2.459630873244000133e+06 1.592293785072098400e+00 7.485305770768200390e-03
2.459631366311000194e+06 1.587736394841694043e+00 7.485817060881036836e-03
2.459631859377999790e+06 1.587578467896183287e+00 7.485072471145035045e-03
2.459632362970999908e+06 1.589244803309061371e+00 7.485610121966124880e-03
2.459632856037999969e+06 1.588552601031057554e+00 7.485275954931758235e-03
2.459633349105999805e+06 1.575980356469719457e+00 7.485548204708598885e-03
2.459633852698999923e+06 1.597636595736136256e+00 7.485406977213425635e-03
2.459634345765999984e+06 1.595059176631659303e+00 7.485083825447935713e-03
2.459634838833000045e+06 1.599239838830602389e+00 7.485553880693935139e-03
2.459635342426999938e+06 1.588428241462735979e+00 7.486152967861563721e-03
2.459635835493999999e+06 1.596442202543780553e+00 7.485692397041283051e-03
2.459636328561000060e+06 1.588333149538267319e+00 7.485704806166878188e-03
2.459636832154999953e+06 1.595342738865920484e+00 7.484945124026131172e-03
2.459637325222000014e+06 1.595971751041256104e+00 7.484956401644972564e-03
2.459637818289000075e+06 1.590690180003062837e+00 7.485092690121788322e-03
2.459638321882000193e+06 1.585535608476721592e+00 7.485663178066571076e-03
2.459638814950000029e+06 1.586070180181417655e+00 7.485265359701300490e-03
2.459639308017000090e+06 1.591351068244627021e+00 7.485271164311755113e-03
2.459639811610000208e+06 1.584655272607021104e+00 7.485885482663836264e-03
2.459640304676999804e+06 1.586856298578851687e+00 7.486052252564916881e-03
2.459640797743999865e+06 1.592859976626587182e+00 7.485033256820663138e-03
2.459641301338000223e+06 1.585442149966450831e+00 7.485221939834346867e-03
2.459641794404999819e+06 1.589622495309929828e+00 7.485925018343012050e-03
2.459642287471999880e+06 1.599680312821943007e+00 7.486142245075974588e-03
2.459642791065999772e+06 1.593897538731391172e+00 7.485504779498337868e-03
2.459643284132999834e+06 1.607223966968968965e+00 7.485917449692762980e-03
2.459643777199999895e+06 1.592041557286317133e+00 7.485586383072850153e-03
2.459644280793999787e+06 1.592859976626587182e+00 7.486500335075626199e-03
2.459644773860999849e+06 1.590659413624833984e+00 7.486412968455487260e-03
2.459645266927999910e+06 1.579437336007714299e+00 7.485966200147422221e-03
2.459645770521000028e+06 1.591381848000766652e+00 7.485415943691790114e-03
2.459646263588000089e+06 1.598203215099519348e+00 7.486589759440637204e-03
2.459646756655999925e+06 1.589496588003982414e+00 7.485332089736146388e-03
2.459647260249000043e+06 1.591790835547621352e+00 7.485873613394671520e-03
2.459647753316000104e+06 1.591351068244627021e+00 7.485271164311755113e-03
2.459648246383000165e+06 1.587359150975563127e+00 7.485500453404707842e-03
2.459648749977000058e+06 1.601346076327561541e+00 7.486563170516619820e-03
2.459649243044000119e+06 1.594054626097486826e+00 7.486242517151565218e-03
2.459649736111000180e+06 1.593991495669206282e+00 7.485946034403369309e-03
2.459650239705000073e+06 1.582831920610085596e+00 7.486019050219880344e-03
2.459650732772000134e+06 1.594148592295274725e+00 7.486683815544692595e-03
2.459651225839000195e+06 1.583021451426164683e+00 7.485457421429950881e-03
2.459651729431999847e+06 1.593080053566855003e+00 7.486067423816591959e-03
2.459652222500000149e+06 1.596631892523711960e+00 7.486581850375893799e-03
2.459652715567000210e+06 1.596599540700486042e+00 7.486430153185250590e-03
2.459653219159999862e+06 1.585693332205469819e+00 7.486407826564078945e-03
2.459653712226999924e+06 1.593581942694680675e+00 7.485490372455059008e-03
2.459654205293999985e+06 1.595939412594175488e+00 7.486274651910354919e-03
2.459654708887999877e+06 1.585158887514236170e+00 7.486804565924778075e-03
2.459655201954999939e+06 1.595469109257545703e+00 7.485538021980641180e-03
2.459655695022000000e+06 1.591351068244627021e+00 7.486736852810739473e-03
2.459656198615999892e+06 1.582675939194323700e+00 7.486739032998230084e-03
2.459656691682999954e+06 1.587107704862005475e+00 7.485776490624551811e-03
2.459657184750000015e+06 1.595530828668199730e+00 7.485827593864211732e-03
2.459657688343999907e+06 1.594336541308506883e+00 7.486098052152029281e-03
2.459658181410999969e+06 1.580664137415178638e+00 7.485957416700017922e-03
2.459658674478000030e+06 1.567713867534676675e+00 7.486713961959218754e-03
2.459659178071000148e+06 1.598139920371845157e+00 7.486293262940345479e-03
2.459659671138000209e+06 1.594242564032169129e+00 7.485656788286393880e-03
2.459660164206000045e+06 1.581668990055700830e+00 7.486346042689967506e-03
2.459660667799000163e+06 1.593424901909542557e+00 7.486220307492898358e-03
2.459661160866000224e+06 1.601315103848018229e+00 7.486418368947441067e-03
2.459661653932999820e+06 1.595216378483556907e+00 7.485821521613826926e-03
2.459662157527000178e+06 1.592639930088966871e+00 7.486932983859513786e-03
2.459662650593999773e+06 1.599616959595764110e+00 7.485845766298897253e-03
2.459663143660999835e+06 1.589716200242840438e+00 7.486366298020222590e-03
2.459663647255000193e+06 1.608324212218887217e+00 7.486598063997547403e-03
2.459664140321999788e+06 1.592041557286317133e+00 7.487052707535743652e-03
2.459664633388999850e+06 1.605935135751904719e+00 7.487310104932073072e-03
2.459665136981999967e+06 1.595028325750360798e+00 7.486408127869863954e-03
2.459665630049999803e+06 1.574282979275333672e+00 7.486185858386510544e-03
2.459666123116999865e+06 1.577583662301047740e+00 7.487351509705130262e-03
2.459666626709999982e+06 1.592576855687853898e+00 7.486636473766298400e-03
2.459667119777000044e+06 1.597196684484877949e+00 7.486288005984157411e-03
2.459667612844000105e+06 1.590156980340727833e+00 7.486977451684666794e-03
2.459668116437999997e+06 1.586542096726793138e+00 7.487492512455261491e-03
2.459668609505000059e+06 1.587925050393641957e+00 7.486706529028263127e-03
2.459669102572000120e+06 1.582173113135341813e+00 7.487274919694086872e-03
2.459669606166000012e+06 1.585504941795780720e+00 7.486978697922159337e-03
2.459670099233000074e+06 1.604206973907791767e+00 7.486640586514824690e-03
2.459670592300000135e+06 1.596883376773533536e+00 7.486290272127380137e-03
2.459671095894000027e+06 1.586165136624163585e+00 7.487174407166209689e-03
2.459671588961000089e+06 1.580474888833839797e+00 7.486516814720391329e-03
2.459672082028000150e+06 1.602132387947122760e+00 7.487288073123300747e-03
2.459672585620999802e+06 1.589559540410330651e+00 7.487092586609781462e-03
2.459673078687999863e+06 1.595594020062150120e+00 7.487593668323590766e-03
2.459673571756000165e+06 1.588836469928228912e+00 7.486613548052043453e-03
2.459674075348999817e+06 1.589590285514919987e+00 7.487237401219611239e-03
2.459674568415999878e+06 1.586919146415887827e+00 7.487810346068062353e-03
2.459675061482999939e+06 1.594085458145582113e+00 7.487855522284588700e-03
2.459675565076999832e+06 1.591381848000766652e+00 7.486881660539976800e-03
2.459676058143999893e+06 1.572774285751268986e+00 7.487703041881488795e-03
2.459676551210999954e+06 1.602099924669873943e+00 7.487136361622810828e-03
2.459677054804999847e+06 1.579751585823590432e+00 7.487455631507832637e-03
2.459677547871999908e+06 1.598800958673756156e+00 7.487917266853192505e-03
2.459678040938999970e+06 1.593802119385142380e+00 7.487992548608744109e-03
2.459678544532000087e+06 1.594211728945406081e+00 7.486980327512895127e-03
2.459679037599999923e+06 1.595059176631659303e+00 7.488022033033982228e-03
2.459679530666999985e+06 1.596883376773533536e+00 7.487761056070824095e-03
2.459680034260000102e+06 1.588773546158132266e+00 7.487780365123069236e-03
2.459680527327000163e+06 1.594273399715341544e+00 7.487269955190889448e-03
2.459681020394000225e+06 1.594840295185837808e+00 7.486994491791031797e-03
2.459681523988000117e+06 1.583963610433407609e+00 7.486994735111676680e-03
2.459682017055000179e+06 1.584687382404091016e+00 7.487496719835360325e-03
2.459682510121999774e+06 1.585756133982934690e+00 7.488164862975783993e-03
2.459683013716000132e+06 1.587704223263876946e+00 7.487127708817599772e-03
2.459683506783000194e+06 1.596065830249558504e+00 7.488337686134782095e-03
2.459683999849999789e+06 1.603703215554327599e+00 7.487243737493151814e-03
2.459684503444000147e+06 1.586981996742022893e+00 7.488106902652783697e-03
2.459684996511000209e+06 1.595530828668199730e+00 7.487297132064813475e-03
2.459685489577999804e+06 1.579344236956711001e+00 7.488434203651134560e-03
2.459685993170999922e+06 1.600591108499709536e+00 7.487456165175057632e-03
2.459686486237999983e+06 1.598989456197756898e+00 7.488800087104873111e-03
2.459686979305999819e+06 1.589118925918507674e+00 7.487944483540731611e-03
2.459687482898999937e+06 1.580223077784032260e+00 7.488234894966987534e-03
2.459687975965999998e+06 1.587389853520436045e+00 7.488569317390440794e-03
2.459688469033000059e+06 1.595154671236679311e+00 7.488470333458756810e-03
2.459688972626999952e+06 1.602446725511806225e+00 7.488757075258641732e-03
2.459689465694000013e+06 1.594901990271341718e+00 7.488753079035998135e-03
2.459689958761000074e+06 1.601220715224212165e+00 7.488926643760489277e-03
2.459690462354999967e+06 1.603357619529609979e+00 7.488583739773069237e-03
2.459690955422000028e+06 1.602132387947122760e+00 7.488763691584696472e-03
2.459691448489000089e+06 1.597763147828899388e+00 7.488943100237340639e-03
2.459691952082000207e+06 1.587326987041666415e+00 7.488272742492370349e-03
2.459692445150000043e+06 1.587264123052640974e+00 7.489438103623111131e-03
2.459692938217000104e+06 1.589338485977815685e+00 7.488979052765278033e-03
2.459693441810000222e+06 1.588302428748608497e+00 7.488485782396259345e-03
2.459693934876999818e+06 1.602886606452842200e+00 7.489336469484979622e-03
2.459807647255999967e+06 1.665971624288439479e+00 7.678220521159176935e-03
2.459808150849000085e+06 1.672729052738668898e+00 7.664685953093679574e-03
2.459808643916000146e+06 1.659276643629489234e+00 7.677929335930745898e-03
2.459809136983000208e+06 1.701207152580639148e+00 7.715266362673394059e-03
2.459809640577000100e+06 1.708058732285819836e+00 7.735327190751942195e-03
2.459810133644000161e+06 1.692216790932361770e+00 7.735278511107814003e-03
2.459810626711000223e+06 1.705857699327221644e+00 7.734786237195369688e-03
2.459811130305000115e+06 1.696459905918768829e+00 7.734361714656666671e-03
2.459811623372000176e+06 1.695549214509094904e+00 7.734894740232403990e-03
2.459812116438999772e+06 1.703091572862528214e+00 7.736361374473265523e-03
2.459812620031999890e+06 1.691367572940226438e+00 7.737627886016392592e-03
2.459813113100000191e+06 1.709568078609630115e+00 7.737438893049700291e-03
2.459813606166999787e+06 1.710762019687512181e+00 7.739691284014115109e-03
2.459814109759999905e+06 1.698503319586128990e+00 7.740549120938982133e-03
2.459814602826999966e+06 1.701363846765752585e+00 7.741049221891931759e-03
2.459815095894000027e+06 1.696239608102086516e+00 7.741168822880140424e-03
2.459815599487999920e+06 1.716859674245570622e+00 7.741977220865422019e-03
2.459816092554999981e+06 1.711264732280702194e+00 7.743541748769467055e-03
2.459816585622000042e+06 1.699382728372514695e+00 7.744556829861248826e-03
2.459817089215999935e+06 1.713213942026946990e+00 7.744472359509662132e-03
2.459817582282999996e+06 1.706674894566323486e+00 7.744779227843387633e-03
2.459818075350000057e+06 1.712521371504033052e+00 7.744496220385289897e-03
2.459818578943999950e+06 1.695013650231215863e+00 7.744940881537919555e-03
2.459819072011000011e+06 1.701457870204440503e+00 7.744611221123955287e-03
2.459819565078000072e+06 1.695956856382123901e+00 7.744564524138486741e-03
2.459820068671000190e+06 1.696994364171928504e+00 7.744613321009315501e-03
2.459820561737999786e+06 1.709347652966801689e+00 7.744313091978745865e-03
2.459821054806000087e+06 1.713496414486525898e+00 7.744171069397533941e-03
2.459821558399000205e+06 1.706456413664099170e+00 7.743787775775618464e-03
2.459822051465999801e+06 1.701960983870269617e+00 7.742198576870586504e-03
2.459822544532999862e+06 1.708278991718357842e+00 7.742618217395404352e-03
2.459823048127000220e+06 1.703720699762693691e+00 7.740788393255835197e-03
2.459823541193999816e+06 1.704003176433188438e+00 7.740502370039952472e-03
2.459824034260999877e+06 1.698534607461691381e+00 7.739127300249561484e-03
2.459824537854999769e+06 1.692310308872102098e+00 7.737264665603125341e-03
2.459825030921999831e+06 1.709347652966801689e+00 7.736441255129814128e-03
2.459825523988999892e+06 1.704632640082321293e+00 7.733941585669170532e-03
2.459826027582000010e+06 1.711578411506243569e+00 7.732349784088070853e-03
2.459826520649999846e+06 1.713370164056191358e+00 7.730975900892220372e-03
2.459827013716999907e+06 1.696052143132259493e+00 7.729378432294178175e-03
2.459827517310000025e+06 1.706329110353170142e+00 7.727494209770402987e-03
2.459828010377000086e+06 1.683384019240400598e+00 7.725912179324983392e-03
2.459828503444000147e+06 1.699824169090568660e+00 7.723084658479969188e-03
2.459829007038000040e+06 1.693568627496771173e+00 7.721180033760175442e-03
2.459829500105000101e+06 1.695422724885848886e+00 7.718702289178686234e-03
2.459829993172000162e+06 1.696239608102086516e+00 7.716172112251263281e-03
2.459830496766000055e+06 1.696648978629435645e+00 7.713346319127789563e-03
2.459830989833000116e+06 1.690708748881596835e+00 7.711255908912784639e-03
2.459831482900000177e+06 1.697968386096461835e+00 7.708397434286438921e-03
2.459831986494000070e+06 1.685018991197044791e+00 7.707032586380987982e-03
2.459832479561000131e+06 1.697152233461270754e+00 7.703129148539632383e-03
2.459832972628000192e+06 1.685993903901355173e+00 7.700621691352158189e-03
2.459833476220999844e+06 1.679674774531717985e+00 7.698059290499355625e-03
2.459833969287999906e+06 1.675274584939060674e+00 7.694865768017984664e-03
2.459834462356000207e+06 1.675902697519266127e+00 7.693120122393599068e-03
2.459834965948999859e+06 1.684641907154301954e+00 7.689791733266050817e-03
2.459835459015999921e+06 1.665782901740331612e+00 7.686556182934151105e-03
2.459835952082999982e+06 1.666221752964761604e+00 7.683977268634134723e-03
2.459836455676999874e+06 1.670245844803655677e+00 7.680997894845425361e-03
2.459836948743999936e+06 1.672131391063254924e+00 7.678888370217594461e-03
2.459837441810999997e+06 1.677726637734704207e+00 7.675223662164500429e-03
2.459837945404999889e+06 1.662764715355320888e+00 7.672629122454233640e-03
2.459838438471999951e+06 1.663141497911424294e+00 7.669772310759034005e-03
2.459838931539000012e+06 1.678355669665815952e+00 7.667280583497661922e-03
2.459839435132000130e+06 1.682472599120783840e+00 7.664393467569029748e-03
2.459839928199999966e+06 1.666033002081890091e+00 7.661624198345673778e-03
2.459840421267000027e+06 1.670025874771745578e+00 7.658452204180550560e-03
2.459840924860000145e+06 1.655881293708228341e+00 7.654592502948741675e-03
2.459841417927000206e+06 1.666033002081890091e+00 7.652417359733603049e-03
2.459841910993999802e+06 1.654780520918484266e+00 7.649503993780941424e-03
2.459842414588000160e+06 1.655629667528151439e+00 7.645804861813047110e-03
2.459842907655000221e+06 1.662167552082753685e+00 7.643848064731350450e-03
2.459843400721999817e+06 1.653491626763962774e+00 7.640500017518355412e-03
2.459843904316000175e+06 1.659904873387889390e+00 7.638029118954645785e-03
2.459844397382999770e+06 1.665813586877971764e+00 7.634532561388939105e-03
2.459844890449999832e+06 1.657358271114087955e+00 7.632416897635366584e-03
2.459845394044000190e+06 1.645571662497846033e+00 7.629668894443424748e-03
2.459845887110999785e+06 1.651009605591223783e+00 7.627510389128497326e-03
2.459846380177999847e+06 1.635796218916150124e+00 7.625024041432702099e-03
2.459846883770999964e+06 1.651794440272111864e+00 7.622008098741460749e-03
2.459847376838000026e+06 1.671786446504128332e+00 7.618792945331679355e-03
2.459847869905999862e+06 1.646199251932594310e+00 7.615900442685783096e-03
2.459848373498999979e+06 1.648997510544020662e+00 7.613658349173955085e-03
2.459848866566000041e+06 1.635481364806148141e+00 7.611505723166398472e-03
2.459849359633000102e+06 1.648494870047767513e+00 7.608300946038349354e-03
2.459849863226999994e+06 1.643811445425863438e+00 7.606367610868511320e-03
2.459850356294000056e+06 1.650444025879725718e+00 7.603615851872121655e-03
2.459850849361000117e+06 1.646137088679054505e+00 7.601967518873953625e-03
2.459851352955000009e+06 1.645414044785644458e+00 7.600143937760883879e-03
2.459851846022000071e+06 1.623663395921048691e+00 7.596882203183405978e-03
2.459852339089000132e+06 1.642679358730450012e+00 7.595077279995360656e-03
2.459852842681999784e+06 1.647488531253135990e+00 7.593034637936960443e-03
2.459853335750000086e+06 1.640604883659348978e+00 7.590018914821682408e-03
2.459853828817000147e+06 1.635732941932229956e+00 7.588571507890439459e-03
2.459854332409999799e+06 1.621683134233201873e+00 7.586123224660535139e-03
2.459854825476999860e+06 1.626114790484648243e+00 7.584388604641491456e-03
2.459855318543999922e+06 1.648054616079485557e+00 7.581982410866449501e-03
2.459855822137999814e+06 1.626240602745347541e+00 7.580481938822054844e-03
2.459856315204999875e+06 1.628188938759183246e+00 7.577566881803434080e-03
2.459856808271999937e+06 1.629069452193540046e+00 7.575663064452670473e-03
2.459857311865999829e+06 1.626209148767631119e+00 7.574344144809947235e-03
2.459857804932999890e+06 1.620676743142256182e+00 7.572459205035186880e-03
2.459858297999999952e+06 1.629069452193540046e+00 7.571161779209383512e-03
2.459858801593999844e+06 1.622343451041559081e+00 7.568292872167824842e-03
2.459859294660999905e+06 1.637745444175280118e+00 7.567739619825786593e-03
2.459859787727999967e+06 1.629414587283904980e+00 7.565262076093317092e-03
2.459860291321000084e+06 1.618288694045892040e+00 7.564282268833872128e-03
2.459860784388000146e+06 1.620331966480201613e+00 7.561893983248151388e-03
2.459861277455999982e+06 1.631584609395633878e+00 7.560309892860255648e-03
2.459861781049000099e+06 1.634946703647725652e+00 7.559324646579286718e-03
2.459862274116000161e+06 1.617659825701924570e+00 7.556873023118858800e-03
2.459862767183000222e+06 1.619137010227808871e+00 7.556317266450517794e-03
2.459863270777000114e+06 1.615930953384533186e+00 7.554749932288721409e-03
2.459863763844000176e+06 1.626240602745347541e+00 7.553521125761630817e-03
2.459864256910999771e+06 1.621839972480122016e+00 7.551006427674006316e-03
2.459864760505000129e+06 1.620425989204256734e+00 7.550393036041893290e-03
2.459865253572000191e+06 1.619639649690709948e+00 7.548220821521453745e-03
2.459865746638999786e+06 1.613667306043511385e+00 7.547139483954467230e-03
2.459866250231999904e+06 1.620488674051291156e+00 7.546207541111270463e-03
2.459866743300000206e+06 1.604678374978534494e+00 7.545003167772537829e-03
2.459867236366999801e+06 1.609613478261894937e+00 7.543004775474861263e-03
2.459867739959999919e+06 1.625045779175587235e+00 7.541984549635580813e-03
2.459868233026999980e+06 1.631049719886686900e+00 7.541306588053945173e-03
2.459868726094000041e+06 1.626209148767631119e+00 7.539894883324751995e-03
2.459869229687999934e+06 1.620488674051291156e+00 7.538744914982799597e-03
2.459869722754999995e+06 1.620017104707667244e+00 7.538043197892959311e-03
2.459870215822000057e+06 1.611844716535513422e+00 7.537130649220462504e-03
2.459870719415999949e+06 1.619483024223580037e+00 7.535558087242891223e-03
2.459871212483000010e+06 1.604206973907791767e+00 7.533921521736547909e-03
2.459871705550000072e+06 1.605714761856341211e+00 7.533608035773624312e-03
2.459872209143999964e+06 1.602541186406358120e+00 7.532002376261750370e-03
2.459872702211000025e+06 1.608890176528833038e+00 7.530724167884767645e-03
2.459873195278000087e+06 1.609142109496118911e+00 7.530421314605757928e-03
2.459873698871000204e+06 1.608701993522990259e+00 7.529843340634554023e-03
2.459874191937999800e+06 1.617974229320625845e+00 7.528537568063076689e-03
2.459874685006000102e+06 1.607946519631467508e+00 7.527788171259795075e-03
2.459875188599000219e+06 1.601660259618297388e+00 7.526386804419922527e-03
2.459875681665999815e+06 1.604048886070601254e+00 7.525792167411337295e-03
2.459876174732999876e+06 1.629572173264774104e+00 7.525469668361817188e-03
2.459876678326999769e+06 1.606029802280969587e+00 7.524731669073615736e-03
2.459877171393999830e+06 1.606972334312846362e+00 7.523227409674384213e-03
2.459877664460999891e+06 1.615145307559756604e+00 7.522812433199865118e-03
2.459878168054999784e+06 1.599805553325707619e+00 7.522091751142361699e-03
2.459878661121999845e+06 1.624165944627135705e+00 7.521446124571719467e-03
2.459879154188999906e+06 1.609109504184077055e+00 7.519894416755540725e-03
2.459987411249999888e+06 1.598737640273242278e+00 7.486148225995505057e-03
2.459987904316999950e+06 1.596820134316318418e+00 7.485993787487913234e-03
2.459988407910000067e+06 1.588365333859988571e+00 7.485856488659847763e-03
2.459988900977000128e+06 1.599649372560810745e+00 7.485997451648140205e-03
2.459989394044000190e+06 1.591790835547621352e+00 7.485873613394671520e-03
2.459989897638000082e+06 1.601126332164095833e+00 7.485535829465575844e-03
2.459990390705000143e+06 1.593110866764864131e+00 7.486212218597822904e-03
2.459990883772000205e+06 1.579469340073974104e+00 7.486117887937008240e-03
2.459991387366000097e+06 1.587075546023051675e+00 7.485624809752566833e-03
2.459991880433000159e+06 1.593708173610011380e+00 7.486083313599846759e-03
2.459992373500000220e+06 1.581763683003575283e+00 7.485337384583995619e-03
2.459992877094000112e+06 1.591760047881032758e+00 7.485728825162584615e-03
2.459993370161000174e+06 1.575163356049810837e+00 7.486019975752461475e-03
2.459993863227999769e+06 1.603672197484110606e+00 7.485621886082378072e-03
2.459994366820999887e+06 1.585001216944952995e+00 7.486059877964901937e-03
2.459994859887999948e+06 1.584687382404091016e+00 7.486037168817846928e-03
2.459995352955999784e+06 1.581826329146304166e+00 7.485633843226463698e-03
2.459995856548999902e+06 1.591131230156004106e+00 7.485702593336140097e-03
2.459996349615999963e+06 1.599272244154068323e+00 7.485705560128711258e-03
2.459996842683000024e+06 1.589779161346990710e+00 7.485198556693857877e-03
2.459997346276999917e+06 1.589872875515037753e+00 7.485639793547667342e-03
2.459997839343999978e+06 1.585818938247679277e+00 7.485540247163341605e-03
2.459998332411000039e+06 1.580914562671747792e+00 7.485687343829545981e-03
2.459998836004999932e+06 1.583995706215358457e+00 7.485687529782220247e-03
2.459999329071999993e+06 1.592261521149968662e+00 7.485154099434197794e-03
2.459999822139000054e+06 1.575225740784954587e+00 7.484865624905590216e-03
2.460000325732000172e+06 1.581763683003575283e+00 7.485337384583995619e-03
2.460000818800000008e+06 1.578118459964049203e+00 7.485529204237399009e-03
2.460001311867000069e+06 1.590753179681923202e+00 7.485389139073095333e-03
2.460001815460000187e+06 1.599272244154068323e+00 7.485705560128711258e-03
2.460002308526999783e+06 1.582046338744397929e+00 7.485217870155142124e-03
2.460002801593999844e+06 1.592827701231971371e+00 7.484881591008463175e-03
2.460003305188000202e+06 1.591664756496572242e+00 7.485280688859377932e-03
2.460003798254999798e+06 1.582046338744397929e+00 7.485217870155142124e-03
2.460004291321999859e+06 1.589872875515037753e+00 7.485639793547667342e-03
2.460004794916000217e+06 1.583870244583688081e+00 7.485094619985825995e-03
2.460005287982999813e+06 1.588615516050572829e+00 7.485572411141314803e-03
2.460005781049999874e+06 1.608859058134866737e+00 7.484642279612961809e-03
2.460006284644000232e+06 1.594211728945406081e+00 7.485512004248035672e-03
2.460006777710999828e+06 1.588584789799514230e+00 7.485427628734936736e-03
2.460007270777999889e+06 1.597920616172025632e+00 7.485265958927277488e-03
2.460007774371000007e+06 1.587201261553265796e+00 7.484755895160614091e-03
2.460008267438000068e+06 1.590218494256047554e+00 7.485802433891623753e-03
2.460008760505999904e+06 1.596474551178870716e+00 7.485844079282809663e-03
2.460009264099000022e+06 1.597574794868760639e+00 7.485117421600411165e-03
2.460009757166000083e+06 1.577362820506097218e+00 7.484850570178580922e-03
2.460010250233000144e+06 1.592703006988162695e+00 7.485762572015529533e-03
2.460010753827000037e+06 1.589935842824351298e+00 7.485936264167144215e-03
2.460011246894000098e+06 1.589214064886625755e+00 7.485465338830362379e-03
2.460011739961000159e+06 1.579658468249302228e+00 7.485559368404038315e-03
2.460012243555000052e+06 1.598580091415833904e+00 7.485410497634276301e-03
2.460012736622000113e+06 1.614327332665689951e+00 7.484805017116876250e-03
2.460013229689000174e+06 1.594399685402405176e+00 7.484926044541770698e-03
2.460013733281999826e+06 1.588962324944860560e+00 7.485743089780765719e-03
2.460014226350000128e+06 1.586981996742022893e+00 7.485183573781942386e-03
2.460014719417000189e+06 1.601723693769879997e+00 7.485378111710721399e-03
2.460015223009999841e+06 1.580632109139290753e+00 7.485805732162011464e-03
2.460015716076999903e+06 1.585315113638206874e+00 7.484622173320414247e-03
2.460016209143999964e+06 1.585849611001903581e+00 7.485685031747949490e-03
2.460016712737999856e+06 1.591035976415981157e+00 7.485254458603316126e-03
2.460017205804999918e+06 1.594305704404079593e+00 7.484484849759495857e-03
2.460017698871999979e+06 1.580978631319317929e+00 7.484534576049789618e-03
2.460018202465999871e+06 1.593959197347136758e+00 7.485794350095973521e-03
2.460018695532999933e+06 1.588993058498166855e+00 7.485887878288759525e-03
2.460019188599999994e+06 1.587389853520436045e+00 7.485645237219652748e-03
2.460019692193999887e+06 1.589401432122499180e+00 7.484883977183678060e-03
2.460020185260999948e+06 1.593865242313133201e+00 7.485353104131915042e-03
2.460020678328000009e+06 1.603201091994809868e+00 7.484899462417822502e-03
2.460021181921000127e+06 1.590627182819221552e+00 7.484796252910948418e-03
2.460021674988000188e+06 1.589842124944731427e+00 7.485495009838038366e-03
2.460022168056000024e+06 1.593300160913981189e+00 7.485634250018191604e-03
2.460022671649000142e+06 1.597605695003614823e+00 7.485262198006794460e-03
2.460023164716000203e+06 1.597574794868760639e+00 7.485117421600411165e-03
2.460023657782999799e+06 1.599303177120819930e+00 7.484377335248884600e-03
2.460024161377000157e+06 1.601818112043217779e+00 7.485819359148927071e-03
2.460024654444000218e+06 1.585063991311016274e+00 7.484896467334767670e-03
2.460025147510999814e+06 1.593581942694680675e+00 7.485490372455059008e-03
2.460025651105000172e+06 1.594085458145582113e+00 7.484919108354280010e-03
2.460026144171999767e+06 1.594211728945406081e+00 7.485512004248035672e-03
2.460026637238999829e+06 1.593204777330006428e+00 7.485186119376767595e-03
2.460027140831999946e+06 1.602288811139677360e+00 7.485067564741346331e-03
2.460027633899999782e+06 1.601471447245546464e+00 7.485674291004888042e-03
2.460028126966999844e+06 1.587704223263876946e+00 7.485665379186972473e-03
2.460028630559999961e+06 1.587359150975563127e+00 7.485500453404707842e-03
2.460029123627000023e+06 1.591853878818212165e+00 7.484703941669977774e-03
2.460029616694000084e+06 1.596505430032919337e+00 7.484518433902499768e-03
2.460030120287999976e+06 1.593016961735232551e+00 7.484303725159145715e-03
2.460030613355000038e+06 1.582675939194323700e+00 7.485281334588377716e-03
2.460031106422000099e+06 1.591821623809702269e+00 7.484552282530566002e-03
2.460031610015999991e+06 1.581921031513918496e+00 7.484624997558509372e-03
2.460032103083000053e+06 1.586353605478503903e+00 7.485141865262576709e-03
2.460032596150000114e+06 1.588113728361722155e+00 7.484670689264942556e-03
2.460033099744000006e+06 1.595908544687768993e+00 7.484659969831657100e-03
2.460033592811000068e+06 1.575383889904399037e+00 7.485617088570187608e-03
2.460034085878000129e+06 1.588615516050572829e+00 7.485572411141314803e-03
2.460034589470999781e+06 1.593802119385142380e+00 7.485056656607720800e-03
2.460035082537999842e+06 1.588365333859988571e+00 7.484393550123858568e-03
2.460035575606000144e+06 1.591979972850031011e+00 7.485296820519936507e-03
2.460036079198999796e+06 1.594211728945406081e+00 7.485512004248035672e-03
2.460036572265999857e+06 1.596599540700486042e+00 7.484959630664489612e-03
2.460037065332999919e+06 1.588993058498166855e+00 7.484424361597011820e-03
2.460037568926999811e+06 1.604614823810704749e+00 7.485588163113491081e-03
2.460038061993999872e+06 1.580851952638320901e+00 7.485390883068232873e-03
2.460038555060999934e+06 1.582801306222598514e+00 7.484416445297669210e-03
2.460039058654999826e+06 1.580978631319317929e+00 7.484534576049789618e-03
2.460039551721999887e+06 1.577175419813953150e+00 7.485413954775323696e-03
2.460040044788999949e+06 1.583807517494382422e+00 7.484798182698558511e-03
2.460040548382000066e+06 1.599272244154068323e+00 7.484232575957100973e-03
2.460041041449999902e+06 1.598737640273242278e+00 7.484675734212263565e-03
2.460041534516999964e+06 1.585379360623913714e+00 7.484925497504769931e-03
2.460042038110000081e+06 1.580726740010137021e+00 7.484797996767978551e-03
2.460042531177000143e+06 1.604645860113107503e+00 7.484255015170095636e-03
2.460043024244000204e+06 1.592607659153058908e+00 7.485314433692056083e-03
2.460043527838000096e+06 1.582329044994831069e+00 7.485098073987389924e-03
2.460044020905000158e+06 1.605652648503839375e+00 7.484514211155201234e-03
2.460044513972000219e+06 1.594211728945406081e+00 7.485512004248035672e-03
2.460045017566000111e+06 1.603546654280764816e+00 7.485035875454963857e-03
2.460045510633000173e+06 1.597448257694642715e+00 7.484524556959886409e-03
2.460046003699999768e+06 1.591288044887179787e+00 7.484974720032683791e-03
2.460046507294000126e+06 1.576829731229717479e+00 7.485225600051182218e-03
2.460047000361000188e+06 1.592827701231971371e+00 7.484881591008463175e-03
2.460047493427999783e+06 1.578494961580518829e+00 7.484407378702794163e-03
2.460047997020999901e+06 1.586824144834023453e+00 7.484439047056830503e-03
2.460048490087999962e+06 1.593047773712925608e+00 7.484448485827088944e-03
2.460048983155999798e+06 1.599805553325707619e+00 7.485254866954591663e-03
2.460049486748999916e+06 1.589214064886625755e+00 7.485465338830362379e-03
2.460049979815999977e+06 1.585881744999797283e+00 7.484376062774116684e-03
2.460050472883000039e+06 1.600748855553908889e+00 7.485245406786131435e-03
2.460050976476999931e+06 1.594744819401077596e+00 7.485077465458850852e-03
2.460051469543999992e+06 1.581953085907181311e+00 7.484776658171345826e-03
2.460051962611000054e+06 1.582329044994831069e+00 7.485098073987389924e-03
2.460052466204999946e+06 1.591601720715916102e+00 7.484984244203098797e-03
2.460052959272000007e+06 1.582643870154209376e+00 7.485129663749490354e-03
2.460053452339000069e+06 1.587767104683180497e+00 7.484499463273216156e-03
2.460053955932000186e+06 1.586919146415887827e+00 7.484887132971801936e-03
2.460054449000000022e+06 1.598643403576586186e+00 7.484234554184368733e-03
2.460054942067000084e+06 1.602541186406358120e+00 7.484770536943629281e-03
2.460055445660000201e+06 1.583995706215358457e+00 7.484228615822020002e-03
2.460055938726999797e+06 1.582423777459537773e+00 7.485546199357623331e-03
2.460056431793999858e+06 1.596914263535046619e+00 7.484964258827719007e-03
2.460056935388000216e+06 1.599366517919560859e+00 7.484673755868359937e-03
2.460057428454999812e+06 1.574062599534333806e+00 7.485137886883121844e-03
2.460057921521999873e+06 1.600748855553908889e+00 7.485245406786131435e-03
2.460058425116000231e+06 1.590031030700471470e+00 7.484919967019514411e-03
2.460058918182999827e+06 1.578086483270056295e+00 7.485377528376040493e-03
