2.458346727899000049e+06 2.792104059094679513e+00 1.044078886772475262e-02
2.458347220966000110e+06 2.793457060440006412e+00 1.044070254043968742e-02
2.458347714033000171e+06 2.802014639595157064e+00 1.044171796253911405e-02
2.458348217627000064e+06 2.802326927849886129e+00 1.044030066739645192e-02
2.458348710694000125e+06 2.781951792632543885e+00 1.044125958524432657e-02
2.458349203761000186e+06 2.798896248344065807e+00 1.044040878080389201e-02
2.458349707355000079e+06 2.814486695331288146e+00 1.044153483978175860e-02
2.458350200422000140e+06 2.780601802794138155e+00 1.044131484269436062e-02
2.458350693489000201e+06 2.791620635849035637e+00 1.044155233333905405e-02
2.458351197081999853e+06 2.792867935561541337e+00 1.044107297957305031e-02
2.458351690150000155e+06 2.800765834548086364e+00 1.043964388655635803e-02
2.458352183217000216e+06 2.786665237580026044e+00 1.044098385666425433e-02
2.458352686809999868e+06 2.790163158735472937e+00 1.044124057414817092e-02
2.458353179876999930e+06 2.811196477696552343e+00 1.043968520935299564e-02
2.458353672943999991e+06 2.776824292374372671e+00 1.043991782884066098e-02
2.458354176537999883e+06 2.790546090461053730e+00 1.044010337849786765e-02
2.458354669604999945e+06 2.785382226259934146e+00 1.044130757655205646e-02
2.458355162672000006e+06 2.796332433982492205e+00 1.044114734102509837e-02
2.458355666265999898e+06 2.787391683881137894e+00 1.044113839868680838e-02
2.458356159332999960e+06 2.794808143309834847e+00 1.044060406163757268e-02
2.458356652400000021e+06 2.790510108061996952e+00 1.043996875969789746e-02
2.458357155993999913e+06 2.788120887510109114e+00 1.044130192853018856e-02
2.458357649060999975e+06 2.812408488068733003e+00 1.044159581832363945e-02
2.458358142128000036e+06 2.807731665619116690e+00 1.043974833337112801e-02
2.458358645721000154e+06 2.803191709147711652e+00 1.044094064664510650e-02
2.458359138788000215e+06 2.776305158320325983e+00 1.044052313236358033e-02
2.458359631856000051e+06 2.793801846166616976e+00 1.044199119644328468e-02
2.458360135449000169e+06 2.812027736224916641e+00 1.044018220544447317e-02
2.458360628516000230e+06 2.814797781087440054e+00 1.044009642007311806e-02
2.458361121582999825e+06 2.804302118059012194e+00 1.043991082872624231e-02
2.458361625177000184e+06 2.790546090461053730e+00 1.044010337849786765e-02
2.458362118243999779e+06 2.789333225409643013e+00 1.044070390062205693e-02
2.458362611310999840e+06 2.792001196074539671e+00 1.044040422193331930e-02
2.458363114905000199e+06 2.797718405674768150e+00 1.044116879414514094e-02
2.458363607971999794e+06 2.786803838157551283e+00 1.044150316065992415e-02
2.458364101038999856e+06 2.799865698594402819e+00 1.044144624074152053e-02
2.458364604631999973e+06 2.800765834548086364e+00 1.043964388655635803e-02
2.458365097699999809e+06 2.798584342400517233e+00 1.044182290447803925e-02
2.458365590766999871e+06 2.808042004740543440e+00 1.044090224076383439e-02
2.458366094359999988e+06 2.800004955724237465e+00 1.044196556773478897e-02
2.458366587427000050e+06 2.799968851358850763e+00 1.044183092492301755e-02
2.458367080494000111e+06 2.779111683390683041e+00 1.044083867413809694e-02
2.458367584088000003e+06 2.807765284033994835e+00 1.043987333384570511e-02
2.458368077155000065e+06 2.808111835769949050e+00 1.044116188750350560e-02
2.458368570222000126e+06 2.781987664675891647e+00 1.044139422068892514e-02
2.458369073816000018e+06 2.799450547146945745e+00 1.043989803022465045e-02
2.458369566883000080e+06 2.803434412141665000e+00 1.044184463317815448e-02
2.458370059950000141e+06 2.808944769315711465e+00 1.044167177927325663e-02
2.458370563544000033e+06 2.794496692940250160e+00 1.044201439868555452e-02
2.458371056611000095e+06 2.819579861419770683e+00 1.043965467231750335e-02
2.458371549678000156e+06 2.768682782597080116e+00 1.043990912551134333e-02
2.458372053270999808e+06 2.800765834548086364e+00 1.043964388655635803e-02
2.458372546337999869e+06 2.796747123021630976e+00 1.044011983751783404e-02
2.458373039406000171e+06 2.802809623613341738e+00 1.044209899037271648e-02
2.458373542998999823e+06 2.804715405742640222e+00 1.044144942420634214e-02
2.458374036065999884e+06 2.788154271115057536e+00 1.044142694760676060e-02
2.458374529132999945e+06 2.793490507937688161e+00 1.044082755233944476e-02
2.458375032726999838e+06 2.780914265875260583e+00 1.043992684229653328e-02
2.458375525793999899e+06 2.790546090461053730e+00 1.044010337849786765e-02
2.458376018860999960e+06 2.801390167485008575e+00 1.044197104059676855e-02
2.458376522454999853e+06 2.796401973815620057e+00 1.044140699385998072e-02
2.458377015521999914e+06 2.784725553129449249e+00 1.044141079307146953e-02
2.458377508588999975e+06 2.807488590597106093e+00 1.044143032087300506e-02
2.458378012182000093e+06 2.803504128588406363e+00 1.044210430335345934e-02
2.458378505249999929e+06 2.798723535799442885e+00 1.043976453056828443e-02
2.458378998316999990e+06 2.811160229023279555e+00 1.044213977020001273e-02
2.458379501910000108e+06 2.797440125776642361e+00 1.044013024523955668e-02
2.458379994977000169e+06 2.796435456574263512e+00 1.044153201419452046e-02
2.458380488044000231e+06 2.797787979974556638e+00 1.044142844751352883e-02
2.458380991638000123e+06 2.796262895878644628e+00 1.044088769464712740e-02
2.458381484705000184e+06 2.803122000470095632e+00 1.044068100540716630e-02
2.458381977771999780e+06 2.800871600172271325e+00 1.044003811996148910e-02
2.458382481366000138e+06 2.804994409361051932e+00 1.043990460901422952e-02
2.458382974433000199e+06 2.814313020741082916e+00 1.044089052006000676e-02
2.458383467499999795e+06 2.790129751077376596e+00 1.044111555730314889e-02
2.458383971094000153e+06 2.791445801245598712e+00 1.044089839611061360e-02
2.458384464161000215e+06 2.801841734622791069e+00 1.044107363151733706e-02
2.458384957227999810e+06 2.789471958685070252e+00 1.044122319069349866e-02
2.458385460820999928e+06 2.805963387434938561e+00 1.044092665930994313e-02
2.458385953887999989e+06 2.798375565282128274e+00 1.044104393431669921e-02
2.458386446955999825e+06 2.789125138433594220e+00 1.043992501393949286e-02
2.458386950548999943e+06 2.788814321371871241e+00 1.044133019300218235e-02
2.458387443616000004e+06 2.817814502566754697e+00 1.044090424004180673e-02
2.458387936683000065e+06 2.786318766293428784e+00 1.043968570966712778e-02
2.458388440276999958e+06 2.798653938234617389e+00 1.044208257411298989e-02
2.458388933344000019e+06 2.785210347630169281e+00 1.044066327085415614e-02
2.458389426411000080e+06 2.813377436099385953e+00 1.044001078749101641e-02
2.458389930004999973e+06 2.795050120446714637e+00 1.044150801902877373e-02
2.458390423072000034e+06 2.791862337008499839e+00 1.043988497259296100e-02
2.458390916139000095e+06 2.807522206101513262e+00 1.044155534148685435e-02
2.458391419732000213e+06 2.796365915908499922e+00 1.044127235825068230e-02
2.458391912800000049e+06 2.804475174864554887e+00 1.044055508799008117e-02
2.458392405867000110e+06 2.779976981952835491e+00 1.044152905901223061e-02
2.458392909460000228e+06 2.790026960792101995e+00 1.044073089947628215e-02
2.458393402526999824e+06 2.801805606573255059e+00 1.044093900020654289e-02
2.458393895593999885e+06 2.782577057327475067e+00 1.044104348908353463e-02
2.458394399187999777e+06 2.784204941915490839e+00 1.044202309345067595e-02
2.458394892254999839e+06 2.805167508888710692e+00 1.044054886789424347e-02
2.458395385321999900e+06 2.804265958284334115e+00 1.043977621240912111e-02
2.458395888915999793e+06 2.829525420518275602e+00 1.043999342098142491e-02
2.458396381982999854e+06 2.802809623613341738e+00 1.044209899037271648e-02
2.458396875049999915e+06 2.806482897466520576e+00 1.044027487818044442e-02
2.458397378643999808e+06 2.791342962476136780e+00 1.044051374628411459e-02
2.458397871710999869e+06 2.804612078111887286e+00 1.044106475407959034e-02
2.458398364777999930e+06 2.802326927849886129e+00 1.044030066739645192e-02
2.458398868371000048e+06 2.802394035653971383e+00 1.044055068306907509e-02
2.458399361438000109e+06 2.807418775066318428e+00 1.044117066745803811e-02
2.458399854505999945e+06 2.813654709914377161e+00 1.044103970795595346e-02
2.458400358099000063e+06 2.785105173401221546e+00 1.044026901384224014e-02
2.458400851166000124e+06 2.796332433982492205e+00 1.044114734102509837e-02
2.458401344233000185e+06 2.803018731541471631e+00 1.044029636358945190e-02
2.458401847827000078e+06 2.807904934066101532e+00 1.044039258260718618e-02
2.458402340894000139e+06 2.784099805652363369e+00 1.044162878508960411e-02
2.458402833961000200e+06 2.796504998969380651e+00 1.044179167659554409e-02
2.458403337555000093e+06 2.787668964194183641e+00 1.043960950987959935e-02
2.458403830622000154e+06 2.795189138063777889e+00 1.044202734909471103e-02
2.458404323689000215e+06 2.801217301047178143e+00 1.044132669395820764e-02
2.458404827281999867e+06 2.819995400680750386e+00 1.044119323004618315e-02
2.458405320350000169e+06 2.803467979103308583e+00 1.044196965875277688e-02
2.458405813417000230e+06 2.807105919381692516e+00 1.044000711479304948e-02
2.458406317009999882e+06 2.814349310068216425e+00 1.044102515074566556e-02
2.458406810076999944e+06 2.805617100841024669e+00 1.043963813468187785e-02
2.458407303144000005e+06 2.794182703739791052e+00 1.044084113562157926e-02
2.458407806737999897e+06 2.805374208884176657e+00 1.044131818430647785e-02
2.458408299804999959e+06 2.803780429334656432e+00 1.044055105293764836e-02
2.458408792872000020e+06 2.795431148187545123e+00 1.044035674247936751e-02
2.458409296465999912e+06 2.813932011056237137e+00 1.044206872982669614e-02
2.458409789532999974e+06 2.797128382101804256e+00 1.044154305896441426e-02
2.458410282600000035e+06 2.825158382369146182e+00 1.044209499394286103e-02
2.458410786193999927e+06 2.795014079970923770e+00 1.044137338211681594e-02
2.458411279260999989e+06 2.818748966583619175e+00 1.044177056444836604e-02
2.458411772328000050e+06 2.783512654167965117e+00 1.044199041235042286e-02
2.458412275921000168e+06 2.796574543093893528e+00 1.044205134545390934e-02
2.458412768988000229e+06 2.789818822062716919e+00 1.043995201077957576e-02
2.458413262056000065e+06 2.810953102713791285e+00 1.044137039325328774e-02
2.458413765649000183e+06 2.794911109743627886e+00 1.044098871479147428e-02
2.458414258715999778e+06 2.774952796951433154e+00 1.044054911853277250e-02
2.458414751782999840e+06 2.802430171291040661e+00 1.044068530937268882e-02
2.458415255377000198e+06 2.807972175447668750e+00 1.044064260048095487e-02
2.458415748443999793e+06 2.810052280834521632e+00 1.044061241690999800e-02
2.458416241510999855e+06 2.811369959961194986e+00 1.044032945469359867e-02
2.458416745105000213e+06 2.780151098238027529e+00 1.043962242195052743e-02
2.458417238171999808e+06 2.799068971546975426e+00 1.044105307079691049e-02
2.458417731238999870e+06 2.805963387434938561e+00 1.044092665930994313e-02
2.458418234831999987e+06 2.817259162441261289e+00 1.044144131878618938e-02
2.458526481366999913e+06 2.778868526665645433e+00 1.043992515916357389e-02
2.458526984960000031e+06 2.797960634784921297e+00 1.044207280043141922e-02
2.458527478027000092e+06 2.792381808178909353e+00 1.044182748214787793e-02
2.458527971094000153e+06 2.791584639594368422e+00 1.044141769585569222e-02
2.458528474688000046e+06 2.788223607571764795e+00 1.044168660739496456e-02
2.458528967755000107e+06 2.810362876453985859e+00 1.044176641980999048e-02
2.458529460822000168e+06 2.814486695331288146e+00 1.044153483978175860e-02
2.458529964416000061e+06 2.807245536618930171e+00 1.044052637020840245e-02
2.458530457483000122e+06 2.794113219094605416e+00 1.044058149685823944e-02
2.458530950550000183e+06 2.784656303660995036e+00 1.044115114014211067e-02
2.458531454144000076e+06 2.787807614694135072e+00 1.044012874551927990e-02
2.458531947211000137e+06 2.793593425827106014e+00 1.044121221372720093e-02
2.458532440278000198e+06 2.799520164522032228e+00 1.044015765199141944e-02
2.458532943870999850e+06 2.785174434032279933e+00 1.044052864483471441e-02
2.458533436937999912e+06 2.824604196453558203e+00 1.044004666206490607e-02
2.458533930006000213e+06 2.803018731541471631e+00 1.044029636358945190e-02
2.458534433598999865e+06 2.809288879179152598e+00 1.044036348591055596e-02
2.458534926665999927e+06 2.784240843012205868e+00 1.043959335815620310e-02
2.458535419732999988e+06 2.794599647899576489e+00 1.043982518240309416e-02
2.458535923326999880e+06 2.797406630988721776e+00 1.044000524168891587e-02
2.458536416393999942e+06 2.796677574605467953e+00 1.043986021669145343e-02
2.458536909461000003e+06 2.792831923223700219e+00 1.044093834827066088e-02
2.458537413054999895e+06 2.802879324522699278e+00 1.043977711961338595e-02
2.458537906121999957e+06 2.795153095795439580e+00 1.044189270548630949e-02
2.458538399189000018e+06 2.801426290177640333e+00 1.044210568521526661e-02
2.458538902782000136e+06 2.790857100530742763e+00 1.044126694189157281e-02
2.458539395849999972e+06 2.783858776522033285e+00 1.044072481724326804e-02
2.458539888917000033e+06 2.809221606267019666e+00 1.044011347472066815e-02
2.458540392510000151e+06 2.796886225042638952e+00 1.044063909853968491e-02
2.458540885577000212e+06 2.783476762460803222e+00 1.044185576921829832e-02
2.458541378643999808e+06 2.805963387434938561e+00 1.044092665930994313e-02
2.458541882238000166e+06 2.798514748297090016e+00 1.044156324130042154e-02
2.458542375305000227e+06 2.807628226867290522e+00 1.044194964707446591e-02
2.458542868371999823e+06 2.801147641468371585e+00 1.044106704312019150e-02
2.458543371966000181e+06 2.800905136448049504e+00 1.044016312390579765e-02
2.458543865032999776e+06 2.798166803738724173e+00 1.044026502226732406e-02
2.458544358099999838e+06 2.799311317590400972e+00 1.044195706706375036e-02
2.458544861694000196e+06 2.804092914388998103e+00 1.044171466622526544e-02
2.458545354760999791e+06 2.785348875845715444e+00 1.044118255890479074e-02
2.458545847827999853e+06 2.782231094331944821e+00 1.043974533467216526e-02
2.458546351420999970e+06 2.804924655854589943e+00 1.043964499354006759e-02
2.458546844488000032e+06 2.797509693156102539e+00 1.044038987278106921e-02
2.458547337555999868e+06 2.785487410951250187e+00 1.044170187278329470e-02
2.458547841148999985e+06 2.791723484848560144e+00 1.044193702142925256e-02
2.458548334216000047e+06 2.806206330403423710e+00 1.044183064463195809e-02
2.458548827283000108e+06 2.789680071536178474e+00 1.044200217422854016e-02
2.458549330877000000e+06 2.806136546759382178e+00 1.044157098126189190e-02
2.458549823944000062e+06 2.778592121703324036e+00 1.044144591187786894e-02
2.458550317011000123e+06 2.773636858693798501e+00 1.044070722870188948e-02
2.458550820605000015e+06 2.797197941728751136e+00 1.044180272164010187e-02
2.458551313672000077e+06 2.801356625401774103e+00 1.044184601500560208e-02
2.458551806739000138e+06 2.796054291942436709e+00 1.044010879425338358e-02
2.458552310331999790e+06 2.803467979103308583e+00 1.044196965875277688e-02
2.458552803400000092e+06 2.796713636531289460e+00 1.043999483409180883e-02
2.458553296467000153e+06 2.796783185844249342e+00 1.044025445826588655e-02
2.458553800059999805e+06 2.802499862764091354e+00 1.044094495071766319e-02
2.458554293126999866e+06 2.803780429334656432e+00 1.044055105293764836e-02
2.458554786193999927e+06 2.793457060440006412e+00 1.044070254043968742e-02
2.458555289787999820e+06 2.781641774960649016e+00 1.044009602267043785e-02
2.458555782854999881e+06 2.784379323007428297e+00 1.044011259299250892e-02
2.458556275921999943e+06 2.785728581090291645e+00 1.044004017438244537e-02
2.458556779515999835e+06 2.797821479328564731e+00 1.044155346810494295e-02
2.458557272582999896e+06 2.788814321371871241e+00 1.044133019300218235e-02
2.458557765649999958e+06 2.795603657555019161e+00 1.044100102926103640e-02
2.458558269243999850e+06 2.787807614694135072e+00 1.044012874551927990e-02
2.458558762310999911e+06 2.776929153891502633e+00 1.044031207259070622e-02
2.458559255377999973e+06 2.786388057104383087e+00 1.043994532615382699e-02
2.458559758971000090e+06 2.800523362582106657e+00 1.044131946788844252e-02
2.458560252038000152e+06 2.789749445936838601e+00 1.043969239412664667e-02
2.458560745105999988e+06 2.804715405742640222e+00 1.044144942420634214e-02
2.458561248699000105e+06 2.795258649465162115e+00 1.043971249545490657e-02
2.458561741766000167e+06 2.791759482893576116e+00 1.044207166560909110e-02
2.458562234833000228e+06 2.800523362582106657e+00 1.044131946788844252e-02
2.458562738427000120e+06 2.794599647899576489e+00 1.043982518240309416e-02
2.458563231494000182e+06 2.800662652422223786e+00 1.044183878857640052e-02
2.458563724560999777e+06 2.802187555237684702e+00 1.043978142320630374e-02
2.458564228155000135e+06 2.792554129367999405e+00 1.043989982228677241e-02
2.458564721222000197e+06 2.790268523969669623e+00 1.044163486784922129e-02
2.458565214288999792e+06 2.801426290177640333e+00 1.044210568521526661e-02
2.458565717881999910e+06 2.792484685221566565e+00 1.043964020693164546e-02
2.458566210950000212e+06 2.779457258495805938e+00 1.043957698976329465e-02
2.458566704016999807e+06 2.794113219094605416e+00 1.044058149685823944e-02
2.458567207609999925e+06 2.800074586886473593e+00 1.043964627691630620e-02
2.458567700676999986e+06 2.801563044590622553e+00 1.044003509207726624e-02
2.458568193744000047e+06 2.785659306678929692e+00 1.043978055553709816e-02
2.458568697337999940e+06 2.796919713599480328e+00 1.044076410967985369e-02
2.458569190405000001e+06 2.820099295064499856e+00 1.044157790490628408e-02
2.458569683472000062e+06 2.789333225409643013e+00 1.044070390062205693e-02
2.458570187065999955e+06 2.790199136660770129e+00 1.044137520934762531e-02
2.458570680133000016e+06 2.804958240659687796e+00 1.043976999277727163e-02
2.458571173200000077e+06 2.798790557312480054e+00 1.044001453340194854e-02
2.458571676793999970e+06 2.804162647211523307e+00 1.044197433316852025e-02
2.458572169861000031e+06 2.809288879179152598e+00 1.044036348591055596e-02
2.458572662928000093e+06 2.807628226867290522e+00 1.044194964707446591e-02
2.458573166521000210e+06 2.826717450549427024e+00 1.044004697184095637e-02
2.458573659587999806e+06 2.807868727835287181e+00 1.044025796007810696e-02
2.458574152656000108e+06 2.807002503682775707e+00 1.043962249780192725e-02
2.458574656249000225e+06 2.805686871567366847e+00 1.043989774998547310e-02
2.458575149315999821e+06 2.801841734622791069e+00 1.044107363151733706e-02
2.458575642382999882e+06 2.786837205992782174e+00 1.044162818214591955e-02
2.458576145976999775e+06 2.795464619321994526e+00 1.044048175023870595e-02
2.458576639043999836e+06 2.795328162595171584e+00 1.043997211260772225e-02
2.458577132110999897e+06 2.798860158274788734e+00 1.044027415806594340e-02
2.458577635704999790e+06 2.799414449930321958e+00 1.043976341407252227e-02
2.458578128771999851e+06 2.796955778647578050e+00 1.044089873873551080e-02
2.458578621838999912e+06 2.802430171291040661e+00 1.044068530937268882e-02
2.458579125432000030e+06 2.784343420125097612e+00 1.043997797407372752e-02
2.458579618499999866e+06 2.792693022841777228e+00 1.044041907236574473e-02
2.458580111566999927e+06 2.796504998969380651e+00 1.044179167659554409e-02
2.458580615160000045e+06 2.785141086106025288e+00 1.044040363651385292e-02
2.458581108227000106e+06 2.791654061358270766e+00 1.044167735541385450e-02
2.458581601294000167e+06 2.795881754767487237e+00 1.044203966478927763e-02
2.458582104888000060e+06 2.787081059993698595e+00 1.043997484961781824e-02
2.458582597955000121e+06 2.788190223136634227e+00 1.044156158520942283e-02
2.458583091022000182e+06 2.789366623530527889e+00 1.044082891253809986e-02
2.458583594616000075e+06 2.804023183300560884e+00 1.044145500573930713e-02
2.458584087683000136e+06 2.797164449840590095e+00 1.044167769806427989e-02
2.458584580750000197e+06 2.798166803738724173e+00 1.044026502226732406e-02
2.458585084344000090e+06 2.782507861286967366e+00 1.044078384528811416e-02
2.458585577411000151e+06 2.793940801698169274e+00 1.043993723596477706e-02
2.458586070478000212e+06 2.795709228239363853e+00 1.044139531391613356e-02
2.458586574070999864e+06 2.785279610876715051e+00 1.044092291165106892e-02
2.458587067137999926e+06 2.795395102798632792e+00 1.044022212041242209e-02
2.458587560206000227e+06 2.782715454570864555e+00 1.044156279604511323e-02
2.458588063798999880e+06 2.791134725571744912e+00 1.043973487378725001e-02
2.458588556865999941e+06 2.805653278038100495e+00 1.043977274921858295e-02
2.458589049933000002e+06 2.805756644028792213e+00 1.044015737174527371e-02
2.458589553526999895e+06 2.804821320514911065e+00 1.044184372579418964e-02
2.458590046593999956e+06 2.803504128588406363e+00 1.044210430335345934e-02
2.458590539661000017e+06 2.784379323007428297e+00 1.044011259299250892e-02
2.458591043254999910e+06 2.813100189608560342e+00 1.044157292944652982e-02
2.458591536321999971e+06 2.781987664675891647e+00 1.044139422068892514e-02
2.458592029389000032e+06 2.808598114786641453e+00 1.044038316268923287e-02
2.458592532982000150e+06 2.780289374821308002e+00 1.044014165823238527e-02
2.458593026049999986e+06 2.787912890975657643e+00 1.044052299723419522e-02
2.458593519117000047e+06 2.794252190112936240e+00 1.044110078084167607e-02
2.458594022710000165e+06 2.799589783628370743e+00 1.044041728021449095e-02
2.458594515777000226e+06 2.787530320589968635e+00 1.044165771036891475e-02
2.458595008843999822e+06 2.796262895878644628e+00 1.044088769464712740e-02
2.458595512438000180e+06 2.792034626140418307e+00 1.044052923026118906e-02
2.458596005504999775e+06 2.788536927133893339e+00 1.044029162804281305e-02
2.458596498571999837e+06 2.791412378229948477e+00 1.044077338336261637e-02
2.458597002166000195e+06 2.796054291942436709e+00 1.044010879425338358e-02
2.458597495232999790e+06 2.778105920441596766e+00 1.043961885560107383e-02
2.458597988299999852e+06 2.815075194885239274e+00 1.044112534897761839e-02
2.458712204272000119e+06 2.788744970225523812e+00 1.044107054207715421e-02
2.458712697339000180e+06 2.790787698585360133e+00 1.044100729253944621e-02
2.458713200931999832e+06 2.803607415400037883e+00 1.043990679392280130e-02
2.458713694000000134e+06 2.777415149205221478e+00 1.044213925018864023e-02
2.458714187067000195e+06 2.802360481551050775e+00 1.044042567448437604e-02
2.458714690659999847e+06 2.803643566683105437e+00 1.044004141192374918e-02
2.458715183726999909e+06 2.784689645782690626e+00 1.044127615741318252e-02
2.458715676793999970e+06 2.794252190112936240e+00 1.044110078084167607e-02
2.458716180387999862e+06 2.797509693156102539e+00 1.044038987278106921e-02
2.458716673454999924e+06 2.809325103722193795e+00 1.044049810980034708e-02
2.458717166521999985e+06 2.800004955724237465e+00 1.044196556773478897e-02
2.458717670115999877e+06 2.808805067567804237e+00 1.044115246689140790e-02
2.458718163182999939e+06 2.815422648855546495e+00 1.043982095707816568e-02
2.458718656250000000e+06 2.800177747346801915e+00 1.044003089478350021e-02
2.458719159843999892e+06 2.809255242521714102e+00 1.044023847956723934e-02
2.458719652910999954e+06 2.806552689723690541e+00 1.044053450931872046e-02
2.458720145978000015e+06 2.784240843012205868e+00 1.043959335815620310e-02
2.458720649571000133e+06 2.792001196074539671e+00 1.044040422193331930e-02
2.458721142638000194e+06 2.795395102798632792e+00 1.044022212041242209e-02
2.458721635706000030e+06 2.798514748297090016e+00 1.044156324130042154e-02
2.458722139299000148e+06 2.818956667334747923e+00 1.043994361584187763e-02
2.458722632366000209e+06 2.804891071451605988e+00 1.044210339594692574e-02
2.458723125432999805e+06 2.792484685221566565e+00 1.043964020693164546e-02
2.458723629027000163e+06 2.799484066407734950e+00 1.044002303249162711e-02
2.458724122094000224e+06 2.807765284033994835e+00 1.043987333384570511e-02
2.458724615160999820e+06 2.777343523499940403e+00 1.044186996182220641e-02
2.458725118755000178e+06 2.779526378673218279e+00 1.043983660354632324e-02
2.458725611821999773e+06 2.795014079970923770e+00 1.044137338211681594e-02
2.458726104888999835e+06 2.809845236158665660e+00 1.043984315249867761e-02
2.458726608481999952e+06 2.798999365391988903e+00 1.044079342676325003e-02
2.458727101549999788e+06 2.799035457256280335e+00 1.044092805619693809e-02
2.458727594616999850e+06 2.793801846166616976e+00 1.044199119644328468e-02
2.458728098209999967e+06 2.772010046876138833e+00 1.043968970731853387e-02
2.458728591277000029e+06 2.803677136149063998e+00 1.044016641590747585e-02
2.458729084344000090e+06 2.808354964753126293e+00 1.044206589319179868e-02
2.458729587937999982e+06 2.794841606984726390e+00 1.044072907235819164e-02
2.458730081005000044e+06 2.800038481623235764e+00 1.044209059475742149e-02
2.458730574072000105e+06 2.797994136206214399e+00 1.043962078090267948e-02
2.458731077665999997e+06 2.793073729257573135e+00 1.044184233460471525e-02
2.458731570733000059e+06 2.792104059094679513e+00 1.044078886772475262e-02
2.458732063800000120e+06 2.795812227870964062e+00 1.044177999622138142e-02
2.458732567394000012e+06 2.798790557312480054e+00 1.044001453340194854e-02
2.458733060461000074e+06 2.801114102288991159e+00 1.044094202835292237e-02
2.458733553528000135e+06 2.789990985086907127e+00 1.044059627258480880e-02
2.458734057120999787e+06 2.803746858631930294e+00 1.044042604434852056e-02
2.458734550187999848e+06 2.800938673125374923e+00 1.044028812934684469e-02
2.458735043256000150e+06 2.814141948787210357e+00 1.044025585592411529e-02
2.458735546848999802e+06 2.805756644028792213e+00 1.044015737174527371e-02
2.458736039915999863e+06 2.788744970225523812e+00 1.044107054207715421e-02
2.458736532982999925e+06 2.813724680521825228e+00 1.044129935811422688e-02
2.458737036576999817e+06 2.786388057104383087e+00 1.043994532615382699e-02
2.458737529643999878e+06 2.797197941728751136e+00 1.044180272164010187e-02
2.458738022710999940e+06 2.809118112624753305e+00 1.043972885381117509e-02
2.458738526304999832e+06 2.799520164522032228e+00 1.044015765199141944e-02
2.458739019371999893e+06 2.792451249766972676e+00 1.044208715189666459e-02
2.458739512438999955e+06 2.818367356347834196e+00 1.044035692791160652e-02
2.458740016032000072e+06 2.797231434017937612e+00 1.044192774671292949e-02
2.458740509099999908e+06 2.812408488068733003e+00 1.044159581832363945e-02
2.458741002166999970e+06 2.795951283393021569e+00 1.043972417351632202e-02
2.458741505760000087e+06 2.801493376414000647e+00 1.043977547335830230e-02
2.458741998827000149e+06 2.781190901836643192e+00 1.044096537096828210e-02
2.458742491894000210e+06 2.803331131703582280e+00 1.044145994849160312e-02
2.458742995488000102e+06 2.787982221429667895e+00 1.044078263454275082e-02
2.458743488555000164e+06 2.787807614694135072e+00 1.044012874551927990e-02
2.458743981622000225e+06 2.818922914921297096e+00 1.043981861452582087e-02
2.458744485216000117e+06 2.794427200486904184e+00 1.044175473074596822e-02
2.458744978283000179e+06 2.801805606573255059e+00 1.044093900020654289e-02
2.458745471349999774e+06 2.798790557312480054e+00 1.044001453340194854e-02
2.458745974944000132e+06 2.801493376414000647e+00 1.043977547335830230e-02
2.458746468011000194e+06 2.778904358951635789e+00 1.044005977740133234e-02
2.458746961077999789e+06 2.810399114845748780e+00 1.044190106178999496e-02
2.458747464670999907e+06 2.808874917573239927e+00 1.044141211985379764e-02
2.458747957737999968e+06 2.788259560487404087e+00 1.044182124834582004e-02
2.458748450805999804e+06 2.785520763024229574e+00 1.044182689664860560e-02
2.458748954398999922e+06 2.801875282514488141e+00 1.044119864786035960e-02
2.458749447465999983e+06 2.786595939876255645e+00 1.044072421435178304e-02
2.458749940533000045e+06 2.801841734622791069e+00 1.044107363151733706e-02
2.458750444126999937e+06 2.798896248344065807e+00 1.044040878080389201e-02
2.458750937193999998e+06 2.793387593839835148e+00 1.044044290512287712e-02
2.458751430261000060e+06 2.794841606984726390e+00 1.044072907235819164e-02
2.458751933854999952e+06 2.786352128320644717e+00 1.043981070939184984e-02
2.458752426922000013e+06 2.809705489626408426e+00 1.044191176545333083e-02
2.458752919989000075e+06 2.788847713279660301e+00 1.044145521241718333e-02
2.458753423582000192e+06 2.809532110071863542e+00 1.044126742247248295e-02
2.458753916650000028e+06 2.782679573143107987e+00 1.044142815842684195e-02
2.458754409717000090e+06 2.802187555237684702e+00 1.043978142320630374e-02
2.458754913310000207e+06 2.792937389238731249e+00 1.044133263055869315e-02
2.458755406376999803e+06 2.804648242349637499e+00 1.044119938701192421e-02
2.458755899443999864e+06 2.806276115782861069e+00 1.044209031445939018e-02
2.458756403038000222e+06 2.800905136448049504e+00 1.044016312390579765e-02
2.458756896104999818e+06 2.783997237514386214e+00 1.044124410835504252e-02
2.458757389171999879e+06 2.802463726228392460e+00 1.044081032106613204e-02
2.458757892765999772e+06 2.781398396866753053e+00 1.044174433526828642e-02
2.458758385832999833e+06 2.802154003607030930e+00 1.043965642383223869e-02
2.458758878899999894e+06 2.794530152885986496e+00 1.044213942629286518e-02
2.458759382493999787e+06 2.818715216657046163e+00 1.044164554125757288e-02
2.458759875560999848e+06 2.798481240642315626e+00 1.044143822059198819e-02
2.458760368627999909e+06 2.788051553607804323e+00 1.044104227830802874e-02
2.458760872221000027e+06 2.784725553129449249e+00 1.044141079307146953e-02
2.458761365288000088e+06 2.789089174356852219e+00 1.043979039743942773e-02
2.458761858355999924e+06 2.796538482961597349e+00 1.044191670153608864e-02
2.458762361949000042e+06 2.788639662523288987e+00 1.044067626968602641e-02
2.458762855016000103e+06 2.803677136149063998e+00 1.044016641590747585e-02
2.458763348083000164e+06 2.786595939876255645e+00 1.044072421435178304e-02
2.458763851677000057e+06 2.793732370992449532e+00 1.044173152908068301e-02
2.458764344744000118e+06 2.805790238795712099e+00 1.044028237711744529e-02
2.458764837811000179e+06 2.795014079970923770e+00 1.044137338211681594e-02
2.458765341405000072e+06 2.803261419558859657e+00 1.044120029433986442e-02
2.458765834472000133e+06 2.786873141031383838e+00 1.044176282234340891e-02
2.458766327539000195e+06 2.805583508147149630e+00 1.044209717492866445e-02
2.458766831131999847e+06 2.801217301047178143e+00 1.044132669395820764e-02
2.458767324200000148e+06 2.790510108061996952e+00 1.043996875969789746e-02
2.458767817267000210e+06 2.813794652869308965e+00 1.044155901472950364e-02
2.458768320859999862e+06 2.803294984449174354e+00 1.044132531219948631e-02
2.458768813926999923e+06 2.819720099074396913e+00 1.044017391020339580e-02
2.458769306993999984e+06 2.802048189557134084e+00 1.044184298659704344e-02
2.458769810587999877e+06 2.818401102109296730e+00 1.044048193567316714e-02
2.458770303654999938e+06 2.797579262265580180e+00 1.044064950677905945e-02
2.458770796721999999e+06 2.769271907065287142e+00 1.044213054500741505e-02
2.458771300315999892e+06 2.807835108181846895e+00 1.044013295499828659e-02
2.458771793382999953e+06 2.790893087404113793e+00 1.044140157743102780e-02
2.458772286450000014e+06 2.796644088947855433e+00 1.043973521637396595e-02
2.458772790043999907e+06 2.800144219780322796e+00 1.043990589242241654e-02
2.458773283110999968e+06 2.791481795710006875e+00 1.044103302689783352e-02
2.458773776178000029e+06 2.786942445628655562e+00 1.044202249048422314e-02
2.458774279771000147e+06 2.774400793450799263e+00 1.044102756485434241e-02
2.458774772838000208e+06 2.805686871567366847e+00 1.043989774998547310e-02
2.458775265906000044e+06 2.801944960188447187e+00 1.044145830197118485e-02
2.458775769499000162e+06 2.813587332455449452e+00 1.044078968057284701e-02
2.458776262566000223e+06 2.795014079970923770e+00 1.044137338211681594e-02
2.458776755632999819e+06 2.789019816375567729e+00 1.044209956698673343e-02
2.458777259227000177e+06 2.783338327354069275e+00 1.044133644768581448e-02
2.458777752293999773e+06 2.784517809890250106e+00 1.044063185365407334e-02
2.458778245360999834e+06 2.784794804320014805e+00 1.044167045245793755e-02
2.458778748955000192e+06 2.797440125776642361e+00 1.044013024523955668e-02
2.458779242021999788e+06 2.793698920598851387e+00 1.044160650635727466e-02
2.458779735088999849e+06 2.795431148187545123e+00 1.044035674247936751e-02
2.458780238681999967e+06 2.788606273106577937e+00 1.044055125959763089e-02
2.458780731749999803e+06 2.781572602178386866e+00 1.043983640243627622e-02
2.458781224816999864e+06 2.785728581090291645e+00 1.044004017438244537e-02
2.458781728409999982e+06 2.794427200486904184e+00 1.044175473074596822e-02
2.458782221477000043e+06 2.805720465498874105e+00 1.044002275224909480e-02
2.458782714544000104e+06 2.787982221429667895e+00 1.044078263454275082e-02
2.458783218137999997e+06 2.798272471215426993e+00 1.044065927912847178e-02
2.458783711205000058e+06 2.796054291942436709e+00 1.044010879425338358e-02
2.459622427943999879e+06 2.796020813747618572e+00 1.044255902129775579e-02
2.459622921010999940e+06 2.803122000470095632e+00 1.044326277618001612e-02
2.459623424604999833e+06 2.799762549630163910e+00 1.044364024733629784e-02
2.459623917671999894e+06 2.792209497623298287e+00 1.044375486435423009e-02
2.459624410738999955e+06 2.807522206101513262e+00 1.044414116499886060e-02
2.459624914332000073e+06 2.789333225409643013e+00 1.044327297146374622e-02
2.459625407399999909e+06 2.783269112382604327e+00 1.044364028219243318e-02
2.459625900466999970e+06 2.798790557312480054e+00 1.044259231476821898e-02
2.459626404060000088e+06 2.797300996207602974e+00 1.044218741895511747e-02
2.459626897127000149e+06 2.787982221429667895e+00 1.044335046106379013e-02
2.459627390194000211e+06 2.809878879880401303e+00 1.044255614819731247e-02
2.459627893788000103e+06 2.812929191378324756e+00 1.044352902735891375e-02
2.459628386855000164e+06 2.817017857159092031e+00 1.044314155259401522e-02
2.459628879922000226e+06 2.796538482961597349e+00 1.044449240866522632e-02
2.459629383516000118e+06 2.809394966659997550e+00 1.044334529487822225e-02
2.459629876583000179e+06 2.802360481551050775e+00 1.044300674387238503e-02
2.459630369649999775e+06 2.806309716769692653e+00 1.044480004974377568e-02
2.459630873244000133e+06 2.785556681087869801e+00 1.044452713192422361e-02
2.459631366311000194e+06 2.804924655854589943e+00 1.044481185569970036e-02
2.459631859377999790e+06 2.807765284033994835e+00 1.044504542863582131e-02
2.459632362970999908e+06 2.787738288582176427e+00 1.044500432817254548e-02
2.459632856037999969e+06 2.803400845581921708e+00 1.044430163669916867e-02
2.459633349105999805e+06 2.795603657555019161e+00 1.044357587538416107e-02
2.459633852698999923e+06 2.796538482961597349e+00 1.044449240866522632e-02
2.459634345765999984e+06 2.803294984449174354e+00 1.044390724229646988e-02
2.459634838833000045e+06 2.805097751077668011e+00 1.044545641741168734e-02
2.459635342426999938e+06 2.794149247954192283e+00 1.044586313668393641e-02
2.459635835493999999e+06 2.795951283393021569e+00 1.044487450611302284e-02
2.459636328561000060e+06 2.789402591184854785e+00 1.044610181188922009e-02
2.459636832154999953e+06 2.797648833105127242e+00 1.044606260683255197e-02
2.459637325222000014e+06 2.796886225042638952e+00 1.044579115336255297e-02
2.459637818289000075e+06 2.812929191378324756e+00 1.044611983088840172e-02
2.459638321882000193e+06 2.789402591184854785e+00 1.044610181188922009e-02
2.459638814950000029e+06 2.786906509696413181e+00 1.044702151844630576e-02
2.459639308017000090e+06 2.788398240361878777e+00 1.044747701336814008e-02
2.459639811610000208e+06 2.811023006137045588e+00 1.044680814737107902e-02
2.459640304676999804e+06 2.789402591184854785e+00 1.044610181188922009e-02
2.459640797743999865e+06 2.805270856982666317e+00 1.044610101890037362e-02
2.459641301338000223e+06 2.789541327910332491e+00 1.044662137043697592e-02
2.459641794404999819e+06 2.797300996207602974e+00 1.044734023781470483e-02
2.459642287471999880e+06 2.818333610990412907e+00 1.044801926519847539e-02
2.459642791065999772e+06 2.820585052086182376e+00 1.044857215755997520e-02
2.459643284132999834e+06 2.789505358467079699e+00 1.044905589697354975e-02
2.459643777199999895e+06 2.787288994468118730e+00 1.044845530412464966e-02
2.459644280793999787e+06 2.793907348808953195e+00 1.044753208602019687e-02
2.459644773860999849e+06 2.805201096601612765e+00 1.044842493502746300e-02
2.459645266927999910e+06 2.818886566620302681e+00 1.045006916129713297e-02
2.459645770521000028e+06 2.800974789996185432e+00 1.044816213162170007e-02
2.459646263588000089e+06 2.805860013827688348e+00 1.044829488617124956e-02
2.459646756655999925e+06 2.818299866037046186e+00 1.045048991729331973e-02
2.459647260249000043e+06 2.815181500875352238e+00 1.044929827227696409e-02
2.459647753316000104e+06 2.817778168558065399e+00 1.045115068932527327e-02
2.459648246383000165e+06 2.795292118534195236e+00 1.045013573224067016e-02
2.459648749977000058e+06 2.810018635036592105e+00 1.045083989881824896e-02
2.459649243044000119e+06 2.797267503085522744e+00 1.045236790509909003e-02
2.459649736111000180e+06 2.816636481285815119e+00 1.045210460272769787e-02
2.459650239705000073e+06 2.809982401550885633e+00 1.045329323101311728e-02
2.459650732772000134e+06 2.806102947845988460e+00 1.045178402576817100e-02
2.459651225839000195e+06 2.800144219780322796e+00 1.045280103309981570e-02
2.459651729431999847e+06 2.797128382101804256e+00 1.045442431119605192e-02
2.459652222500000149e+06 2.806692279444912064e+00 1.045397908657171027e-02
2.459652715567000210e+06 2.810642441863715035e+00 1.045574861825343885e-02
2.459653219159999862e+06 2.794980614230940130e+00 1.045411972507667535e-02
2.459653712226999924e+06 2.800211275314723469e+00 1.045563043801675529e-02
2.459654205293999985e+06 2.804232381768180460e+00 1.045514797392833352e-02
2.459654708887999877e+06 2.808908549676852218e+00 1.045705974253947901e-02
2.459655201954999939e+06 2.800662652422223786e+00 1.045731582235393323e-02
2.459655695022000000e+06 2.814416705774353211e+00 1.045942039883374954e-02
2.459656198615999892e+06 2.798236389189377782e+00 1.045856554987048201e-02
2.459656691682999954e+06 2.828900028228598540e+00 1.045853004030496136e-02
2.459657184750000015e+06 2.816981533422662221e+00 1.046116864573971156e-02
2.459657688343999907e+06 2.799656825885593392e+00 1.046129593251256783e-02
2.459658181410999969e+06 2.806136546759382178e+00 1.046224735944260853e-02
2.459658674478000030e+06 2.804854904082731082e+00 1.046263568604646754e-02
2.459659178071000148e+06 2.805131337955332871e+00 1.046366683631955695e-02
2.459659671138000209e+06 2.807211924427189587e+00 1.046625673923505528e-02
2.459660164206000045e+06 2.830218725175809524e+00 1.046601203108290558e-02
2.459660667799000163e+06 2.820377231355651215e+00 1.046598595066960263e-02
2.459661160866000224e+06 2.819408469313619214e+00 1.046758456611935478e-02
2.459661653932999820e+06 2.816392635343165196e+00 1.046935768230851556e-02
2.459662157527000178e+06 2.798584342400517233e+00 1.047017641026655108e-02
2.459662650593999773e+06 2.816218843142401784e+00 1.047130547912287352e-02
2.459663143660999835e+06 2.811610781445426976e+00 1.047488843155996649e-02
2.459663647255000193e+06 2.816844026377540278e+00 1.047622445366128141e-02
2.459664140321999788e+06 2.791273548448520270e+00 1.047624612689563445e-02
2.459664633388999850e+06 2.800453720259891366e+00 1.047974951516946092e-02
2.459665136981999967e+06 2.793212648574720181e+00 1.048095134013555738e-02
2.459665630049999803e+06 2.825749113336403440e+00 1.048331756704626132e-02
2.459666123116999865e+06 2.822248169306220689e+00 1.048332626003532428e-02
2.459666626709999982e+06 2.814937780895378605e+00 1.048728344308861964e-02
2.459667119777000044e+06 2.814486695331288146e+00 1.048819512456727887e-02
2.459667612844000105e+06 2.848579863811675938e+00 1.049193240997299374e-02
2.459668116437999997e+06 2.827792901813344972e+00 1.049350436273241427e-02
2.459668609505000059e+06 2.817466753415520220e+00 1.049670533930903080e-02
2.459669102572000120e+06 2.837111472975770265e+00 1.049934030794904410e-02
2.459669606166000012e+06 2.833301555185938625e+00 1.050350785913406297e-02
2.459670099233000074e+06 2.833231097748419636e+00 1.050585616427536853e-02
2.459670592300000135e+06 2.826751296290869853e+00 1.051046739817284963e-02
2.459671095894000027e+06 2.835136674950348823e+00 1.051292220276735766e-02
2.459671588961000089e+06 2.843798363756865122e+00 1.051884811319501838e-02
2.459672082028000150e+06 2.839260234940501171e+00 1.052298259497183759e-02
2.459672585620999802e+06 2.825712677015721930e+00 1.052742620945837371e-02
2.459673078687999863e+06 2.826267080414626598e+00 1.053209477333859681e-02
2.459673571756000165e+06 2.852633644156408188e+00 1.053839182719367752e-02
2.459674075348999817e+06 2.842585916446782601e+00 1.054316272715735345e-02
2.459674568415999878e+06 2.847299815663418165e+00 1.055015675834969878e-02
2.459675061482999939e+06 2.862405778770559461e+00 1.055603809467744146e-02
2.459675565076999832e+06 2.851388541312308789e+00 1.056268056909174385e-02
2.459676058143999893e+06 2.870651024703375409e+00 1.057058127606678305e-02
2.459676551210999954e+06 2.862751164489193645e+00 1.058104203649944293e-02
2.459677054804999847e+06 2.865489358713607437e+00 1.059116270243506963e-02
2.459677547871999908e+06 2.885793161997956435e+00 1.059975994133088850e-02
2.459678040938999970e+06 2.889742864340241191e+00 1.061160597724672590e-02
2.459678544532000087e+06 2.892895860225139337e+00 1.062318429114838918e-02
2.459679037599999923e+06 2.912020312310061865e+00 1.063708892455557734e-02
2.459679530666999985e+06 2.911154132604723443e+00 1.065269382945108721e-02
2.459680034260000102e+06 2.904640576753243941e+00 1.066898807401605621e-02
2.459680527327000163e+06 2.945213618755996077e+00 1.068509679739774315e-02
2.459681020394000225e+06 2.919956623696023712e+00 1.070641954094497458e-02
2.459681523988000117e+06 2.951589794182761128e+00 1.072997737994250966e-02
2.459682017055000179e+06 2.959522185999057697e+00 1.075336253189346572e-02
2.459682510121999774e+06 2.972240858495017513e+00 1.078315035485069746e-02
2.459683013716000132e+06 2.999159756658164255e+00 1.081451497689756708e-02
2.459683506783000194e+06 3.019186910723846928e+00 1.085057979462781923e-02
2.459683999849999789e+06 3.030551021034823655e+00 1.089421222509007713e-02
2.459684503444000147e+06 3.057783972808250983e+00 1.094423163403669685e-02
2.459684996511000209e+06 3.097561943931176121e+00 1.099816073326468496e-02
2.459685489577999804e+06 3.114641027291695785e+00 1.106453887198157598e-02
2.459685993170999922e+06 3.188373567123530705e+00 1.114439919587032791e-02
2.459686486237999983e+06 3.206668015520833581e+00 1.123787872743442669e-02
2.459686979305999819e+06 3.270905522077877325e+00 1.134550928868530324e-02
2.459687482898999937e+06 3.349867273396484713e+00 1.147747141748025820e-02
2.459687975965999998e+06 3.435655422693406624e+00 1.162584241702387111e-02
2.459688469033000059e+06 3.529932493411962025e+00 1.178880759895368883e-02
2.459688972626999952e+06 3.617695419471337104e+00 1.194862593452360351e-02
2.459689465694000013e+06 3.680513372471385214e+00 1.206796600184942281e-02
2.459689958761000074e+06 3.727427457080850548e+00 1.210506673358556669e-02
2.459690462354999967e+06 3.691842797180683533e+00 1.206771039758508350e-02
2.459690955422000028e+06 3.608826473639219490e+00 1.192930488743949163e-02
2.459691448489000089e+06 3.505332342863149986e+00 1.175185065405854462e-02
2.459691952082000207e+06 3.411715432717189245e+00 1.158568236492630611e-02
2.459692445150000043e+06 3.320901543238119480e+00 1.144245961294198394e-02
2.459692938217000104e+06 3.276414203774270284e+00 1.131935144512852091e-02
2.459693441810000222e+06 3.197867019279561074e+00 1.120998067674217058e-02
2.459693934876999818e+06 3.142742509836139231e+00 1.112384335381982892e-02
2.459807647255999967e+06 2.809394966659997550e+00 1.044075774648999845e-02
2.459808150849000085e+06 2.800871600172271325e+00 1.044003811996148910e-02
2.459808643916000146e+06 2.801493376414000647e+00 1.044235574411296434e-02
2.459809136983000208e+06 2.787530320589968635e+00 1.044165771036891475e-02
2.459809640577000100e+06 2.799935326293561122e+00 1.044170590100950737e-02
2.459810133644000161e+06 2.789713473810029765e+00 1.044212720168947832e-02
2.459810626711000223e+06 2.809809004908832453e+00 1.044229646678571100e-02
2.459811130305000115e+06 2.792623575241385936e+00 1.044015944409807523e-02
2.459811623372000176e+06 2.797128382101804256e+00 1.044154305896441426e-02
2.459812116438999772e+06 2.790129751077376596e+00 1.044111555730314889e-02
2.459812620031999890e+06 2.795222606300515888e+00 1.044215237685708342e-02
2.459813113100000191e+06 2.791931765678235866e+00 1.044014459403497935e-02
2.459813606166999787e+06 2.808492057396255071e+00 1.043998891625467357e-02
2.459814109759999905e+06 2.796574543093893528e+00 1.044205134545390934e-02
2.459814602826999966e+06 2.795639705633153671e+00 1.044113566137166819e-02
2.459815095894000027e+06 2.795951283393021569e+00 1.044229933981467157e-02
2.459815599487999920e+06 2.792034626140418307e+00 1.044052923026118906e-02
2.459816092554999981e+06 2.809948756589646379e+00 1.044022777761916682e-02
2.459816585622000042e+06 2.795881754767487237e+00 1.044203966478927763e-02
2.459817089215999935e+06 2.801875282514488141e+00 1.044119864786035960e-02
2.459817582282999996e+06 2.783407544046788029e+00 1.044159610522344545e-02
2.459818075350000057e+06 2.800074586886473593e+00 1.044222524091751973e-02
2.459818578943999950e+06 2.794669144641384495e+00 1.044008480235823419e-02
2.459819072011000011e+06 2.788120887510109114e+00 1.044130192853018856e-02
2.459819565078000072e+06 2.809255242521714102e+00 1.044023847956723934e-02
2.459820068671000190e+06 2.779943696257610952e+00 1.044140403871307403e-02
2.459820561737999786e+06 2.805304445933008317e+00 1.044105853368007888e-02
2.459821054806000087e+06 2.791620635849035637e+00 1.044155233333905405e-02
2.459821558399000205e+06 2.804092914388998103e+00 1.044171466622526544e-02
2.459822051465999801e+06 2.806276115782861069e+00 1.044209031445939018e-02
2.459822544532999862e+06 2.795742702703408522e+00 1.044152033411082335e-02
2.459823048127000220e+06 2.810919446129986898e+00 1.044124537485389276e-02
2.459823541193999816e+06 2.792693022841777228e+00 1.044041907236574473e-02
2.459824034260999877e+06 2.800386658919749916e+00 1.044080978936543294e-02
2.459824537854999769e+06 2.800871600172271325e+00 1.044003811996148910e-02
2.459825030921999831e+06 2.802672808350324729e+00 1.044158927379839480e-02
2.459825523988999892e+06 2.796713636531289460e+00 1.043999483409180883e-02
2.459826027582000010e+06 2.796157304286888134e+00 1.044049342916062578e-02
2.459826520649999846e+06 2.810919446129986898e+00 1.044124537485389276e-02
2.459827013716999907e+06 2.803850154386232418e+00 1.044081069094390281e-02
2.459827517310000025e+06 2.803261419558859657e+00 1.044120029433986442e-02
2.459828010377000086e+06 2.786906509696413181e+00 1.044188784693846767e-02
2.459828503444000147e+06 2.803643566683105437e+00 1.044004141192374918e-02
2.459829007038000040e+06 2.789263861359392749e+00 1.044044426527142300e-02
2.459829500105000101e+06 2.812545778588637191e+00 1.044210553521740005e-02
2.459829993172000162e+06 2.790301933289364822e+00 1.044175989091221564e-02
2.459830496766000055e+06 2.792554129367999405e+00 1.043989982228677241e-02
2.459830989833000116e+06 2.805201096601612765e+00 1.044067387795400044e-02
2.459831482900000177e+06 2.798166803738724173e+00 1.044026502226732406e-02
2.459831986494000070e+06 2.793457060440006412e+00 1.044070254043968742e-02
2.459832479561000131e+06 2.807558407864082284e+00 1.044168998074509330e-02
2.459832972628000192e+06 2.792623575241385936e+00 1.044015944409807523e-02
2.459833476220999844e+06 2.790440714745488382e+00 1.043970914262846300e-02
2.459833969287999906e+06 2.795984760755326537e+00 1.043984917370162357e-02
2.459834462356000207e+06 2.789227895493902487e+00 1.044030964207592546e-02
2.459834965948999859e+06 2.789574728522944636e+00 1.044160786665741109e-02
2.459835459015999921e+06 2.799832174764199433e+00 1.044132122143397699e-02
2.459835952082999982e+06 2.792659584892670743e+00 1.044029406535683380e-02
2.459836455676999874e+06 2.814797781087440054e+00 1.044009642007311806e-02
2.459836948743999936e+06 2.804578497451512664e+00 1.044093973933969688e-02
2.459837441810999997e+06 2.798272471215426993e+00 1.044065927912847178e-02
2.459837945404999889e+06 2.802742505857329203e+00 1.044184893762336447e-02
2.459838438471999951e+06 2.792242930183268967e+00 1.044130816202220799e-02
2.459838931539000012e+06 2.793004272189932635e+00 1.044158267094395104e-02
2.459839435132000130e+06 2.806102947845988460e+00 1.044144596046078614e-02
2.459839928199999966e+06 2.781918483292179278e+00 1.044113456817167933e-02
2.459840421267000027e+06 2.797960634784921297e+00 1.044207280043141922e-02
2.459840924860000145e+06 2.794877645236554020e+00 1.044086370096205911e-02
2.459841417927000206e+06 2.791412378229948477e+00 1.044077338336261637e-02
2.459841910993999802e+06 2.776512288842007958e+00 1.044130206366965762e-02
2.459842414588000160e+06 2.787427626069487463e+00 1.044127303256875590e-02
2.459842907655000221e+06 2.781293366583488691e+00 1.044135003743359123e-02
2.459843400721999817e+06 2.783476762460803222e+00 1.044185576921829832e-02
2.459843904316000175e+06 2.801390167485008575e+00 1.044197104059676855e-02
2.459844397382999770e+06 2.802845764609235069e+00 1.044223363664107014e-02
2.459844890449999832e+06 2.788431627287706771e+00 1.043989738506475619e-02
2.459845394044000190e+06 2.791412378229948477e+00 1.044077338336261637e-02
2.459845887110999785e+06 2.791481795710006875e+00 1.044103302689783352e-02
2.459846380177999847e+06 2.803018731541471631e+00 1.044029636358945190e-02
2.459846883770999964e+06 2.807765284033994835e+00 1.043987333384570511e-02
2.459847376838000026e+06 2.804681823845094790e+00 1.044132440486068153e-02
2.459847869905999862e+06 2.807348961271666887e+00 1.044091102049999296e-02
2.459848373498999979e+06 2.789990985086907127e+00 1.044059627258480880e-02
2.459848866566000041e+06 2.801735932364696424e+00 1.044067935900954563e-02
2.459849359633000102e+06 2.794808143309834847e+00 1.044060406163757268e-02
2.459849863226999994e+06 2.801563044590622553e+00 1.044003509207726624e-02
2.459850356294000056e+06 2.791204136147073189e+00 1.043999449149657366e-02
2.459850849361000117e+06 2.793248665821846277e+00 1.043992365385859253e-02
2.459851352955000009e+06 2.807628226867290522e+00 1.044194964707446591e-02
2.459851846022000071e+06 2.797648833105127242e+00 1.044090914723371823e-02
2.459852339089000132e+06 2.804335695410154372e+00 1.044003583114646271e-02
2.459852842681999784e+06 2.807904934066101532e+00 1.044039258260718618e-02
2.459853335750000086e+06 2.808078213205687401e+00 1.044103687160062924e-02
2.459853828817000147e+06 2.800386658919749916e+00 1.044080978936543294e-02
2.459854332409999799e+06 2.792173493775615523e+00 1.044104851164503849e-02
2.459854825476999860e+06 2.789749445936838601e+00 1.043969239412664667e-02
2.459855318543999922e+06 2.796608027918807249e+00 1.044217637350363520e-02
2.459855822137999814e+06 2.812582045127961727e+00 1.043964969777417401e-02
2.459856315204999875e+06 2.804092914388998103e+00 1.044171466622526544e-02
2.459856808271999937e+06 2.805237268434497278e+00 1.044080850584615944e-02
2.459857311865999829e+06 2.792520693081925742e+00 1.043977482149507224e-02
2.459857804932999890e+06 2.802048189557134084e+00 1.044184298659704344e-02
2.459858297999999952e+06 2.792901376005327840e+00 1.044119799590826486e-02
2.459858801593999844e+06 2.815803860374502587e+00 1.044123452104388054e-02
2.459859294660999905e+06 2.784517809890250106e+00 1.044063185365407334e-02
2.459859787727999967e+06 2.775405215025742667e+00 1.043969506450251328e-02
2.459860291321000084e+06 2.788190223136634227e+00 1.044156158520942283e-02
2.459860784388000146e+06 2.818611373263699260e+00 1.044126086390573423e-02
2.459861277455999982e+06 2.767504909618360376e+00 1.044056563658763565e-02
2.459861781049000099e+06 2.782541177684267009e+00 1.044090885816141047e-02
2.459862274116000161e+06 2.781016720430272926e+00 1.044031147050032866e-02
2.459862767183000222e+06 2.790371323154624772e+00 1.044201955898012811e-02
2.459863270777000114e+06 2.791515219556828686e+00 1.044115804275467727e-02
2.459863763844000176e+06 2.800696186196172555e+00 1.044196381408107541e-02
2.459864256910999771e+06 2.796435456574263512e+00 1.044153201419452046e-02
2.459864760505000129e+06 2.797164449840590095e+00 1.044167769806427989e-02
2.459865253572000191e+06 2.797128382101804256e+00 1.044154305896441426e-02
2.459865746638999786e+06 2.800004955724237465e+00 1.044196556773478897e-02
2.459866250231999904e+06 2.788292945752746999e+00 1.044194627364044593e-02
2.459866743300000206e+06 2.797058824204639027e+00 1.044128340274591907e-02
2.459867236366999801e+06 2.797994136206214399e+00 1.043962078090267948e-02
2.459867739959999919e+06 2.807038698744011462e+00 1.043975711213700197e-02
2.459868233026999980e+06 2.777586546784066801e+00 1.044022539522015958e-02
2.459868726094000041e+06 2.794010282055648720e+00 1.044019685870652484e-02
2.459869229687999934e+06 2.796157304286888134e+00 1.044049342916062578e-02
2.459869722754999995e+06 2.802569555970254811e+00 1.044120459851949172e-02
2.459870215822000057e+06 2.799102486238954413e+00 1.044117808689374802e-02
2.459870719415999949e+06 2.793179204403951399e+00 1.043966403791083200e-02
2.459871212483000010e+06 2.782507861286967366e+00 1.044078384528811416e-02
2.459871705550000072e+06 2.787253054067339697e+00 1.044061911283243084e-02
2.459872209143999964e+06 2.780983422285874251e+00 1.044018646477980899e-02
2.459872702211000025e+06 2.802430171291040661e+00 1.044068530937268882e-02
2.459873195278000087e+06 2.785867135081254276e+00 1.044055943144208548e-02
2.459873698871000204e+06 2.804439012858404467e+00 1.044042046336559303e-02
2.459874191937999800e+06 2.798305976370497827e+00 1.044078429051023896e-02
2.459874685006000102e+06 2.803331131703582280e+00 1.044145994849160312e-02
2.459875188599000219e+06 2.807038698744011462e+00 1.043975711213700197e-02
2.459875681665999815e+06 2.797787979974556638e+00 1.044142844751352883e-02
2.459876174732999876e+06 2.781155040067069262e+00 1.044083074105344421e-02
2.459876678326999769e+06 2.792140062047032689e+00 1.044092349709965263e-02
2.459877171393999830e+06 2.791654061358270766e+00 1.044167735541385450e-02
2.459877664460999891e+06 2.797094891046505882e+00 1.044141803849762962e-02
2.459878168054999784e+06 2.795709228239363853e+00 1.044139531391613356e-02
2.459878661121999845e+06 2.803989609691242446e+00 1.044132998632678333e-02
2.459879154188999906e+06 2.799692926227548284e+00 1.044080192648698217e-02
2.459987411249999888e+06 2.807731665619116690e+00 1.043974833337112801e-02
2.459987904316999950e+06 2.810259340766555702e+00 1.044138173800490503e-02
2.459988407910000067e+06 2.786421419961253143e+00 1.044007032898706944e-02
2.459988900977000128e+06 2.786942445628655562e+00 1.044202249048422314e-02
2.459989394044000190e+06 2.810362876453985859e+00 1.044176641980999048e-02
2.459989897638000082e+06 2.804196222892699986e+00 1.044209936029610701e-02
2.459990390705000143e+06 2.808078213205687401e+00 1.044103687160062924e-02
2.459990883772000205e+06 2.811854213370636124e+00 1.044212778262842284e-02
2.459991387366000097e+06 2.813066507316888565e+00 1.044144790862209377e-02
2.459991880433000159e+06 2.789574728522944636e+00 1.044160786665741109e-02
2.459992373500000220e+06 2.804821320514911065e+00 1.044184372579418964e-02
2.459992877094000112e+06 2.797197941728751136e+00 1.044180272164010187e-02
2.459993370161000174e+06 2.802533418535904097e+00 1.044106996551995813e-02
2.459993863227999769e+06 2.811160229023279555e+00 1.044213977020001273e-02
2.459994366820999887e+06 2.808424803565293004e+00 1.043973891403445105e-02
2.459994859887999948e+06 2.796193359504053344e+00 1.044062805472597763e-02
2.459995352955999784e+06 2.811887881146888812e+00 1.043966296714601664e-02
2.459995856548999902e+06 2.796816673167340728e+00 1.044037946480052409e-02
2.459996349615999963e+06 2.809671847980728998e+00 1.044178674057185362e-02
2.459996842683000024e+06 2.798860158274788734e+00 1.044027415806594340e-02
2.459997346276999917e+06 2.787358309406928747e+00 1.044101338306513763e-02
2.459997839343999978e+06 2.798896248344065807e+00 1.044040878080389201e-02
2.459998332411000039e+06 2.800593006636203253e+00 1.044157912500381404e-02
2.459998836004999932e+06 2.796435456574263512e+00 1.044153201419452046e-02
2.459999329071999993e+06 2.781675080987851878e+00 1.044022102730808067e-02
2.459999822139000054e+06 2.804023183300560884e+00 1.044145500573930713e-02
2.460000325732000172e+06 2.784066470593042020e+00 1.044150376359638879e-02
2.460000818800000008e+06 2.780983422285874251e+00 1.044018646477980899e-02
2.460001311867000069e+06 2.792278934926303524e+00 1.044144279809318225e-02
2.460001815460000187e+06 2.808838698835076197e+00 1.044127748417840104e-02
2.460002308526999783e+06 2.792242930183268967e+00 1.044130816202220799e-02
2.460002801593999844e+06 2.799277800398006999e+00 1.044183204163989451e-02
2.460003305188000202e+06 2.797543189178048895e+00 1.044051488093713197e-02
2.460003798254999798e+06 2.807348961271666887e+00 1.044091102049999296e-02
2.460004291321999859e+06 2.803018731541471631e+00 1.044029636358945190e-02
2.460004794916000217e+06 2.792070628197464099e+00 1.044066385628818032e-02
2.460005287982999813e+06 2.783512654167965117e+00 1.044199041235042286e-02
2.460005781049999874e+06 2.811507199784315958e+00 1.044083910976855920e-02
2.460006284644000232e+06 2.795534137574108957e+00 1.044074138652152477e-02
2.460006777710999828e+06 2.802672808350324729e+00 1.044158927379839480e-02
2.460007270777999889e+06 2.801632714499777688e+00 1.044029471725252227e-02
2.460007774371000007e+06 2.801875282514488141e+00 1.044119864786035960e-02
2.460008267438000068e+06 2.803643566683105437e+00 1.044004141192374918e-02
2.460008760505999904e+06 2.783581875195882738e+00 1.043968631249861390e-02
2.460009264099000022e+06 2.802742505857329203e+00 1.044184893762336447e-02
2.460009757166000083e+06 2.798099797162454383e+00 1.044001501343527066e-02
2.460010250233000144e+06 2.800108113619211192e+00 1.043977127616891112e-02
2.460010753827000037e+06 2.794460659600571439e+00 1.044187975524413919e-02
2.460011246894000098e+06 2.774329245481595319e+00 1.044075830515674153e-02
2.460011739961000159e+06 2.818193442292218354e+00 1.043971268087570507e-02
2.460012243555000052e+06 2.804126489235227560e+00 1.044183969024372466e-02
2.460012736622000113e+06 2.790337913004099057e+00 1.044189453280803398e-02
2.460013229689000174e+06 2.798445155924311312e+00 1.044130358458004136e-02
2.460013733281999826e+06 2.826233240470889196e+00 1.044086167325890442e-02
2.460014226350000128e+06 2.783892109094526557e+00 1.044084982940975646e-02
2.460014719417000189e+06 2.775162382595951271e+00 1.044133766860055358e-02
2.460015223009999841e+06 2.814416705774353211e+00 1.044127518376761904e-02
2.460015716076999903e+06 2.817362956016411513e+00 1.044182600278638524e-02
2.460016209143999964e+06 2.809912524004980039e+00 1.044009315721514640e-02
2.460016712737999856e+06 2.783235787269472628e+00 1.044095178172116042e-02
2.460017205804999918e+06 2.788431627287706771e+00 1.043989738506475619e-02
2.460017698871999979e+06 2.797197941728751136e+00 1.044180272164010187e-02
2.460018202465999871e+06 2.786975815123504674e+00 1.043958061860184722e-02
2.460018695532999933e+06 2.793421040505757791e+00 1.044056791391388683e-02
2.460019188599999994e+06 2.802499862764091354e+00 1.044094495071766319e-02
2.460019692193999887e+06 2.803088437650973042e+00 1.044055599526203318e-02
2.460020185260999948e+06 2.796296376972046360e+00 1.044101270876386656e-02
2.460020678328000009e+06 2.805201096601612765e+00 1.044067387795400044e-02
2.460021181921000127e+06 2.796816673167340728e+00 1.044037946480052409e-02
2.460021674988000188e+06 2.788190223136634227e+00 1.044156158520942283e-02
2.460022168056000024e+06 2.810225692489420446e+00 1.044125671946967600e-02
2.460022671649000142e+06 2.776512288842007958e+00 1.044130206366965762e-02
2.460023164716000203e+06 2.781710949463115590e+00 1.044035564936089677e-02
2.460023657782999799e+06 2.804335695410154372e+00 1.044003583114646271e-02
2.460024161377000157e+06 2.802463726228392460e+00 1.044081032106613204e-02
2.460024654444000218e+06 2.799450547146945745e+00 1.043989803022465045e-02
2.460025147510999814e+06 2.795014079970923770e+00 1.044137338211681594e-02
2.460025651105000172e+06 2.793907348808953195e+00 1.043981223472510711e-02
2.460026144171999767e+06 2.799068971546975426e+00 1.044105307079691049e-02
2.460026637238999829e+06 2.809288879179152598e+00 1.044036348591055596e-02
2.460027140831999946e+06 2.810536307276108037e+00 1.043982219398277393e-02
2.460027633899999782e+06 2.801911411462464141e+00 1.044133328251919263e-02
2.460028126966999844e+06 2.804162647211523307e+00 1.044197433316852025e-02
2.460028630559999961e+06 2.782161906894718761e+00 1.044204818897201924e-02
2.460029123627000023e+06 2.812545778588637191e+00 1.044210553521740005e-02
2.460029616694000084e+06 2.809912524004980039e+00 1.044009315721514640e-02
2.460030120287999976e+06 2.790440714745488382e+00 1.043970914262846300e-02
2.460030613355000038e+06 2.800696186196172555e+00 1.044196381408107541e-02
2.460031106422000099e+06 2.802776064534423295e+00 1.044197396324952377e-02
2.460031610015999991e+06 2.782956384711297027e+00 1.043990363889009225e-02
2.460032103083000053e+06 2.782992269708416622e+00 1.044003825685035566e-02
2.460032596150000114e+06 2.808111835769949050e+00 1.044116188750350560e-02
2.460033099744000006e+06 2.793282110824312436e+00 1.044004865643234289e-02
2.460033592811000068e+06 2.787946272090147559e+00 1.044064800698418782e-02
2.460034085878000129e+06 2.804785154045422502e+00 1.044170908455349656e-02
2.460034589470999781e+06 2.800662652422223786e+00 1.044183878857640052e-02
2.460035082537999842e+06 2.803537696384800881e+00 1.043964717839430782e-02
2.460035575606000144e+06 2.795603657555019161e+00 1.044100102926103640e-02
2.460036079198999796e+06 2.774850565795503154e+00 1.044016448157386416e-02
2.460036572265999857e+06 2.799623304556300152e+00 1.044054228869868012e-02
2.460037065332999919e+06 2.790163158735472937e+00 1.044124057414817092e-02
2.460037568926999811e+06 2.781641774960649016e+00 1.044009602267043785e-02
2.460038061993999872e+06 2.800593006636203253e+00 1.044157912500381404e-02
2.460038555060999934e+06 2.798653938234617389e+00 1.044208257411298989e-02
2.460039058654999826e+06 2.791204136147073189e+00 1.043999449149657366e-02
2.460039551721999887e+06 2.793698920598851387e+00 1.044160650635727466e-02
2.460040044788999949e+06 2.798099797162454383e+00 1.044001501343527066e-02
2.460040548382000066e+06 2.779493098373233995e+00 1.043971160351156273e-02
2.460041041449999902e+06 2.784030571744753324e+00 1.044136912673930377e-02
2.460041534516999964e+06 2.790510108061996952e+00 1.043996875969789746e-02
2.460042038110000081e+06 2.783892109094526557e+00 1.044084982940975646e-02
2.460042531177000143e+06 2.788536927133893339e+00 1.044029162804281305e-02
2.460043024244000204e+06 2.792451249766972676e+00 1.044208715189666459e-02
2.460043527838000096e+06 2.783961339558815862e+00 1.044110947484605360e-02
2.460044020905000158e+06 2.796783185844249342e+00 1.044025445826588655e-02
2.460044513972000219e+06 2.784966657306118698e+00 1.043974977122640035e-02
2.460045017566000111e+06 2.796365915908499922e+00 1.044127235825068230e-02
2.460045510633000173e+06 2.796332433982492205e+00 1.044114734102509837e-02
2.460046003699999768e+06 2.784517809890250106e+00 1.044063185365407334e-02
2.460046507294000126e+06 2.814797781087440054e+00 1.044009642007311806e-02
2.460047000361000188e+06 2.790301933289364822e+00 1.044175989091221564e-02
2.460047493427999783e+06 2.793421040505757791e+00 1.044056791391388683e-02
2.460047997020999901e+06 2.801563044590622553e+00 1.044003509207726624e-02
2.460048490087999962e+06 2.826095281816523919e+00 1.044035201708253847e-02
2.460048983155999798e+06 2.794911109743627886e+00 1.044098871479147428e-02
2.460049486748999916e+06 2.794702606651982890e+00 1.044020980686153136e-02
2.460049979815999977e+06 2.782679573143107987e+00 1.044142815842684195e-02
2.460050472883000039e+06 2.802360481551050775e+00 1.044042567448437604e-02
2.460050976476999931e+06 2.805513739991208677e+00 1.044183750493062751e-02
2.460051469543999992e+06 2.799796072626719035e+00 1.044118658693066193e-02
2.460051962611000054e+06 2.783720322415982551e+00 1.044020555195823013e-02
2.460052466204999946e+06 2.791273548448520270e+00 1.044025411566212869e-02
2.460052959272000007e+06 2.791862337008499839e+00 1.043988497259296100e-02
2.460053452339000069e+06 2.791342962476136780e+00 1.044051374628411459e-02
2.460053955932000186e+06 2.820896811894880063e+00 1.044193261431410058e-02
2.460054449000000022e+06 2.787427626069487463e+00 1.044127303256875590e-02
2.460054942067000084e+06 2.789125138433594220e+00 1.043992501393949286e-02
2.460055445660000201e+06 2.807072308861632060e+00 1.043988211271666168e-02
2.460055938726999797e+06 2.786906509696413181e+00 1.044188784693846767e-02
2.460056431793999858e+06 2.794149247954192283e+00 1.044071612355918464e-02
2.460056935388000216e+06 2.778384836024075266e+00 1.044066696984054243e-02
2.460057428454999812e+06 2.787599641530131400e+00 1.044191737589577652e-02
2.460057921521999873e+06 2.789227895493902487e+00 1.044030964207592546e-02
2.460058425116000231e+06 2.794772105954192121e+00 1.044046943638159836e-02
2.460058918182999827e+06 2.787774235239832255e+00 1.044000374198656052e-02
