2.458346727899000049e+06 4.162489969684113889e-01 3.318916280919531007e-03
2.458347220966000110e+06 4.135709257192445865e-01 3.319275005221302560e-03
2.458347714033000171e+06 4.212322365713660477e-01 3.319076740810005151e-03
2.458348217627000064e+06 4.138124950210447794e-01 3.318927001652311262e-03
2.458348710694000125e+06 4.162708501732076960e-01 3.319090525080399100e-03
2.458349203761000186e+06 4.170172307751007224e-01 3.319280403992106668e-03
2.458349707355000079e+06 4.137244621105007347e-01 3.318983054254164705e-03
2.458350200422000140e+06 4.195201255678338015e-01 3.319109985312212671e-03
2.458350693489000201e+06 4.196739378990674285e-01 3.319167297678998242e-03
2.458351197081999853e+06 4.144052034884069813e-01 3.319100563969845825e-03
2.458351690150000155e+06 4.172588915320850633e-01 3.319282372982538740e-03
2.458352183217000216e+06 4.139218953374423360e-01 3.319041959746153216e-03
2.458352686809999868e+06 4.244815319442041823e-01 3.319266862809577227e-03
2.458353179876999930e+06 4.162489969684113889e-01 3.318916280919531007e-03
2.458353672943999991e+06 4.189054397652344219e-01 3.319262526667924023e-03
2.458354176537999883e+06 4.163590414269921491e-01 3.319026746790111615e-03
2.458354669604999945e+06 4.170395084198233460e-01 3.319073617019596082e-03
2.458355162672000006e+06 4.133074179758548516e-01 3.319063471899476661e-03
2.458355666265999898e+06 4.152392519562435602e-01 3.319279077122672898e-03
2.458356159332999960e+06 4.163149434648195091e-01 3.319058657930874442e-03
2.458356652400000021e+06 4.175003077988859723e-01 3.319280172408747842e-03
2.458357155993999913e+06 4.177857280564796216e-01 3.319240598611169525e-03
2.458357649060999975e+06 4.196955843602569458e-01 3.318951943874730651e-03
2.458358142128000036e+06 4.118584682785368378e-01 3.319187093185320490e-03
2.458358645721000154e+06 4.130878296243965520e-01 3.319202408329060064e-03
2.458359138788000215e+06 4.162052940004771218e-01 3.318951159281722466e-03
2.458359631856000051e+06 4.169515570590551778e-01 3.319141695624137998e-03
2.458360135449000169e+06 4.139661210938427316e-01 3.319015308073541316e-03
2.458360628516000230e+06 4.141636696427372089e-01 3.319073338227901057e-03
2.458361121582999825e+06 4.137244621105007347e-01 3.318983054254164705e-03
2.458361625177000184e+06 4.130440781270774964e-01 3.319231288286620014e-03
2.458362118243999779e+06 4.186639821987799825e-01 3.319277318904488138e-03
2.458362611310999840e+06 4.081704873713309367e-01 3.319164652710728663e-03
2.458363114905000199e+06 4.230105510378228129e-01 3.319063017792610402e-03
2.458363607971999794e+06 4.208812707121517560e-01 3.319024846040035618e-03
2.458364101038999856e+06 4.116828733072607771e-01 3.319288660669281969e-03
2.458364604631999973e+06 4.172588915320850633e-01 3.319282372982538740e-03
2.458365097699999809e+06 4.137682856771692785e-01 3.318953521279346432e-03
2.458365590766999871e+06 4.203981536703299549e-01 3.319087046622763888e-03
2.458366094359999988e+06 4.157221838181842655e-01 3.318927630435583240e-03
2.458366587427000050e+06 4.134170655351835366e-01 3.319182453783060122e-03
2.458367080494000111e+06 4.119244779739463236e-01 3.318960275547632593e-03
2.458367584088000003e+06 4.189930314617447138e-01 3.319184759437288426e-03
2.458368077155000065e+06 4.188174806346868229e-01 3.318951313946100559e-03
2.458368570222000126e+06 4.113754780629099161e-01 3.319083560111988490e-03
2.458369073816000018e+06 4.187515234073391768e-01 3.319199999641144708e-03
2.458369566883000080e+06 4.182250097898850827e-01 3.319263826301409488e-03
2.458370059950000141e+06 4.166003207643986794e-01 3.319031601617102121e-03
2.458370563544000033e+06 4.180274491386096747e-01 3.319235946292110450e-03
2.458371056611000095e+06 4.168855097196753068e-01 3.318999891709093712e-03
2.458371549678000156e+06 4.168636242467499420e-01 3.319209597893046319e-03
2.458372053270999808e+06 4.168198567476422145e-01 3.319245011492402263e-03
2.458372546337999869e+06 4.145586677788040686e-01 3.319184239420252484e-03
2.458373039406000171e+06 4.189714212358294776e-01 3.319013567252407371e-03
2.458373542998999823e+06 4.131977994975382651e-01 3.318944319647870993e-03
2.458374036065999884e+06 4.201128833589086731e-01 3.319156437502721740e-03
2.458374529132999945e+06 4.151512978911053864e-01 3.318958371198051354e-03
2.458375032726999838e+06 4.197396538205205307e-01 3.319300445089081765e-03
2.458375525793999899e+06 4.149758278536452849e-01 3.319084390193882336e-03
2.458376018860999960e+06 4.183344207480337307e-01 3.318976271152646301e-03
2.458376522454999853e+06 4.175222266978990682e-01 3.319069883491959291e-03
2.458377015521999914e+06 4.163809004091575394e-01 3.319200996750472539e-03
2.458377508588999975e+06 4.164905961370840015e-01 3.318924635640018057e-03
2.458378012182000093e+06 4.155686715618197025e-01 3.319233073366035028e-03
2.458378505249999929e+06 4.166221924138061028e-01 3.319205851832342929e-03
2.458378998316999990e+06 4.154366427919464755e-01 3.318943794805201668e-03
2.458379501910000108e+06 4.194324236807855377e-01 3.319188738914830190e-03
2.458379994977000169e+06 4.141415456211458013e-01 3.319277476611407710e-03
2.458380488044000231e+06 4.140538240671072789e-01 3.318955760215062945e-03
2.458380991638000123e+06 4.187954937379997911e-01 3.319162801997834963e-03
2.458381484705000184e+06 4.147343434069021839e-01 3.319062857137896477e-03
2.458381977771999780e+06 4.141198041996473900e-01 3.319103222636040577e-03
2.458382481366000138e+06 4.115949143513130126e-01 3.318958564109505960e-03
2.458382974433000199e+06 4.166003207643986794e-01 3.319031601617102121e-03
2.458383467499999795e+06 4.151512978911053864e-01 3.318958371198051354e-03
2.458383971094000153e+06 4.109365779054914292e-01 3.318948779511327832e-03
2.458384464161000215e+06 4.166440652114833387e-01 3.318996367830330703e-03
2.458384957227999810e+06 4.204639829953148444e-01 3.319219514334667727e-03
2.458385460820999928e+06 4.143830665644284150e-01 3.318923262439258792e-03
2.458385953887999989e+06 4.170172307751007224e-01 3.319280403992106668e-03
2.458386446955999825e+06 4.175441467476627144e-01 3.319244135717021663e-03
2.458386950548999943e+06 4.150637447436529293e-01 3.319022996628512388e-03
2.458387443616000004e+06 4.133074179758548516e-01 3.319063471899476661e-03
2.458387936683000065e+06 4.211445646508960028e-01 3.319161711587692142e-03
2.458388440276999958e+06 4.178076619401484004e-01 3.319030044721181776e-03
2.458388933344000019e+06 4.167979747213391706e-01 3.319070759221374491e-03
2.458389426411000080e+06 4.125828770599654360e-01 3.318945092233056490e-03
2.458389930004999973e+06 4.157221838181842655e-01 3.318927630435583240e-03
2.458390423072000034e+06 4.165565809101470784e-01 3.319066791418701264e-03
2.458390916139000095e+06 4.154366427919464755e-01 3.318943794805201668e-03
2.458391419732000213e+06 4.147782739447662403e-01 3.319032402382588592e-03
2.458391912800000049e+06 4.190370271515717615e-01 3.319147337733221320e-03
2.458392405867000110e+06 4.161175185709862223e-01 3.319017727356262520e-03
2.458392909460000228e+06 4.180932923175827431e-01 3.318988600263184357e-03
2.458393402526999824e+06 4.167979747213391706e-01 3.319070759221374491e-03
2.458393895593999885e+06 4.127584757447888553e-01 3.319217168898380699e-03
2.458394399187999777e+06 4.139440076250078815e-01 3.319219267617717472e-03
2.458394892254999839e+06 4.164027605389278297e-01 3.318991734743383191e-03
2.458395385321999900e+06 4.174783900505603107e-01 3.319105918291847656e-03
2.458395888915999793e+06 4.144490991622818976e-01 3.319070416389795393e-03
2.458396381982999854e+06 4.122098829424444277e-01 3.318981886107051811e-03
2.458396875049999915e+06 4.221325099210301857e-01 3.319172024846168533e-03
2.458397378643999808e+06 4.172588915320850633e-01 3.319282372982538740e-03
2.458397871710999869e+06 4.169515570590551778e-01 3.319141695624137998e-03
2.458398364777999930e+06 4.154588359994445534e-01 3.319121097432667367e-03
2.458398868371000048e+06 4.189714212358294776e-01 3.319013567252407371e-03
2.458399361438000109e+06 4.200471090033218724e-01 3.319023656342262596e-03
2.458399854505999945e+06 4.191686558723917710e-01 3.319031748911540052e-03
2.458400358099000063e+06 4.162489969684113889e-01 3.318916280919531007e-03
2.458400851166000124e+06 4.201566096582658449e-01 3.319114924275498764e-03
2.458401344233000185e+06 4.160516033477290598e-01 3.319258372710210628e-03
2.458401847827000078e+06 4.132415672777203230e-01 3.319295877244729867e-03
2.458402340894000139e+06 4.205298226283836205e-01 3.318964619868579411e-03
2.458402833961000200e+06 4.201128833589086731e-01 3.319156437502721740e-03
2.458403337555000093e+06 4.151512978911053864e-01 3.318958371198051354e-03
2.458403830622000154e+06 4.160293784754603430e-01 3.319081062749699301e-03
2.458404323689000215e+06 4.171051959890194061e-01 3.319212233645600033e-03
2.458404827281999867e+06 4.142075397322545482e-01 3.319043410248434002e-03
2.458405320350000169e+06 4.163590414269921491e-01 3.319026746790111615e-03
2.458405813417000230e+06 4.110902721895106082e-01 3.319054214293269862e-03
2.458406317009999882e+06 4.134612373527140061e-01 3.319156282136746881e-03
2.458406810076999944e+06 4.182908840864815736e-01 3.319016120686342150e-03
2.458407303144000005e+06 4.166221924138061028e-01 3.319205851832342929e-03
2.458407806737999897e+06 4.152392519562435602e-01 3.319279077122672898e-03
2.458408299804999959e+06 4.189930314617447138e-01 3.319184759437288426e-03
2.458408792872000020e+06 4.165784502631982300e-01 3.319241043481418671e-03
2.458409296465999912e+06 4.124951057337120086e-01 3.318998876428254710e-03
2.458409789532999974e+06 4.098608156557441706e-01 3.318942737152305849e-03
2.458410282600000035e+06 4.160952901776233670e-01 3.319223668175658518e-03
2.458410786193999927e+06 4.163809004091575394e-01 3.319200996750472539e-03
2.458411279260999989e+06 4.140755620246277524e-01 3.319130006448606403e-03
2.458411772328000050e+06 4.157880468513725503e-01 3.319070494534748575e-03
2.458412275921000168e+06 4.253813057222231020e-01 3.319250483022718329e-03
2.458412768988000229e+06 4.198715032517891244e-01 3.319182962322711483e-03
2.458413262056000065e+06 4.197396538205205307e-01 3.319300445089081765e-03
2.458413765649000183e+06 4.156781533077058555e-01 3.318958965568676121e-03
2.458414258715999778e+06 4.149540426343635846e-01 3.319292333152219950e-03
2.458414751782999840e+06 4.170832989831018689e-01 3.319037983095329911e-03
2.458415255377000198e+06 4.116828733072607771e-01 3.319288660669281969e-03
2.458415748443999793e+06 4.122315240924690483e-01 3.319156133712213366e-03
2.458416241510999855e+06 4.144490991622818976e-01 3.319070416389795393e-03
2.458416745105000213e+06 4.150855357223316444e-01 3.319197246391999978e-03
2.458417238171999808e+06 4.100144852313249433e-01 3.319054200187509032e-03
2.458417731238999870e+06 4.145808140836455546e-01 3.318979711851655860e-03
2.458418234831999987e+06 4.096192895604314210e-01 3.319250563589250941e-03
2.458526481366999913e+06 4.169734471484798366e-01 3.318931904881918318e-03
2.458526984960000031e+06 4.117924691609884391e-01 3.319034478020917341e-03
2.458527478027000092e+06 4.170172307751007224e-01 3.319280403992106668e-03
2.458527971094000153e+06 4.153930251150009800e-01 3.318977922151354273e-03
2.458528474688000046e+06 4.161175185709862223e-01 3.319017727356262520e-03
2.458528967755000107e+06 4.155246573103317242e-01 3.319264234773620405e-03
2.458529460822000168e+06 4.124730708443794525e-01 3.319201482067332155e-03
2.458529964416000061e+06 4.110683123443465425e-01 3.319255523145897818e-03
2.458530457483000122e+06 4.179392894265264724e-01 3.318920873821518992e-03
2.458530950550000183e+06 4.172369864575262155e-01 3.319108118750124185e-03
2.458531454144000076e+06 4.184222784274013174e-01 3.319287934123967172e-03
2.458531947211000137e+06 4.161612123222025450e-01 3.318982936836592079e-03
2.458532440278000198e+06 4.134829441992433630e-01 3.318949707032347023e-03
2.458532943870999850e+06 4.128904139453523636e-01 3.319137297920204347e-03
2.458533436937999912e+06 4.146247283589891697e-01 3.318949389709935621e-03
2.458533930006000213e+06 4.175883749126065303e-01 3.319211111964912031e-03
2.458534433598999865e+06 4.123416457853800732e-01 3.319283236913941285e-03
2.458534926665999927e+06 4.169953383871424224e-01 3.319106149863059081e-03
2.458535419732999988e+06 4.148879295857881289e-01 3.319145608840555570e-03
2.458535923326999880e+06 4.167100742987124851e-01 3.319138393600927581e-03
2.458536416393999942e+06 4.156563312180486802e-01 3.319167561943180828e-03
2.458536909461000003e+06 4.142952938525364392e-01 3.318983423539907315e-03
2.458537413054999895e+06 4.178734705006091343e-01 3.319167946877171760e-03
2.458537906121999957e+06 4.171931797582357770e-01 3.319143886847213815e-03
2.458538399189000018e+06 4.126706670623330742e-01 3.319271218608933413e-03
2.458538902782000136e+06 4.089607230655254999e-01 3.319187364168467436e-03
2.458539395849999972e+06 4.173907305629397935e-01 3.319177855437945284e-03
2.458539888917000033e+06 4.154588359994445534e-01 3.319121097432667367e-03
2.458540392510000151e+06 4.211224555879714004e-01 3.318987463689705795e-03
2.458540885577000212e+06 4.184662141862219853e-01 3.319251048991751253e-03
2.458541378643999808e+06 4.207715811970109687e-01 3.318934936109968568e-03
2.458541882238000166e+06 4.157662189925722673e-01 3.319279186264634425e-03
2.458542375305000227e+06 4.169077803276732275e-01 3.319177197333323705e-03
2.458542868371999823e+06 4.166221924138061028e-01 3.319205851832342929e-03
2.458543371966000181e+06 4.202224011603460374e-01 3.319247618857801372e-03
2.458543865032999776e+06 4.173907305629397935e-01 3.319177855437945284e-03
2.458544358099999838e+06 4.109146262704527763e-01 3.319149952446023497e-03
2.458544861694000196e+06 4.190810274610941577e-01 3.319109871573956011e-03
2.458545354760999791e+06 4.194104045010877968e-01 3.319014489597976215e-03
2.458545847827999853e+06 4.190810274610941577e-01 3.319109871573956011e-03
2.458546351420999970e+06 4.157662189925722673e-01 3.319279186264634425e-03
2.458546844488000032e+06 4.151077101731967534e-01 3.318992234229020070e-03
2.458547337555999868e+06 4.273573719741141086e-01 3.318925301278389736e-03
2.458547841148999985e+06 4.141854133671867277e-01 3.319247590634338309e-03
2.458548334216000047e+06 4.122535460780357153e-01 3.318953748135227734e-03
2.458548827283000108e+06 4.091803787465300712e-01 3.319085777768163940e-03
2.458549330877000000e+06 4.179173486327355524e-01 3.319131554669745368e-03
2.458549823944000062e+06 4.160952901776233670e-01 3.319223668175658518e-03
2.458550317011000123e+06 4.131757270713269370e-01 3.319147575371604684e-03
2.458550820605000015e+06 4.195858174041133259e-01 3.319243265436429280e-03
2.458551313672000077e+06 4.128683579392307679e-01 3.318959994427343220e-03
2.458551806739000138e+06 4.162271449108537191e-01 3.319125405273715222e-03
2.458552310331999790e+06 4.150197839706343816e-01 3.319053715280499087e-03
2.458552803400000092e+06 4.175222266978990682e-01 3.319069883491959291e-03
2.458553296467000153e+06 4.173027051313347169e-01 3.319246558897826112e-03
2.458553800059999805e+06 4.169296681188055520e-01 3.318967448776930906e-03
2.458554293126999866e+06 4.167538302702906150e-01 3.319103069930320980e-03
2.458554786193999927e+06 4.131536558241925561e-01 3.318970271329736970e-03
2.458555289787999820e+06 4.122975935785652135e-01 3.318928623808221293e-03
2.458555782854999881e+06 4.185540995445589663e-01 3.319177145687486792e-03
2.458556275921999943e+06 4.165565809101470784e-01 3.319066791418701264e-03
2.458556779515999835e+06 4.179392894265264724e-01 3.318920873821518992e-03
2.458557272582999896e+06 4.163590414269921491e-01 3.319026746790111615e-03
2.458557765649999958e+06 4.198274199483415514e-01 3.319221148786676359e-03
2.458558269243999850e+06 4.171489934497155661e-01 3.319176553769710714e-03
2.458558762310999911e+06 4.207932842738034696e-01 3.319106124239126418e-03
2.458559255377999973e+06 4.151734758550777449e-01 3.319135674604197991e-03
2.458559758971000090e+06 4.158098758561410424e-01 3.319244746791880345e-03
2.458560252038000152e+06 4.209471756874896831e-01 3.319156858975155083e-03
2.458560745105999988e+06 4.173907305629397935e-01 3.319177855437945284e-03
2.458561248699000105e+06 4.142731627997696120e-01 3.319187687950416604e-03
2.458561741766000167e+06 4.135709257192445865e-01 3.319275005221302560e-03
2.458562234833000228e+06 4.156781533077058555e-01 3.318958965568676121e-03
2.458562738427000120e+06 4.157003594170326499e-01 3.319136269006574269e-03
2.458563231494000182e+06 4.136147330226440100e-01 3.319245644598473304e-03
2.458563724560999777e+06 4.182030539964716187e-01 3.319089573042640143e-03
2.458564228155000135e+06 4.246133065672795803e-01 3.319124034957736478e-03
2.458564721222000197e+06 4.227250654011703301e-01 3.319159080034347550e-03
2.458565214288999792e+06 4.178076619401484004e-01 3.319030044721181776e-03
2.458565717881999910e+06 4.141854133671867277e-01 3.319247590634338309e-03
2.458566210950000212e+06 4.182908840864815736e-01 3.319016120686342150e-03
2.458566704016999807e+06 4.159856985657917616e-01 3.319115721556186848e-03
2.458567207609999925e+06 4.129999508764363725e-01 3.319257067742909309e-03
2.458567700676999986e+06 4.196078457930456085e-01 3.319031053655848058e-03
2.458568193744000047e+06 4.168198567476422145e-01 3.319245011492402263e-03
2.458568697337999940e+06 4.144269598934601784e-01 3.319274817805642746e-03
2.458569190405000001e+06 4.174564734528643517e-01 3.318931673322874677e-03
2.458569683472000062e+06 4.209909888218799079e-01 3.319114577300190470e-03
2.458570187065999955e+06 4.198274199483415514e-01 3.319221148786676359e-03
2.458570680133000016e+06 4.151952725946747025e-01 3.318927521305170634e-03
2.458571173200000077e+06 4.132194925134963781e-01 3.319118565280779892e-03
2.458571676793999970e+06 4.203102682289853731e-01 3.319167422070197840e-03
2.458572169861000031e+06 4.149758278536452849e-01 3.319084390193882336e-03
2.458572662928000093e+06 4.165784502631982300e-01 3.319241043481418671e-03
2.458573166521000210e+06 4.108487784008316157e-01 3.318996474062004334e-03
2.458573659587999806e+06 4.124730708443794525e-01 3.319201482067332155e-03
2.458574152656000108e+06 4.179831744698633833e-01 3.319269371773409059e-03
2.458574656249000225e+06 4.180493957127122129e-01 3.319025169512841017e-03
2.458575149315999821e+06 4.142292857598977029e-01 3.319217661083642863e-03
2.458575642382999882e+06 4.169077803276732275e-01 3.319177197333323705e-03
2.458576145976999775e+06 4.183128444910027000e-01 3.319190370088839857e-03
2.458576639043999836e+06 4.216933962653647838e-01 3.319214878062049737e-03
2.458577132110999897e+06 4.180932923175827431e-01 3.318988600263184357e-03
2.458577635704999790e+06 4.146025797083109365e-01 3.319153959342678682e-03
2.458578128771999851e+06 4.187299256375811018e-01 3.319028806670215777e-03
2.458578621838999912e+06 4.172588915320850633e-01 3.319282372982538740e-03
2.458579125432000030e+06 4.161830609182770035e-01 3.319157184496916973e-03
2.458579618499999866e+06 4.158098758561410424e-01 3.319244746791880345e-03
2.458580111566999927e+06 4.236031685806488367e-01 3.319031031039768910e-03
2.458580615160000045e+06 4.175441467476627144e-01 3.319244135717021663e-03
2.458581108227000106e+06 4.230545789329876460e-01 3.319018825713711349e-03
2.458581601294000167e+06 4.171489934497155661e-01 3.319176553769710714e-03
2.458582104888000060e+06 4.229887336020026201e-01 3.319281418907733903e-03
2.458582597955000121e+06 4.146464962891665551e-01 3.319123635609024826e-03
2.458583091022000182e+06 4.171931797582357770e-01 3.319143886847213815e-03
2.458583594616000075e+06 4.146686472859314465e-01 3.318919023905528634e-03
2.458584087683000136e+06 4.133953621471234685e-01 3.319008204796160526e-03
2.458584580750000197e+06 4.141636696427372089e-01 3.319073338227901057e-03
2.458585084344000090e+06 4.119464835566777894e-01 3.319137579055511655e-03
2.458585577411000151e+06 4.202444629701281853e-01 3.319034820959687604e-03
2.458586070478000212e+06 4.168855097196753068e-01 3.318999891709093712e-03
2.458586574070999864e+06 4.175883749126065303e-01 3.319211111964912031e-03
2.458587067137999926e+06 4.160952901776233670e-01 3.319223668175658518e-03
2.458587560206000227e+06 4.130878296243965520e-01 3.319202408329060064e-03
2.458588063798999880e+06 4.124514170137391633e-01 3.319027232081492480e-03
2.458588556865999941e+06 4.246352077973311601e-01 3.319295232840457303e-03
2.458589049933000002e+06 4.218033260853465971e-01 3.318914667260141737e-03
2.458589553526999895e+06 4.153272246553521008e-01 3.319217239455794777e-03
2.458590046593999956e+06 4.191470365883694926e-01 3.319246613305695814e-03
2.458590539661000017e+06 4.163590414269921491e-01 3.319026746790111615e-03
2.458591043254999910e+06 4.116388914799036791e-01 3.318934046984118799e-03
2.458591536321999971e+06 4.136368289011683186e-01 3.319041989752710784e-03
2.458592029389000032e+06 4.145808140836455546e-01 3.318979711851655860e-03
2.458592532982000150e+06 4.179173486327355524e-01 3.319131554669745368e-03
2.458593026049999986e+06 4.158098758561410424e-01 3.319244746791880345e-03
2.458593519117000047e+06 4.179173486327355524e-01 3.319131554669745368e-03
2.458594022710000165e+06 4.147782739447662403e-01 3.319032402382588592e-03
2.458594515777000226e+06 4.141854133671867277e-01 3.319247590634338309e-03
2.458595008843999822e+06 4.147782739447662403e-01 3.319032402382588592e-03
2.458595512438000180e+06 4.185980491450441709e-01 3.319140127497625242e-03
2.458596005504999775e+06 4.141198041996473900e-01 3.319103222636040577e-03
2.458596498571999837e+06 4.135050330374240302e-01 3.319127009975641682e-03
2.458597002166000195e+06 4.158539203192677114e-01 3.319213320596225460e-03
2.458597495232999790e+06 4.140538240671072789e-01 3.318955760215062945e-03
2.458597988299999852e+06 4.134829441992433630e-01 3.318949707032347023e-03
2.458712204272000119e+06 4.146464962891665551e-01 3.319123635609024826e-03
2.458712697339000180e+06 4.212322365713660477e-01 3.319076740810005151e-03
2.458713200931999832e+06 4.106728574206052751e-01 3.319088290574782538e-03
2.458713694000000134e+06 4.173688185671531881e-01 3.319003606692446772e-03
2.458714187067000195e+06 4.177857280564796216e-01 3.319240598611169525e-03
2.458714690659999847e+06 4.129562086866473414e-01 3.319285860980576708e-03
2.458715183726999909e+06 4.115949143513130126e-01 3.318958564109505960e-03
2.458715676793999970e+06 4.184662141862219853e-01 3.319251048991751253e-03
2.458716180387999862e+06 4.155686715618197025e-01 3.319233073366035028e-03
2.458716673454999924e+06 4.159638603307596050e-01 3.318941476072565216e-03
2.458717166521999985e+06 4.217155353028580467e-01 3.319000723537344523e-03
2.458717670115999877e+06 4.187954937379997911e-01 3.319162801997834963e-03
2.458718163182999939e+06 4.198494610214829614e-01 3.319008713309103218e-03
2.458718656250000000e+06 4.177857280564796216e-01 3.319240598611169525e-03
2.458719159843999892e+06 4.117488548595786835e-01 3.319062182819828080e-03
2.458719652910999954e+06 4.141415456211458013e-01 3.319277476611407710e-03
2.458720145978000015e+06 4.140538240671072789e-01 3.318955760215062945e-03
2.458720649571000133e+06 4.169953383871424224e-01 3.319106149863059081e-03
2.458721142638000194e+06 4.146904175218665278e-01 3.319093268210403496e-03
2.458721635706000030e+06 4.226374720385239203e-01 3.319249840135268456e-03
2.458722139299000148e+06 4.166221924138061028e-01 3.319205851832342929e-03
2.458722632366000209e+06 4.166221924138061028e-01 3.319205851832342929e-03
2.458723125432999805e+06 4.154148333810039895e-01 3.319152169548417533e-03
2.458723629027000163e+06 4.224397724359501005e-01 3.319253500857438730e-03
2.458724122094000224e+06 4.187735079955698936e-01 3.318988554042594935e-03
2.458724615160999820e+06 4.207057037133661304e-01 3.319190280489457689e-03
2.458725118755000178e+06 4.162489969684113889e-01 3.318916280919531007e-03
2.458725611821999773e+06 4.122315240924690483e-01 3.319156133712213366e-03
2.458726104888999835e+06 4.139218953374423360e-01 3.319041959746153216e-03
2.458726608481999952e+06 4.169296681188055520e-01 3.318967448776930906e-03
2.458727101549999788e+06 4.175003077988859723e-01 3.319280172408747842e-03
2.458727594616999850e+06 4.137465638509066346e-01 3.319160358978914122e-03
2.458728098209999967e+06 4.142292857598977029e-01 3.319217661083642863e-03
2.458728591277000029e+06 4.192786998655664288e-01 3.319130751605859578e-03
2.458729084344000090e+06 4.174564734528643517e-01 3.318931673322874677e-03
2.458729587937999982e+06 4.139001654470470526e-01 3.319248934275215255e-03
2.458730081005000044e+06 4.182250097898850827e-01 3.319263826301409488e-03
2.458730574072000105e+06 4.133074179758548516e-01 3.319063471899476661e-03
2.458731077665999997e+06 4.229887336020026201e-01 3.319281418907733903e-03
2.458731570733000059e+06 4.230323695989682831e-01 3.319234212528112196e-03
2.458732063800000120e+06 4.212981965037617127e-01 3.319208438569106086e-03
2.458732567394000012e+06 4.191686558723917710e-01 3.319031748911540052e-03
2.458733060461000074e+06 4.206836176895694668e-01 3.319016031091663252e-03
2.458733553528000135e+06 4.153930251150009800e-01 3.318977922151354273e-03
2.458734057120999787e+06 4.171489934497155661e-01 3.319176553769710714e-03
2.458734550187999848e+06 4.207494917148070224e-01 3.319148224720134491e-03
2.458735043256000150e+06 4.166221924138061028e-01 3.319205851832342929e-03
2.458735546848999802e+06 4.222861132323160738e-01 3.319212967690807897e-03
2.458736039915999863e+06 4.174564734528643517e-01 3.318931673322874677e-03
2.458736532982999925e+06 4.193663696094899751e-01 3.319052269107235480e-03
2.458737036576999817e+06 4.171712781333834497e-01 3.318969639884972872e-03
2.458737529643999878e+06 4.181152423484717495e-01 3.319162848220839988e-03
2.458738022710999940e+06 4.137465638509066346e-01 3.319160358978914122e-03
2.458738526304999832e+06 4.178515331621526774e-01 3.318993698651848297e-03
2.458739019371999893e+06 4.194981017839993775e-01 3.318935740129719519e-03
2.458739512438999955e+06 4.111781233020518345e-01 3.319006087138774274e-03
2.458740016032000072e+06 4.179612313722147476e-01 3.319095118223516251e-03
2.458740509099999908e+06 4.144490991622818976e-01 3.319070416389795393e-03
2.458741002166999970e+06 4.103658383735330761e-01 3.319252666350199811e-03
2.458741505760000087e+06 4.182469667359832721e-01 3.319052869016201734e-03
2.458741998827000149e+06 4.150415726413571593e-01 3.319227966656714858e-03
2.458742491894000210e+06 4.099046075034236125e-01 3.318919815670461331e-03
2.458742995488000102e+06 4.180274491386096747e-01 3.319235946292110450e-03
2.458743488555000164e+06 4.251619595238134708e-01 3.319105279101047107e-03
2.458743981622000225e+06 4.151734758550777449e-01 3.319135674604197991e-03
2.458744485216000117e+06 4.155246573103317242e-01 3.319264234773620405e-03
2.458744978283000179e+06 4.171712781333834497e-01 3.318969639884972872e-03
2.458745471349999774e+06 4.144708578718719894e-01 3.319244668642835384e-03
2.458745974944000132e+06 4.163590414269921491e-01 3.319026746790111615e-03
2.458746468011000194e+06 4.158539203192677114e-01 3.319213320596225460e-03
2.458746961077999789e+06 4.169077803276732275e-01 3.319177197333323705e-03
2.458747464670999907e+06 4.180713434390154748e-01 3.319199419390394049e-03
2.458747957737999968e+06 4.109804846936926936e-01 3.318924867755558821e-03
2.458748450805999804e+06 4.134391508540350979e-01 3.318978977629775950e-03
2.458748954398999922e+06 4.114414103481408014e-01 3.319236567267452344e-03
2.458749447465999983e+06 4.185321264747357550e-01 3.319002896979238431e-03
2.458749940533000045e+06 4.149758278536452849e-01 3.319084390193882336e-03
2.458750444126999937e+06 4.177637953242862578e-01 3.319066346571796725e-03
2.458750937193999998e+06 4.220228830068576409e-01 3.319087437816763825e-03
2.458751430261000060e+06 4.202665259381609397e-01 3.319209071343944689e-03
2.458751933854999952e+06 4.149758278536452849e-01 3.319084390193882336e-03
2.458752426922000013e+06 4.169734471484798366e-01 3.318931904881918318e-03
2.458752919989000075e+06 4.193007121307302243e-01 3.318918816798823151e-03
2.458753423582000192e+06 4.160734461892974800e-01 3.319049417025092107e-03
2.458753916650000028e+06 4.069411424568192270e-01 3.319287633408548460e-03
2.458754409717000090e+06 4.209250769870030440e-01 3.318982611331908975e-03
2.458754913310000207e+06 4.180932923175827431e-01 3.318988600263184357e-03
2.458755406376999803e+06 4.177418637435092452e-01 3.319276858155512273e-03
2.458755899443999864e+06 4.181371935317457211e-01 3.318951986739119772e-03
2.458756403038000222e+06 4.121658448124141949e-01 3.319006923967970490e-03
2.458756896104999818e+06 4.193223393412197075e-01 3.319090004096558830e-03
2.458757389171999879e+06 4.175660679482345317e-01 3.319033804529011866e-03
2.458757892765999772e+06 4.179392894265264724e-01 3.318920873821518992e-03
2.458758385832999833e+06 4.209471756874896831e-01 3.319156858975155083e-03
2.458758878899999894e+06 4.160734461892974800e-01 3.319049417025092107e-03
2.458759382493999787e+06 4.157221838181842655e-01 3.318927630435583240e-03
2.458759875560999848e+06 4.173469077216916401e-01 3.319213757801903371e-03
2.458760368627999909e+06 4.186639821987799825e-01 3.319277318904488138e-03
2.458760872221000027e+06 4.168198567476422145e-01 3.319245011492402263e-03
2.458761365288000088e+06 4.199152044277586482e-01 3.319141674198685873e-03
2.458761858355999924e+06 4.185101545584464233e-01 3.319214119515893294e-03
2.458762361949000042e+06 4.135267421832421464e-01 3.318920392995019716e-03
2.458762855016000103e+06 4.178076619401484004e-01 3.319030044721181776e-03
2.458763348083000164e+06 4.207715811970109687e-01 3.318934936109968568e-03
2.458763851677000057e+06 4.105412497125886517e-01 3.319158994776185041e-03
2.458764344744000118e+06 4.216716467638791932e-01 3.319043684323754167e-03
2.458764837811000179e+06 4.126269597480796136e-01 3.319299707098345101e-03
2.458765341405000072e+06 4.174345580057349236e-01 3.319141908937550938e-03
2.458765834472000133e+06 4.149100934802566476e-01 3.318940775930727480e-03
2.458766327539000195e+06 4.186859621910706264e-01 3.319065957997900142e-03
2.458766831131999847e+06 4.167319517102153204e-01 3.318928825110869021e-03
2.458767324200000148e+06 4.191030293483924973e-01 3.319284125898394177e-03
2.458767817267000210e+06 4.151077101731967534e-01 3.318992234229020070e-03
2.458768320859999862e+06 4.160952901776233670e-01 3.319223668175658518e-03
2.458768813926999923e+06 4.175660679482345317e-01 3.319033804529011866e-03
2.458769306993999984e+06 4.187299256375811018e-01 3.319028806670215777e-03
2.458769810587999877e+06 4.184662141862219853e-01 3.319251048991751253e-03
2.458770303654999938e+06 4.177857280564796216e-01 3.319240598611169525e-03
2.458770796721999999e+06 4.133074179758548516e-01 3.319063471899476661e-03
2.458771300315999892e+06 4.211883983299774536e-01 3.319119248596931818e-03
2.458771793382999953e+06 4.131757270713269370e-01 3.319147575371604684e-03
2.458772286450000014e+06 4.217155353028580467e-01 3.319000723537344523e-03
2.458772790043999907e+06 4.185101545584464233e-01 3.319214119515893294e-03
2.458773283110999968e+06 4.211007355336495728e-01 3.319204129791168776e-03
2.458773776178000029e+06 4.151734758550777449e-01 3.319135674604197991e-03
2.458774279771000147e+06 4.225277139867629761e-01 3.319166162830417682e-03
2.458774772838000208e+06 4.111781233020518345e-01 3.319006087138774274e-03
2.458775265906000044e+06 4.185540995445589663e-01 3.319177145687486792e-03
2.458775769499000162e+06 4.186200256758272897e-01 3.318928820118209957e-03
2.458776262566000223e+06 4.151077101731967534e-01 3.318992234229020070e-03
2.458776755632999819e+06 4.198931599032472706e-01 3.318967427352602449e-03
2.458777259227000177e+06 4.139661210938427316e-01 3.319015308073541316e-03
2.458777752293999773e+06 4.148879295857881289e-01 3.319145608840555570e-03
2.458778245360999834e+06 4.160293784754603430e-01 3.319081062749699301e-03
2.458778748955000192e+06 4.148879295857881289e-01 3.319145608840555570e-03
2.458779242021999788e+06 4.160075379473394674e-01 3.319289976187761709e-03
2.458779735088999849e+06 4.147343434069021839e-01 3.319062857137896477e-03
2.458780238681999967e+06 4.151512978911053864e-01 3.318958371198051354e-03
2.458780731749999803e+06 4.171712781333834497e-01 3.318969639884972872e-03
2.458781224816999864e+06 4.222203875073604618e-01 3.319085235974156278e-03
2.458781728409999982e+06 4.153490294668100158e-01 3.319008948823636007e-03
2.458782221477000043e+06 4.159416401455967582e-01 3.319147279448284114e-03
2.458782714544000104e+06 4.127805258808496802e-01 3.319014301215634372e-03
2.458783218137999997e+06 4.211666748745548361e-01 3.318948059790864918e-03
2.458783711205000058e+06 4.182250097898850827e-01 3.319263826301409488e-03
2.459622427943999879e+06 4.172369864575262155e-01 3.320260987148439605e-03
2.459622921010999940e+06 4.200471090033218724e-01 3.320184289396118076e-03
2.459623424604999833e+06 4.192786998655664288e-01 3.320289261466803643e-03
2.459623917671999894e+06 4.092900623399698401e-01 3.320352451444271661e-03
2.459624410738999955e+06 4.224615615567726135e-01 3.320202908373126247e-03
2.459624914332000073e+06 4.153490294668100158e-01 3.320156600604003919e-03
2.459625407399999909e+06 4.168855097196753068e-01 3.320151788941291988e-03
2.459625900466999970e+06 4.173469077216916401e-01 3.320366929923896076e-03
2.459626404060000088e+06 4.130657630726147778e-01 3.320166444240256823e-03
2.459626897127000149e+06 4.163368001318278333e-01 3.320383290658157800e-03
2.459627390194000211e+06 4.146686472859314465e-01 3.320446719658765207e-03
2.459627893788000103e+06 4.157003594170326499e-01 3.320284891547469266e-03
2.459628386855000164e+06 4.138124950210447794e-01 3.320451543224038973e-03
2.459628879922000226e+06 4.161175185709862223e-01 3.320167502550497481e-03
2.459629383516000118e+06 4.185101545584464233e-01 3.320370505807676564e-03
2.459629876583000179e+06 4.161830609182770035e-01 3.320307140791348838e-03
2.459630369649999775e+06 4.160516033477290598e-01 3.320407965773953043e-03
2.459630873244000133e+06 4.177418637435092452e-01 3.320431121581323558e-03
2.459631366311000194e+06 4.232299567245386696e-01 3.320394729014978542e-03
2.459631859377999790e+06 4.261059513886185646e-01 3.320587854489253504e-03
2.459632362970999908e+06 4.204860574882188229e-01 3.320555620328727395e-03
2.459632856037999969e+06 4.208591754715156341e-01 3.320401107829051845e-03
2.459633349105999805e+06 4.162489969684113889e-01 3.320449798896160654e-03
2.459633852698999923e+06 4.171270941445381353e-01 3.320539058098724572e-03
2.459634345765999984e+06 4.171712781333834497e-01 3.320506555670981862e-03
2.459634838833000045e+06 4.131315857560707849e-01 3.320315009768473255e-03
2.459635342426999938e+06 4.122755692400463801e-01 3.320649930622303347e-03
2.459635835493999999e+06 4.171489934497155661e-01 3.320329179034360156e-03
2.459636328561000060e+06 4.216933962653647838e-01 3.320380059975715312e-03
2.459636832154999953e+06 4.184222784274013174e-01 3.320444077605027525e-03
2.459637325222000014e+06 4.250084844858750266e-01 3.320647278863510330e-03
2.459637818289000075e+06 4.193223393412197075e-01 3.320634844684921660e-03
2.459638321882000193e+06 4.165784502631982300e-01 3.320775775208839597e-03
2.459638814950000029e+06 4.183128444910027000e-01 3.320731491560733033e-03
2.459639308017000090e+06 4.193223393412197075e-01 3.320634844684921660e-03
2.459639811610000208e+06 4.175660679482345317e-01 3.320572174774447886e-03
2.459640304676999804e+06 4.105412497125886517e-01 3.320671484634820855e-03
2.459640797743999865e+06 4.118584682785368378e-01 3.320704435856490500e-03
2.459641301338000223e+06 4.179612313722147476e-01 3.320634944304807351e-03
2.459641794404999819e+06 4.175660679482345317e-01 3.320572174774447886e-03
2.459642287471999880e+06 4.220664193655830898e-01 3.320596051251662080e-03
2.459642791065999772e+06 4.141415456211458013e-01 3.320803230450346515e-03
2.459643284132999834e+06 4.224179844389358562e-01 3.320638550493470575e-03
2.459643777199999895e+06 4.104754616754725527e-01 3.320895480463947197e-03
2.459644280793999787e+06 4.116388914799036791e-01 3.320829714134555279e-03
2.459644773860999849e+06 4.219568096149856062e-01 3.320899609277817421e-03
2.459645266927999910e+06 4.154806477205385540e-01 3.320826039619857988e-03
2.459645770521000028e+06 4.198494610214829614e-01 3.320942191529602412e-03
2.459646263588000089e+06 4.150637447436529293e-01 3.320934435811090553e-03
2.459646756655999925e+06 4.166003207643986794e-01 3.320950116993759763e-03
2.459647260249000043e+06 4.149318763921937547e-01 3.321025853283967808e-03
2.459647753316000104e+06 4.179392894265264724e-01 3.320845555376740043e-03
2.459648246383000165e+06 4.197833412733029679e-01 3.320805829625626468e-03
2.459648749977000058e+06 4.122755692400463801e-01 3.321029650454279062e-03
2.459649243044000119e+06 4.160075379473394674e-01 3.321205761698662728e-03
2.459649736111000180e+06 4.174345580057349236e-01 3.321064266118680785e-03
2.459650239705000073e+06 4.153490294668100158e-01 3.320921701790916294e-03
2.459650732772000134e+06 4.213641667646941813e-01 3.320892459148227453e-03
2.459651225839000195e+06 4.229447125594542056e-01 3.321273255399293748e-03
2.459651729431999847e+06 4.162708501732076960e-01 3.321007523188911851e-03
2.459652222500000149e+06 4.128025771948610756e-01 3.321092633730847628e-03
2.459652715567000210e+06 4.131757270713269370e-01 3.321050319911487362e-03
2.459653219159999862e+06 4.111561587640089610e-01 3.321100923555952641e-03
2.459653712226999924e+06 4.170172307751007224e-01 3.321200839310315539e-03
2.459654205293999985e+06 4.113315290758904341e-01 3.321380920710547812e-03
2.459654708887999877e+06 4.254694677557394611e-01 3.321114026987035880e-03
2.459655201954999939e+06 4.146904175218665278e-01 3.321384932147028110e-03
2.459655695022000000e+06 4.180055037166501286e-01 3.321371678276936832e-03
2.459656198615999892e+06 4.182908840864815736e-01 3.321327681536501500e-03
2.459656691682999954e+06 4.142292857598977029e-01 3.321506776711977398e-03
2.459657184750000015e+06 4.151734758550777449e-01 3.321430008019822001e-03
2.459657688343999907e+06 4.198053800323013340e-01 3.321366828032421784e-03
2.459658181410999969e+06 4.178954089907841452e-01 3.321651579624607976e-03
2.459658674478000030e+06 4.142292857598977029e-01 3.321506776711977398e-03
2.459659178071000148e+06 4.174783900505603107e-01 3.321412989134033943e-03
2.459659671138000209e+06 4.119681108781508838e-01 3.321588454748754596e-03
2.459660164206000045e+06 4.162052940004771218e-01 3.321634533977376163e-03
2.459660667799000163e+06 4.151734758550777449e-01 3.321812396922426726e-03
2.459661160866000224e+06 4.177199333140853010e-01 3.321795744148788813e-03
2.459661653932999820e+06 4.149318763921937547e-01 3.321790186046518715e-03
2.459662157527000178e+06 4.201128833589086731e-01 3.321865005357993797e-03
2.459662650593999773e+06 4.225277139867629761e-01 3.321890299674105929e-03
2.459663143660999835e+06 4.216495100304272214e-01 3.321976271025947267e-03
2.459663647255000193e+06 4.241302026330626695e-01 3.321988552454190145e-03
2.459664140321999788e+06 4.220228830068576409e-01 3.321808319894843133e-03
2.459664633388999850e+06 4.182689248348295252e-01 3.321923799763323339e-03
2.459665136981999967e+06 4.129562086866473414e-01 3.321948288049084499e-03
2.459665630049999803e+06 4.142514144686901822e-01 3.322065755910198932e-03
2.459666123116999865e+06 4.168636242467499420e-01 3.321897217000652561e-03
2.459666626709999982e+06 4.166003207643986794e-01 3.322101226219754348e-03
2.459667119777000044e+06 4.190370271515717615e-01 3.322234916652042763e-03
2.459667612844000105e+06 4.195421505079224844e-01 3.321989127847220676e-03
2.459668116437999997e+06 4.224397724359501005e-01 3.321977070720996163e-03
2.459668609505000059e+06 4.148661489809499225e-01 3.322028208540655538e-03
2.459669102572000120e+06 4.158979694477831779e-01 3.322246299987920842e-03
2.459669606166000012e+06 4.134829441992433630e-01 3.322377193821020487e-03
2.459670099233000074e+06 4.186639821987799825e-01 3.322362149126518571e-03
2.459670592300000135e+06 4.178734705006091343e-01 3.322246952393755927e-03
2.459671095894000027e+06 4.173688185671531881e-01 3.322463304684135019e-03
2.459671588961000089e+06 4.174126437091144615e-01 3.322427723350871148e-03
2.459672082028000150e+06 4.179173486327355524e-01 3.322595799595180234e-03
2.459672585620999802e+06 4.165565809101470784e-01 3.322519756523633142e-03
2.459673078687999863e+06 4.160734461892974800e-01 3.322498377278322850e-03
2.459673571756000165e+06 4.224397724359501005e-01 3.322755233539155181e-03
2.459674075348999817e+06 4.184222784274013174e-01 3.322756364567146931e-03
2.459674568415999878e+06 4.192786998655664288e-01 3.322606281188692640e-03
2.459675061482999939e+06 4.185540995445589663e-01 3.322646668836289150e-03
2.459675565076999832e+06 4.203981536703299549e-01 3.322959056709817727e-03
2.459676058143999893e+06 4.159416401455967582e-01 3.322978243528902642e-03
2.459676551210999954e+06 4.208370813908271502e-01 3.322940031798316072e-03
2.459677054804999847e+06 4.189274324341242806e-01 3.322909406826303740e-03
2.459677547871999908e+06 4.156123076822380580e-01 3.323026741834818592e-03
2.459678040938999970e+06 4.200908284567352879e-01 3.323238287350556604e-03
2.459678544532000087e+06 4.184881837956277995e-01 3.323279729342457252e-03
2.459679037599999923e+06 4.180713434390154748e-01 3.323049998763236840e-03
2.459679530666999985e+06 4.164246218163604740e-01 3.323384936622421522e-03
2.459680034260000102e+06 4.148000499361358395e-01 3.323409147250717954e-03
2.459680527327000163e+06 4.136585449663112146e-01 3.323407170109950442e-03
2.459681020394000225e+06 4.166663229211773900e-01 3.323395075787518010e-03
2.459681523988000117e+06 4.208370813908271502e-01 3.323327637074391556e-03
2.459682017055000179e+06 4.164246218163604740e-01 3.323384936622421522e-03
2.459682510121999774e+06 4.161612123222025450e-01 3.323582520534714129e-03
2.459683013716000132e+06 4.186639821987799825e-01 3.323518960459779549e-03
2.459683506783000194e+06 4.180932923175827431e-01 3.323609538098566078e-03
2.459683999849999789e+06 4.107829410831393413e-01 3.323761445552327835e-03
2.459684503444000147e+06 4.148879295857881289e-01 3.323731119697806696e-03
2.459684996511000209e+06 4.097728685803609383e-01 3.323891786763425067e-03
2.459685489577999804e+06 4.148661489809499225e-01 3.323938737761118062e-03
2.459685993170999922e+06 4.188174806346868229e-01 3.323966000961592598e-03
2.459686486237999983e+06 4.203981536703299549e-01 3.324120659735934572e-03
2.459686979305999819e+06 4.203102682289853731e-01 3.324199982892090538e-03
2.459687482898999937e+06 4.128025771948610756e-01 3.324134275524763885e-03
2.459687975965999998e+06 4.179173486327355524e-01 3.324520380109311293e-03
2.459688469033000059e+06 4.180713434390154748e-01 3.324590230512373609e-03
2.459688972626999952e+06 4.251400311257101383e-01 3.324416049164867666e-03
2.459689465694000013e+06 4.188834482509075086e-01 3.324489556265802434e-03
2.459689958761000074e+06 4.206398365437326592e-01 3.324869394055531089e-03
2.459690462354999967e+06 4.153930251150009800e-01 3.324716788875534904e-03
2.459690955422000028e+06 4.214740107589550200e-01 3.324863706607845970e-03
2.459691448489000089e+06 4.150415726413571593e-01 3.324961977885535110e-03
2.459691952082000207e+06 4.139218953374423360e-01 3.325141738215707521e-03
2.459692445150000043e+06 4.194324236807855377e-01 3.324983411992544352e-03
2.459692938217000104e+06 4.160293784754603430e-01 3.325211898238500732e-03
2.459693441810000222e+06 4.173688185671531881e-01 3.325154180899892158e-03
2.459693934876999818e+06 4.193443538974685469e-01 3.325443944149887587e-03
2.459807647255999967e+06 6.720661162447949533e-01 4.129320770387120108e-03
2.459808150849000085e+06 6.787840050539329928e-01 4.139962968692270130e-03
2.459808643916000146e+06 6.906385243968332643e-01 4.148654559345365915e-03
2.459809136983000208e+06 6.873678259703606130e-01 4.157496538630149271e-03
2.459809640577000100e+06 6.901336443678086630e-01 4.165326486970856446e-03
2.459810133644000161e+06 6.917583339469369763e-01 4.171946694633448145e-03
2.459810626711000223e+06 7.021857310117607387e-01 4.177920753178246231e-03
2.459811130305000115e+06 6.887284132151405558e-01 4.182853198445515494e-03
2.459811623372000176e+06 7.054346697916095144e-01 4.186855879186426529e-03
2.459812116438999772e+06 6.932508328530297970e-01 4.190525466568557726e-03
2.459812620031999890e+06 7.055886724532697274e-01 4.192968876526184142e-03
2.459813113100000191e+06 7.005610699700042243e-01 4.194709079347293083e-03
2.459813606166999787e+06 7.009341183201244219e-01 4.195651591057786810e-03
2.459814109759999905e+06 7.048858620867273217e-01 4.196583104220638454e-03
2.459814602826999966e+06 7.056322151660496811e-01 4.197777008617699195e-03
2.459815095894000027e+06 6.976634961795094014e-01 4.199206886122728612e-03
2.459815599487999920e+06 7.026903670847713945e-01 4.200986531312499508e-03
2.459816092554999981e+06 7.098032769103208572e-01 4.204285399902608737e-03
2.459816585622000042e+06 7.078714554797093106e-01 4.209794209681631642e-03
2.459817089215999935e+06 7.063565878920038399e-01 4.217049576730242180e-03
2.459817582282999996e+06 7.135572120671739293e-01 4.226520595604773937e-03
2.459818075350000057e+06 7.118013379534192664e-01 4.237754832497172587e-03
2.459818578943999950e+06 7.168719706298837258e-01 4.248135264182491093e-03
2.459819072011000011e+06 7.312953298999631535e-01 4.254802021645008071e-03
2.459819565078000072e+06 7.206918320211598283e-01 4.254840745855716783e-03
2.459820068671000190e+06 7.166527966643533309e-01 4.246176392329857781e-03
2.459820561737999786e+06 7.125694518036400638e-01 4.227889231658854725e-03
2.459821054806000087e+06 7.117574145602543201e-01 4.203404585902180933e-03
2.459821558399000205e+06 6.909235567098573894e-01 4.174548580174099015e-03
2.459822051465999801e+06 6.749860541668671887e-01 4.144774765186174346e-03
2.459822544532999862e+06 6.708366785607130511e-01 4.116823929847461538e-03
2.459823048127000220e+06 6.656783001407625688e-01 4.089459522930808180e-03
2.459823541193999816e+06 6.446909889765726209e-01 4.064440146884213886e-03
2.459824034260999877e+06 6.434837736037530842e-01 4.042012522696744603e-03
2.459824537854999769e+06 6.370295815425016661e-01 4.020246053876043273e-03
2.459825030921999831e+06 6.351852433664301190e-01 4.000416192354231196e-03
2.459825523988999892e+06 6.271508280193263118e-01 3.982162323976664101e-03
2.459826027582000010e+06 6.224086217898727735e-01 3.964089620310457147e-03
2.459826520649999846e+06 6.199062285830511110e-01 3.947010092704146371e-03
2.459827013716999907e+06 6.065368619261155558e-01 3.931157383044905050e-03
2.459827517310000025e+06 6.040999503006121429e-01 3.914806590853239440e-03
2.459828010377000086e+06 5.992924411593105738e-01 3.899659123676124661e-03
2.459828503444000147e+06 5.941334444540056214e-01 3.884694370230179147e-03
2.459829007038000040e+06 5.835740880009976372e-01 3.869939507583435110e-03
2.459829500105000101e+06 5.840133838978032177e-01 3.855639995639658073e-03
2.459829993172000162e+06 5.740683451707248031e-01 3.841799304223906392e-03
2.459830496766000055e+06 5.677458913354372916e-01 3.828248199011358415e-03
2.459830989833000116e+06 5.687780133712210251e-01 3.814776992070476741e-03
2.459831482900000177e+06 5.661652372373658926e-01 3.801946298380289718e-03
2.459831986494000070e+06 5.542452757713414169e-01 3.789283864736907575e-03
2.459832479561000131e+06 5.547718293413705926e-01 3.776532985353935144e-03
2.459832972628000192e+06 5.532135387233636514e-01 3.764906079131398638e-03
2.459833476220999844e+06 5.526426520409951637e-01 3.752367852330947950e-03
2.459833969287999906e+06 5.408320248170028766e-01 3.740916521504880025e-03
2.459834462356000207e+06 5.430492272022329203e-01 3.729743992601928376e-03
2.459834965948999859e+06 5.345973479968085806e-01 3.718471535147238691e-03
2.459835459015999921e+06 5.380001540233523283e-01 3.707949624332173514e-03
2.459835952082999982e+06 5.301627374118104141e-01 3.697391898777584434e-03
2.459836455676999874e+06 5.275285879579524329e-01 3.686795105369697432e-03
2.459836948743999936e+06 5.253549153757551826e-01 3.676926296134431713e-03
2.459837441810999997e+06 5.190543081055608576e-01 3.667249540015805973e-03
2.459837945404999889e+06 5.204157120239186751e-01 3.657216057953112387e-03
2.459838438471999951e+06 5.162665653322674464e-01 3.648028933613304495e-03
2.459838931539000012e+06 5.091099676621482217e-01 3.639191952621811249e-03
2.459839435132000130e+06 5.066294133591061621e-01 3.630326426124765374e-03
2.459839928199999966e+06 5.060143114113004881e-01 3.621724316408150325e-03
2.459840421267000027e+06 5.130394956846360266e-01 3.613412729820859436e-03
2.459840924860000145e+06 5.073097393523497978e-01 3.605297430156845402e-03
2.459841417927000206e+06 4.991653146122710383e-01 3.597530016705261999e-03
2.459841910993999802e+06 4.932596608709919339e-01 3.589949218899705918e-03
2.459842414588000160e+06 4.934573248528904554e-01 3.582297999684863881e-03
2.459842907655000221e+06 5.009435625368052758e-01 3.575280670466781611e-03
2.459843400721999817e+06 4.902084577207123095e-01 3.568194027599761679e-03
2.459843904316000175e+06 4.921183962182162364e-01 3.561246481550171383e-03
2.459844397382999770e+06 4.860373004051806167e-01 3.554843419242293030e-03
2.459844890449999832e+06 4.846984155025553243e-01 3.548175873229270343e-03
2.459845394044000190e+06 4.817787050812131766e-01 3.541889463670342027e-03
2.459845887110999785e+06 4.781123918424250996e-01 3.536073025537492948e-03
2.459846380177999847e+06 4.777391142302434557e-01 3.529792188525910073e-03
2.459846883770999964e+06 4.750170519346191278e-01 3.524117862667881795e-03
2.459847376838000026e+06 4.818443822761367401e-01 3.518851163223939496e-03
2.459847869905999862e+06 4.698581885353664278e-01 3.513108209723763125e-03
2.459848373498999979e+06 4.706044180172245794e-01 3.507851666291117530e-03
2.459848866566000041e+06 4.736557349029820729e-01 3.502675768635013075e-03
2.459849359633000102e+06 4.734803936379248790e-01 3.497890390618256084e-03
2.459849863226999994e+06 4.699897645916090716e-01 3.492881045939256503e-03
2.459850356294000056e+06 4.665871779594305546e-01 3.488221270414755808e-03
2.459850849361000117e+06 4.648306962023761035e-01 3.484080377090891141e-03
2.459851352955000009e+06 4.601768850303859515e-01 3.479290855973597892e-03
2.459851846022000071e+06 4.630744291209668018e-01 3.475181569834619524e-03
2.459852339089000132e+06 4.660601815383403346e-01 3.470974451624321208e-03
2.459852842681999784e+06 4.556985010080065179e-01 3.466836236859817399e-03
2.459853335750000086e+06 4.645674739496520878e-01 3.463280599532139216e-03
2.459853828817000147e+06 4.573231645204463014e-01 3.459399376889299004e-03
2.459854332409999799e+06 4.532835933435701570e-01 3.455561567959805711e-03
2.459854825476999860e+06 4.505394245389174324e-01 3.452070085084993530e-03
2.459855318543999922e+06 4.511539872830762077e-01 3.448468351754312849e-03
2.459855822137999814e+06 4.555008586664339165e-01 3.445195098934779494e-03
2.459856315204999875e+06 4.562911022049573329e-01 3.441926418849688540e-03
2.459856808271999937e+06 4.501445537182663936e-01 3.438679591025534978e-03
2.459857311865999829e+06 4.503199630322874403e-01 3.435457192502273938e-03
2.459857804932999890e+06 4.517689722328130930e-01 3.432780453103704589e-03
2.459858297999999952e+06 4.450733597607564040e-01 3.429865177930427594e-03
2.459858801593999844e+06 4.524272969910643205e-01 3.426948529623170380e-03
2.459859294660999905e+06 4.438440476768984455e-01 3.424070899588250658e-03
2.459859787727999967e+06 4.414728498017496672e-01 3.421229339091088131e-03
2.459860291321000084e+06 4.474659570119725593e-01 3.418629771345958312e-03
2.459860784388000146e+06 4.472026825436125619e-01 3.416206471481718441e-03
2.459861277455999982e+06 4.400678079418906541e-01 3.413988711116332231e-03
2.459861781049000099e+06 4.445465047995512675e-01 3.411474593697459961e-03
2.459862274116000161e+06 4.375434632353396025e-01 3.408912901023000187e-03
2.459862767183000222e+06 4.380265146075033589e-01 3.407028244659507377e-03
2.459863270777000114e+06 4.428342469237612766e-01 3.404452612774455829e-03
2.459863763844000176e+06 4.420217096454890360e-01 3.402684218345658831e-03
2.459864256910999771e+06 4.467416048395176364e-01 3.400340346222696306e-03
2.459864760505000129e+06 4.410119930501579799e-01 3.398567100995480983e-03
2.459865253572000191e+06 4.404850772781703228e-01 3.396535043053449700e-03
2.459865746638999786e+06 4.358529602532693059e-01 3.394537840545424484e-03
2.459866250231999904e+06 4.345798643265246231e-01 3.392627890540133011e-03
2.459866743300000206e+06 4.358529602532693059e-01 3.390924921840964695e-03
2.459867236366999801e+06 4.326919345974029607e-01 3.389048090770838302e-03
2.459867739959999919e+06 4.381362633076499868e-01 3.387704964012973677e-03
2.459868233026999980e+06 4.404850772781703228e-01 3.385986797578127792e-03
2.459868726094000041e+06 4.370822801325953133e-01 3.384386292887149074e-03
2.459869229687999934e+06 4.331528736816058767e-01 3.382684670411730855e-03
2.459869722754999995e+06 4.339211311742990906e-01 3.381090870551154825e-03
2.459870215822000057e+06 4.283890881208281542e-01 3.379808937715667906e-03
2.459870719415999949e+06 4.323843834231632099e-01 3.378276148943378833e-03
2.459871212483000010e+06 4.331528736816058767e-01 3.376700442312169370e-03
2.459871705550000072e+06 4.294648259351006025e-01 3.375638399519537494e-03
2.459872209143999964e+06 4.386409768026394151e-01 3.374235308908919012e-03
2.459872702211000025e+06 4.318797089268452960e-01 3.372741956971480638e-03
2.459873195278000087e+06 4.232740074559437349e-01 3.371810642808949557e-03
2.459873698871000204e+06 4.329111783233834942e-01 3.370430288987893291e-03
2.459874191937999800e+06 4.251181038585983840e-01 3.369272635168472484e-03
2.459874685006000102e+06 4.306063203318374888e-01 3.367953335472102273e-03
2.459875188599000219e+06 4.314622461130572240e-01 3.367097454515054385e-03
2.459875681665999815e+06 4.303426600377717182e-01 3.365891137299660552e-03
2.459876174732999876e+06 4.227032626897217482e-01 3.364928132097374375e-03
2.459876678326999769e+06 4.328892489526560139e-01 3.363880266134426644e-03
2.459877171393999830e+06 4.351726572752215860e-01 3.362786078734905735e-03
2.459877664460999891e+06 4.262814162696332843e-01 3.361609818393847260e-03
2.459878168054999784e+06 4.312210969401267802e-01 3.360846682938276909e-03
2.459878661121999845e+06 4.290477215489893470e-01 3.359714553704251910e-03
2.459879154188999906e+06 4.241520789449836903e-01 3.358881797242254177e-03
2.459987411249999888e+06 4.128463031113075443e-01 3.320303682394952754e-03
2.459987904316999950e+06 4.148661489809499225e-01 3.320499785164284911e-03
2.459988407910000067e+06 4.152832359763039549e-01 3.320395650169370889e-03
2.459988900977000128e+06 4.227032626897217482e-01 3.320545185544198762e-03
2.459989394044000190e+06 4.172807977566687088e-01 3.320225295998973161e-03
2.459989897638000082e+06 4.170395084198233460e-01 3.320225939765928704e-03
2.459990390705000143e+06 4.185980491450441709e-01 3.320296756651126228e-03
2.459990883772000205e+06 4.209909888218799079e-01 3.320277818390365843e-03
2.459991387366000097e+06 4.124951057337120086e-01 3.320138642525928552e-03
2.459991880433000159e+06 4.147343434069021839e-01 3.320208810477914222e-03
2.459992373500000220e+06 4.095974082930212146e-01 3.320205013509648813e-03
2.459992877094000112e+06 4.119244779739463236e-01 3.320098464942539823e-03
2.459993370161000174e+06 4.199592969488744054e-01 3.320263788948819416e-03
2.459993863227999769e+06 4.212105108549170085e-01 3.320069401848312150e-03
2.459994366820999887e+06 4.203760837921607929e-01 3.320074344689285476e-03
2.459994859887999948e+06 4.173027051313347169e-01 3.320015258888307438e-03
2.459995352955999784e+06 4.163149434648195091e-01 3.320208978630249594e-03
2.459995856548999902e+06 4.192346788019501447e-01 3.320326785843030152e-03
2.459996349615999963e+06 4.177857280564796216e-01 3.320010188362760694e-03
2.459996842683000024e+06 4.195637901716189888e-01 3.320228310851636253e-03
2.459997346276999917e+06 4.168417399227599685e-01 3.320187123772927722e-03
2.459997839343999978e+06 4.176541489333391310e-01 3.320118592017191287e-03
2.459998332411000039e+06 4.201128833589086731e-01 3.320317252297838150e-03
2.459998836004999932e+06 4.179831744698633833e-01 3.320039325234734866e-03
2.459999329071999993e+06 4.142731627997696120e-01 3.319950807317689160e-03
2.459999822139000054e+06 4.139878544469305366e-01 3.319952151243241167e-03
2.460000325732000172e+06 4.175441467476627144e-01 3.320013280459396289e-03
2.460000818800000008e+06 4.195421505079224844e-01 3.320057064843936600e-03
2.460001311867000069e+06 4.167538302702906150e-01 3.320254603318755111e-03
2.460001815460000187e+06 4.132194925134963781e-01 3.319879743715657174e-03
2.460002308526999783e+06 4.133953621471234685e-01 3.320150458394231872e-03
2.460002801593999844e+06 4.125608374820174395e-01 3.319907746728750428e-03
2.460003305188000202e+06 4.172807977566687088e-01 3.319840966181169042e-03
2.460003798254999798e+06 4.157662189925722673e-01 3.320045055943052908e-03
2.460004291321999859e+06 4.175660679482345317e-01 3.320187582213088556e-03
2.460004794916000217e+06 4.205298226283836205e-01 3.320126586709471871e-03
2.460005287982999813e+06 4.206615328252365504e-01 3.320004121611163511e-03
2.460005781049999874e+06 4.144052034884069813e-01 3.319863926565054871e-03
2.460006284644000232e+06 4.188614578910800912e-01 3.320071386413482768e-03
2.460006777710999828e+06 4.123853228778864843e-01 3.320014651329251422e-03
2.460007270777999889e+06 4.170172307751007224e-01 3.320048578119390390e-03
2.460007774371000007e+06 4.210569109777621000e-01 3.320022118709430037e-03
2.460008267438000068e+06 4.218472283298084768e-01 3.320037178718962881e-03
2.460008760505999904e+06 4.183344207480337307e-01 3.319746871633527229e-03
2.460009264099000022e+06 4.158979694477831779e-01 3.319947962872744386e-03
2.460009757166000083e+06 4.170832989831018689e-01 3.319806278924750283e-03
2.460010250233000144e+06 4.122975935785652135e-01 3.320067844159643126e-03
2.460010753827000037e+06 4.158757527824142319e-01 3.319770616075328005e-03
2.460011246894000098e+06 4.168198567476422145e-01 3.320012822043290433e-03
2.460011739961000159e+06 4.201786680139731334e-01 3.320063176575106367e-03
2.460012243555000052e+06 4.206836176895694668e-01 3.319790958953229738e-03
2.460012736622000113e+06 4.131977994975382651e-01 3.319705458122735545e-03
2.460013229689000174e+06 4.200471090033218724e-01 3.319797411711499727e-03
2.460013733281999826e+06 4.151077101731967534e-01 3.319756890889365413e-03
2.460014226350000128e+06 4.166881980357189930e-01 3.319731714953647311e-03
2.460014719417000189e+06 4.172807977566687088e-01 3.319840966181169042e-03
2.460015223009999841e+06 4.186859621910706264e-01 3.319837206042050137e-03
2.460015716076999903e+06 4.175883749126065303e-01 3.319980338178577742e-03
2.460016209143999964e+06 4.156345102739993358e-01 3.319758940800057127e-03
2.460016712737999856e+06 4.161830609182770035e-01 3.319923822026538216e-03
2.460017205804999918e+06 4.183783472814999738e-01 3.319710115619716947e-03
2.460017698871999979e+06 4.162271449108537191e-01 3.319892124009051794e-03
2.460018202465999871e+06 4.161393648731248063e-01 3.319958533881632069e-03
2.460018695532999933e+06 4.240641898891667205e-01 3.319909199178731896e-03
2.460019188599999994e+06 4.126927125075310898e-01 3.319828642762949564e-03
2.460019692193999887e+06 4.163590414269921491e-01 3.319793708487810222e-03
2.460020185260999948e+06 4.252935536665250482e-01 3.319740883216423452e-03
2.460020678328000009e+06 4.180932923175827431e-01 3.319758756569081599e-03
2.460021181921000127e+06 4.219568096149856062e-01 3.319733699526168820e-03
2.460021674988000188e+06 4.152832359763039549e-01 3.319630670178547269e-03
2.460022168056000024e+06 4.153708354230261079e-01 3.319565768527083134e-03
2.460022671649000142e+06 4.223518491885893678e-01 3.319729659174777692e-03
2.460023164716000203e+06 4.191470365883694926e-01 3.319632661992985047e-03
2.460023657782999799e+06 4.215834950951460880e-01 3.319902999703768995e-03
2.460024161377000157e+06 4.155904890493157255e-01 3.319790107144557530e-03
2.460024654444000218e+06 4.147343434069021839e-01 3.319826826031242219e-03
2.460025147510999814e+06 4.173688185671531881e-01 3.319772428468377445e-03
2.460025651105000172e+06 4.155464724870654436e-01 3.319821229647373310e-03
2.460026144171999767e+06 4.153490294668100158e-01 3.319774050010548382e-03
2.460026637238999829e+06 4.159416401455967582e-01 3.319530375856345836e-03
2.460027140831999946e+06 4.176322231087289394e-01 3.319559640392792318e-03
2.460027633899999782e+06 4.156123076822380580e-01 3.319581604099936141e-03
2.460028126966999844e+06 4.118144676916242752e-01 3.319591080634551328e-03
2.460028630559999961e+06 4.148879295857881289e-01 3.319527734745326281e-03
2.460029123627000023e+06 4.205519005778906583e-01 3.319526209182108428e-03
2.460029616694000084e+06 4.189930314617447138e-01 3.319570666280613133e-03
2.460030120287999976e+06 4.127147591304276553e-01 3.319625868319408656e-03
2.460030613355000038e+06 4.157662189925722673e-01 3.319662121103843233e-03
2.460031106422000099e+06 4.198494610214829614e-01 3.319782104597303329e-03
2.460031610015999991e+06 4.204639829953148444e-01 3.319606775974421557e-03
2.460032103083000053e+06 4.175883749126065303e-01 3.319595725071744670e-03
2.460032596150000114e+06 4.096411719967682497e-01 3.319805176067170717e-03
2.460033099744000006e+06 4.217155353028580467e-01 3.319777552261402725e-03
2.460033592811000068e+06 4.152832359763039549e-01 3.319630670178547269e-03
2.460034085878000129e+06 4.158539203192677114e-01 3.319596336211341064e-03
2.460034589470999781e+06 4.157003594170326499e-01 3.319519143186873758e-03
2.460035082537999842e+06 4.239985779366109986e-01 3.319786054147552679e-03
2.460035575606000144e+06 4.156563312180486802e-01 3.319550395572008848e-03
2.460036079198999796e+06 4.152174529078373477e-01 3.319487252470239465e-03
2.460036572265999857e+06 4.160516033477290598e-01 3.319641570398124911e-03
2.460037065332999919e+06 4.157880468513725503e-01 3.319453449478159106e-03
2.460037568926999811e+06 4.142731627997696120e-01 3.319569247634053099e-03
2.460038061993999872e+06 4.180274491386096747e-01 3.319620963801249436e-03
2.460038555060999934e+06 4.074020406293054064e-01 3.319669950814982656e-03
2.460039058654999826e+06 4.147343434069021839e-01 3.319444841584568914e-03
2.460039551721999887e+06 4.162052940004771218e-01 3.319717837766194765e-03
2.460040044788999949e+06 4.172588915320850633e-01 3.319666682623962761e-03
2.460040548382000066e+06 4.099706816449418256e-01 3.319454805454850280e-03
2.460041041449999902e+06 4.160516033477290598e-01 3.319641570398124911e-03
2.460041534516999964e+06 4.163368001318278333e-01 3.319616369930439639e-03
2.460042038110000081e+06 4.198494610214829614e-01 3.319395408953203491e-03
2.460042531177000143e+06 4.113315290758904341e-01 3.319486669016290248e-03
2.460043024244000204e+06 4.164027605389278297e-01 3.319375255859023047e-03
2.460043527838000096e+06 4.197396538205205307e-01 3.319687039597011419e-03
2.460044020905000158e+06 4.104096841806960105e-01 3.319607314078457279e-03
2.460044513972000219e+06 4.166881980357189930e-01 3.319731714953647311e-03
2.460045017566000111e+06 4.223740227950705806e-01 3.319514925186850714e-03
2.460045510633000173e+06 4.176760759090607511e-01 3.319523511534903416e-03
2.460046003699999768e+06 4.181371935317457211e-01 3.319722223914040732e-03
2.460046507294000126e+06 4.159198042235229820e-01 3.319356108604374495e-03
2.460047000361000188e+06 4.189930314617447138e-01 3.319570666280613133e-03
2.460047493427999783e+06 4.218472283298084768e-01 3.319648643063172287e-03
2.460047997020999901e+06 4.153050384783422144e-01 3.319422441768830976e-03
2.460048490087999962e+06 4.159856985657917616e-01 3.319498858543552811e-03
2.460048983155999798e+06 4.172588915320850633e-01 3.319666682623962761e-03
2.460049486748999916e+06 4.180932923175827431e-01 3.319373678416132328e-03
2.460049979815999977e+06 4.151512978911053864e-01 3.319340739673995715e-03
2.460050472883000039e+06 4.136806431853309318e-01 3.319393557695228883e-03
2.460050976476999931e+06 4.160075379473394674e-01 3.319673133289941999e-03
2.460051469543999992e+06 4.112875847841290233e-01 3.319510844041729646e-03
2.460051962611000054e+06 4.177199333140853010e-01 3.319487338489200082e-03
2.460052466204999946e+06 4.151952725946747025e-01 3.319309930283313812e-03
2.460052959272000007e+06 4.175883749126065303e-01 3.319595725071744670e-03
2.460053452339000069e+06 4.152174529078373477e-01 3.319487252470239465e-03
2.460053955932000186e+06 4.206836176895694668e-01 3.319403495022446929e-03
2.460054449000000022e+06 4.182689248348295252e-01 3.319612360264473632e-03
2.460054942067000084e+06 4.144052034884069813e-01 3.319482245267450348e-03
2.460055445660000201e+06 4.135926383244494797e-01 3.319449268215320971e-03
2.460055938726999797e+06 4.175222266978990682e-01 3.319454435674035371e-03
2.460056431793999858e+06 4.214301473557794941e-01 3.319471713655812450e-03
2.460056935388000216e+06 4.142075397322545482e-01 3.319424909490992573e-03
2.460057428454999812e+06 4.194760791563613700e-01 3.319534207588071585e-03
2.460057921521999873e+06 4.217811824390526043e-01 3.319517381981931890e-03
2.460058425116000231e+06 4.160734461892974800e-01 3.319432634831006104e-03
2.460058918182999827e+06 4.099706816449418256e-01 3.319454805454850280e-03
