2.458346727899000049e+06 2.454464753818849931e-01 2.644503201085495782e-03
2.458347220966000110e+06 2.442328064966506340e-01 2.644473731825352104e-03
2.458347714033000171e+06 2.444063020175617218e-01 2.644326326430168281e-03
2.458348217627000064e+06 2.414588900973710373e-01 2.644461564020015882e-03
2.458348710694000125e+06 2.387718915970152844e-01 2.644502397425105809e-03
2.458349203761000186e+06 2.449697167314515700e-01 2.644330241094058204e-03
2.458349707355000079e+06 2.423041207286171228e-01 2.644345388807379724e-03
2.458350200422000140e+06 2.435826775018406221e-01 2.644389131661862430e-03
2.458350693489000201e+06 2.457280871862587701e-01 2.644368823754792916e-03
2.458351197081999853e+06 2.469416808970225363e-01 2.644464568103169558e-03
2.458351690150000155e+06 2.455330733807367105e-01 2.644305508519479136e-03
2.458352183217000216e+06 2.394870310377009981e-01 2.644482151859916651e-03
2.458352686809999868e+06 2.471801548658396075e-01 2.644286417073383674e-03
2.458353179876999930e+06 2.448397909407452611e-01 2.644506295156426236e-03
2.458353672943999991e+06 2.444063020175617218e-01 2.644326326430168281e-03
2.458354176537999883e+06 2.465950757884746714e-01 2.644386780898413947e-03
2.458354669604999945e+06 2.451430583746315173e-01 2.644395099934321140e-03
2.458355162672000006e+06 2.427159965034455247e-01 2.644369332124143438e-03
2.458355666265999898e+06 2.405053823282003178e-01 2.644429873160272174e-03
2.458356159332999960e+06 2.414157499315065791e-01 2.644433796490206108e-03
2.458356652400000021e+06 2.450130406478681633e-01 2.644346571229342583e-03
2.458357155993999913e+06 2.423257692188709178e-01 2.644358455693917795e-03
2.458357649060999975e+06 2.450563722263009447e-01 2.644362824432971472e-03
2.458358142128000036e+06 2.428459136333253610e-01 2.644442751659385662e-03
2.458358645721000154e+06 2.496507068298170484e-01 2.644503118406513198e-03
2.458359138788000215e+06 2.418274520113387061e-01 2.644488896241834613e-03
2.458359631856000051e+06 2.488488281753708231e-01 2.644489303114887224e-03
2.458360135449000169e+06 2.434960945900694618e-01 2.644346240577929649e-03
2.458360628516000230e+06 2.447313466831466389e-01 2.644462021901806091e-03
2.458361121582999825e+06 2.413723951609701990e-01 2.644403518881774384e-03
2.458361625177000184e+06 2.423041207286171228e-01 2.644345388807379724e-03
2.458362118243999779e+06 2.455113644859804878e-01 2.644297835622635203e-03
2.458362611310999840e+06 2.465301273200276311e-01 2.644371487463326609e-03
2.458363114905000199e+06 2.422175461058369006e-01 2.644292933597127034e-03
2.458363607971999794e+06 2.440378555317532505e-01 2.644385770455795048e-03
2.458364101038999856e+06 2.466384599939009659e-01 2.644397690900068213e-03
2.458364604631999973e+06 2.483503635055432368e-01 2.644453173712855033e-03
2.458365097699999809e+06 2.399420693217713396e-01 2.644423929976549240e-03
2.458365590766999871e+06 2.423041207286171228e-01 2.644345388807379724e-03
2.458366094359999988e+06 2.423257692188709178e-01 2.644358455693917795e-03
2.458366587427000050e+06 2.459450011963311700e-01 2.644437876699139850e-03
2.458367080494000111e+06 2.475918814248727895e-01 2.644358219262309129e-03
2.458367584088000003e+06 2.451647347025921186e-01 2.644403120684051759e-03
2.458368077155000065e+06 2.422824741723595965e-01 2.644332303150973614e-03
2.458368570222000126e+06 2.431276766798947386e-01 2.644375973952599150e-03
2.458369073816000018e+06 2.414588900973710373e-01 2.644461564020015882e-03
2.458369566883000080e+06 2.468984707562151271e-01 2.644456640426430527e-03
2.458370059950000141e+06 2.424992501354644725e-01 2.644464750296797364e-03
2.458370563544000033e+06 2.430627459807454815e-01 2.644341362977901348e-03
2.458371056611000095e+06 2.458147845428978184e-01 2.644396190233564391e-03
2.458371549678000156e+06 2.467900238760613874e-01 2.644431607964762340e-03
2.458372053270999808e+06 2.428676105296829479e-01 2.644455328190449192e-03
2.458372546337999869e+06 2.379481869315570874e-01 2.644365004071833666e-03
2.458373039406000171e+06 2.418490579139631058e-01 2.644502415017280922e-03
2.458373542998999823e+06 2.406571670499151328e-01 2.644325564831903359e-03
2.458374036065999884e+06 2.372549051192077152e-01 2.644308621436376912e-03
2.458374529132999945e+06 2.399204128075049791e-01 2.644406226378917101e-03
2.458375032726999838e+06 2.416540065471419474e-01 2.644372766795769977e-03
2.458375525793999899e+06 2.422175461058369006e-01 2.644292933597127034e-03
2.458376018860999960e+06 2.422175461058369006e-01 2.644292933597127034e-03
2.458376522454999853e+06 2.423041207286171228e-01 2.644345388807379724e-03
2.458377015521999914e+06 2.401370659388864792e-01 2.644361261771610485e-03
2.458377508588999975e+06 2.493689634155178969e-01 2.644504468197135354e-03
2.458378012182000093e+06 2.402237819613912972e-01 2.644431151342290301e-03
2.458378505249999929e+06 2.404838964645957256e-01 2.644415123405058094e-03
2.458378998316999990e+06 2.441246310841492795e-01 2.644426678965070433e-03
2.458379501910000108e+06 2.408955624997984324e-01 2.644504435655919972e-03
2.458379994977000169e+06 2.441246310841492795e-01 2.644426678965070433e-03
2.458380488044000231e+06 2.387283519934011444e-01 2.644459931281606998e-03
2.458380991638000123e+06 2.381216043724672105e-01 2.644318363279061883e-03
2.458381484705000184e+06 2.427159965034455247e-01 2.644369332124143438e-03
2.458381977771999780e+06 2.422608295499255326e-01 2.644319198728157638e-03
2.458382481366000138e+06 2.404838964645957256e-01 2.644415123405058094e-03
2.458382974433000199e+06 2.478302985172581852e-01 2.644393726339849902e-03
2.458383467499999795e+06 2.450347054792475499e-01 2.644354707449343266e-03
2.458383971094000153e+06 2.402021000205125933e-01 2.644413706536379721e-03
2.458384464161000215e+06 2.458582579130824952e-01 2.644410975084488663e-03
2.458384957227999810e+06 2.429541937325986334e-01 2.644503009984343518e-03
2.458385460820999928e+06 2.445796955180597754e-01 2.644400207991687984e-03
2.458385953887999989e+06 2.492821605060666912e-01 2.644502331345304890e-03
2.458386446955999825e+06 2.454030748242808369e-01 2.644487641529564767e-03
2.458386950548999943e+06 2.449913777319926156e-01 2.644338415776426726e-03
2.458387443616000004e+06 2.457280871862587701e-01 2.644368823754792916e-03
2.458387936683000065e+06 2.430627459807454815e-01 2.644341362977901348e-03
2.458388440276999958e+06 2.425209160594170577e-01 2.644477648110721453e-03
2.458388933344000019e+06 2.418056253275925604e-01 2.644472923125423466e-03
2.458389426411000080e+06 2.433010594151037709e-01 2.644469061246105396e-03
2.458389930004999973e+06 2.466166533659909232e-01 2.644391027861566629e-03
2.458390423072000034e+06 2.453382143413416205e-01 2.644466593131928819e-03
2.458390916139000095e+06 2.451213839631920244e-01 2.644387059930885988e-03
2.458391419732000213e+06 2.412206036825726985e-01 2.644295743706508769e-03
2.458391912800000049e+06 2.426075991142234434e-01 2.644305601430413724e-03
2.458392405867000110e+06 2.435178495763846707e-01 2.644358209593985262e-03
2.458392909460000228e+06 2.422608295499255326e-01 2.644319198728157638e-03
2.458393402526999824e+06 2.431926247243416661e-01 2.644410414715039036e-03
2.458393895593999885e+06 2.400720494650655512e-01 2.644308651558966231e-03
2.458394399187999777e+06 2.409823304703651026e-01 2.644347192846461039e-03
2.458394892254999839e+06 2.395086484325845144e-01 2.644500261506385272e-03
2.458395385321999900e+06 2.467900238760613874e-01 2.644431607964762340e-03
2.458395888915999793e+06 2.412857089761657192e-01 2.644342740460593495e-03
2.458396381982999854e+06 2.374932113492206620e-01 2.644339775553783412e-03
2.458396875049999915e+06 2.459665218909803386e-01 2.644442726926497182e-03
2.458397378643999808e+06 2.441246310841492795e-01 2.644426678965070433e-03
2.458397871710999869e+06 2.439729064636622369e-01 2.644356106651126349e-03
2.458398364777999930e+06 2.444929833965596433e-01 2.644363420362677661e-03
2.458398868371000048e+06 2.432360824116325537e-01 2.644434904357381710e-03
2.458399361438000109e+06 2.433877971441528731e-01 2.644290982036473069e-03
2.458399854505999945e+06 2.421740473443257657e-01 2.644487208524053980e-03
2.458400358099000063e+06 2.468118458339426946e-01 2.644438114897224804e-03
2.458400851166000124e+06 2.430193192625457466e-01 2.644316570807637122e-03
2.458401344233000185e+06 2.429110101380528575e-01 2.644480424663933193e-03
2.458401847827000078e+06 2.419357236607603823e-01 2.644335907838525970e-03
2.458402340894000139e+06 2.398335854002526524e-01 2.644332793034207853e-03
2.458402833961000200e+06 2.437994940474234318e-01 2.644497465234782116e-03
2.458403337555000093e+06 2.444495262917356637e-01 2.644343693904933901e-03
2.458403830622000154e+06 2.396386145006359769e-01 2.644390255892516747e-03
2.458404323689000215e+06 2.422608295499255326e-01 2.644319198728157638e-03
2.458404827281999867e+06 2.408305624780882614e-01 2.644456317548501273e-03
2.458405320350000169e+06 2.445362230006971060e-01 2.644380634696420415e-03
2.458405813417000230e+06 2.453596819408900287e-01 2.644472004792283032e-03
2.458406317009999882e+06 2.380132858736030421e-01 2.644430806406500301e-03
2.458406810076999944e+06 2.413072664771418741e-01 2.644356745186208796e-03
2.458407303144000005e+06 2.456199281571539161e-01 2.644336006892723107e-03
2.458407806737999897e+06 2.440812394516550798e-01 2.644406262854081136e-03
2.458408299804999959e+06 2.469851260817168548e-01 2.644474853207625167e-03
2.458408792872000020e+06 2.443412548898650505e-01 2.644297696230450776e-03
2.458409296465999912e+06 2.441678055436442563e-01 2.644444583136404316e-03
2.458409789532999974e+06 2.451864129472416942e-01 2.644411122176592785e-03
2.458410282600000035e+06 2.477869328851122765e-01 2.644387447666807483e-03
2.458410786193999927e+06 2.440162788372194913e-01 2.644376713437792716e-03
2.458411279260999989e+06 2.409173070363516689e-01 2.644299356851401422e-03
2.458411772328000050e+06 2.416106089891697783e-01 2.644342938953475348e-03
2.458412275921000168e+06 2.420224204639179200e-01 2.644391852625987884e-03
2.458412768988000229e+06 2.420875191964231843e-01 2.644434223605161925e-03
2.458413262056000065e+06 2.459450011963311700e-01 2.644437876699139850e-03
2.458413765649000183e+06 2.381433178545545593e-01 2.644340151385204951e-03
2.458414258715999778e+06 2.388367759379072808e-01 2.644341112479685427e-03
2.458414751782999840e+06 2.380349894785026843e-01 2.644452704540063270e-03
2.458415255377000198e+06 2.439077500338938664e-01 2.644323835814749082e-03
2.458415748443999793e+06 2.428676105296829479e-01 2.644455328190449192e-03
2.458416241510999855e+06 2.447313466831466389e-01 2.644462021901806091e-03
2.458416745105000213e+06 2.447097086733439619e-01 2.644453596814486454e-03
2.458417238171999808e+06 2.478302985172581852e-01 2.644393726339849902e-03
2.458417731238999870e+06 2.401804200365864894e-01 2.644396243336986658e-03
2.458418234831999987e+06 2.426292747185380960e-01 2.644318385223272654e-03
2.458526481366999913e+06 2.481553256458837176e-01 2.644433431564977184e-03
2.458526984960000031e+06 2.415022604039339382e-01 2.644491692696197393e-03
2.458527478027000092e+06 2.400287149289448974e-01 2.644494560830882440e-03
2.458527971094000153e+06 2.427376817924490338e-01 2.644382021764380038e-03
2.458528474688000046e+06 2.398771056427674297e-01 2.644370764146967978e-03
2.458528967755000107e+06 2.425209160594170577e-01 2.644477648110721453e-03
2.458529460822000168e+06 2.425859254463265113e-01 2.644292798817417071e-03
2.458529964416000061e+06 2.411772839574749250e-01 2.644487263969761900e-03
2.458530457483000122e+06 2.470285789098509988e-01 2.644485060078494067e-03
2.458530950550000183e+06 2.428459136333253610e-01 2.644442751659385662e-03
2.458531454144000076e+06 2.393135008558522625e-01 2.644329310550388307e-03
2.458531947211000137e+06 2.424342639762373797e-01 2.644425944062708811e-03
2.458532440278000198e+06 2.426509522594450796e-01 2.644331150192546099e-03
2.458532943870999850e+06 2.469851260817168548e-01 2.644474853207625167e-03
2.458533436937999912e+06 2.480036085342208207e-01 2.644415617180492697e-03
2.458533930006000213e+06 2.452948329267694294e-01 2.644450840660186874e-03
2.458534433598999865e+06 2.478736717389005695e-01 2.644399926215307544e-03
2.458534926665999927e+06 2.422608295499255326e-01 2.644319198728157638e-03
2.458535419732999988e+06 2.459450011963311700e-01 2.644437876699139850e-03
2.458535923326999880e+06 2.376448460930861706e-01 2.644495981541200493e-03
2.458536416393999942e+06 2.433877971441528731e-01 2.644290982036473069e-03
2.458536909461000003e+06 2.422608295499255326e-01 2.644319198728157638e-03
2.458537413054999895e+06 2.390969300997868308e-01 2.644358661022852205e-03
2.458537906121999957e+06 2.478736717389005695e-01 2.644399926215307544e-03
2.458538399189000018e+06 2.427376817924490338e-01 2.644382021764380038e-03
2.458538902782000136e+06 2.453382143413416205e-01 2.644466593131928819e-03
2.458539395849999972e+06 2.439944793230729436e-01 2.644365201797975982e-03
2.458539888917000033e+06 2.434743415472644668e-01 2.644334252595849973e-03
2.458540392510000151e+06 2.413939604068622569e-01 2.644417449189535429e-03
2.458540885577000212e+06 2.445796955180597754e-01 2.644400207991687984e-03
2.458541378643999808e+06 2.421091483345662876e-01 2.644447497943789790e-03
2.458541882238000166e+06 2.472017836389805157e-01 2.644290116329587985e-03
2.458542375305000227e+06 2.427376817924490338e-01 2.644382021764380038e-03
2.458542868371999823e+06 2.407006150461329097e-01 2.644359581717979114e-03
2.458543371966000181e+06 2.455113644859804878e-01 2.644297835622635203e-03
2.458543865032999776e+06 2.434528146760218392e-01 2.644324681163146701e-03
2.458544358099999838e+06 2.421307794051494600e-01 2.644460753545452118e-03
2.458544861694000196e+06 2.401587420094372372e-01 2.644378761747582726e-03
2.458545354760999791e+06 2.482419648176965032e-01 2.644442132903811974e-03
2.458545847827999853e+06 2.432360824116325537e-01 2.644434904357381710e-03
2.458546351420999970e+06 2.395518890764381237e-01 2.644315790519938952e-03
2.458546844488000032e+06 2.522077339028046539e-01 2.644411073488272916e-03
2.458547337555999868e+06 2.433877971441528731e-01 2.644290982036473069e-03
2.458547841148999985e+06 2.409823304703651026e-01 2.644347192846461039e-03
2.458548334216000047e+06 2.446880725766737708e-01 2.644445152544492705e-03
2.458548827283000108e+06 2.469200748814156521e-01 2.644460614040883631e-03
2.458549330877000000e+06 2.392484870039928990e-01 2.644492354544392999e-03
2.458549823944000062e+06 2.478736717389005695e-01 2.644399926215307544e-03
2.458550317011000123e+06 2.417408250494029742e-01 2.644432198658577381e-03
2.458550820605000015e+06 2.462915999536887390e-01 2.644308228903290581e-03
2.458551313672000077e+06 2.448179178570653591e-01 2.644495530355173585e-03
2.458551806739000138e+06 2.370814637904215538e-01 2.644340783626712363e-03
2.458552310331999790e+06 2.450563722263009447e-01 2.644362824432971472e-03
2.458552803400000092e+06 2.414157499315065791e-01 2.644433796490206108e-03
2.458553296467000153e+06 2.436044402238448092e-01 2.644401024757056864e-03
2.458553800059999805e+06 2.418924983015986463e-01 2.644309040961984741e-03
2.458554293126999866e+06 2.488706029608672154e-01 2.644491483084650089e-03
2.458554786193999927e+06 2.415240597043218640e-01 2.644507946941501274e-03
2.458555289787999820e+06 2.423909495455492114e-01 2.644399979281001310e-03
2.458555782854999881e+06 2.419573392368387643e-01 2.644349313214547446e-03
2.458556275921999943e+06 2.435611410520356901e-01 2.644379655149286037e-03
2.458556779515999835e+06 2.409823304703651026e-01 2.644347192846461039e-03
2.458557272582999896e+06 2.501057060049635683e-01 2.644485366108432437e-03
2.458557765649999958e+06 2.421740473443257657e-01 2.644487208524053980e-03
2.458558269243999850e+06 2.411555159561165063e-01 2.644470692227807521e-03
2.458558762310999911e+06 2.439077500338938664e-01 2.644323835814749082e-03
2.458559255377999973e+06 2.459450011963311700e-01 2.644437876699139850e-03
2.458559758971000090e+06 2.436044402238448092e-01 2.644401024757056864e-03
2.458560252038000152e+06 2.445146022428248689e-01 2.644372037105316518e-03
2.458560745105999988e+06 2.417408250494029742e-01 2.644432198658577381e-03
2.458561248699000105e+06 2.424775861470655769e-01 2.644451833681846567e-03
2.458561741766000167e+06 2.447529866062516102e-01 2.644470427803001251e-03
2.458562234833000228e+06 2.409388316227171756e-01 2.644313697041980257e-03
2.458562738427000120e+06 2.434093182663388533e-01 2.644300610378047620e-03
2.458563231494000182e+06 2.409605800649755047e-01 2.644330454204361046e-03
2.458563724560999777e+06 2.424992501354644725e-01 2.644464750296797364e-03
2.458564228155000135e+06 2.433010594151037709e-01 2.644469061246105396e-03
2.458564721222000197e+06 2.494555667935646759e-01 2.644503850208769144e-03
2.458565214288999792e+06 2.411988317712944752e-01 2.644501381479782282e-03
2.458565717881999910e+06 2.452948329267694294e-01 2.644450840660186874e-03
2.458566210950000212e+06 2.418924983015986463e-01 2.644309040961984741e-03
2.458566704016999807e+06 2.436695156287810027e-01 2.644434154513192799e-03
2.458567207609999925e+06 2.436910616614110514e-01 2.644443536019284308e-03
2.458567700676999986e+06 2.459015124879475878e-01 2.644423246850172160e-03
2.458568193744000047e+06 2.442112125654574417e-01 2.644464846570812600e-03
2.458568697337999940e+06 2.408305624780882614e-01 2.644456317548501273e-03
2.458569190405000001e+06 2.451213839631920244e-01 2.644387059930885988e-03
2.458569683472000062e+06 2.406354459928856104e-01 2.644308528682341123e-03
2.458570187065999955e+06 2.460100220965481255e-01 2.644457240447673722e-03
2.458570680133000016e+06 2.420007990737228221e-01 2.644378503386321522e-03
2.458571173200000077e+06 2.469635162648994020e-01 2.644470938256443353e-03
2.458571676793999970e+06 2.426726317371166453e-01 2.644343896334760274e-03
2.458572169861000031e+06 2.419573392368387643e-01 2.644349313214547446e-03
2.458572662928000093e+06 2.449913777319926156e-01 2.644338415776426726e-03
2.458573166521000210e+06 2.433877971441528731e-01 2.644290982036473069e-03
2.458573659587999806e+06 2.419357236607603823e-01 2.644335907838525970e-03
2.458574152656000108e+06 2.389234625248810029e-01 2.644420658147899218e-03
2.458574656249000225e+06 2.421959072838368032e-01 2.644502843570103057e-03
2.458575149315999821e+06 2.482204736539207202e-01 2.644441813925246625e-03
2.458575642382999882e+06 2.461183529039856488e-01 2.644488313455035326e-03
2.458576145976999775e+06 2.361495922312091544e-01 2.644387034129197511e-03
2.458576639043999836e+06 2.429759003031650710e-01 2.644291703086179557e-03
2.458577132110999897e+06 2.455113644859804878e-01 2.644297835622635203e-03
2.458577635704999790e+06 2.431926247243416661e-01 2.644410414715039036e-03
2.458578128771999851e+06 2.431059565501867137e-01 2.644363644019128226e-03
2.458578621838999912e+06 2.448179178570653591e-01 2.644495530355173585e-03
2.458579125432000030e+06 2.426726317371166453e-01 2.644343896334760274e-03
2.458579618499999866e+06 2.440812394516550798e-01 2.644406262854081136e-03
2.458580111566999927e+06 2.413290481763231965e-01 2.644373166862675362e-03
2.458580615160000045e+06 2.471801548658396075e-01 2.644286417073383674e-03
2.458581108227000106e+06 2.389668176163466107e-01 2.644460322017190210e-03
2.458581601294000167e+06 2.443412548898650505e-01 2.644297696230450776e-03
2.458582104888000060e+06 2.431493987501723297e-01 2.644388284980913120e-03
2.458582597955000121e+06 2.489139289897351615e-01 2.644493347752201531e-03
2.458583091022000182e+06 2.429110101380528575e-01 2.644480424663933193e-03
2.458583594616000075e+06 2.424342639762373797e-01 2.644425944062708811e-03
2.458584087683000136e+06 2.447313466831466389e-01 2.644462021901806091e-03
2.458584580750000197e+06 2.395086484325845144e-01 2.644500261506385272e-03
2.458585084344000090e+06 2.406137268963385034e-01 2.644291474066379904e-03
2.458585577411000151e+06 2.407870910255309471e-01 2.644422522529806321e-03
2.458586070478000212e+06 2.362146342286118583e-01 2.644462684827199924e-03
2.458586574070999864e+06 2.436695156287810027e-01 2.644434154513192799e-03
2.458587067137999926e+06 2.372765395700010549e-01 2.644331206986505825e-03
2.458587560206000227e+06 2.372330541411872551e-01 2.644502082262621592e-03
2.458588063798999880e+06 2.425859254463265113e-01 2.644292798817417071e-03
2.458588556865999941e+06 2.455764969291270583e-01 2.644320796355877426e-03
2.458589049933000002e+06 2.424126057934622158e-01 2.644412971065446000e-03
2.458589553526999895e+06 2.438428355925243429e-01 2.644293829094479086e-03
2.458590046593999956e+06 2.419141100157378432e-01 2.644322483753188281e-03
2.458590539661000017e+06 2.412857089761657192e-01 2.644342740460593495e-03
2.458591043254999910e+06 2.444929833965596433e-01 2.644363420362677661e-03
2.458591536321999971e+06 2.431493987501723297e-01 2.644388284980913120e-03
2.458592029389000032e+06 2.439295417992734805e-01 2.644335423646516567e-03
2.458592532982000150e+06 2.445796955180597754e-01 2.644400207991687984e-03
2.458593026049999986e+06 2.475918814248727895e-01 2.644358219262309129e-03
2.458593519117000047e+06 2.446662130469527963e-01 2.644434253480201433e-03
2.458594022710000165e+06 2.444063020175617218e-01 2.644326326430168281e-03
2.458594515777000226e+06 2.453382143413416205e-01 2.644466593131928819e-03
2.458595008843999822e+06 2.439295417992734805e-01 2.644335423646516567e-03
2.458595512438000180e+06 2.433877971441528731e-01 2.644290982036473069e-03
2.458596005504999775e+06 2.446445807959640173e-01 2.644425770863045866e-03
2.458596498571999837e+06 2.459665218909803386e-01 2.644442726926497182e-03
2.458597002166000195e+06 2.420440437858608629e-01 2.644405183142515756e-03
2.458597495232999790e+06 2.439944793230729436e-01 2.644365201797975982e-03
2.458597988299999852e+06 2.417408250494029742e-01 2.644432198658577381e-03
2.458712204272000119e+06 2.446662130469527963e-01 2.644434253480201433e-03
2.458712697339000180e+06 2.428242186752885279e-01 2.644430156270068631e-03
2.458713200931999832e+06 2.437777139000301962e-01 2.644485743159112178e-03
2.458713694000000134e+06 2.422608295499255326e-01 2.644319198728157638e-03
2.458714187067000195e+06 2.428242186752885279e-01 2.644430156270068631e-03
2.458714690659999847e+06 2.460100220965481255e-01 2.644457240447673722e-03
2.458715183726999909e+06 2.411122079198320667e-01 2.644439928710834962e-03
2.458715676793999970e+06 2.470718118211179815e-01 2.644492753018987032e-03
2.458716180387999862e+06 2.417408250494029742e-01 2.644432198658577381e-03
2.458716673454999924e+06 2.437343839299044856e-01 2.644464677618347734e-03
2.458717166521999985e+06 2.481119031401150810e-01 2.644427744561599850e-03
2.458717670115999877e+06 2.406571670499151328e-01 2.644325564831903359e-03
2.458718163182999939e+06 2.416540065471419474e-01 2.644372766795769977e-03
2.458718656250000000e+06 2.442762250740322383e-01 2.644493880684213420e-03
2.458719159843999892e+06 2.417624232124027384e-01 2.644445792161926375e-03
2.458719652910999954e+06 2.396169853753702395e-01 2.644372275867213924e-03
2.458720145978000015e+06 2.439944793230729436e-01 2.644365201797975982e-03
2.458720649571000133e+06 2.472669090555746629e-01 2.644531273223008766e-03
2.458721142638000194e+06 2.469200748814156521e-01 2.644460614040883631e-03
2.458721635706000030e+06 2.463349307677083766e-01 2.644319684206555571e-03
2.458722139299000148e+06 2.459015124879475878e-01 2.644423246850172160e-03
2.458722632366000209e+06 2.416540065471419474e-01 2.644372766795769977e-03
2.458723125432999805e+06 2.462267314150238251e-01 2.644518901043945835e-03
2.458723629027000163e+06 2.426292747185380960e-01 2.644318385223272654e-03
2.458724122094000224e+06 2.383166580096851284e-01 2.644508936072842344e-03
2.458724615160999820e+06 2.457280871862587701e-01 2.644368823754792916e-03
2.458725118755000178e+06 2.455764969291270583e-01 2.644320796355877426e-03
2.458725611821999773e+06 2.421091483345662876e-01 2.644447497943789790e-03
2.458726104888999835e+06 2.467250240619835722e-01 2.644416841242675040e-03
2.458726608481999952e+06 2.461616532381363798e-01 2.644500119630117593e-03
2.458727101549999788e+06 2.486538568916177860e-01 2.644478532579773705e-03
2.458727594616999850e+06 2.413506095494087900e-01 2.644387134386263181e-03
2.458728098209999967e+06 2.426292747185380960e-01 2.644318385223272654e-03
2.458728591277000029e+06 2.426075991142234434e-01 2.644529051286880622e-03
2.458729084344000090e+06 2.426075991142234434e-01 2.644529051286880622e-03
2.458729587937999982e+06 2.473101836774246054e-01 2.644310754057246308e-03
2.458730081005000044e+06 2.467034370026376933e-01 2.644412691825362254e-03
2.458730574072000105e+06 2.407870910255309471e-01 2.644422522529806321e-03
2.458731077665999997e+06 2.424775861470655769e-01 2.644451833681846567e-03
2.458731570733000059e+06 2.422391868611422638e-01 2.644529186078632167e-03
2.458732063800000120e+06 2.417190061843684512e-01 2.644416150880346539e-03
2.458732567394000012e+06 2.420658919905474549e-01 2.644420930533021488e-03
2.458733060461000074e+06 2.439729064636622369e-01 2.644356106651126349e-03
2.458733553528000135e+06 2.419357236607603823e-01 2.644335907838525970e-03
2.458734057120999787e+06 2.446662130469527963e-01 2.644434253480201433e-03
2.458734550187999848e+06 2.454681785389404292e-01 2.644510951911763913e-03
2.458735043256000150e+06 2.418274520113387061e-01 2.644488896241834613e-03
2.458735546848999802e+06 2.441246310841492795e-01 2.644426678965070433e-03
2.458736039915999863e+06 2.454030748242808369e-01 2.644487641529564767e-03
2.458736532982999925e+06 2.419791796151030128e-01 2.644365135426971804e-03
2.458737036576999817e+06 2.475052411784463557e-01 2.644344717517794173e-03
2.458737529643999878e+06 2.418056253275925604e-01 2.644472923125423466e-03
2.458738022710999940e+06 2.437343839299044856e-01 2.644464677618347734e-03
2.458738526304999832e+06 2.419573392368387643e-01 2.644349313214547446e-03
2.458739019371999893e+06 2.455330733807367105e-01 2.644531652837320106e-03
2.458739512438999955e+06 2.468118458339426946e-01 2.644438114897224804e-03
2.458740016032000072e+06 2.398119386774480444e-01 2.644314997753980170e-03
2.458740509099999908e+06 2.452731450961284920e-01 2.644442935505584777e-03
2.458741002166999970e+06 2.440378555317532505e-01 2.644385770455795048e-03
2.458741505760000087e+06 2.426509522594450796e-01 2.644331150192546099e-03
2.458741998827000149e+06 2.446880725766737708e-01 2.644445152544492705e-03
2.458742491894000210e+06 2.408955624997984324e-01 2.644504435655919972e-03
2.458742995488000102e+06 2.389452491256283395e-01 2.644441716975959918e-03
2.458743488555000164e+06 2.450997114681034150e-01 2.644379000677205341e-03
2.458743981622000225e+06 2.452080931087506077e-01 2.644419104408485613e-03
2.458744485216000117e+06 2.440162788372194913e-01 2.644376713437792716e-03
2.458744978283000179e+06 2.400937196668776197e-01 2.644326206673845801e-03
2.458745471349999774e+06 2.405270916449798457e-01 2.644447040066917956e-03
2.458745974944000132e+06 2.464216152670452575e-01 2.644342361334383901e-03
2.458746468011000194e+06 2.479602125760877740e-01 2.644409653869952449e-03
2.458746961077999789e+06 2.439944793230729436e-01 2.644365201797975982e-03
2.458747464670999907e+06 2.462267314150238251e-01 2.644518901043945835e-03
2.458747957737999968e+06 2.456199281571539161e-01 2.644336006892723107e-03
2.458748450805999804e+06 2.404187860873296667e-01 2.644363456678212876e-03
2.458748954398999922e+06 2.448614404528360045e-01 2.644514605082719325e-03
2.458749447465999983e+06 2.393785323747037175e-01 2.644386458441620909e-03
2.458749940533000045e+06 2.415674417165039889e-01 2.644315472044364915e-03
2.458750444126999937e+06 2.478953611961984549e-01 2.644402996595267806e-03
2.458750937193999998e+06 2.436910616614110514e-01 2.644443536019284308e-03
2.458751430261000060e+06 2.383383892780361890e-01 2.644530561889235631e-03
2.458751933854999952e+06 2.453382143413416205e-01 2.644466593131928819e-03
2.458752426922000013e+06 2.460533033717375306e-01 2.644469240743818096e-03
2.458752919989000075e+06 2.443628603198136628e-01 2.644531513432809167e-03
2.458753423582000192e+06 2.364963269218471054e-01 2.644348964554253233e-03
2.458753916650000028e+06 2.417624232124027384e-01 2.644445792161926375e-03
2.458754409717000090e+06 2.426726317371166453e-01 2.644343896334760274e-03
2.458754913310000207e+06 2.463567124848114187e-01 2.644326600435671030e-03
2.458755406376999803e+06 2.437994940474234318e-01 2.644497465234782116e-03
2.458755899443999864e+06 2.475702185203571271e-01 2.644354873309372102e-03
2.458756403038000222e+06 2.441462173595328466e-01 2.644435640596251059e-03
2.458756896104999818e+06 2.464649689550458267e-01 2.644353583103475989e-03
2.458757389171999879e+06 2.401370659388864792e-01 2.644361261771610485e-03
2.458757892765999772e+06 2.441028218902126512e-01 2.644415262648708992e-03
2.458758385832999833e+06 2.415240597043218640e-01 2.644507946941501274e-03
2.458758878899999894e+06 2.417408250494029742e-01 2.644432198658577381e-03
2.458759382493999787e+06 2.379915842475985310e-01 2.644408890281625332e-03
2.458759875560999848e+06 2.463349307677083766e-01 2.644319684206555571e-03
2.458760368627999909e+06 2.405705161575177331e-01 2.644481318535008441e-03
2.458760872221000027e+06 2.410689076610426085e-01 2.644409090956511329e-03
2.458761365288000088e+06 2.402671517147123847e-01 2.644465985759802268e-03
2.458761858355999924e+06 2.456414204072412122e-01 2.644341147635786548e-03
2.458762361949000042e+06 2.440594341341668083e-01 2.644394808400020100e-03
2.458762855016000103e+06 2.445796955180597754e-01 2.644400207991687984e-03
2.458763348083000164e+06 2.407870910255309471e-01 2.644422522529806321e-03
2.458763851677000057e+06 2.369081492530900335e-01 2.644371485648112832e-03
2.458764344744000118e+06 2.412639311886619342e-01 2.644326281617054557e-03
2.458764837811000179e+06 2.409823304703651026e-01 2.644347192846461039e-03
2.458765341405000072e+06 2.403753889630363960e-01 2.644328920038262632e-03
2.458765834472000133e+06 2.419573392368387643e-01 2.644349313214547446e-03
2.458766327539000195e+06 2.430193192625457466e-01 2.644316570807637122e-03
2.458766831131999847e+06 2.438643969506553710e-01 2.644527645954893990e-03
2.458767324200000148e+06 2.401153918247585783e-01 2.644343743412541983e-03
2.458767817267000210e+06 2.416106089891697783e-01 2.644342938953475348e-03
2.458768320859999862e+06 2.420658919905474549e-01 2.644420930533021488e-03
2.458768813926999923e+06 2.453813774233936928e-01 2.644479832806856823e-03
2.458769306993999984e+06 2.467468402723748400e-01 2.644423406741752604e-03
2.458769810587999877e+06 2.446013220316861914e-01 2.644408748115327935e-03
2.458770303654999938e+06 2.419791796151030128e-01 2.644365135426971804e-03
2.458770796721999999e+06 2.379481869315570874e-01 2.644365004071833666e-03
2.458771300315999892e+06 2.420658919905474549e-01 2.644420930533021488e-03
2.458771793382999953e+06 2.442546273039699622e-01 2.644485033634657364e-03
2.458772286450000014e+06 2.433443123508038375e-01 2.644490925921328534e-03
2.458772790043999907e+06 2.445796955180597754e-01 2.644400207991687984e-03
2.458773283110999968e+06 2.390969300997868308e-01 2.644358661022852205e-03
2.458773776178000029e+06 2.444495262917356637e-01 2.644343693904933901e-03
2.458774279771000147e+06 2.432575901187198908e-01 2.644444685171813084e-03
2.458774772838000208e+06 2.450780408891962137e-01 2.644370922176744743e-03
2.458775265906000044e+06 2.434310654996847401e-01 2.644312655248393096e-03
2.458775769499000162e+06 2.432360824116325537e-01 2.644434904357381710e-03
2.458776262566000223e+06 2.411772839574749250e-01 2.644487263969761900e-03
2.458776755632999819e+06 2.425209160594170577e-01 2.644477648110721453e-03
2.458777259227000177e+06 2.450563722263009447e-01 2.644362824432971472e-03
2.458777752293999773e+06 2.471150522986536868e-01 2.644500367653931754e-03
2.458778245360999834e+06 2.409173070363516689e-01 2.644521249891331523e-03
2.458778748955000192e+06 2.424559240940475091e-01 2.644438898269329402e-03
2.458779242021999788e+06 2.437343839299044856e-01 2.644464677618347734e-03
2.458779735088999849e+06 2.422824741723595965e-01 2.644332303150973614e-03
2.458780238681999967e+06 2.433660537762422360e-01 2.644503047673290967e-03
2.458780731749999803e+06 2.434310654996847401e-01 2.644312655248393096e-03
2.458781224816999864e+06 2.438643969506553710e-01 2.644527645954893990e-03
2.458781728409999982e+06 2.395518890764381237e-01 2.644315790519938952e-03
2.458782221477000043e+06 2.428893093645343726e-01 2.644467885859788474e-03
2.458782714544000104e+06 2.428893093645343726e-01 2.644467885859788474e-03
2.458783218137999997e+06 2.437128340669213189e-01 2.644455334140778831e-03
2.458783711205000058e+06 2.464867621705384981e-01 2.644360382549853020e-03
2.459622427943999879e+06 2.415674417165039889e-01 2.646095406733162125e-03
2.459622921010999940e+06 2.468334423792847565e-01 2.646033560695797843e-03
2.459623424604999833e+06 2.412423775591005237e-01 2.646089779230802620e-03
2.459623917671999894e+06 2.430842383608749768e-01 2.646142406043469446e-03
2.459624410738999955e+06 2.434093182663388533e-01 2.646094116514802891e-03
2.459624914332000073e+06 2.439729064636622369e-01 2.646153765459182631e-03
2.459625407399999909e+06 2.454898836150579688e-01 2.646101415202450208e-03
2.459625900466999970e+06 2.442762250740322383e-01 2.646068787708612431e-03
2.459626404060000088e+06 2.424559240940475091e-01 2.646225379538215839e-03
2.459626897127000149e+06 2.415456385005752826e-01 2.646301520915391760e-03
2.459627390194000211e+06 2.402021000205125933e-01 2.646183581015781796e-03
2.459627893788000103e+06 2.426075991142234434e-01 2.646316650138616240e-03
2.459628386855000164e+06 2.447529866062516102e-01 2.646273834453962293e-03
2.459628879922000226e+06 2.453382143413416205e-01 2.646274311900198052e-03
2.459629383516000118e+06 2.457932771244177028e-01 2.646202276129639829e-03
2.459629876583000179e+06 2.423474196432937600e-01 2.646380395807996881e-03
2.459630369649999775e+06 2.437343839299044856e-01 2.646260578927426069e-03
2.459630873244000133e+06 2.419791796151030128e-01 2.646370974973439542e-03
2.459631366311000194e+06 2.433660537762422360e-01 2.646296235025502770e-03
2.459631859377999790e+06 2.415022604039339382e-01 2.646271147111334786e-03
2.459632362970999908e+06 2.455982115831015500e-01 2.646364250099574305e-03
2.459632856037999969e+06 2.448830918792445355e-01 2.646327261104132640e-03
2.459633349105999805e+06 2.424559240940475091e-01 2.646448689696826589e-03
2.459633852698999923e+06 2.433660537762422360e-01 2.646296235025502770e-03
2.459634345765999984e+06 2.459232558808294444e-01 2.646469104667753449e-03
2.459634838833000045e+06 2.410689076610426085e-01 2.646407384979904218e-03
2.459635342426999938e+06 2.454898836150579688e-01 2.646553624279644745e-03
2.459635835493999999e+06 2.432143525973563813e-01 2.646438747269429150e-03
2.459636328561000060e+06 2.472669090555746629e-01 2.646580944378623852e-03
2.459636832154999953e+06 2.413290481763231965e-01 2.646373617270489972e-03
2.459637325222000014e+06 2.462915999536887390e-01 2.646576658369623018e-03
2.459637818289000075e+06 2.458799974812574396e-01 2.646456513077294348e-03
2.459638321882000193e+06 2.441896205434994360e-01 2.646480104783337922e-03
2.459638814950000029e+06 2.422608295499255326e-01 2.646550503427109579e-03
2.459639308017000090e+06 2.443846927466998276e-01 2.646568480191579826e-03
2.459639811610000208e+06 2.418056253275925604e-01 2.646477324027236844e-03
2.459640304676999804e+06 2.396602455782628205e-01 2.646615570053233949e-03
2.459640797743999865e+06 2.482854100857908308e-01 2.646505696623582121e-03
2.459641301338000223e+06 2.457932771244177028e-01 2.646655044078331191e-03
2.459641794404999819e+06 2.426292747185380960e-01 2.646553083427635733e-03
2.459642287471999880e+06 2.424559240940475091e-01 2.646671999855437340e-03
2.459642791065999772e+06 2.431926247243416661e-01 2.646650301564704589e-03
2.459643284132999834e+06 2.422175461058369006e-01 2.646746930245196579e-03
2.459643777199999895e+06 2.442328064966506340e-01 2.646723199103188928e-03
2.459644280793999787e+06 2.440378555317532505e-01 2.646633442168889842e-03
2.459644773860999849e+06 2.429759003031650710e-01 2.646753382904556973e-03
2.459645266927999910e+06 2.424126057934622158e-01 2.646645673675261396e-03
2.459645770521000028e+06 2.455982115831015500e-01 2.646816658724260220e-03
2.459646263588000089e+06 2.468118458339426946e-01 2.646711336005191494e-03
2.459646756655999925e+06 2.424992501354644725e-01 2.646698250930494111e-03
2.459647260249000043e+06 2.439944793230729436e-01 2.646837201221769256e-03
2.459647753316000104e+06 2.473318238283553627e-01 2.646820146982064789e-03
2.459648246383000165e+06 2.383601225279861624e-01 2.646967085306096892e-03
2.459648749977000058e+06 2.426292747185380960e-01 2.646776553248072344e-03
2.459649243044000119e+06 2.420440437858608629e-01 2.646857421973621265e-03
2.459649736111000180e+06 2.431276766798947386e-01 2.646839191474275460e-03
2.459650239705000073e+06 2.416974119000857568e-01 2.646851247013739736e-03
2.459650732772000134e+06 2.392484870039928990e-01 2.646916270543058902e-03
2.459651225839000195e+06 2.398771056427674297e-01 2.647021983895464937e-03
2.459651729431999847e+06 2.411988317712944752e-01 2.646945057151513063e-03
2.459652222500000149e+06 2.461616532381363798e-01 2.646994075504254060e-03
2.459652715567000210e+06 2.438861848426844281e-01 2.647010194181032353e-03
2.459653219159999862e+06 2.430193192625457466e-01 2.647002519584485975e-03
2.459653712226999924e+06 2.436044402238448092e-01 2.647093440529759908e-03
2.459654205293999985e+06 2.405270916449798457e-01 2.647105443726195835e-03
2.459654708887999877e+06 2.396602455782628205e-01 2.647057040540314998e-03
2.459655201954999939e+06 2.433010594151037709e-01 2.647158123930196116e-03
2.459655695022000000e+06 2.443412548898650505e-01 2.647223302192237143e-03
2.459656198615999892e+06 2.430410316517065961e-01 2.647239014152034595e-03
2.459656691682999954e+06 2.368431344359389068e-01 2.647136038924283088e-03
2.459657184750000015e+06 2.460315484806601116e-01 2.647181273642198063e-03
2.459657688343999907e+06 2.413723951609701990e-01 2.647293577372356304e-03
2.459658181410999969e+06 2.500191071943781429e-01 2.647254133840792542e-03
2.459658674478000030e+06 2.421307794051494600e-01 2.647359892506161161e-03
2.459659178071000148e+06 2.459015124879475878e-01 2.647367534466569389e-03
2.459659671138000209e+06 2.458799974812574396e-01 2.647362368464279813e-03
2.459660164206000045e+06 2.446880725766737708e-01 2.647374911107905349e-03
2.459660667799000163e+06 2.435178495763846707e-01 2.647273956559609634e-03
2.459661160866000224e+06 2.460748335430503753e-01 2.647420356822958488e-03
2.459661653932999820e+06 2.387934444395451994e-01 2.647380347198727626e-03
2.459662157527000178e+06 2.451864129472416942e-01 2.647346847589769278e-03
2.459662650593999773e+06 2.442978247538379610e-01 2.647427794575564139e-03
2.459663143660999835e+06 2.381216043724672105e-01 2.647388816715729853e-03
2.459663647255000193e+06 2.447746284428265195e-01 2.647409609449693710e-03
2.459664140321999788e+06 2.433227969761392606e-01 2.647618740978146049e-03
2.459664633388999850e+06 2.414806854829197047e-01 2.647591622524046121e-03
2.459665136981999967e+06 2.383166580096851284e-01 2.647581904624055765e-03
2.459665630049999803e+06 2.458147845428978184e-01 2.647565843201310151e-03
2.459666123116999865e+06 2.449697167314515700e-01 2.647714622801943495e-03
2.459666626709999982e+06 2.456414204072412122e-01 2.647734809272895770e-03
2.459667119777000044e+06 2.455547841950622978e-01 2.647705626811990096e-03
2.459667612844000105e+06 2.441246310841492795e-01 2.647574538288725854e-03
2.459668116437999997e+06 2.455330733807367105e-01 2.647697673287099755e-03
2.459668609505000059e+06 2.472017836389805157e-01 2.647705335181400194e-03
2.459669102572000120e+06 2.409823304703651026e-01 2.647676486777356987e-03
2.459669606166000012e+06 2.411988317712944752e-01 2.647833666486687498e-03
2.459670099233000074e+06 2.463567124848114187e-01 2.647730144198031169e-03
2.459670592300000135e+06 2.451864129472416942e-01 2.647798497653335026e-03
2.459671095894000027e+06 2.467034370026376933e-01 2.647821025763958096e-03
2.459671588961000089e+06 2.461183529039856488e-01 2.647888564158089320e-03
2.459672082028000150e+06 2.437994940474234318e-01 2.647865679718820840e-03
2.459672585620999802e+06 2.452297751872881959e-01 2.648040906894368572e-03
2.459673078687999863e+06 2.439077500338938664e-01 2.647918193250229594e-03
2.459673571756000165e+06 2.470285789098509988e-01 2.648125407747878735e-03
2.459674075348999817e+06 2.411122079198320667e-01 2.647993089515283602e-03
2.459674568415999878e+06 2.438861848426844281e-01 2.648133331568244212e-03
2.459675061482999939e+06 2.418274520113387061e-01 2.648052597272734440e-03
2.459675565076999832e+06 2.385551518261540271e-01 2.648253997941580219e-03
2.459676058143999893e+06 2.428676105296829479e-01 2.648258046899571155e-03
2.459676551210999954e+06 2.449047452201409958e-01 2.648140217010597642e-03
2.459677054804999847e+06 2.440812394516550798e-01 2.648227984053479721e-03
2.459677547871999908e+06 2.445580709165493249e-01 2.648220835931686893e-03
2.459678040938999970e+06 2.443412548898650505e-01 2.648348535254463169e-03
2.459678544532000087e+06 2.478519841793097589e-01 2.648277598060490984e-03
2.459679037599999923e+06 2.431276766798947386e-01 2.648406693533524731e-03
2.459679530666999985e+06 2.409388316227171756e-01 2.648308128608509518e-03
2.459680034260000102e+06 2.430193192625457466e-01 2.648345493972910619e-03
2.459680527327000163e+06 2.447962721930413699e-01 2.648545564612780553e-03
2.459681020394000225e+06 2.423041207286171228e-01 2.648585625315721254e-03
2.459681523988000117e+06 2.448397909407452611e-01 2.648565399216528185e-03
2.459682017055000179e+06 2.427593690189093489e-01 2.648642895756275675e-03
2.459682510121999774e+06 2.435178495763846707e-01 2.648619685928360178e-03
2.459683013716000132e+06 2.474186312501880924e-01 2.648660640050747375e-03
2.459683506783000194e+06 2.459015124879475878e-01 2.648726436443368110e-03
2.459683999849999789e+06 2.477218986642947263e-01 2.648712927680663739e-03
2.459684503444000147e+06 2.420440437858608629e-01 2.648640868396242784e-03
2.459684996511000209e+06 2.416755969534040982e-01 2.648838263974244954e-03
2.459685489577999804e+06 2.398771056427674297e-01 2.648789463727796098e-03
2.459685993170999922e+06 2.458799974812574396e-01 2.648947615391503835e-03
2.459686486237999983e+06 2.438861848426844281e-01 2.648807214000571588e-03
2.459686979305999819e+06 2.440812394516550798e-01 2.648902405441608526e-03
2.459687482898999937e+06 2.430842383608749768e-01 2.649052961190145536e-03
2.459687975965999998e+06 2.464000547542724018e-01 2.649103738589394814e-03
2.459688469033000059e+06 2.407870910255309471e-01 2.649079757767405178e-03
2.459688972626999952e+06 2.455330733807367105e-01 2.649054539194148176e-03
2.459689465694000013e+06 2.416974119000857568e-01 2.649077362444365435e-03
2.459689958761000074e+06 2.418274520113387061e-01 2.649166253844890961e-03
2.459690462354999967e+06 2.460748335430503753e-01 2.649233503202085005e-03
2.459690955422000028e+06 2.421524124083453411e-01 2.649157633301064442e-03
2.459691448489000089e+06 2.438428355925243429e-01 2.649234755223244062e-03
2.459691952082000207e+06 2.442762250740322383e-01 2.649218601757411320e-03
2.459692445150000043e+06 2.390317549268156094e-01 2.649361904100915044e-03
2.459692938217000104e+06 2.427593690189093489e-01 2.649313664681420509e-03
2.459693441810000222e+06 2.437128340669213189e-01 2.649393626081284359e-03
2.459693934876999818e+06 2.468550408143682928e-01 2.649448160615273246e-03
2.459807647255999967e+06 2.617864718059744744e-01 2.702408525333273737e-03
2.459808150849000085e+06 2.604212385180005307e-01 2.703186414191361981e-03
2.459808643916000146e+06 2.564337598119577066e-01 2.704073147069033581e-03
2.459809136983000208e+06 2.578640503626788982e-01 2.704667849023572809e-03
2.459809640577000100e+06 2.566071776422271244e-01 2.705429136099351053e-03
2.459810133644000161e+06 2.535513924833840971e-01 2.706372942720953675e-03
2.459810626711000223e+06 2.609196576394867129e-01 2.707158451958963617e-03
2.459811130305000115e+06 2.541365910124225858e-01 2.707937902906799778e-03
2.459811623372000176e+06 2.634333774803254702e-01 2.708733680706094417e-03
2.459812116438999772e+06 2.570187458075000597e-01 2.709531607788653873e-03
2.459812620031999890e+06 2.578856639110557736e-01 2.710357541724063221e-03
2.459813113100000191e+06 2.587957857676964624e-01 2.711103539167247171e-03
2.459813606166999787e+06 2.593594042925593257e-01 2.711991461673120708e-03
2.459814109759999905e+06 2.590991570143140743e-01 2.712849773297263279e-03
2.459814602826999966e+06 2.623065890178448711e-01 2.713817501456391047e-03
2.459815095894000027e+06 2.600961956825787458e-01 2.714665013986136688e-03
2.459815599487999920e+06 2.557836615426541393e-01 2.715593579435804546e-03
2.459816092554999981e+06 2.623933353519483092e-01 2.716406689240797451e-03
2.459816585622000042e+06 2.611795684789416372e-01 2.717312356913954494e-03
2.459817089215999935e+06 2.620897279314632344e-01 2.718332881690808424e-03
2.459817582282999996e+06 2.587309600423008393e-01 2.719241535931280537e-03
2.459818075350000057e+06 2.607245940914507676e-01 2.720263162381976463e-03
2.459818578943999950e+06 2.605294364163428522e-01 2.721106467679672812e-03
2.459819072011000011e+06 2.579723738232673202e-01 2.722198517412057102e-03
2.459819565078000072e+06 2.601826903003714442e-01 2.723236159590065528e-03
2.459820068671000190e+06 2.613314029725599119e-01 2.724187335635854489e-03
2.459820561737999786e+06 2.603778280512515919e-01 2.725278594383419468e-03
2.459821054806000087e+06 2.612880814426306597e-01 2.726142292769442779e-03
2.459821558399000205e+06 2.669657821302506284e-01 2.727351673833521787e-03
2.459822051465999801e+06 2.592292479947758133e-01 2.728298645522462401e-03
2.459822544532999862e+06 2.634117841968193763e-01 2.729376214247524173e-03
2.459823048127000220e+06 2.717550354270543145e-01 2.730475108485635408e-03
2.459823541193999816e+06 2.598794865210503624e-01 2.731551814502592573e-03
2.459824034260999877e+06 2.657088379134052714e-01 2.732620383421794155e-03
2.459824537854999769e+06 2.655571505594883641e-01 2.733750849235625901e-03
2.459825030921999831e+06 2.636936064744474506e-01 2.734967931893052349e-03
2.459825523988999892e+06 2.652537912792977126e-01 2.736002719185931260e-03
2.459826027582000010e+06 2.650371787806907742e-01 2.737185950550420112e-03
2.459826520649999846e+06 2.693280582451472727e-01 2.738585809330000998e-03
2.459827013716999907e+06 2.698263757167831400e-01 2.739676500485184463e-03
2.459827517310000025e+06 2.683094691387020170e-01 2.740831805346558101e-03
2.459828010377000086e+06 2.687645594137109128e-01 2.742015059992301482e-03
2.459828503444000147e+06 2.675075229953724487e-01 2.743480649811285907e-03
2.459829007038000040e+06 2.693496403566888464e-01 2.744511105190477682e-03
2.459829500105000101e+06 2.657739432393858570e-01 2.746018860008091894e-03
2.459829993172000162e+06 2.704765386327713239e-01 2.747274388539605507e-03
2.459830496766000055e+06 2.699563826079167672e-01 2.748455693261773851e-03
2.459830989833000116e+06 2.703681939655759869e-01 2.749909188693747293e-03
2.459831482900000177e+06 2.723835024710038466e-01 2.751089514199663282e-03
2.459831986494000070e+06 2.712349188671759337e-01 2.752479214547596219e-03
2.459832479561000131e+06 2.701513859937901274e-01 2.753924504935674044e-03
2.459832972628000192e+06 2.679627338705926065e-01 2.755306443518408532e-03
2.459833476220999844e+06 2.727952475044861380e-01 2.756755685683338290e-03
2.459833969287999906e+06 2.692196777028011412e-01 2.758064492981839554e-03
2.459834462356000207e+06 2.727304317490717445e-01 2.759366206666160389e-03
2.459834965948999859e+06 2.701949327619472818e-01 2.760838747869523956e-03
2.459835459015999921e+06 2.685478006836216069e-01 2.762311715213372834e-03
2.459835952082999982e+06 2.746806079839786974e-01 2.763917818226829890e-03
2.459836455676999874e+06 2.683094691387020170e-01 2.765296898550895568e-03
2.459836948743999936e+06 2.724269072134555825e-01 2.766833686375955864e-03
2.459837441810999997e+06 2.759159457653620473e-01 2.768470186399895824e-03
2.459837945404999889e+06 2.725137374493036835e-01 2.769974505142794915e-03
2.459838438471999951e+06 2.695881509550129285e-01 2.771523071416969256e-03
2.459838931539000012e+06 2.684394868833939185e-01 2.773065199161216937e-03
2.459839435132000130e+06 2.742907740054179588e-01 2.774647799068845691e-03
2.459839928199999966e+06 2.733153353208931380e-01 2.776108510252974643e-03
2.459840421267000027e+06 2.734021969113080708e-01 2.777746215804320802e-03
2.459840924860000145e+06 2.798166803738724173e-01 2.779517607137819632e-03
2.459841417927000206e+06 2.782348973187753205e-01 2.781231138251824813e-03
2.459841910993999802e+06 2.763493198277182650e-01 2.782745109204043041e-03
2.459842414588000160e+06 2.780614607968139307e-01 2.784363447156500398e-03
2.459842907655000221e+06 2.777363987798681100e-01 2.786224538016791180e-03
2.459843400721999817e+06 2.727952475044861380e-01 2.787911145492372612e-03
2.459843904316000175e+06 2.798602385598728537e-01 2.789745196539947236e-03
2.459844397382999770e+06 2.782997396174345939e-01 2.791363271439411577e-03
2.459844890449999832e+06 2.743122484928134375e-01 2.793055894975530334e-03
2.459845394044000190e+06 2.826123914190973863e-01 2.794794198967351460e-03
2.459845887110999785e+06 2.766962033066101001e-01 2.796686821144713907e-03
2.459846380177999847e+06 2.812038096137035592e-01 2.798476415873905887e-03
2.459846883770999964e+06 2.787766532345599124e-01 2.800254948533663357e-03
2.459847376838000026e+06 2.805751475638808556e-01 2.802298465178765675e-03
2.459847869905999862e+06 2.837824932480821905e-01 2.804013142624855234e-03
2.459848373498999979e+06 2.810953102713791285e-01 2.805940300572257011e-03
2.459848866566000041e+06 2.829157985797176589e-01 2.807957063727280211e-03
2.459849359633000102e+06 2.813771328560134011e-01 2.809790132313495607e-03
2.459849863226999994e+06 2.785164173089366146e-01 2.811749701948397517e-03
2.459850356294000056e+06 2.826774728195410313e-01 2.813662688388771527e-03
2.459850849361000117e+06 2.814854817205707516e-01 2.815797984417566652e-03
2.459851352955000009e+06 2.881817006916637114e-01 2.817753447969651055e-03
2.459851846022000071e+06 2.883117883702395190e-01 2.819822040829526866e-03
2.459852339089000132e+06 2.812253072926406694e-01 2.821742965022082557e-03
2.459852842681999784e+06 2.958966170819704034e-01 2.823964728049583282e-03
2.459853335750000086e+06 2.881817006916637114e-01 2.826247052937155141e-03
2.459853828817000147e+06 2.905874139395887013e-01 2.828429020839078652e-03
2.459854332409999799e+06 2.880951850801701242e-01 2.830705489018779664e-03
2.459854825476999860e+06 2.879002221571803077e-01 2.832767351614953223e-03
2.459855318543999922e+06 2.889836020145516438e-01 2.835176090811809910e-03
2.459855822137999814e+06 2.868380754991453618e-01 2.837639341337670675e-03
2.459856315204999875e+06 2.940762827007726843e-01 2.839906977961088961e-03
2.459856808271999937e+06 2.907172487721623177e-01 2.842545269688969648e-03
2.459857311865999829e+06 2.890919509607663418e-01 2.845025782946895843e-03
2.459857804932999890e+06 2.930361501362232501e-01 2.847675527939183288e-03
2.459858297999999952e+06 2.900670512208377017e-01 2.850614562692802955e-03
2.459858801593999844e+06 2.955716663305700820e-01 2.853259034040247968e-03
2.459859294660999905e+06 2.955934456581501002e-01 2.856191793927035337e-03
2.459859787727999967e+06 2.966336392932941157e-01 2.859139284109867701e-03
2.459860291321000084e+06 2.960051042455273396e-01 2.862077888488390696e-03
2.459860784388000146e+06 2.966552236431323486e-01 2.864811918647547015e-03
2.459861277455999982e+06 2.976519965502644194e-01 2.867584105855022509e-03
2.459861781049000099e+06 2.990605997974808972e-01 2.870412257444999483e-03
2.459862274116000161e+06 3.058003653902332530e-01 2.872855960141109093e-03
2.459862767183000222e+06 2.988873950739915908e-01 2.874806102144328301e-03
2.459863270777000114e+06 3.030048639364398277e-01 2.876733891500485654e-03
2.459863763844000176e+06 3.044351538436269045e-01 2.878256099879248145e-03
2.459864256910999771e+06 2.986056356487155616e-01 2.879246713802647867e-03
2.459864760505000129e+06 3.002960364037178809e-01 2.880057433258859882e-03
2.459865253572000191e+06 2.992341804975436337e-01 2.880346447576094017e-03
2.459865746638999786e+06 3.003176106425814451e-01 2.880540948644667604e-03
2.459866250231999904e+06 3.028966010983296653e-01 2.880727647502660024e-03
2.459866743300000206e+06 2.977819708915676600e-01 2.880904043300124007e-03
2.459867236366999801e+06 3.031564410784382546e-01 2.881244359153789861e-03
2.459867739959999919e+06 2.998190336160334035e-01 2.881557787308264892e-03
2.459868233026999980e+06 3.015312999325215904e-01 2.881906567808361144e-03
2.459868726094000041e+06 3.014010771034435487e-01 2.882605158533306164e-03
2.459869229687999934e+06 3.046516958664984287e-01 2.883389918291934337e-03
2.459869722754999995e+06 2.987572134082692732e-01 2.884285425153619228e-03
2.459870215822000057e+06 3.044135641835126749e-01 2.885341738889888111e-03
2.459870719415999949e+06 3.071221928644656263e-01 2.886688280676867700e-03
2.459871212483000010e+06 3.028748415897568047e-01 2.888052568604624216e-03
2.459871705550000072e+06 3.017263228278478371e-01 2.889328517086687306e-03
2.459872209143999964e+06 2.972618662334096107e-01 2.890930625508434000e-03
2.459872702211000025e+06 3.084008738864863486e-01 2.892173701264513092e-03
2.459873195278000087e+06 3.043916956992337441e-01 2.893825469979074798e-03
2.459873698871000204e+06 3.127133341293545921e-01 2.895173266667044366e-03
2.459874191937999800e+06 3.049767977308239231e-01 2.896579044171096722e-03
2.459874685006000102e+06 3.014227307320062610e-01 2.898081386916976157e-03
2.459875188599000219e+06 3.090076277704438823e-01 2.899571459373599149e-03
2.459875681665999815e+06 3.087911180767068942e-01 2.900952727356149747e-03
2.459876174732999876e+06 3.130819282890444644e-01 2.902334466161807409e-03
2.459876678326999769e+06 3.065589500762564978e-01 2.903417671640043645e-03
2.459877171393999830e+06 3.087043860847617505e-01 2.904687155518116161e-03
2.459877664460999891e+06 3.086608870809418037e-01 2.905983584147181584e-03
2.459878168054999784e+06 3.088343509866590675e-01 2.907332266899804226e-03
2.459878661121999845e+06 3.126050575001549925e-01 2.908278891291547763e-03
2.459879154188999906e+06 3.107629246323240779e-01 2.909459143983585561e-03
2.459987411249999888e+06 2.521645313087083062e-01 2.680189422209378058e-03
2.459987904316999950e+06 2.526413306041347950e-01 2.679905295426719767e-03
2.459988407910000067e+06 2.528797188581184407e-01 2.679406169744393950e-03
2.459988900977000128e+06 2.508859841787850486e-01 2.679078111074709861e-03
2.459989394044000190e+06 2.496290937063833926e-01 2.678531791548044612e-03
2.459989897638000082e+06 2.504307187735605456e-01 2.678137712399094282e-03
2.459990390705000143e+06 2.478302985172581852e-01 2.677719706835803275e-03
2.459990883772000205e+06 2.505391501925854358e-01 2.677451250999008433e-03
2.459991387366000097e+06 2.517962164451232332e-01 2.676970440599370227e-03
2.459991880433000159e+06 2.515361445895714088e-01 2.676753894593886414e-03
2.459992373500000220e+06 2.462700508165284463e-01 2.676285746804891834e-03
2.459992877094000112e+06 2.480036085342208207e-01 2.675937544723975756e-03
2.459993370161000174e+06 2.532479858592671107e-01 2.675610920093435610e-03
2.459993863227999769e+06 2.519695149797402389e-01 2.675099703264011489e-03
2.459994366820999887e+06 2.522727840243800812e-01 2.674834160417103712e-03
2.459994859887999948e+06 2.569754291467027385e-01 2.674519221733632959e-03
2.459995352955999784e+06 2.507991151977870259e-01 2.673992581997707875e-03
2.459995856548999902e+06 2.503442380031392633e-01 2.673754242662567532e-03
2.459996349615999963e+06 2.513193917766755603e-01 2.673521397094102275e-03
2.459996842683000024e+06 2.564987186989403090e-01 2.673101430494393815e-03
2.459997346276999917e+06 2.517962164451232332e-01 2.672796008655266460e-03
2.459997839343999978e+06 2.524029346055842726e-01 2.672494592618097908e-03
2.459998332411000039e+06 2.489572625612567480e-01 2.672010906436159475e-03
2.459998836004999932e+06 2.475918814248727895e-01 2.671723085277442206e-03
2.459999329071999993e+06 2.474619324252093910e-01 2.671460431405644348e-03
2.459999822139000054e+06 2.454898836150579688e-01 2.671199018986734029e-03
2.460000325732000172e+06 2.494123762042489423e-01 2.670922905046553379e-03
2.460000818800000008e+06 2.478519841793097589e-01 2.670420769081253715e-03
2.460001311867000069e+06 2.481119031401150810e-01 2.670250448945929358e-03
2.460001815460000187e+06 2.496507068298170484e-01 2.670026103028991845e-03
2.460002308526999783e+06 2.498457694004743712e-01 2.669581025402571403e-03
2.460002801593999844e+06 2.498674012838956737e-01 2.669351887494203490e-03
2.460003305188000202e+06 2.527279065852858775e-01 2.668952333179705656e-03
2.460003798254999798e+06 2.466384599939009659e-01 2.668704069469461475e-03
2.460004291321999859e+06 2.457498152443245154e-01 2.668595105360827870e-03
2.460004794916000217e+06 2.481987557511023956e-01 2.668213387774270168e-03
2.460005287982999813e+06 2.448614404528360045e-01 2.667969280072366410e-03
2.460005781049999874e+06 2.485238083097637829e-01 2.667587623355710275e-03
2.460006284644000232e+06 2.493255581832292123e-01 2.667467172195452530e-03
2.460006777710999828e+06 2.489572625612567480e-01 2.667195646071003796e-03
2.460007270777999889e+06 2.516228053477692628e-01 2.667015460341216979e-03
2.460007774371000007e+06 2.489354801935308725e-01 2.666733003322811768e-03
2.460008267438000068e+06 2.481553256458837176e-01 2.666375143702421832e-03
2.460008760505999904e+06 2.464434046490670549e-01 2.666139545059015813e-03
2.460009264099000022e+06 2.471801548658396075e-01 2.665914243988748607e-03
2.460009757166000083e+06 2.499974621772524663e-01 2.665675701834775355e-03
2.460010250233000144e+06 2.483286342380887357e-01 2.665492677436680311e-03
2.460010753827000037e+06 2.501923348106733780e-01 2.665218799685220401e-03
2.460011246894000098e+06 2.523594661422995933e-01 2.665061389780409157e-03
2.460011739961000159e+06 2.458799974812574396e-01 2.664800084663744920e-03
2.460012243555000052e+06 2.464649689550458267e-01 2.664556816762692418e-03
2.460012736622000113e+06 2.520345036592271382e-01 2.664415186969889063e-03
2.460013229689000174e+06 2.464000547542724018e-01 2.664081965844333766e-03
2.460013733281999826e+06 2.466384599939009659e-01 2.663933658722197288e-03
2.460014226350000128e+06 2.446013220316861914e-01 2.663558070281779426e-03
2.460014719417000189e+06 2.496939386907021108e-01 2.663359194714529348e-03
2.460015223009999841e+06 2.505174601535431478e-01 2.663144613231656094e-03
2.460015716076999903e+06 2.490655147988549145e-01 2.663079253163550073e-03
2.460016209143999964e+06 2.448614404528360045e-01 2.662782188488117732e-03
2.460016712737999856e+06 2.471150522986536868e-01 2.662708477595605600e-03
2.460017205804999918e+06 2.478953611961984549e-01 2.662440281755950461e-03
2.460017698871999979e+06 2.472017836389805157e-01 2.662276935615798257e-03
2.460018202465999871e+06 2.478302985172581852e-01 2.661969757149359409e-03
2.460018695532999933e+06 2.449913777319926156e-01 2.661938756797892561e-03
2.460019188599999994e+06 2.470718118211179815e-01 2.661559869142937282e-03
2.460019692193999887e+06 2.470934311140198514e-01 2.661565179658180978e-03
2.460020185260999948e+06 2.466384599939009659e-01 2.661207709723760733e-03
2.460020678328000009e+06 2.431708987924150189e-01 2.661195792117055422e-03
2.460021181921000127e+06 2.523813156639663768e-01 2.660875549460939900e-03
2.460021674988000188e+06 2.465950757884746714e-01 2.660739597889281993e-03
2.460022168056000024e+06 2.484153339176220221e-01 2.660474515020523970e-03
2.460022671649000142e+06 2.417840233050751464e-01 2.660493141673605458e-03
2.460023164716000203e+06 2.441678055436442563e-01 2.660186663314951724e-03
2.460023657782999799e+06 2.512326041224720585e-01 2.660102890863199308e-03
2.460024161377000157e+06 2.495856431957418908e-01 2.659905292613210740e-03
2.460024654444000218e+06 2.465950757884746714e-01 2.659831108056455798e-03
2.460025147510999814e+06 2.465516992144181629e-01 2.659590320875909481e-03
2.460025651105000172e+06 2.470067377894370475e-01 2.659493855049046944e-03
2.460026144171999767e+06 2.496723218245362474e-01 2.659219354504369429e-03
2.460026637238999829e+06 2.442328064966506340e-01 2.659095269131293415e-03
2.460027140831999946e+06 2.431276766798947386e-01 2.658931350217051334e-03
2.460027633899999782e+06 2.493471450262705336e-01 2.658741492932167362e-03
2.460028126966999844e+06 2.415890243886925914e-01 2.658569964551498951e-03
2.460028630559999961e+06 2.460533033717375306e-01 2.658519895720775576e-03
2.460029123627000023e+06 2.470934311140198514e-01 2.658379039212245207e-03
2.460029616694000084e+06 2.458147845428978184e-01 2.658206821021598994e-03
2.460030120287999976e+06 2.472234143046843913e-01 2.657955866748923975e-03
2.460030613355000038e+06 2.455330733807367105e-01 2.657874167589962915e-03
2.460031106422000099e+06 2.436262048902240185e-01 2.657651792465206761e-03
2.460031610015999991e+06 2.456848631172560415e-01 2.657707005317182930e-03
2.460032103083000053e+06 2.476135462249363650e-01 2.657589054794369694e-03
2.460032596150000114e+06 2.513409197540694695e-01 2.657314369008897253e-03
2.460033099744000006e+06 2.443846927466998276e-01 2.657147551340500059e-03
2.460033592811000068e+06 2.425209160594170577e-01 2.656986369142412888e-03
2.460034085878000129e+06 2.469200748814156521e-01 2.656968812679707387e-03
2.460034589470999781e+06 2.465732729963946990e-01 2.656870709609836147e-03
2.460035082537999842e+06 2.502789936218951516e-01 2.656690813893340924e-03
2.460035575606000144e+06 2.448179178570653591e-01 2.656671754659332627e-03
2.460036079198999796e+06 2.472669090555746629e-01 2.656373817677675636e-03
2.460036572265999857e+06 2.555234720365107126e-01 2.656348214452873210e-03
2.460037065332999919e+06 2.467468402723748400e-01 2.656241043141767660e-03
2.460037568926999811e+06 2.454898836150579688e-01 2.656050014900724829e-03
2.460038061993999872e+06 2.402237819613912972e-01 2.655936373888291221e-03
2.460038555060999934e+06 2.507776336273054851e-01 2.655747518421480626e-03
2.460039058654999826e+06 2.468118458339426946e-01 2.655804220437056953e-03
2.460039551721999887e+06 2.509726520940234740e-01 2.655732384415217164e-03
2.460040044788999949e+06 2.471369029965814201e-01 2.655432413253999702e-03
2.460040548382000066e+06 2.422824741723595965e-01 2.655489823417433656e-03
2.460041041449999902e+06 2.492605792889604210e-01 2.655293106577719282e-03
2.460041534516999964e+06 2.498241393897998319e-01 2.655083925345463804e-03
2.460042038110000081e+06 2.448830918792445355e-01 2.655123541951576183e-03
2.460042531177000143e+06 2.417624232124027384e-01 2.654911348934543835e-03
2.460043024244000204e+06 2.418274520113387061e-01 2.654957268020102096e-03
2.460043527838000096e+06 2.478519841793097589e-01 2.654669441241742488e-03
2.460044020905000158e+06 2.457715452236542142e-01 2.654570141630171760e-03
2.460044513972000219e+06 2.455764969291270583e-01 2.654499090414213711e-03
2.460045017566000111e+06 2.475268983973097636e-01 2.654379273169667989e-03
2.460045510633000173e+06 2.466816246297620918e-01 2.654402982897242913e-03
2.460046003699999768e+06 2.480253093612553028e-01 2.654241478583104462e-03
2.460046507294000126e+06 2.473967556431565795e-01 2.654122978586167907e-03
2.460047000361000188e+06 2.440162788372194913e-01 2.654040847270686208e-03
2.460047493427999783e+06 2.449047452201409958e-01 2.654004922772290609e-03
2.460047997020999901e+06 2.530097165027956896e-01 2.653752024577371495e-03
2.460048490087999962e+06 2.437994940474234318e-01 2.653703918157820918e-03
2.460048983155999798e+06 2.470718118211179815e-01 2.653595214951759863e-03
2.460049486748999916e+06 2.427593690189093489e-01 2.653561867874005761e-03
2.460049979815999977e+06 2.457715452236542142e-01 2.653438321837543745e-03
2.460050472883000039e+06 2.476785520000804042e-01 2.653496221494002806e-03
2.460050976476999931e+06 2.474402808905042106e-01 2.653222520813871416e-03
2.460051469543999992e+06 2.482636865013980176e-01 2.653133921344583319e-03
2.460051962611000054e+06 2.454681785389404292e-01 2.653102164716127521e-03
2.460052466204999946e+06 2.439729064636622369e-01 2.653119693340401809e-03
2.460052959272000007e+06 2.440594341341668083e-01 2.652936716145616602e-03
2.460053452339000069e+06 2.439077500338938664e-01 2.652860434724014539e-03
2.460053955932000186e+06 2.459232558808294444e-01 2.652811207965485255e-03
2.460054449000000022e+06 2.450347054792475499e-01 2.652705063698863452e-03
2.460054942067000084e+06 2.437777139000301962e-01 2.652568735751549209e-03
2.460055445660000201e+06 2.466166533659909232e-01 2.652568151809601028e-03
2.460055938726999797e+06 2.436910616614110514e-01 2.652523655463919199e-03
2.460056431793999858e+06 2.442112125654574417e-01 2.652337285937146193e-03
2.460056935388000216e+06 2.467250240619835722e-01 2.652370316317307231e-03
2.460057428454999812e+06 2.433443123508038375e-01 2.652335419726502275e-03
2.460057921521999873e+06 2.450997114681034150e-01 2.652280081864135178e-03
2.460058425116000231e+06 2.424559240940475091e-01 2.652031443662097084e-03
2.460058918182999827e+06 2.423257692188709178e-01 2.652170115547841395e-03
