2.458346727899000049e+06 6.227813520420601989e-01 4.212539131837994902e-03
2.458347220966000110e+06 6.222664696630557657e-01 4.212495200933580666e-03
2.458347714033000171e+06 6.266300245962395099e-01 4.212600196515373790e-03
2.458348217627000064e+06 6.222911146808267624e-01 4.212662037850156867e-03
2.458348710694000125e+06 6.183933348006231956e-01 4.212475446744711784e-03
2.458349203761000186e+06 6.163094118137939503e-01 4.212470879230777003e-03
2.458349707355000079e+06 6.165052794025444038e-01 4.212673988251500710e-03
2.458350200422000140e+06 6.184423190132273263e-01 4.212239519194842068e-03
2.458350693489000201e+06 6.184668125745619305e-01 4.212406345985066254e-03
2.458351197081999853e+06 6.227079352084478048e-01 4.212616070148418081e-03
2.458351690150000155e+06 6.161868133489972754e-01 4.212767977566476627e-03
2.458352183217000216e+06 6.265809689720786002e-01 4.212270413830425386e-03
2.458352686809999868e+06 6.160148760460730788e-01 4.212727211819400873e-03
2.458353179876999930e+06 6.197903356061505997e-01 4.212287355248150664e-03
2.458353672943999991e+06 6.200843920583426483e-01 4.212572497608875477e-03
2.458354176537999883e+06 6.131958401661612434e-01 4.212651058106985785e-03
2.458354669604999945e+06 6.262376871148235269e-01 4.212269802698879843e-03
2.458355162672000006e+06 6.195945656687846803e-01 4.212668845086443674e-03
2.458355666265999898e+06 6.224871633000418347e-01 4.212269213021436684e-03
2.458356159332999960e+06 6.210652068543534021e-01 4.212371442743135901e-03
2.458356652400000021e+06 6.195454901915735668e-01 4.212335177321489300e-03
2.458357155993999913e+06 6.232472917459969119e-01 4.212820622614153743e-03
2.458357649060999975e+06 6.176823617447533277e-01 4.212752479538838489e-03
2.458358142128000036e+06 6.178536263338866297e-01 4.212782419619792024e-03
2.458358645721000154e+06 6.154024203848106334e-01 4.212506470960682321e-03
2.458359138788000215e+06 6.328080569673107947e-01 4.212751325519869562e-03
2.458359631856000051e+06 6.181968673648469137e-01 4.212845257980013004e-03
2.458360135449000169e+06 6.184668125745619305e-01 4.212406345985066254e-03
2.458360628516000230e+06 6.149117615947464754e-01 4.212545978201597680e-03
2.458361121582999825e+06 6.231979269517301523e-01 4.212486942827538793e-03
2.458361625177000184e+06 6.230263286166903836e-01 4.212474686145331430e-03
2.458362118243999779e+06 6.290083345265884418e-01 4.212367221706189713e-03
2.458362611310999840e+06 6.106461172314143759e-01 4.212569681308720587e-03
2.458363114905000199e+06 6.287627431353219887e-01 4.212459871488951312e-03
2.458363607971999794e+06 6.192756445398894805e-01 4.212781972754211894e-03
2.458364101038999856e+06 6.188098243084703132e-01 4.212462835282143950e-03
2.458364604631999973e+06 6.202317582251257733e-01 4.212431127477176372e-03
2.458365097699999809e+06 6.214085150220692855e-01 4.212410574980585479e-03
2.458365590766999871e+06 6.223891312711746782e-01 4.212752329402889677e-03
2.458366094359999988e+06 6.232960863733769674e-01 4.212576371464686262e-03
2.458366587427000050e+06 6.247179720169528938e-01 4.212404682733195821e-03
2.458367080494000111e+06 6.290083345265884418e-01 4.212367221706189713e-03
2.458367584088000003e+06 6.251594493933876340e-01 4.212502550544405984e-03
2.458368077155000065e+06 6.237130055859180233e-01 4.212521835338835750e-03
2.458368570222000126e+06 6.149366817048357303e-01 4.212716697182903453e-03
2.458369073816000018e+06 6.297190041839700880e-01 4.212486520523694988e-03
2.458369566883000080e+06 6.215310075095605846e-01 4.212668477129559962e-03
2.458370059950000141e+06 6.189078625984199000e-01 4.212560182260126004e-03
2.458370563544000033e+06 6.270716980773142213e-01 4.212681630889202229e-03
2.458371056611000095e+06 6.181723844943337598e-01 4.212678413807245496e-03
2.458371549678000156e+06 6.349653112127195964e-01 4.212492055272391671e-03
2.458372053270999808e+06 6.268262855020123592e-01 4.212764928776716912e-03
2.458372546337999869e+06 6.179765564330328420e-01 4.212482253163649798e-03
2.458373039406000171e+06 6.219725241405859029e-01 4.212796738733439426e-03
2.458373542998999823e+06 6.161868133489972754e-01 4.212767977566476627e-03
2.458374036065999884e+06 6.204277294927708075e-01 4.212619236400627284e-03
2.458374529132999945e+06 6.214577380733230516e-01 4.212744248717943847e-03
2.458375032726999838e+06 6.198394304780724395e-01 4.212621019225019740e-03
2.458375525793999899e+06 6.250609965211013641e-01 4.212414849483404021e-03
2.458376018860999960e+06 6.206729235697960867e-01 4.212569087907245061e-03
2.458376522454999853e+06 6.173877384757793241e-01 4.212448978476719501e-03
2.458377015521999914e+06 6.211144027114585686e-01 4.212705113380748982e-03
2.458377508588999975e+06 6.239824859504236043e-01 4.212617762926596995e-03
2.458378012182000093e+06 6.247916258325107997e-01 4.212901322323306733e-03
2.458378505249999929e+06 6.106461172314143759e-01 4.212569681308720587e-03
2.458378998316999990e+06 6.220951278059549949e-01 4.212481226642208164e-03
2.458379501910000108e+06 6.301605332978430507e-01 4.212538119878422339e-03
2.458379994977000169e+06 6.212860466756253697e-01 4.212724836457754779e-03
2.458380488044000231e+06 6.189814015087848897e-01 4.212490617614882138e-03
2.458380991638000123e+06 6.189323745977255431e-01 4.212727021750303259e-03
2.458381484705000184e+06 6.186627959911247254e-01 4.212601579203384752e-03
2.458381977771999780e+06 6.092977859504740135e-01 4.212808285369061892e-03
2.458382481366000138e+06 6.223644823715881458e-01 4.212585488910450780e-03
2.458382974433000199e+06 6.321952085951981770e-01 4.212747363624295797e-03
2.458383467499999795e+06 6.218740003919820403e-01 4.212702176494111453e-03
2.458383971094000153e+06 6.154024203848106334e-01 4.212506470960682321e-03
2.458384464161000215e+06 6.204523016867795615e-01 4.212786078229645466e-03
2.458384957227999810e+06 6.211876316686950616e-01 4.212629653439172416e-03
2.458385460820999928e+06 6.253552497141102728e-01 4.212669961971032828e-03
2.458385953887999989e+06 6.202071947654496098e-01 4.212835531642008906e-03
2.458386446955999825e+06 6.250857522167991842e-01 4.212581683217627403e-03
2.458386950548999943e+06 6.193246986420695155e-01 4.212545256783229927e-03
2.458387443616000004e+06 6.118475142919497234e-01 4.212968119512611707e-03
2.458387936683000065e+06 6.266057848666620744e-01 4.213014367100005944e-03
2.458388440276999958e+06 6.212122339588198594e-01 4.212796495680773759e-03
2.458388933344000019e+06 6.217273892939614299e-01 4.212854266985265744e-03
2.458389426411000080e+06 6.172410480439665115e-01 4.212585106733814956e-03
2.458389930004999973e+06 6.245706904329437759e-01 4.212562080914803928e-03
2.458390423072000034e+06 6.208936239020567127e-01 4.212923274770443739e-03
2.458390916139000095e+06 6.154755427769544873e-01 4.213007002872607050e-03
2.458391419732000213e+06 6.285421402146758041e-01 4.212718645926639277e-03
2.458391912800000049e+06 6.193492271502679669e-01 4.212712095682266331e-03
2.458392405867000110e+06 6.142257227255577545e-01 4.212937670395005066e-03
2.458392909460000228e+06 6.133675555737504448e-01 4.212700876943110788e-03
2.458393402526999824e+06 6.199867384285070449e-01 4.213051140856574443e-03
2.458393895593999885e+06 6.202808880630444888e-01 4.212764802842541498e-03
2.458394399187999777e+06 6.223644823715881458e-01 4.212585488910450780e-03
2.458394892254999839e+06 6.252821053613564217e-01 4.212753135313622790e-03
2.458395385321999900e+06 6.154024203848106334e-01 4.213073277536430808e-03
2.458395888915999793e+06 6.197657896284322065e-01 4.212691358557722754e-03
2.458396381982999854e+06 6.190549491570761509e-01 4.212991147643118349e-03
2.458396875049999915e+06 6.229528829039144844e-01 4.213125618466849638e-03
2.458397378643999808e+06 6.268262855020123592e-01 4.212764928776716912e-03
2.458397871710999869e+06 6.137354368420689932e-01 4.212966456067414149e-03
2.458398364777999930e+06 6.231979269517301523e-01 4.213060929330172955e-03
2.458398868371000048e+06 6.269977754745101883e-01 4.212762503489965969e-03
2.458399361438000109e+06 6.248405413672837305e-01 4.212655654996264737e-03
2.458399854505999945e+06 6.224871633000418347e-01 4.212842544886554776e-03
2.458400358099000063e+06 6.199376318889425752e-01 4.212717442811582044e-03
2.458400851166000124e+06 6.129998948184098850e-01 4.212998696266166167e-03
2.458401344233000185e+06 6.173388377920600023e-01 4.212683918208563923e-03
2.458401847827000078e+06 6.167017772424979727e-01 4.212880681110362131e-03
2.458402340894000139e+06 6.237371334107075782e-01 4.212684793282401099e-03
2.458402833961000200e+06 6.195454901915735668e-01 4.212905799805547608e-03
2.458403337555000093e+06 6.221191930444727181e-01 4.213217175966847000e-03
2.458403830622000154e+06 6.216781448847675806e-01 4.213093171265430009e-03
2.458404323689000215e+06 6.171427053765882187e-01 4.213050750453960561e-03
2.458404827281999867e+06 6.234430673897999320e-01 4.212995537399401649e-03
2.458405320350000169e+06 6.230756798182987000e-01 4.212808364961068489e-03
2.458405813417000230e+06 6.249142096336830488e-01 4.213152324175832401e-03
2.458406317009999882e+06 6.202317582251257733e-01 4.213002382037452434e-03
2.458406810076999944e+06 6.175839487645423675e-01 4.213218909392469659e-03
2.458407303144000005e+06 6.246932308867021444e-01 4.212813219737283205e-03
2.458407806737999897e+06 6.244729054415548708e-01 4.213052868931825914e-03
2.458408299804999959e+06 6.122889192951883608e-01 4.213187785400781052e-03
2.458408792872000020e+06 6.209914203747192163e-01 4.213014894809725616e-03
2.458409296465999912e+06 6.171427053765882187e-01 4.213050750453960561e-03
2.458409789532999974e+06 6.254042093755365350e-01 4.212999775936987663e-03
2.458410282600000035e+06 6.230022282877363260e-01 4.212885542586776270e-03
2.458410786193999927e+06 6.249142096336830488e-01 4.213152324175832401e-03
2.458411279260999989e+06 6.212614414622453785e-01 4.213130199987708512e-03
2.458411772328000050e+06 6.159172960205463454e-01 4.213194455059777153e-03
2.458412275921000168e+06 6.138575475732921394e-01 4.213239297417766330e-03
2.458412768988000229e+06 6.162850036934672815e-01 4.212871669349816002e-03
2.458413262056000065e+06 6.241784925348490276e-01 4.213366148922884080e-03
2.458413765649000183e+06 6.224137811469890869e-01 4.212919176503102797e-03
2.458414258715999778e+06 6.233942612560360308e-01 4.213239891098456008e-03
2.458414751782999840e+06 6.264338251402559177e-01 4.213012121294373337e-03
2.458415255377000198e+06 6.227813520420601989e-01 4.213112734660957696e-03
2.458415748443999793e+06 6.243009560395801349e-01 4.213042804371634580e-03
2.458416241510999855e+06 6.253062938854805353e-01 4.212916102204836317e-03
2.458416745105000213e+06 6.173632876497473498e-01 4.213419375200562825e-03
2.458417238171999808e+06 6.225852107698556237e-01 4.213506106445094601e-03
2.458417731238999870e+06 6.230510037288615743e-01 4.213215373430744849e-03
2.458418234831999987e+06 6.162112175804709269e-01 4.213502376791918892e-03
2.458526481366999913e+06 6.764448582550348643e-01 4.393598665595929362e-03
2.458526984960000031e+06 6.787740021968745596e-01 4.401849849460323476e-03
2.458527478027000092e+06 6.892665456180961936e-01 4.410854071152015346e-03
2.458527971094000153e+06 6.919871025027711786e-01 4.419978384091724326e-03
2.458528474688000046e+06 7.047352582396607668e-01 4.430006217354769821e-03
2.458528967755000107e+06 6.879182006783777226e-01 4.440241312048754177e-03
2.458529460822000168e+06 6.996357613399554198e-01 4.450790332308746100e-03
2.458529964416000061e+06 7.004449362906424170e-01 4.462389301461761569e-03
2.458530457483000122e+06 7.138056808783437290e-01 4.474532066599238959e-03
2.458530950550000183e+06 7.112069631649569068e-01 4.487063870883115091e-03
2.458531454144000076e+06 7.227538270845863533e-01 4.500668397631142625e-03
2.458531947211000137e+06 7.254261385126683503e-01 4.515304751360605176e-03
2.458532440278000198e+06 7.324864580197706365e-01 4.530240903865309469e-03
2.458532943870999850e+06 7.292747885301500421e-01 4.546648644419374122e-03
2.458533436937999912e+06 7.463126448883202757e-01 4.563511493583597735e-03
2.458533930006000213e+06 7.474896781467509355e-01 4.581035703323992590e-03
2.458534433598999865e+06 7.613157245582482524e-01 4.601259277030496538e-03
2.458534926665999927e+06 7.642826486506939521e-01 4.621302639078488789e-03
2.458535419732999988e+06 7.833553250586242633e-01 4.642832664749548324e-03
2.458535923326999880e+06 7.648213451138456964e-01 4.666121077875183369e-03
2.458536416393999942e+06 7.874489350650336617e-01 4.691028713678439127e-03
2.458536909461000003e+06 7.984806571405088649e-01 4.717034315015898073e-03
2.458537413054999895e+06 8.043887721847632344e-01 4.745268752450923153e-03
2.458537906121999957e+06 8.201279255916943400e-01 4.775422172410403315e-03
2.458538399189000018e+06 8.310370762127311517e-01 4.806796361532933264e-03
2.458538902782000136e+06 8.484182463131529905e-01 4.841691223999810417e-03
2.458539395849999972e+06 8.595477345146717019e-01 4.878287301158315548e-03
2.458539888917000033e+06 8.675641549162823596e-01 4.917391338666996480e-03
2.458540392510000151e+06 8.909759882826694399e-01 4.959822514512251396e-03
2.458540885577000212e+06 9.006598437574999672e-01 5.005434536875762175e-03
2.458541378643999808e+06 9.170605258854157560e-01 5.053504803770209573e-03
2.458541882238000166e+06 9.430215122587367604e-01 5.107102874327222250e-03
2.458542375305000227e+06 9.690567254706003997e-01 5.163310509753403499e-03
2.458542868371999823e+06 9.884483937314486601e-01 5.223844298804189781e-03
2.458543371966000181e+06 1.003451531196231539e+00 5.291119510358588234e-03
2.458543865032999776e+06 1.043509482723005366e+00 5.362981254633133327e-03
2.458544358099999838e+06 1.082267956095265715e+00 5.440565100879059951e-03
2.458544861694000196e+06 1.105827026693727344e+00 5.526404499126783693e-03
2.458545354760999791e+06 1.139681766093522342e+00 5.618967542173550732e-03
2.458545847827999853e+06 1.186039628180280303e+00 5.718624308845752201e-03
2.458546351420999970e+06 1.241419034284385381e+00 5.831284843504672306e-03
2.458546844488000032e+06 1.285718816938155262e+00 5.952927114729443178e-03
2.458547337555999868e+06 1.355782425458997853e+00 6.086269862539257086e-03
2.458547841148999985e+06 1.420354658449571650e+00 6.237473690026040102e-03
2.458548334216000047e+06 1.495224484296991951e+00 6.402382638649563654e-03
2.458548827283000108e+06 1.579507163897446942e+00 6.584333646120238415e-03
2.458549330877000000e+06 1.688575174619634911e+00 6.793267398116891419e-03
2.458549823944000062e+06 1.801269933884276586e+00 7.021018850427333986e-03
2.458550317011000123e+06 1.902101114338773824e+00 7.277392053738738001e-03
2.458550820605000015e+06 2.071991645723129327e+00 7.572431327424442721e-03
2.458551313672000077e+06 2.228593194650400289e+00 7.894338780509624690e-03
2.458551806739000138e+06 2.439104458168682932e+00 8.255880981482756342e-03
2.458552310331999790e+06 2.686509619673152827e+00 8.660283803422307372e-03
2.458552803400000092e+06 2.923864214948801887e+00 9.086109331165685352e-03
2.458553296467000153e+06 3.181910794871290360e+00 9.518745176268904318e-03
2.458553800059999805e+06 3.454643203716243338e+00 9.930535052204784649e-03
2.458554293126999866e+06 3.676600145080533011e+00 1.024347847122424049e-02
2.458554786193999927e+06 3.764585802185459684e+00 1.040193497929112719e-02
2.458555289787999820e+06 3.744239322668674763e+00 1.038709844108991719e-02
2.458555782854999881e+06 3.669958894929738147e+00 1.026553698316116058e-02
2.458556275921999943e+06 3.683636774753259235e+00 1.029022546071910529e-02
2.458556779515999835e+06 2.359919560538914052e+00 8.076972148972582505e-03
2.458557272582999896e+06 2.458643719723483834e+00 8.251818144600093358e-03
2.458557765649999958e+06 2.687662922084473216e+00 8.664001611138337153e-03
2.458558269243999850e+06 2.403778243084375710e+00 8.165090306139393198e-03
2.458558762310999911e+06 2.186965842560557149e+00 7.775082119661206291e-03
2.458559255377999973e+06 2.013572169502173992e+00 7.447947113932863045e-03
2.458559758971000090e+06 1.864518942861283612e+00 7.159362871684223778e-03
2.458560252038000152e+06 1.734933368415479737e+00 6.911058860810974890e-03
2.458560745105999988e+06 1.635229826372848860e+00 6.691612646548036891e-03
2.458561248699000105e+06 1.536531966899825852e+00 6.492929528592858435e-03
2.458561741766000167e+06 1.448008795959536910e+00 6.317572939357181915e-03
2.458562234833000228e+06 1.368922305395726235e+00 6.161647071499503497e-03
2.458562738427000120e+06 1.317686207169633139e+00 6.017196614165062386e-03
2.458563231494000182e+06 1.265787492474120146e+00 5.889790157088684724e-03
2.458563724560999777e+06 1.227005190806763846e+00 5.773750099112018308e-03
2.458564228155000135e+06 1.162774770437124960e+00 5.665352696774695468e-03
2.458564721222000197e+06 1.122275804690387124e+00 5.569328911730325044e-03
2.458565214288999792e+06 1.088101978549768090e+00 5.480916722321472340e-03
2.458565717881999910e+06 1.051452359697993444e+00 5.398960520637850063e-03
2.458566210950000212e+06 1.027279922023398351e+00 5.324041047809944215e-03
2.458566704016999807e+06 9.992597627449709696e-01 5.256131719682160044e-03
2.458567207609999925e+06 9.778575651317271689e-01 5.191289542264915235e-03
2.458567700676999986e+06 9.510137584887472517e-01 5.132868002670638516e-03
2.458568193744000047e+06 9.354961402706762907e-01 5.078410599730976034e-03
2.458568697337999940e+06 9.168890791900248249e-01 5.027225457250139411e-03
2.458569190405000001e+06 9.020080220974620033e-01 4.980526640611499488e-03
2.458569683472000062e+06 8.769289345530029145e-01 4.937356379413274619e-03
2.458570187065999955e+06 8.664613599175366998e-01 4.895977880997604004e-03
2.458570680133000016e+06 8.483447958169998415e-01 4.857680505154764877e-03
2.458571173200000077e+06 8.388324061949160582e-01 4.822526739480970971e-03
2.458571676793999970e+06 8.176269539306022516e-01 4.789475937349869233e-03
2.458572169861000031e+06 8.089245202129229373e-01 4.758615295278753599e-03
2.458572662928000093e+06 8.048059898416626279e-01 4.729939923412320411e-03
2.458573166521000210e+06 7.841883751364424615e-01 4.701939844840581639e-03
2.458573659587999806e+06 7.830610096189127844e-01 4.677149592252857237e-03
2.458574152656000108e+06 7.639145817424823903e-01 4.652849473863149808e-03
2.458574656249000225e+06 7.658025356372984982e-01 4.630492770183384892e-03
2.458575149315999821e+06 7.529809691924995718e-01 4.609834764916518300e-03
2.458575642382999882e+06 7.442533531701467364e-01 4.589991962124433805e-03
2.458576145976999775e+06 7.403556584575530231e-01 4.570727177460663475e-03
2.458576639043999836e+06 7.433709749729632277e-01 4.553739971899154262e-03
2.458577132110999897e+06 7.350606935212448123e-01 4.536683667450466979e-03
2.458577635704999790e+06 7.303778601280070948e-01 4.521235983849216690e-03
2.458578128771999851e+06 7.149334218078146064e-01 4.506623540238950329e-03
2.458578621838999912e+06 7.216017869379919292e-01 4.492829895810197122e-03
2.458579125432000030e+06 7.131196441053352375e-01 4.479426910040111738e-03
2.458579618499999866e+06 7.028476547096890181e-01 4.467338975982735987e-03
2.458580111566999927e+06 7.028722543114630517e-01 4.455195316296070400e-03
2.458580615160000045e+06 7.042940185201612691e-01 4.444098207037796254e-03
2.458581108227000106e+06 7.086823228646448314e-01 4.433930634460118113e-03
2.458581601294000167e+06 6.888736929247746277e-01 4.423567498277779057e-03
2.458582104888000060e+06 6.868640716805336499e-01 4.414458568464603092e-03
2.458582597955000121e+06 6.843880219770660522e-01 4.405478848946804346e-03
2.458583091022000182e+06 6.791417040439051700e-01 4.396728244673436814e-03
2.458583594616000075e+06 6.807348739208980426e-01 4.388859924320034737e-03
2.458584087683000136e+06 6.755377141882694669e-01 4.381484712829987471e-03
2.458584580750000197e+06 6.668841568220281735e-01 4.373882034989867718e-03
2.458585084344000090e+06 6.712724137202603636e-01 4.367422132318291884e-03
2.458585577411000151e+06 6.672269813476578992e-01 4.360767043499044412e-03
2.458586070478000212e+06 6.750227345861845585e-01 4.354519276710373636e-03
2.458586574070999864e+06 6.637461270587468043e-01 4.348410029138357127e-03
2.458587067137999926e+06 6.667613235342795264e-01 4.342985026537698849e-03
2.458587560206000227e+06 6.637705808202012392e-01 4.337565838074320702e-03
2.458588063798999880e+06 6.598238355574235214e-01 4.332437384950943264e-03
2.458588556865999941e+06 6.594313650702402496e-01 4.327430968530832089e-03
2.458589049933000002e+06 6.595540629477382177e-01 4.323376383165513509e-03
2.458589553526999895e+06 6.622012557788139464e-01 4.318771973910886727e-03
2.458590046593999956e+06 6.520276306459040772e-01 4.314276781074709820e-03
2.458590539661000017e+06 6.508264580520820575e-01 4.310525005376523826e-03
2.458591043254999910e+06 6.555581183386343103e-01 4.306843630724441728e-03
2.458591536321999971e+06 6.455311441774519432e-01 4.302802899948373304e-03
2.458592029389000032e+06 6.498950064146379324e-01 4.299567252725336984e-03
2.458592532982000150e+06 6.475903969174732211e-01 4.296249502000990504e-03
2.458593026049999986e+06 6.535234865194932130e-01 4.292874719872996625e-03
2.458593519117000047e+06 6.412656837450406710e-01 4.290318317018522107e-03
2.458594022710000165e+06 6.500668202679710239e-01 4.286933062304535379e-03
2.458594515777000226e+06 6.510716724636249619e-01 4.284564776753401437e-03
2.458595008843999822e+06 6.480074516591786127e-01 4.281708059314984736e-03
2.458595512438000180e+06 6.371962335007875788e-01 4.279524726471503442e-03
2.458596005504999775e+06 6.462420299250478672e-01 4.277185569284685553e-03
2.458596498571999837e+06 6.395003698712968809e-01 4.274384665278662017e-03
2.458597002166000195e+06 6.455067678353194616e-01 4.272319199945951405e-03
2.458597495232999790e+06 6.380789240877662305e-01 4.270173032918745358e-03
2.458597988299999852e+06 6.438151616912919373e-01 4.268238927232127604e-03
2.458712204272000119e+06 6.284443122574301377e-01 4.212641785882501912e-03
2.458712697339000180e+06 6.288119695726717140e-01 4.212789669006721319e-03
2.458713200931999832e+06 6.167017772424979727e-01 4.212880681110362131e-03
2.458713694000000134e+06 6.206975054747770892e-01 4.212735927750119354e-03
2.458714187067000195e+06 6.174616654672601124e-01 4.212953383829041651e-03
2.458714690659999847e+06 6.231979269517301523e-01 4.213060929330172955e-03
2.458715183726999909e+06 6.199621846725162921e-01 4.212884288530101794e-03
2.458715676793999970e+06 6.162112175804709269e-01 4.212934825286424913e-03
2.458716180387999862e+06 6.221191930444727181e-01 4.212644183014858240e-03
2.458716673454999924e+06 6.184913071059721101e-01 4.212573179382519094e-03
2.458717166521999985e+06 6.125094591273728684e-01 4.213012903794825792e-03
2.458717670115999877e+06 6.266548424336851886e-01 4.212767037590325024e-03
2.458718163182999939e+06 6.241296288284556848e-01 4.213036306275483138e-03
2.458718656250000000e+06 6.276599241548166397e-01 4.212586673698562149e-03
2.458719159843999892e+06 6.119213414882842539e-01 4.212912867397568782e-03
2.458719652910999954e+06 6.290326671968239358e-01 4.212530173668653163e-03
2.458720145978000015e+06 6.152063365550404228e-01 4.212864130569996847e-03
2.458720649571000133e+06 6.180255076317641150e-01 4.212815932578799737e-03
2.458721142638000194e+06 6.222911146808267624e-01 4.212662037850156867e-03
2.458721635706000030e+06 6.219478917401726203e-01 4.212629896482212970e-03
2.458722139299000148e+06 6.230022282877363260e-01 4.212885542586776270e-03
2.458722632366000209e+06 6.202317582251257733e-01 4.213002382037452434e-03
2.458723125432999805e+06 6.181723844943337598e-01 4.212678413807245496e-03
2.458723629027000163e+06 6.236147805059916172e-01 4.213007169665537212e-03
2.458724122094000224e+06 6.186137943154672580e-01 4.212837681126721523e-03
2.458724615160999820e+06 6.237865409166308828e-01 4.212443960105027342e-03
2.458725118755000178e+06 6.243745606892435740e-01 4.212964448973487326e-03
2.458725611821999773e+06 6.185402990791648570e-01 4.212906866000109066e-03
2.458726104888999835e+06 6.286892002268658075e-01 4.212546207455004736e-03
2.458726608481999952e+06 6.231491400087455501e-01 4.212731110576834956e-03
2.458727101549999788e+06 6.214817786549431400e-01 4.212907215265387223e-03
2.458727594616999850e+06 6.233942612560360308e-01 4.212665723765245639e-03
2.458728098209999967e+06 6.195945656687846803e-01 4.212668845086443674e-03
2.458728591277000029e+06 6.277824925053614447e-01 4.212831091335876577e-03
2.458729084344000090e+06 6.195945656687846803e-01 4.212668845086443674e-03
2.458729587937999982e+06 6.214331260603320750e-01 4.212577408545515462e-03
2.458730081005000044e+06 6.258455952786718957e-01 4.212514596319847336e-03
2.458730574072000105e+06 6.218740003919820403e-01 4.212702176494111453e-03
2.458731077665999997e+06 6.262376871148235269e-01 4.212846588924088441e-03
2.458731570733000059e+06 6.207958428308170129e-01 4.212831579100210708e-03
2.458732063800000120e+06 6.193001711052881220e-01 4.212378424491613864e-03
2.458732567394000012e+06 6.300375006582475956e-01 4.212876235252602936e-03
2.458733060461000074e+06 6.205014489944031819e-01 4.212548278756751176e-03
2.458733553528000135e+06 6.224871633000418347e-01 4.212842544886554776e-03
2.458734057120999787e+06 6.278067777549063422e-01 4.212415829831659721e-03
2.458734550187999848e+06 6.218253170923614404e-01 4.212372385825678515e-03
2.458735043256000150e+06 6.324159286992484530e-01 4.212470742257174404e-03
2.458735546848999802e+06 6.225852107698556237e-01 4.212359262104744748e-03
2.458736039915999863e+06 6.242279350017417849e-01 4.212550028003030252e-03
2.458736532982999925e+06 6.180989417003134312e-01 4.212747211097431395e-03
2.458737036576999817e+06 6.210160148938450586e-01 4.212609775421530776e-03
2.458737529643999878e+06 6.232226088600979486e-01 4.212653779417051096e-03
2.458738022710999940e+06 6.170938241009090719e-01 4.212717052439888740e-03
2.458738526304999832e+06 6.230263286166903836e-01 4.212474686145331430e-03
2.458739019371999893e+06 6.202071947654496098e-01 4.212835531642008906e-03
2.458739512438999955e+06 6.205260241080909900e-01 4.212715117775473091e-03
2.458740016032000072e+06 6.203300217926390747e-01 4.212527159574653603e-03
2.458740509099999908e+06 6.254779440980030580e-01 4.212344312736113726e-03
2.458741002166999970e+06 6.188588415120681585e-01 4.212796513159149277e-03
2.458741505760000087e+06 6.244240186870975151e-01 4.212723050809494447e-03
2.458741998827000149e+06 6.100822645780187292e-01 4.212613264158684978e-03
2.458742491894000210e+06 6.166523629328026779e-01 4.212543116669383372e-03
2.458742995488000102e+06 6.221931135265624802e-01 4.212571670254522914e-03
2.458743488555000164e+06 6.200358488579018612e-01 4.212813791213398766e-03
2.458743981622000225e+06 6.314107912286702762e-01 4.212754213791211275e-03
2.458744485216000117e+06 6.182458360148598286e-01 4.212609540691184505e-03
2.458744978283000179e+06 6.253310592962434411e-01 4.212507004601183901e-03
2.458745471349999774e+06 6.196676154382880775e-01 4.212594780855546082e-03
2.458745974944000132e+06 6.207220883533325351e-01 4.212331068029727399e-03
2.458746468011000194e+06 6.234924516021467245e-01 4.212754999702980098e-03
2.458746961077999789e+06 6.195454901915735668e-01 4.212335177321489300e-03
2.458747464670999907e+06 6.177557550405560205e-01 4.212684066604559067e-03
2.458747957737999968e+06 6.204277294927708075e-01 4.212619236400627284e-03
2.458748450805999804e+06 6.218253170923614404e-01 4.212372385825678515e-03
2.458748954398999922e+06 6.275865102370130622e-01 4.212671979218260594e-03
2.458749447465999983e+06 6.275616555020944176e-01 4.212505141907968952e-03
2.458749940533000045e+06 6.153531101883585874e-01 4.212735697663325118e-03
2.458750444126999937e+06 6.158435539321831520e-01 4.212690020844657435e-03
2.458750937193999998e+06 6.135879187834124560e-01 4.212518958627192549e-03
2.458751430261000060e+06 6.230263286166903836e-01 4.212474686145331430e-03
2.458751933854999952e+06 6.211876316686950616e-01 4.212629653439172416e-03
2.458752426922000013e+06 6.234677590070134556e-01 4.212588159104772509e-03
2.458752919989000075e+06 6.247668817852979339e-01 4.212734475930185116e-03
2.458753423582000192e+06 6.227320241529160638e-01 4.212779031737379047e-03
2.458753916650000028e+06 6.243992891984802007e-01 4.212556211476581151e-03
2.458754409717000090e+06 6.232960863733769674e-01 4.212576371464686262e-03
2.458754913310000207e+06 6.184178264219258869e-01 4.212642282878904278e-03
2.458755406376999803e+06 6.184423190132273263e-01 4.212809125620697523e-03
2.458755899443999864e+06 6.170693849149677668e-01 4.212550213344531946e-03
2.458756403038000222e+06 6.271941515600801820e-01 4.212348941790099340e-03
2.458756896104999818e+06 6.219232603152948791e-01 4.212463060838567315e-03
2.458757389171999879e+06 6.236883042560356083e-01 4.212355003974795412e-03
2.458757892765999772e+06 6.188833515698816123e-01 4.212393349377420264e-03
2.458758385832999833e+06 6.245217960234050736e-01 4.212807507044838244e-03
2.458758878899999894e+06 6.253310592962434411e-01 4.212507004601183901e-03
2.458759382493999787e+06 6.176578992505578070e-01 4.212585639040452960e-03
2.458759875560999848e+06 6.246932308867021444e-01 4.212237856008829544e-03
2.458760368627999909e+06 6.227813520420601989e-01 4.212539131837994902e-03
2.458760872221000027e+06 6.214577380733230516e-01 4.212744248717943847e-03
2.458761365288000088e+06 6.297683054879151809e-01 4.212236282082954496e-03
2.458761858355999924e+06 6.205014489944031819e-01 4.212548278756751176e-03
2.458762361949000042e+06 6.313125167870111687e-01 4.212679989925195191e-03
2.458762855016000103e+06 6.268262855020123592e-01 4.212764928776716912e-03
2.458763348083000164e+06 6.232714015550293585e-01 4.212409537940813714e-03
2.458763851677000057e+06 6.199376318889425752e-01 4.212717442811582044e-03
2.458764344744000118e+06 6.208936239020567127e-01 4.212351410609350803e-03
2.458764837811000179e+06 6.303317743538388029e-01 4.212521729189586638e-03
2.458765341405000072e+06 6.242520827461501831e-01 4.212712987037191097e-03
2.458765834472000133e+06 6.129265020224879956e-01 4.212494285488696706e-03
2.458766327539000195e+06 6.236883042560356083e-01 4.212355003974795412e-03
2.458766831131999847e+06 6.198639793723529356e-01 4.212216945301212705e-03
2.458767324200000148e+06 6.172410480439665115e-01 4.212585106733814956e-03
2.458767817267000210e+06 6.138089265011329454e-01 4.212340245556040093e-03
2.458768320859999862e+06 6.299887585212297081e-01 4.212550310858446424e-03
2.458768813926999923e+06 6.159416895777214407e-01 4.212226713148425200e-03
2.458769306993999984e+06 6.210406103870449446e-01 4.212204617335209636e-03
2.458769810587999877e+06 6.178536263338866297e-01 4.212213355399932815e-03
2.458770303654999938e+06 6.179520822876451991e-01 4.212315423367222686e-03
2.458770796721999999e+06 6.247668817852979339e-01 4.212734475930185116e-03
2.458771300315999892e+06 6.202317582251257733e-01 4.212431127477176372e-03
2.458771793382999953e+06 6.126076277118417401e-01 4.212559670067836555e-03
2.458772286450000014e+06 6.171671474664025547e-01 4.212649177423741231e-03
2.458772790043999907e+06 6.172410480439665115e-01 4.212585106733814956e-03
2.458773283110999968e+06 6.232226088600979486e-01 4.212653779417051096e-03
2.458773776178000029e+06 6.153774814008140526e-01 4.212335760498739715e-03
2.458774279771000147e+06 6.243745606892435740e-01 4.212389378751132431e-03
2.458774772838000208e+06 6.283708065940765142e-01 4.212727807319659352e-03
2.458775265906000044e+06 6.250120637280325298e-01 4.212660738692655671e-03
2.458775769499000162e+06 6.227813520420601989e-01 4.212539131837994902e-03
2.458776262566000223e+06 6.205991836958982821e-01 4.212640200994019306e-03
2.458776755632999819e+06 6.285670337819325715e-01 4.212306560060023394e-03
2.458777259227000177e+06 6.218499446381754447e-01 4.212539217878129988e-03
2.458777752293999773e+06 6.119455767846876393e-01 4.212516098150783858e-03
2.458778245360999834e+06 6.277333466604455570e-01 4.212501290575353281e-03
2.458778748955000192e+06 6.225605541047993796e-01 4.212192437179214724e-03
2.458779242021999788e+06 6.179520822876451991e-01 4.212315423367222686e-03
2.458779735088999849e+06 6.198885292389004764e-01 4.212383771197406382e-03
2.458780238681999967e+06 6.206975054747770892e-01 4.212735927750119354e-03
2.458780731749999803e+06 6.172654940286665948e-01 4.212183424681130092e-03
2.458781224816999864e+06 6.234430673897999320e-01 4.212421325114080670e-03
2.458781728409999982e+06 6.242520827461501831e-01 4.212712987037191097e-03
2.458782221477000043e+06 6.210898042958131748e-01 4.212538274758237909e-03
2.458782714544000104e+06 6.172410480439665115e-01 4.212585106733814956e-03
2.458783218137999997e+06 6.191285055443301877e-01 4.212351260290534381e-03
2.458783711205000058e+06 6.268020381805368135e-01 4.212601967733295254e-03
2.459622427943999879e+06 6.218006905218887992e-01 4.212205560380388042e-03
2.459622921010999940e+06 6.157210481374946198e-01 4.212419117573932593e-03
2.459623424604999833e+06 6.226339535622820165e-01 4.212115584681776735e-03
2.459623917671999894e+06 6.229528829039144844e-01 4.212551857658124350e-03
2.459624410738999955e+06 6.199376318889425752e-01 4.212146459151671490e-03
2.459624914332000073e+06 6.280028288082361021e-01 4.212574456084645057e-03
2.459625407399999909e+06 6.231979269517301523e-01 4.212486942827538793e-03
2.459625900466999970e+06 6.156229476459174066e-01 4.212314978554441459e-03
2.459626404060000088e+06 6.225852107698556237e-01 4.212359262104744748e-03
2.459626897127000149e+06 6.180989417003134312e-01 4.212177920933769457e-03
2.459627390194000211e+06 6.210898042958131748e-01 4.212538274758237909e-03
2.459627893788000103e+06 6.296946449643794352e-01 4.212323570249852135e-03
2.459628386855000164e+06 6.231491400087455501e-01 4.212157169008637174e-03
2.459628879922000226e+06 6.159172960205463454e-01 4.212059893472309795e-03
2.459629383516000118e+06 6.200843920583426483e-01 4.212572497608875477e-03
2.459629876583000179e+06 6.243745606892435740e-01 4.212389378751132431e-03
2.459630369649999775e+06 6.124113062741333158e-01 4.212337780772510906e-03
2.459630873244000133e+06 6.222911146808267624e-01 4.212088886552489524e-03
2.459631366311000194e+06 6.146422358614933579e-01 4.212397870681882164e-03
2.459631859377999790e+06 6.201580707644647195e-01 4.212501850674499164e-03
2.459632362970999908e+06 6.169955048901614170e-01 4.212614130123508265e-03
2.459632856037999969e+06 6.181968673648469137e-01 4.212275877623481400e-03
2.459633349105999805e+06 6.248157953828377131e-01 4.212488818332487187e-03
2.459633852698999923e+06 6.215063925948303147e-01 4.212501639957964665e-03
2.459634345765999984e+06 6.291798419776178930e-01 4.212356787304655931e-03
2.459634838833000045e+06 6.201089506543872032e-01 4.212168196136467820e-03
2.459635342426999938e+06 6.199621846725162921e-01 4.212313282256243199e-03
2.459635835493999999e+06 6.160886386488212407e-01 4.212096773275587902e-03
2.459636328561000060e+06 6.256248634017191890e-01 4.212181312020786550e-03
2.459636832154999953e+06 6.175839487645423675e-01 4.212081277717191589e-03
2.459637325222000014e+06 6.129750531959825555e-01 4.212263394968991485e-03
2.459637818289000075e+06 6.190059164206173081e-01 4.212087328831684747e-03
2.459638321882000193e+06 6.252821053613564217e-01 4.212177229211733903e-03
2.459638814950000029e+06 6.161374403016856016e-01 4.212430422156065828e-03
2.459639308017000090e+06 6.264828692443873415e-01 4.212187937955732230e-03
2.459639811610000208e+06 6.158191642615405970e-01 4.212523182819851407e-03
2.459640304676999804e+06 6.233942612560360308e-01 4.212091556432035269e-03
2.459640797743999865e+06 6.229282116776870826e-01 4.212385025105089796e-03
2.459641301338000223e+06 6.193982870810804675e-01 4.212475306398732154e-03
2.459641794404999819e+06 6.203785880241605710e-01 4.212285572564967301e-03
2.459642287471999880e+06 6.225358984162359111e-01 4.212598995612372617e-03
2.459642791065999772e+06 6.269244390045818349e-01 4.212269759906596238e-03
2.459643284132999834e+06 6.230510037288615743e-01 4.212067671068055186e-03
2.459643777199999895e+06 6.200843920583426483e-01 4.212572497608875477e-03
2.459644280793999787e+06 6.149610364245358118e-01 4.212317142825782595e-03
2.459644773860999849e+06 6.220951278059549949e-01 4.212481226642208164e-03
2.459645266927999910e+06 6.205991836958982821e-01 4.212068608022378341e-03
2.459645770521000028e+06 6.153287399410929392e-01 4.212568857829550317e-03
2.459646263588000089e+06 6.209182145479310577e-01 4.212518241831076163e-03
2.459646756655999925e+06 6.244729054415548708e-01 4.212477708130606298e-03
2.459647260249000043e+06 6.161624100840189522e-01 4.212601136454298227e-03
2.459647753316000104e+06 6.152550683189346170e-01 4.212064498515470830e-03
2.459648246383000165e+06 6.223157606746677617e-01 4.212255707376870439e-03
2.459648749977000058e+06 6.206975054747770892e-01 4.212164244220773825e-03
2.459649243044000119e+06 6.232226088600979486e-01 4.212079770181539722e-03
2.459649736111000180e+06 6.198148825560164665e-01 4.212454183932932278e-03
2.459650239705000073e+06 6.156717124104360561e-01 4.212081590116540167e-03
2.459650732772000134e+06 6.187118015483060729e-01 4.212365413442139932e-03
2.459651225839000195e+06 6.209914203747192163e-01 4.212442940574752902e-03
2.459651729431999847e+06 6.141521831646250540e-01 4.212433266924009607e-03
2.459652222500000149e+06 6.141765068140659922e-01 4.212600101387659925e-03
2.459652715567000210e+06 6.167750540248094770e-01 4.212245115850014356e-03
2.459653219159999862e+06 6.249631347656610103e-01 4.212330951268172981e-03
2.459653712226999924e+06 6.185647965210262500e-01 4.212503999988974693e-03
2.459654205293999985e+06 6.253062938854805353e-01 4.212340173824493175e-03
2.459654708887999877e+06 6.268020381805368135e-01 4.212601967733295254e-03
2.459655201954999939e+06 6.219232603152948791e-01 4.212463060838567315e-03
2.459655695022000000e+06 6.183933348006231956e-01 4.212475446744711784e-03
2.459656198615999892e+06 6.202317582251257733e-01 4.212431127477176372e-03
2.459656691682999954e+06 6.194473508980293808e-01 4.212238453169172420e-03
2.459657184750000015e+06 6.178536263338866297e-01 4.212213355399932815e-03
2.459657688343999907e+06 6.192020706715890555e-01 4.212281467577277255e-03
2.459658181410999969e+06 6.146914890933308229e-01 4.212169271700008828e-03
2.459658674478000030e+06 6.172410480439665115e-01 4.212585106733814956e-03
2.459659178071000148e+06 6.151570420701486519e-01 4.212526567455159542e-03
2.459659671138000209e+06 6.179270399794248858e-01 4.212144720647422076e-03
2.459660164206000045e+06 6.249142096336830488e-01 4.212576756918431573e-03
2.459660667799000163e+06 6.130732964025000786e-01 4.212373844696005142e-03
2.459661160866000224e+06 6.207712570313128619e-01 4.212092984012136276e-03
2.459661653932999820e+06 6.257723935729052611e-01 4.212598239406843866e-03
2.459662157527000178e+06 6.258945933297240805e-01 4.212267927897935145e-03
2.459662650593999773e+06 6.171671474664025547e-01 4.212080745474284724e-03
2.459663143660999835e+06 6.276350665124388328e-01 4.212419839766697385e-03
2.459663647255000193e+06 6.250609965211013641e-01 4.212414849483404021e-03
2.459664140321999788e+06 6.300131291183593829e-01 4.212133006367749927e-03
2.459664633388999850e+06 6.200112931569574659e-01 4.212075896782400096e-03
2.459665136981999967e+06 6.120436549941744575e-01 4.212063823675517814e-03
2.459665630049999803e+06 6.208198578075617702e-01 4.212422752805935165e-03
2.459666123116999865e+06 6.212122339588198594e-01 4.212224338068973513e-03
2.459666626709999982e+06 6.158435539321831520e-01 4.212122807969898020e-03
2.459667119777000044e+06 6.251099331451633878e-01 4.212168895950940684e-03
2.459667612844000105e+06 6.239577739481292351e-01 4.212450927763485356e-03
2.459668116437999997e+06 6.187853171626089832e-01 4.212296006254736234e-03
2.459668609505000059e+06 6.278316421979505124e-01 4.212582663604709683e-03
2.459669102572000120e+06 6.227320241529160638e-01 4.212205474347079960e-03
2.459669606166000012e+06 6.252573418893516699e-01 4.212586294789265849e-03
2.459670099233000074e+06 6.187118015483060729e-01 4.212365413442139932e-03
2.459670592300000135e+06 6.227320241529160638e-01 4.212205474347079960e-03
2.459671095894000027e+06 6.300868268975867714e-01 4.212045402539978979e-03
2.459671588961000089e+06 6.242279350017417849e-01 4.212550028003030252e-03
2.459672082028000150e+06 6.276599241548166397e-01 4.212586673698562149e-03
2.459672585620999802e+06 6.271450517733364594e-01 4.212596800713527476e-03
2.459673078687999863e+06 6.213106528634989578e-01 4.212319434210127882e-03
2.459673571756000165e+06 6.185402990791648570e-01 4.212337169331279059e-03
2.459674075348999817e+06 6.194473508980293808e-01 4.212238453169172420e-03
2.459674568415999878e+06 6.307487521524349772e-01 4.212403696048951096e-03
2.459675061482999939e+06 6.090284771652427764e-01 4.212068101802485080e-03
2.459675565076999832e+06 6.209673987614722224e-01 4.212279991986699577e-03
2.459676058143999893e+06 6.213346877552485825e-01 4.212482384323971117e-03
2.459676551210999954e+06 6.201580707644647195e-01 4.212501850674499164e-03
2.459677054804999847e+06 6.174616654672601124e-01 4.212384680618481286e-03
2.459677547871999908e+06 6.247916258325107997e-01 4.212325867969758837e-03
2.459678040938999970e+06 6.213346877552485825e-01 4.212482384323971117e-03
2.459678544532000087e+06 6.159904795904465047e-01 4.212560372321708796e-03
2.459679037599999923e+06 6.221684723899997271e-01 4.212404836916850380e-03
2.459679530666999985e+06 6.212614414622453785e-01 4.212557997054122878e-03
2.459680034260000102e+06 6.219965846362818240e-01 4.212386827285945733e-03
2.459680527327000163e+06 6.164564486146932865e-01 4.212340320079176019e-03
2.459681020394000225e+06 6.236394789239476655e-01 4.212599633671732305e-03
2.459681523988000117e+06 6.233207721693709846e-01 4.212169111948767079e-03
2.459682017055000179e+06 6.233448848209333093e-01 4.212332056247518851e-03
2.459682510121999774e+06 6.240071989314450729e-01 4.212209872827599004e-03
2.459683013716000132e+06 6.193246986420695155e-01 4.212545256783229927e-03
2.459683506783000194e+06 6.187363057825653323e-01 4.212532245218451182e-03
2.459683999849999789e+06 6.152550683189346170e-01 4.212064498515470830e-03
2.459684503444000147e+06 6.224137811469890869e-01 4.212345912225445507e-03
2.459684996511000209e+06 6.277576300088237859e-01 4.212086061579811865e-03
2.459685489577999804e+06 6.224378587123493567e-01 4.212508863363569230e-03
2.459685993170999922e+06 6.254779440980030580e-01 4.212344312736113726e-03
2.459686486237999983e+06 6.210898042958131748e-01 4.212538274758237909e-03
2.459686979305999819e+06 6.192511189458310694e-01 4.212615131087772864e-03
2.459687482898999937e+06 6.261886622047330153e-01 4.212516786950337710e-03
2.459687975965999998e+06 6.161868133489972754e-01 4.212200448538109578e-03
2.459688469033000059e+06 6.204031582719092830e-01 4.212452401179146537e-03
2.459688972626999952e+06 6.169955048901614170e-01 4.212614130123508265e-03
2.459689465694000013e+06 6.174616654672601124e-01 4.212384680618481286e-03
2.459689958761000074e+06 6.268020381805368135e-01 4.212601967733295254e-03
2.459690462354999967e+06 6.215802402636971813e-01 4.212429674737747619e-03
2.459690955422000028e+06 6.255516875137422383e-01 4.212264790812416705e-03
2.459691448489000089e+06 6.208690342300644538e-01 4.212184585994770830e-03
2.459691952082000207e+06 6.344012061367181321e-01 4.212255495393029368e-03
2.459692445150000043e+06 6.223398344481866351e-01 4.212418655025492939e-03
2.459692938217000104e+06 6.205991836958982821e-01 4.212068608022378341e-03
2.459693441810000222e+06 6.283708065940765142e-01 4.212149056418804625e-03
2.459693934876999818e+06 6.167750540248094770e-01 4.212245115850014356e-03
2.459807647255999967e+06 6.196676154382880775e-01 4.212594780855546082e-03
2.459808150849000085e+06 6.239089275206506358e-01 4.212121156764002047e-03
2.459808643916000146e+06 6.211144027114585686e-01 4.212133045874858449e-03
2.459809136983000208e+06 6.223398344481866351e-01 4.212418655025492939e-03
2.459809640577000100e+06 6.235900830661856853e-01 4.212265971388721823e-03
2.459810133644000161e+06 6.241543476371071986e-01 4.212053429825393484e-03
2.459810626711000223e+06 6.206237626803953189e-01 4.212235428043636931e-03
2.459811130305000115e+06 6.219478917401726203e-01 4.212057061304556871e-03
2.459811623372000176e+06 6.207958428308170129e-01 4.212259804998812716e-03
2.459812116438999772e+06 6.172410480439665115e-01 4.212585106733814956e-03
2.459812620031999890e+06 6.234189509402726648e-01 4.212258377362171000e-03
2.459813113100000191e+06 6.232472917459969119e-01 4.212246590644864834e-03
2.459813606166999787e+06 6.241049109987598653e-01 4.212294632670688516e-03
2.459814109759999905e+06 6.236394789239476655e-01 4.212599633671732305e-03
2.459814602826999966e+06 6.157947755568208281e-01 4.212356351402459648e-03
2.459815095894000027e+06 6.166279412303499186e-01 4.212376284462537174e-03
2.459815599487999920e+06 6.173388377920600023e-01 4.212115328126473691e-03
2.459816092554999981e+06 6.240807689473492070e-01 4.212131689819596445e-03
2.459816585622000042e+06 6.171427053765882187e-01 4.212482341016500660e-03
2.459817089215999935e+06 6.260173935325616945e-01 4.212517789408874030e-03
2.459817582282999996e+06 6.193737566299262198e-01 4.212308476877409634e-03
2.459818075350000057e+06 6.297926675570005850e-01 4.212399228980113000e-03
2.459818578943999950e+06 6.210898042958131748e-01 4.212538274758237909e-03
2.459819072011000011e+06 6.181234216621064315e-01 4.212344745284392171e-03
2.459819565078000072e+06 6.231491400087455501e-01 4.212157169008637174e-03
2.459820068671000190e+06 6.197412446228268701e-01 4.212524520479952149e-03
2.459820561737999786e+06 6.302092887250519970e-01 4.212283599123904827e-03
2.459821054806000087e+06 6.235412654233247753e-01 4.212510517597568144e-03
2.459821558399000205e+06 6.213346877552485825e-01 4.212482384323971117e-03
2.459822051465999801e+06 6.160642392719222205e-01 4.212497374879039212e-03
2.459822544532999862e+06 6.253800170637787703e-01 4.212260809527149964e-03
2.459823048127000220e+06 6.142008314268531111e-01 4.212201242587425461e-03
2.459823541193999816e+06 6.208936239020567127e-01 4.212351410609350803e-03
2.459824034260999877e+06 6.156473295453520622e-01 4.212481808333264598e-03
2.459824537854999769e+06 6.214085150220692855e-01 4.212410574980585479e-03
2.459825030921999831e+06 6.298170305685145687e-01 4.212562182180751812e-03
2.459825523988999892e+06 6.182458360148598286e-01 4.212609540691184505e-03
2.459826027582000010e+06 6.221191930444727181e-01 4.212071190062870348e-03
2.459826520649999846e+06 6.211630303529134256e-01 4.212462817805152741e-03
2.459827013716999907e+06 6.135144555849962877e-01 4.212579672983315926e-03
2.459827517310000025e+06 6.169955048901614170e-01 4.212614130123508265e-03
2.459828010377000086e+06 6.204768748539781775e-01 4.212381446345453938e-03
2.459828503444000147e+06 6.237130055859180233e-01 4.212521835338835750e-03
2.459829007038000040e+06 6.270468637308513893e-01 4.212514793196671208e-03
2.459829500105000101e+06 6.205751772554177759e-01 4.212477244775404001e-03
2.459829993172000162e+06 6.209673987614722224e-01 4.212279991986699577e-03
2.459830496766000055e+06 6.274391302678022919e-01 4.212260584550399194e-03
2.459830989833000116e+06 6.144214940056941243e-01 4.212582744624682532e-03
2.459831482900000177e+06 6.218740003919820403e-01 4.212129409372902117e-03
2.459831986494000070e+06 6.155492407990775794e-01 4.212377591438977442e-03
2.459832479561000131e+06 6.214577380733230516e-01 4.212171864988499027e-03
2.459832972628000192e+06 6.219232603152948791e-01 4.212463060838567315e-03
2.459833476220999844e+06 6.167750540248094770e-01 4.212245115850014356e-03
2.459833969287999906e+06 6.238842184315406270e-01 4.212528959868766174e-03
2.459834462356000207e+06 6.224378587123493567e-01 4.212508863363569230e-03
2.459834965948999859e+06 6.128525535553641657e-01 4.212550513780255988e-03
2.459835459015999921e+06 6.289098547619799140e-01 4.212286966011183353e-03
2.459835952082999982e+06 6.246932308867021444e-01 4.212237856008829544e-03
2.459836455676999874e+06 6.232960863733769674e-01 4.212576371464686262e-03
2.459836948743999936e+06 6.221191930444727181e-01 4.212071190062870348e-03
2.459837441810999997e+06 6.194473508980293808e-01 4.212238453169172420e-03
2.459837945404999889e+06 6.182948085437807162e-01 4.212373759625336750e-03
2.459838438471999951e+06 6.202317582251257733e-01 4.212431127477176372e-03
2.459838931539000012e+06 6.182458360148598286e-01 4.212609540691184505e-03
2.459839435132000130e+06 6.208690342300644538e-01 4.212184585994770830e-03
2.459839928199999966e+06 6.165296962469470898e-01 4.212272987413805646e-03
2.459840421267000027e+06 6.192756445398894805e-01 4.212211598807183086e-03
2.459840924860000145e+06 6.150097487577003141e-01 4.212084364250373407e-03
2.459841417927000206e+06 6.315579407325465633e-01 4.212572618230042178e-03
2.459841910993999802e+06 6.162850036934672815e-01 4.212304049884799464e-03
2.459842414588000160e+06 6.157210481374946198e-01 4.212419117573932593e-03
2.459842907655000221e+06 6.198639793723529356e-01 4.212216945301212705e-03
2.459843400721999817e+06 6.276842046629057537e-01 4.212171515633239896e-03
2.459843904316000175e+06 6.219965846362818240e-01 4.212386827285945733e-03
2.459844397382999770e+06 6.179520822876451991e-01 4.212315423367222686e-03
2.459844890449999832e+06 6.227813520420601989e-01 4.212539131837994902e-03
2.459845394044000190e+06 6.182948085437807162e-01 4.212373759625336750e-03
2.459845887110999785e+06 6.205506001950844563e-01 4.212310415177327773e-03
2.459846380177999847e+06 6.155492407990775794e-01 4.212377591438977442e-03
2.459846883770999964e+06 6.213346877552485825e-01 4.212482384323971117e-03
2.459847376838000026e+06 6.194473508980293808e-01 4.212238453169172420e-03
2.459847869905999862e+06 6.097148883634264660e-01 4.212322806931632739e-03
2.459848373498999979e+06 6.282238210590234129e-01 4.212321001424583315e-03
2.459848866566000041e+06 6.204523016867795615e-01 4.212214620541334179e-03
2.459849359633000102e+06 6.135879187834124560e-01 4.212518958627192549e-03
2.459849863226999994e+06 6.204768748539781775e-01 4.212381446345453938e-03
2.459850356294000056e+06 6.194473508980293808e-01 4.212238453169172420e-03
2.459850849361000117e+06 6.191285055443301877e-01 4.212351260290534381e-03
2.459851352955000009e+06 6.239824859504236043e-01 4.212617762926596995e-03
2.459851846022000071e+06 6.274882530782329715e-01 4.212590366465804315e-03
2.459852339089000132e+06 6.126809823252435949e-01 4.212499788635881183e-03
2.459852842681999784e+06 6.242768064046195775e-01 4.212304852391907974e-03
2.459853335750000086e+06 6.234430673897999320e-01 4.212421325114080670e-03
2.459853828817000147e+06 6.278559293488109594e-01 4.212167347219980366e-03
2.459854332409999799e+06 6.349407490519058950e-01 4.212329104784450114e-03
2.459854825476999860e+06 6.190549491570761509e-01 4.212420976964048429e-03
2.459855318543999922e+06 6.217514403068152840e-01 4.212444583549463176e-03
2.459855822137999814e+06 6.167994815537010123e-01 4.212411942861895436e-03
2.459856315204999875e+06 6.213106528634989578e-01 4.212319434210127882e-03
2.459856808271999937e+06 6.279293747827675576e-01 4.212081734496156936e-03
2.459857311865999829e+06 6.146178937674685594e-01 4.212231044227311358e-03
2.459857804932999890e+06 6.198885292389004764e-01 4.212383771197406382e-03
2.459858297999999952e+06 6.264586352071734865e-01 4.212601988957785301e-03
2.459858801593999844e+06 6.238842184315406270e-01 4.212528959868766174e-03
2.459859294660999905e+06 6.203300217926390747e-01 4.212527159574653603e-03
2.459859787727999967e+06 6.180744627080190234e-01 4.212580370807695804e-03
2.459860291321000084e+06 6.096413273716464465e-01 4.212376098263152270e-03
2.459860784388000146e+06 6.280277010159329709e-01 4.212162861251203365e-03
2.459861277455999982e+06 6.218740003919820403e-01 4.212129409372902117e-03
2.459861781049000099e+06 6.200598344349067537e-01 4.212405664238422741e-03
2.459862274116000161e+06 6.247668817852979339e-01 4.212159044366746430e-03
2.459862767183000222e+06 6.227079352084478048e-01 4.212616070148418081e-03
2.459863270777000114e+06 6.218986298659102685e-01 4.212296231802212763e-03
2.459863763844000176e+06 6.195454901915735668e-01 4.212335177321489300e-03
2.459864256910999771e+06 6.272432551908952991e-01 4.212101018235456761e-03
2.459864760505000129e+06 6.252325793980694213e-01 4.212419460872393433e-03
2.459865253572000191e+06 6.174861201895700535e-01 4.212551513157873975e-03
2.459865746638999786e+06 6.245217960234050736e-01 4.212232301213728221e-03
2.459866250231999904e+06 6.236883042560356083e-01 4.212355003974795412e-03
2.459866743300000206e+06 6.206975054747770892e-01 4.212164244220773825e-03
2.459867236366999801e+06 6.190304323033669620e-01 4.212254149594371957e-03
2.459867739959999919e+06 6.220951278059549949e-01 4.212481226642208164e-03
2.459868233026999980e+06 6.168239100500527705e-01 4.212578776481014711e-03
2.459868726094000041e+06 6.245954267099494972e-01 4.212153646832700847e-03
2.459869229687999934e+06 6.090284771652427764e-01 4.212068101802485080e-03
2.459869722754999995e+06 6.266057848666620744e-01 4.212437241844238511e-03
2.459870215822000057e+06 6.180499846851806867e-01 4.212413537125435196e-03
2.459870719415999949e+06 6.156229476459174066e-01 4.212314978554441459e-03
2.459871212483000010e+06 6.158923361713811717e-01 4.212456458912638632e-03
2.459871705550000072e+06 6.170938241009090719e-01 4.212148688023747110e-03
2.459872209143999964e+06 6.268505337614734829e-01 4.212350545446308901e-03
2.459872702211000025e+06 6.220704905499853110e-01 4.212314396886421286e-03
2.459873195278000087e+06 6.234189509402726648e-01 4.212258377362171000e-03
2.459873698871000204e+06 6.235659609296978489e-01 4.212103029646310608e-03
2.459874191937999800e+06 6.239824859504236043e-01 4.212617762926596995e-03
2.459874685006000102e+06 6.300375006582475956e-01 4.212295949269785622e-03
2.459875188599000219e+06 6.234924516021467245e-01 4.212180741933118505e-03
2.459875681665999815e+06 6.230263286166903836e-01 4.212474686145331430e-03
2.459876174732999876e+06 6.232472917459969119e-01 4.212246590644864834e-03
2.459876678326999769e+06 6.116514364466365539e-01 4.212181347798293375e-03
2.459877171393999830e+06 6.256986241391423453e-01 4.212101635545786350e-03
2.459877664460999891e+06 6.185647965210262500e-01 4.212503999988974693e-03
2.459878168054999784e+06 6.311898405810418833e-01 4.212442732228031950e-03
2.459878661121999845e+06 6.159660841010073939e-01 4.212393539431462212e-03
2.459879154188999906e+06 6.247427141270822659e-01 4.212571516064776006e-03
2.459987411249999888e+06 6.207220883533325351e-01 4.212331068029727399e-03
2.459987904316999950e+06 6.212860466756253697e-01 4.212152610861930740e-03
2.459988407910000067e+06 6.190304323033669620e-01 4.212254149594371957e-03
2.459988900977000128e+06 6.225118170584369448e-01 4.212436040987691498e-03
2.459989394044000190e+06 6.180010315477270089e-01 4.212079889582348406e-03
2.459989897638000082e+06 6.281011665434238500e-01 4.212077089776559286e-03
2.459990390705000143e+06 6.228794458493164266e-01 4.212055259264799005e-03
2.459990883772000205e+06 6.196921575277932748e-01 4.212190864146341494e-03
2.459991387366000097e+06 6.207466722054968411e-01 4.212497898445764777e-03
2.459991880433000159e+06 6.191285055443301877e-01 4.212351260290534381e-03
2.459992373500000220e+06 6.256986241391423453e-01 4.212101635545786350e-03
2.459992877094000112e+06 6.222171825555772307e-01 4.212161546922247798e-03
2.459993370161000174e+06 6.145686464325854637e-01 4.212459570481183989e-03
2.459993863227999769e+06 6.224871633000418347e-01 4.212269213021436684e-03
2.459994366820999887e+06 6.205751772554177759e-01 4.212477244775404001e-03
2.459994859887999948e+06 6.211630303529134256e-01 4.212462817805152741e-03
2.459995352955999784e+06 6.231491400087455501e-01 4.212157169008637174e-03
2.459995856548999902e+06 6.256006625544719979e-01 4.212594573057133925e-03
2.459996349615999963e+06 6.202563226576459643e-01 4.212597961856107132e-03
2.459996842683000024e+06 6.129750531959825555e-01 4.212263394968991485e-03
2.459997346276999917e+06 6.160398408613303456e-01 4.212330544483735249e-03
2.459997839343999978e+06 6.223398344481866351e-01 4.212418655025492939e-03
2.459998332411000039e+06 6.238600849171082041e-01 4.212366007953255616e-03
2.459998836004999932e+06 6.148137900437143921e-01 4.212441073708192256e-03
2.459999329071999993e+06 6.259926009404399583e-01 4.212350958205080508e-03
2.459999822139000054e+06 6.234430673897999320e-01 4.212421325114080670e-03
2.460000325732000172e+06 6.224378587123493567e-01 4.212508863363569230e-03
2.460000818800000008e+06 6.207220883533325351e-01 4.212331068029727399e-03
2.460001311867000069e+06 6.243504082070577832e-01 4.212226432234993795e-03
2.460001815460000187e+06 6.202808880630444888e-01 4.212193503032012239e-03
2.460002308526999783e+06 6.228547775314665635e-01 4.212462116829225264e-03
2.460002801593999844e+06 6.203054544413639793e-01 4.212360327999767166e-03
2.460003305188000202e+06 6.194473508980293808e-01 4.212238453169172420e-03
2.460003798254999798e+06 6.137597439861685045e-01 4.212568018033279599e-03
2.460004291321999859e+06 6.274634022346593509e-01 4.212423532387678943e-03
2.460004794916000217e+06 6.231979269517301523e-01 4.212486942827538793e-03
2.460005287982999813e+06 6.180255076317641150e-01 4.212246710050415385e-03
2.460005781049999874e+06 6.129016633742820908e-01 4.212323575520565688e-03
2.460006284644000232e+06 6.265076812537068163e-01 4.212354762703067988e-03
2.460006777710999828e+06 6.262134625619119044e-01 4.212106860808263395e-03
2.460007270777999889e+06 6.124361250499730236e-01 4.212508491316341135e-03
2.460007774371000007e+06 6.234924516021467245e-01 4.212180741933118505e-03
2.460008267438000068e+06 6.218986298659102685e-01 4.212296231802212763e-03
2.460008760505999904e+06 6.201826322785747303e-01 4.212097478540832544e-03
2.460009264099000022e+06 6.185158026074922821e-01 4.212170345280692382e-03
2.460009757166000083e+06 6.231244610100146186e-01 4.212564270924724734e-03
2.460010250233000144e+06 6.206237626803953189e-01 4.212235428043636931e-03
2.460010753827000037e+06 6.220458542697436810e-01 4.212147573737719947e-03
2.460011246894000098e+06 6.118232828791798639e-01 4.212237760405793639e-03
2.460011739961000159e+06 6.249142096336830488e-01 4.212576756918431573e-03
2.460012243555000052e+06 6.271941515600801820e-01 4.212348941790099340e-03
2.460012736622000113e+06 6.252083937254213630e-01 4.212256513192611830e-03
2.460013229689000174e+06 6.178291570569812707e-01 4.212615577935655345e-03
2.460013733281999826e+06 6.206483426383471169e-01 4.212402254671829271e-03
2.460014226350000128e+06 6.289834234821964909e-01 4.212200396465417933e-03
2.460014719417000189e+06 6.225358984162359111e-01 4.212598995612372617e-03
2.460015223009999841e+06 6.069934434642358934e-01 4.212529320160143635e-03
2.460015716076999903e+06 6.236147805059916172e-01 4.212432799226591487e-03
2.460016209143999964e+06 6.164320346711683607e-01 4.212173495903822826e-03
2.460016712737999856e+06 6.199376318889425752e-01 4.212146459151671490e-03
2.460017205804999918e+06 6.212860466756253697e-01 4.212152610861930740e-03
2.460017698871999979e+06 6.272917849087268349e-01 4.212426907867910207e-03
2.460018202465999871e+06 6.218740003919820403e-01 4.212129409372902117e-03
2.460018695532999933e+06 6.132941187588168974e-01 4.212196501822746200e-03
2.460019188599999994e+06 6.203300217926390747e-01 4.212527159574653603e-03
2.460019692193999887e+06 6.143236005671314226e-01 4.212477382792230267e-03
2.460020185260999948e+06 6.256006625544719979e-01 4.212594573057133925e-03
2.460020678328000009e+06 6.259435952168785899e-01 4.212597710388257116e-03
2.460021181921000127e+06 6.297926675570005850e-01 4.212399228980113000e-03
2.460021674988000188e+06 6.208444455319116484e-01 4.212589586853185061e-03
2.460022168056000024e+06 6.208690342300644538e-01 4.212184585994770830e-03
2.460022671649000142e+06 6.227566876090879777e-01 4.212372299788962569e-03
2.460023164716000203e+06 6.261886622047330153e-01 4.212516786950337710e-03
2.460023657782999799e+06 6.223644823715881458e-01 4.212585488910450780e-03
2.460024161377000157e+06 6.205751772554177759e-01 4.212477244775404001e-03
2.460024654444000218e+06 6.241543476371071986e-01 4.212053429825393484e-03
2.460025147510999814e+06 6.233207721693709846e-01 4.212169111948767079e-03
2.460025651105000172e+06 6.235165708949866881e-01 4.212343686681765606e-03
2.460026144171999767e+06 6.250120637280325298e-01 4.212085081308302933e-03
2.460026637238999829e+06 6.233942612560360308e-01 4.212091556432035269e-03
2.460027140831999946e+06 6.236883042560356083e-01 4.212355003974795412e-03
2.460027633899999782e+06 6.226339535622820165e-01 4.212115584681776735e-03
2.460028126966999844e+06 6.241543476371071986e-01 4.212053429825393484e-03
2.460028630559999961e+06 6.180989417003134312e-01 4.212177920933769457e-03
2.460029123627000023e+06 6.246201639666395522e-01 4.212320470221927668e-03
2.460029616694000084e+06 6.147650932316147676e-01 4.212107423984048915e-03
2.460030120287999976e+06 6.200358488579018612e-01 4.212242717092317540e-03
2.460030613355000038e+06 6.198148825560164665e-01 4.212454183932932278e-03
2.460031106422000099e+06 6.247179720169528938e-01 4.212404682733195821e-03
2.460031610015999991e+06 6.215556233991685886e-01 4.212262847023605372e-03
2.460032103083000053e+06 6.215063925948303147e-01 4.212501639957964665e-03
2.460032596150000114e+06 6.269486910610325703e-01 4.212432708098830768e-03
2.460033099744000006e+06 6.197657896284322065e-01 4.212120533170384332e-03
2.460033592811000068e+06 6.188343324249452326e-01 4.212059703433320042e-03
2.460034085878000129e+06 6.264095930002014923e-01 4.212272206132515982e-03
2.460034589470999781e+06 6.296946449643794352e-01 4.212323570249852135e-03
2.460035082537999842e+06 6.202317582251257733e-01 4.212431127477176372e-03
2.460035575606000144e+06 6.175839487645423675e-01 4.212081277717191589e-03
2.460036079198999796e+06 6.232960863733769674e-01 4.212576371464686262e-03
2.460036572265999857e+06 6.223891312711746782e-01 4.212179087828608025e-03
2.460037065332999919e+06 6.149366817048357303e-01 4.212150319568332309e-03
2.460037568926999811e+06 6.277333466604455570e-01 4.212501290575353281e-03
2.460038061993999872e+06 6.232226088600979486e-01 4.212079770181539722e-03
2.460038555060999934e+06 6.206975054747770892e-01 4.212164244220773825e-03
2.460039058654999826e+06 6.252821053613564217e-01 4.212177229211733903e-03
2.460039551721999887e+06 6.239577739481292351e-01 4.212450927763485356e-03
2.460040044788999949e+06 6.216781448847675806e-01 4.212520584533809356e-03
2.460040548382000066e+06 6.241049109987598653e-01 4.212294632670688516e-03
2.460041041449999902e+06 6.217514403068152840e-01 4.212444583549463176e-03
2.460041534516999964e+06 6.273408961833502051e-01 4.212178900486629289e-03
2.460042038110000081e+06 6.273900113029403647e-01 4.212508676006909529e-03
2.460042531177000143e+06 6.206237626803953189e-01 4.212235428043636931e-03
2.460043024244000204e+06 6.237371334107075782e-01 4.212110310152265662e-03
2.460043527838000096e+06 6.206729235697960867e-01 4.212569087907245061e-03
2.460044020905000158e+06 6.152063365550404228e-01 4.212297504594129764e-03
2.460044513972000219e+06 6.159172960205463454e-01 4.212059893472309795e-03
2.460045017566000111e+06 6.203785880241605710e-01 4.212285572564967301e-03
2.460045510633000173e+06 6.262867158631191256e-01 4.212599585335981972e-03
2.460046003699999768e+06 6.219965846362818240e-01 4.212386827285945733e-03
2.460046507294000126e+06 6.192756445398894805e-01 4.212211598807183086e-03
2.460047000361000188e+06 6.216289043760181432e-01 4.212186928511948460e-03
2.460047493427999783e+06 6.185158026074922821e-01 4.212170345280692382e-03
2.460047997020999901e+06 6.260173935325616945e-01 4.212517789408874030e-03
2.460048490087999962e+06 6.164564486146932865e-01 4.212340320079176019e-03
2.460048983155999798e+06 6.238106715860741724e-01 4.212606915036052821e-03
2.460049486748999916e+06 6.230510037288615743e-01 4.212067671068055186e-03
2.460049979815999977e+06 6.182213512050080961e-01 4.212442705853689136e-03
2.460050472883000039e+06 6.168977695278196061e-01 4.212515013532350597e-03
2.460050976476999931e+06 6.146422358614933579e-01 4.212397870681882164e-03
2.460051469543999992e+06 6.230510037288615743e-01 4.212067671068055186e-03
2.460051962611000054e+06 6.288855268424585754e-01 4.212124023456643995e-03
2.460052466204999946e+06 6.153287399410929392e-01 4.212568857829550317e-03
2.460052959272000007e+06 6.192756445398894805e-01 4.212211598807183086e-03
2.460053452339000069e+06 6.260416105007041709e-01 4.212104141563951902e-03
2.460053955932000186e+06 6.105730062468284203e-01 4.212065321896048958e-03
2.460054449000000022e+06 6.235659609296978489e-01 4.212103029646310608e-03
2.460054942067000084e+06 6.290570008083489206e-01 4.212113749025697337e-03
2.460055445660000201e+06 6.168239100500527705e-01 4.212578776481014711e-03
2.460055938726999797e+06 6.220951278059549949e-01 4.212481226642208164e-03
2.460056431793999858e+06 6.256738441714614352e-01 4.212511087729883634e-03
2.460056935388000216e+06 6.185402990791648570e-01 4.212337169331279059e-03
2.460057428454999812e+06 6.184423190132273263e-01 4.212239519194842068e-03
2.460057921521999873e+06 6.191285055443301877e-01 4.212351260290534381e-03
2.460058425116000231e+06 6.263847848755357273e-01 4.212105384654710703e-03
2.460058918182999827e+06 6.279542440812994064e-01 4.212248555037291335e-03
