2.458346727899000049e+06 1.506165862430133195e+01 3.038033754669535944e-02
2.458347220966000110e+06 1.505228386808616392e+01 3.038915538990901929e-02
2.458347714033000171e+06 1.505073121760261223e+01 3.038602073358547331e-02
2.458348217627000064e+06 1.504310891871983280e+01 3.038448723933057788e-02
2.458348710694000125e+06 1.503844043570960132e+01 3.038890862380061453e-02
2.458349203761000186e+06 1.502852644950590744e+01 3.038271673367855599e-02
2.458349707355000079e+06 1.513145881096061451e+01 3.038176314221979410e-02
2.458350200422000140e+06 1.507335751451862116e+01 3.039005188800139590e-02
2.458350693489000201e+06 1.509109663168878868e+01 3.038411825294221741e-02
2.458351197081999853e+06 1.504493791832406835e+01 3.038818150329129775e-02
2.458351690150000155e+06 1.510754859931097194e+01 3.038941318922441792e-02
2.458352183217000216e+06 1.508071734063747193e+01 3.039100049967061179e-02
2.458352686809999868e+06 1.510137179484905978e+01 3.039089718767908413e-02
2.458353179876999930e+06 1.512720874842038121e+01 3.038716231043857643e-02
2.458353672943999991e+06 1.507126131591343743e+01 3.038582565079328210e-02
2.458354176537999883e+06 1.506554336926723003e+01 3.038817332801869997e-02
2.458354669604999945e+06 1.505347619056391295e+01 3.039156257764004387e-02
2.458355162672000006e+06 1.505188182714780076e+01 3.038834370680125463e-02
2.458355666265999898e+06 1.504342759204795854e+01 3.038513090452799742e-02
2.458356159332999960e+06 1.510887054095940307e+01 3.039207232552983487e-02
2.458356652400000021e+06 1.508227308452339344e+01 3.038024438284320922e-02
2.458357155993999913e+06 1.509717189799726533e+01 3.038244506590129235e-02
2.458357649060999975e+06 1.504639296317114372e+01 3.039112044309606742e-02
2.458358142128000036e+06 1.504493791832406835e+01 3.038818150329129775e-02
2.458358645721000154e+06 1.505548671558636542e+01 3.038175502418488313e-02
2.458359138788000215e+06 1.504675328172686477e+01 3.039184822447539916e-02
2.458359631856000051e+06 1.506092341033289728e+01 3.039272619576177670e-02
2.458360135449000169e+06 1.505206205106806472e+01 3.038870756206506554e-02
2.458360628516000230e+06 1.513689505681382386e+01 3.039267833129432814e-02
2.458361121582999825e+06 1.507385731351629765e+01 3.039105955450557839e-02
2.458361625177000184e+06 1.509265344631414152e+01 3.038725271300361103e-02
2.458362118243999779e+06 1.509059626109263164e+01 3.038311081658852386e-02
2.458362611310999840e+06 1.506837431437270247e+01 3.039388352700976917e-02
2.458363114905000199e+06 1.504597722171317820e+01 3.039028071700668188e-02
2.458363607971999794e+06 1.506600128020772544e+01 3.038909696393992180e-02
2.458364101038999856e+06 1.509443285968626292e+01 3.039083534901999839e-02
2.458364604631999973e+06 1.511581611314754348e+01 3.039212142912011208e-02
2.458365097699999809e+06 1.511431259236453784e+01 3.038909842421808061e-02
2.458365590766999871e+06 1.504187585509369107e+01 3.038199666333220653e-02
2.458366094359999988e+06 1.508574630609476941e+01 3.038724049805361510e-02
2.458366587427000050e+06 1.506486346657619890e+01 3.038680192040897621e-02
2.458367080494000111e+06 1.501654424345682060e+01 3.038615416736900263e-02
2.458367584088000003e+06 1.509671303966756994e+01 3.038152163215560725e-02
2.458368077155000065e+06 1.507198315272113120e+01 3.038728097738652850e-02
2.458368570222000126e+06 1.508648273181757027e+01 3.038872388144702938e-02
2.458369073816000018e+06 1.505434969603509998e+01 3.039332610360929304e-02
2.458369566883000080e+06 1.504913714491565635e+01 3.038280244970169644e-02
2.458370059950000141e+06 1.501198079004092989e+01 3.039074651089911094e-02
2.458370563544000033e+06 1.503716620546966354e+01 3.038633372472828234e-02
2.458371056611000095e+06 1.511591356872968639e+01 3.039231737499986652e-02
2.458371549678000156e+06 1.507217749930700990e+01 3.038767280799384296e-02
2.458372053270999808e+06 1.503573974971666516e+01 3.038345121615174810e-02
2.458372546337999869e+06 1.504754324106221652e+01 3.039344380617824484e-02
2.458373039406000171e+06 1.512002119665158162e+01 3.038665018860947295e-02
2.458373542998999823e+06 1.511024826638971419e+01 3.038092662008724104e-02
2.458374036065999884e+06 1.505636033772194082e+01 3.038351798105291129e-02
2.458374529132999945e+06 1.503108739779329284e+01 3.038789412526425940e-02
2.458375032726999838e+06 1.503299801096186350e+01 3.039175675403784152e-02
2.458375525793999899e+06 1.513368882944600635e+01 3.038624069420419946e-02
2.458376018860999960e+06 1.507834236263819072e+01 3.038621439063265983e-02
2.458376522454999853e+06 1.503601672082931984e+01 3.038401090516137937e-02
2.458377015521999914e+06 1.509433554259492283e+01 3.039063941269518759e-02
2.458377508588999975e+06 1.507130295940492992e+01 3.038590961004827840e-02
2.458378012182000093e+06 1.508314826098704131e+01 3.038200725205361663e-02
2.458378505249999929e+06 1.505781648726837041e+01 3.038645646983337278e-02
2.458378998316999990e+06 1.505974436852300258e+01 3.039034690639649816e-02
2.458379501910000108e+06 1.505092529015415259e+01 3.038641254794251234e-02
2.458379994977000169e+06 1.505813547216173554e+01 3.038710017674698532e-02
2.458380488044000231e+06 1.509419651926712369e+01 3.039035950585111667e-02
2.458380991638000123e+06 1.506299042400279831e+01 3.038302387264951721e-02
2.458381484705000184e+06 1.504561692174150700e+01 3.038955297316392121e-02
2.458381977771999780e+06 1.506435009099905464e+01 3.038576640873585921e-02
2.458382481366000138e+06 1.502326749179082555e+01 3.038592179886100142e-02
2.458382974433000199e+06 1.510974726078907082e+01 3.039383588107823220e-02
2.458383467499999795e+06 1.510430685317480304e+01 3.038289229259191759e-02
2.458383971094000153e+06 1.507678702420815675e+01 3.038308003767472773e-02
2.458384464161000215e+06 1.505124412906434728e+01 3.038705625392567819e-02
2.458384957227999810e+06 1.506901273823577370e+01 3.038129219550752061e-02
2.458385460820999928e+06 1.502906628879259010e+01 3.038380811041359666e-02
2.458385953887999989e+06 1.509213912371898836e+01 3.038621718596852539e-02
2.458386446955999825e+06 1.503844043570960132e+01 3.038890862380061453e-02
2.458386950548999943e+06 1.504310891871983280e+01 3.038448723933057788e-02
2.458387443616000004e+06 1.506942911619737657e+01 3.038213167323143560e-02
2.458387936683000065e+06 1.506966506881591705e+01 3.038260738757136981e-02
2.458388440276999958e+06 1.510535025776629325e+01 3.038499114092895262e-02
2.458388933344000019e+06 1.507600941515687687e+01 3.038151298243908088e-02
2.458389426411000080e+06 1.502436064987642972e+01 3.038813281028851163e-02
2.458389930004999973e+06 1.506454433915997093e+01 3.038615821981348677e-02
2.458390423072000034e+06 1.507006758475077923e+01 3.038341891746007203e-02
2.458390916139000095e+06 1.510548938382429895e+01 3.038527099832834255e-02
2.458391419732000213e+06 1.507198315272113120e+01 3.038728097738652850e-02
2.458391912800000049e+06 1.508940099849036898e+01 3.038070429828592170e-02
2.458392405867000110e+06 1.510014786323617386e+01 3.038843407503492855e-02
2.458392909460000228e+06 1.507024802641847039e+01 3.038378271375685724e-02
2.458393402526999824e+06 1.511184881224311383e+01 3.038414470527465994e-02
2.458393895593999885e+06 1.504396796659821867e+01 3.038622236798249263e-02
2.458394399187999777e+06 1.506490509238975584e+01 3.038688588236150567e-02
2.458394892254999839e+06 1.502088772649232418e+01 3.038110850759134438e-02
2.458395385321999900e+06 1.511925528307205013e+01 3.038511093494619328e-02
2.458395888915999793e+06 1.506042404018050718e+01 3.039171847399742277e-02
2.458396381982999854e+06 1.507010922494386662e+01 3.038350287006501629e-02
2.458396875049999915e+06 1.507975897116628339e+01 3.038906917197446711e-02
2.458397378643999808e+06 1.508588525159286853e+01 3.038752037617042934e-02
2.458397871710999869e+06 1.504310891871983280e+01 3.038448723933057788e-02
2.458398364777999930e+06 1.504818078234472445e+01 3.038087164298612988e-02
2.458398868371000048e+06 1.504269326800211459e+01 3.038364769652085462e-02
2.458399361438000109e+06 1.507596775866098326e+01 3.038142903533239125e-02
2.458399854505999945e+06 1.507263561188914380e+01 3.038859642870198052e-02
2.458400358099000063e+06 1.510394515640682833e+01 3.038216472567668164e-02
2.458400851166000124e+06 1.508095347000366537e+01 3.039147635287599639e-02
2.458401344233000185e+06 1.506970670789680966e+01 3.038269133793396193e-02
2.458401847827000078e+06 1.505910633732986881e+01 3.038905936865203897e-02
2.458402340894000139e+06 1.500512438981908403e+01 3.039068641960113865e-02
2.458402833961000200e+06 1.507975897116628339e+01 3.038906917197446711e-02
2.458403337555000093e+06 1.502656104465001974e+01 3.039258330839443578e-02
2.458403830622000154e+06 1.504890151371218110e+01 3.038232673230758726e-02
2.458404323689000215e+06 1.504786200832711351e+01 3.038022806801502634e-02
2.458404827281999867e+06 1.506888782709071073e+01 3.038104035671339645e-02
2.458405320350000169e+06 1.508135628745555046e+01 3.039228811965770730e-02
2.458405813417000230e+06 1.513190478836787456e+01 3.038265859983055317e-02
2.458406317009999882e+06 1.508976234696684138e+01 3.038143183022794236e-02
2.458406810076999944e+06 1.504187585509369107e+01 3.038199666333220653e-02
2.458407303144000005e+06 1.504657312137046432e+01 3.039148433160726581e-02
2.458407806737999897e+06 1.510156652038853586e+01 3.039128906491582807e-02
2.458408299804999959e+06 1.515522540319613043e+01 3.038760755897224747e-02
2.458408792872000020e+06 1.513488760017879109e+01 3.038864765105616858e-02
2.458409296465999912e+06 1.511070753611706330e+01 3.038185003574788226e-02
2.458409789532999974e+06 1.508880340269156939e+01 3.039339841212878798e-02
2.458410282600000035e+06 1.510704768322231395e+01 3.038840557730834724e-02
2.458410786193999927e+06 1.503949314213173416e+01 3.039103587891105185e-02
2.458411279260999989e+06 1.505160456379177170e+01 3.038778393797918545e-02
2.458411772328000050e+06 1.504589407480007068e+01 3.039011277457311089e-02
2.458412275921000168e+06 1.507720361698418721e+01 3.038391956479923398e-02
2.458412768988000229e+06 1.510796604207252258e+01 3.039025289134288446e-02
2.458413262056000065e+06 1.512560657574537437e+01 3.038394390564662720e-02
2.458413765649000183e+06 1.504223606547740211e+01 3.038272422622273136e-02
2.458414258715999778e+06 1.504297036720449654e+01 3.038420738914984418e-02
2.458414751782999840e+06 1.502198071141594049e+01 3.038331916878302466e-02
2.458415255377000198e+06 1.504392639863599967e+01 3.038613840786331954e-02
2.458415748443999793e+06 1.514494149535147294e+01 3.038093639349878639e-02
2.458416241510999855e+06 1.507353799557833263e+01 3.039041576371814476e-02
2.458416745105000213e+06 1.504698887929396633e+01 3.039232409095419390e-02
2.458417238171999808e+06 1.504895695601638472e+01 3.038243866514198782e-02
2.458417731238999870e+06 1.507450985381586150e+01 3.039237516939387665e-02
2.458418234831999987e+06 1.507792573839788908e+01 3.038537480010064171e-02
2.458526481366999913e+06 1.508766386699953621e+01 3.039110304374412902e-02
2.458526984960000031e+06 1.507573170735834545e+01 3.038095333944244164e-02
2.458527478027000092e+06 1.509927170039677513e+01 3.038667083291801338e-02
2.458527971094000153e+06 1.510028694137813510e+01 3.038871396414505321e-02
2.458528474688000046e+06 1.507912009202111925e+01 3.038778168836335503e-02
2.458528967755000107e+06 1.509635152474559661e+01 3.038079409806302561e-02
2.458529460822000168e+06 1.505448835235845806e+01 3.039360603777697262e-02
2.458529964416000061e+06 1.509685208617348273e+01 3.038180145759947215e-02
2.458530457483000122e+06 1.504054592224440867e+01 3.039316328293155747e-02
2.458530950550000183e+06 1.505950857123738196e+01 3.038987107087537387e-02
2.458531454144000076e+06 1.511115290191109217e+01 3.038274549591961360e-02
2.458531947211000137e+06 1.511056836199827380e+01 3.038157020985648993e-02
2.458532440278000198e+06 1.508318993732342328e+01 3.038209120075798311e-02
2.458532943870999850e+06 1.503108739779329284e+01 3.038789412526425940e-02
2.458533436937999912e+06 1.507696754633115077e+01 3.038344382991392534e-02
2.458533930006000213e+06 1.509657399444230741e+01 3.038124180928899673e-02
2.458534433598999865e+06 1.504223606547740211e+01 3.038272422622273136e-02
2.458534926665999927e+06 1.503702770868848759e+01 3.038605385754087479e-02
2.458535419732999988e+06 1.502993837783465558e+01 3.038557118641580651e-02
2.458535923326999880e+06 1.507893954412489634e+01 3.038741784418535694e-02
2.458536416393999942e+06 1.507573170735834545e+01 3.038095333944244164e-02
2.458536909461000003e+06 1.508592693549184460e+01 3.038760434010813472e-02
2.458537413054999895e+06 1.504716904462845051e+01 3.039268799387719391e-02
2.458537906121999957e+06 1.506161700745808574e+01 3.038025360283651624e-02
2.458538399189000018e+06 1.506408647250119337e+01 3.038523467321135527e-02
2.458538902782000136e+06 1.504981633785127393e+01 3.038417367680856448e-02
2.458539395849999972e+06 1.506494671831832832e+01 3.038696984454603706e-02
2.458539888917000033e+06 1.506636206832718194e+01 3.038982469686265717e-02
2.458540392510000151e+06 1.505905085763403761e+01 3.038894741142611489e-02
2.458540885577000212e+06 1.513547308086133469e+01 3.038982321090426611e-02
2.458541378643999808e+06 1.506271295602073756e+01 3.038246420182151575e-02
2.458541882238000166e+06 1.506526585425861420e+01 3.038761356233509250e-02
2.458542375305000227e+06 1.506883231135859980e+01 3.038092842903053481e-02
2.458542868371999823e+06 1.513954419175900412e+01 3.038405337251499222e-02
2.458543371966000181e+06 1.506540461112392038e+01 3.038789344388799496e-02
2.458543865032999776e+06 1.503702770868848759e+01 3.038605385754087479e-02
2.458544358099999838e+06 1.510306877323533747e+01 3.038040184732911445e-02
2.458544861694000196e+06 1.503716620546966354e+01 3.038633372472828234e-02
2.458545354760999791e+06 1.512190133084903287e+01 3.039042868729162697e-02
2.458545847827999853e+06 1.508574630609476941e+01 3.038724049805361510e-02
2.458546351420999970e+06 1.507921731101450824e+01 3.038797760626366778e-02
2.458546844488000032e+06 1.505009356826665901e+01 3.038473337912655017e-02
2.458547337555999868e+06 1.505735882509369183e+01 3.038553291416642640e-02
2.458547841148999985e+06 1.513081774146554359e+01 3.038047596814092560e-02
2.458548334216000047e+06 1.503555972122936701e+01 3.038308742382410388e-02
2.458548827283000108e+06 1.503377340151777375e+01 3.039332433763942271e-02
2.458549330877000000e+06 1.506705591591754789e+01 3.039122423223436509e-02
2.458549823944000062e+06 1.509863199456233929e+01 3.038538345091664969e-02
2.458550317011000123e+06 1.508327329034165309e+01 3.038225909886256917e-02
2.458550820605000015e+06 1.509503067844110191e+01 3.039203898558691733e-02
2.458551313672000077e+06 1.503647373431963885e+01 3.038493441456759092e-02
2.458551806739000138e+06 1.507158058562215786e+01 3.038646934434363622e-02
2.458552310331999790e+06 1.507564839601628037e+01 3.038078544855362870e-02
2.458552803400000092e+06 1.502729458118537487e+01 3.038022630280619654e-02
2.458553296467000153e+06 1.503218112488916702e+01 3.039010528020680280e-02
2.458553800059999805e+06 1.507788407660700791e+01 3.038529084232338348e-02
2.458554293126999866e+06 1.498830078760580520e+01 3.038422214249493492e-02
2.458554786193999927e+06 1.505900924799630758e+01 3.038886344377737803e-02
2.458555289787999820e+06 1.508560736187639151e+01 3.038696062251454791e-02
2.458555782854999881e+06 1.508506549165227995e+01 3.038586913254217800e-02
2.458556275921999943e+06 1.512222167331619538e+01 3.039107247835273751e-02
2.458556779515999835e+06 1.505164615296957642e+01 3.038786790264513815e-02
2.458557272582999896e+06 1.513090135768547384e+01 3.038064385731939140e-02
2.458557765649999958e+06 1.506745836216103918e+01 3.039203599228195926e-02
2.458558269243999850e+06 1.510005050929896875e+01 3.038823815419166782e-02
2.458558762310999911e+06 1.510654678374231530e+01 3.038739799880122577e-02
2.458559255377999973e+06 1.506476634012517302e+01 3.038660601008857584e-02
2.458559758971000090e+06 1.507016474538031048e+01 3.038361480723248548e-02
2.458560252038000152e+06 1.503675071895291993e+01 3.038549413089901285e-02
2.458560745105999988e+06 1.501430382936846186e+01 3.038162066306975342e-02
2.458561248699000105e+06 1.510032866507050464e+01 3.038879793138076976e-02
2.458561741766000167e+06 1.508610756705169642e+01 3.038796818651913478e-02
2.458562234833000228e+06 1.506175573071611495e+01 3.038053341660136575e-02
2.458562738427000120e+06 1.503391186832552684e+01 3.039360427179071955e-02
2.458563231494000182e+06 1.502294924552530730e+01 3.038527811690951153e-02
2.458563724560999777e+06 1.512514685318165775e+01 3.038302042634560482e-02
2.458564228155000135e+06 1.509054066538384831e+01 3.038299888127784024e-02
2.458564721222000197e+06 1.508209249887523029e+01 3.039377174945580642e-02
2.458565214288999792e+06 1.507752301257464822e+01 3.038456321797103343e-02
2.458565717881999910e+06 1.506906825463255650e+01 3.038140412453044226e-02
2.458566210950000212e+06 1.502267251512222757e+01 3.038471840455719483e-02
2.458566704016999807e+06 1.509415481251847524e+01 3.039027553430062242e-02
2.458567207609999925e+06 1.505502912422193162e+01 3.038083161141198058e-02
2.458567700676999986e+06 1.504017189981719760e+01 3.039240747760637087e-02
2.458568193744000047e+06 1.508346778250888320e+01 3.038265086471496693e-02
2.458568697337999940e+06 1.505293547448126823e+01 3.039047092236691477e-02
2.458569190405000001e+06 1.500754312504260213e+01 3.038176275626001954e-02
2.458569683472000062e+06 1.506458596409174433e+01 3.038624217998741120e-02
2.458570187065999955e+06 1.510426511849030717e+01 3.038280834167406130e-02
2.458570680133000016e+06 1.508496823495439898e+01 3.038567322823565106e-02
2.458571173200000077e+06 1.512496575418995803e+01 3.038265663917597004e-02
2.458571676793999970e+06 1.509849293166293194e+01 3.038510359248153270e-02
2.458572169861000031e+06 1.510540590803573835e+01 3.038510308357942474e-02
2.458572662928000093e+06 1.507596775866098326e+01 3.038142903533239125e-02
2.458573166521000210e+06 1.505032921813496927e+01 3.038520913420321781e-02
2.458573659587999806e+06 1.506823553015554396e+01 3.039360359028642905e-02
2.458574152656000108e+06 1.507385731351629765e+01 3.039105955450557839e-02
2.458574656249000225e+06 1.509163871855726846e+01 3.038520968002119890e-02
2.458575149315999821e+06 1.506568212868855561e+01 3.038845321472724570e-02
2.458575642382999882e+06 1.514205432621748848e+01 3.038909104461348654e-02
2.458576145976999775e+06 1.505132730554302967e+01 3.038722417946825016e-02
2.458576639043999836e+06 1.507102533830171964e+01 3.038534988606352016e-02
2.458577132110999897e+06 1.512396278365053881e+01 3.038064189679481886e-02
2.458577635704999790e+06 1.508670505608125723e+01 3.038917170953137070e-02
2.458578128771999851e+06 1.513936292038258458e+01 3.038368957297741396e-02
2.458578621838999912e+06 1.508638546598243302e+01 3.038852795873530840e-02
2.458579125432000030e+06 1.506727795389504010e+01 3.039167209716562429e-02
2.458579618499999866e+06 1.505480726674858794e+01 3.038038390623095178e-02
2.458580111566999927e+06 1.506701428416105415e+01 3.039114025829453558e-02
2.458580615160000045e+06 1.505471020513206959e+01 3.038018803728888620e-02
2.458581108227000106e+06 1.512428316978753351e+01 3.038128548053249667e-02
2.458581601294000167e+06 1.499661354252970291e+01 3.038726133381094638e-02
2.458582104888000060e+06 1.508890068411577090e+01 3.039359436624157473e-02
2.458582597955000121e+06 1.505142434534912610e+01 3.038742009377416731e-02
2.458583091022000182e+06 1.505329594971158613e+01 3.039119868819198031e-02
2.458583594616000075e+06 1.513579371083254621e+01 3.039046698913895964e-02
2.458584087683000136e+06 1.506486346657619890e+01 3.038680192040897621e-02
2.458584580750000197e+06 1.503194575917382281e+01 3.038962944846893000e-02
2.458585084344000090e+06 1.506380898432936100e+01 3.038467496165927692e-02
2.458585577411000151e+06 1.510096844279031636e+01 3.039008545804854078e-02
2.458586070478000212e+06 1.506390610460807267e+01 3.038487085952972303e-02
2.458586574070999864e+06 1.507377401253248728e+01 3.039089160776790866e-02
2.458587067137999926e+06 1.511056836199827380e+01 3.038157020985648993e-02
2.458587560206000227e+06 1.505773327492924452e+01 3.038628854853331340e-02
2.458588063798999880e+06 1.509685208617348273e+01 3.038180145759947215e-02
2.458588556865999941e+06 1.505164615296957642e+01 3.038786790264513815e-02
2.458589049933000002e+06 1.507349634591121657e+01 3.039033179201220541e-02
2.458589553526999895e+06 1.504726605762516023e+01 3.039288394340973823e-02
2.458590046593999956e+06 1.505041238955770666e+01 3.038537704953830909e-02
2.458590539661000017e+06 1.506522422744823686e+01 3.038752959837191098e-02
2.458591043254999910e+06 1.508031454025156570e+01 3.039018876728064728e-02
2.458591536321999971e+06 1.502957846193872804e+01 3.038484355535026049e-02
2.458592029389000032e+06 1.501626763103714524e+01 3.038559443887936529e-02
2.458592532982000150e+06 1.507788407660700791e+01 3.038529084232338348e-02
2.458593026049999986e+06 1.506070146599878257e+01 3.039227831529697429e-02
2.458593519117000047e+06 1.505631873551838140e+01 3.038343402840621571e-02
2.458594022710000165e+06 1.508273150395669582e+01 3.038116777776753152e-02
2.458594515777000226e+06 1.514978257420493613e+01 3.039064765641572713e-02
2.458595008843999822e+06 1.502610433244263177e+01 3.039165956651032618e-02
2.458595512438000180e+06 1.500772281807278929e+01 3.038212653272673314e-02
2.458596005504999775e+06 1.513063657457414912e+01 3.038011221143693819e-02
2.458596498571999837e+06 1.508730256877451126e+01 3.039037528020942583e-02
2.458597002166000195e+06 1.508496823495439898e+01 3.038567322823565106e-02
2.458597495232999790e+06 1.509393237847187663e+01 3.038982768994972355e-02
2.458597988299999852e+06 1.504899853787856934e+01 3.038252261503839383e-02
2.458712204272000119e+06 1.506024371613899149e+01 3.039135458268272388e-02
2.458712697339000180e+06 1.503834347961360329e+01 3.038871269989784282e-02
2.458713200931999832e+06 1.508255091281965399e+01 3.038080401278025686e-02
2.458713694000000134e+06 1.507884232692233795e+01 3.038722192989395943e-02
2.458714187067000195e+06 1.509694941948963276e+01 3.038199733694370297e-02
2.458714690659999847e+06 1.505343459632953618e+01 3.039147860276533719e-02
2.458715183726999909e+06 1.512446426060634508e+01 3.038164925128463215e-02
2.458715676793999970e+06 1.507034518821135549e+01 3.038397860587475213e-02
2.458716180387999862e+06 1.510951068058531632e+01 3.039335999092854235e-02
2.458716673454999924e+06 1.508935930499221456e+01 3.038062035341370856e-02
2.458717166521999985e+06 1.509027658856424559e+01 3.038246719418375569e-02
2.458717670115999877e+06 1.506837431437270247e+01 3.039388352700976917e-02
2.458718163182999939e+06 1.501942131469641950e+01 3.039197595491343121e-02
2.458718656250000000e+06 1.508976234696684138e+01 3.038143183022794236e-02
2.458719159843999892e+06 1.504766797527473265e+01 3.039369574778878064e-02
2.458719652910999954e+06 1.507993952887392730e+01 3.038943303592465256e-02
2.458720145978000015e+06 1.502930160942209348e+01 3.038428385100279405e-02
2.458720649571000133e+06 1.507670370703421270e+01 3.038291213503337487e-02
2.458721142638000194e+06 1.511669323600673209e+01 3.039388498751783435e-02
2.458721635706000030e+06 1.508177300648678099e+01 3.039312790121452904e-02
2.458722139299000148e+06 1.507289937999523133e+01 3.038912822305653294e-02
2.458722632366000209e+06 1.507153894136355632e+01 3.038638538354203333e-02
2.458723125432999805e+06 1.507267725917796142e+01 3.038868039561293255e-02
2.458723629027000163e+06 1.507848123994314449e+01 3.038649425929864159e-02
2.458724122094000224e+06 1.504776499148817948e+01 3.038003220007766403e-02
2.458724615160999820e+06 1.508835869559661802e+01 3.039250263798733490e-02
2.458725118755000178e+06 1.508437081470939845e+01 3.038446984377624754e-02
2.458725611821999773e+06 1.507770354351000996e+01 3.038492702796911915e-02
2.458726104888999835e+06 1.508405127405806745e+01 3.038382619258234163e-02
2.458726608481999952e+06 1.509118002840114769e+01 3.038428616224874909e-02
2.458727101549999788e+06 1.511737547786265523e+01 3.038133309743010907e-02
2.458727594616999850e+06 1.512679077397054961e+01 3.038632269371484285e-02
2.458728098209999967e+06 1.506805511258421681e+01 3.039323967640064628e-02
2.458728591277000029e+06 1.511216894175765013e+01 3.038478836321584914e-02
2.458729084344000090e+06 1.503488117168985916e+01 3.038171624573944574e-02
2.458729587937999982e+06 1.507650930208562379e+01 3.038252036581204352e-02
2.458730081005000044e+06 1.508391234545143966e+01 3.038354634849004324e-02
2.458730574072000105e+06 1.509927170039677513e+01 3.038667083291801338e-02
2.458731077665999997e+06 1.509077694856071972e+01 3.038347460919625653e-02
2.458731570733000059e+06 1.509585097991470093e+01 3.039369056450031553e-02
2.458732063800000120e+06 1.508223141072036633e+01 3.038016043924178858e-02
2.458732567394000012e+06 1.508332885927638678e+01 3.038237103144779405e-02
2.458733060461000074e+06 1.507505134487119491e+01 3.039346689306941796e-02
2.458733553528000135e+06 1.503706925758889668e+01 3.038613781742642919e-02
2.458734057120999787e+06 1.504625438140877947e+01 3.039084053182154743e-02
2.458734550187999848e+06 1.506367024216025996e+01 3.038439510974957902e-02
2.458735043256000150e+06 1.503812186802714024e+01 3.038826487857754916e-02
2.458735546848999802e+06 1.512811439934892732e+01 3.038898155959551470e-02
2.458736039915999863e+06 1.502568915157251261e+01 3.039081982552464117e-02
2.458736532982999925e+06 1.502874791968796231e+01 3.038316447323765115e-02
2.458737036576999817e+06 1.509319558910495651e+01 3.038834425267552056e-02
2.458737529643999878e+06 1.513583553263392822e+01 3.039055096121856536e-02
2.458738022710999940e+06 1.501664105900749746e+01 3.038635007477626104e-02
2.458738526304999832e+06 1.506590414642096754e+01 3.038890103882287488e-02
2.458739019371999893e+06 1.506002178182115614e+01 3.039090672243062452e-02
2.458739512438999955e+06 1.508903965866690733e+01 3.039387430287995850e-02
2.458740016032000072e+06 1.509827043368792410e+01 3.038465582434664303e-02
2.458740509099999908e+06 1.509978626606191376e+01 3.038770637541296157e-02
2.458741002166999970e+06 1.514229141597986938e+01 3.038956686792117570e-02
2.458741505760000087e+06 1.505586111886586309e+01 3.038251056460232816e-02
2.458741998827000149e+06 1.512752920331990758e+01 3.038780603230472124e-02
2.458742491894000210e+06 1.505992468658551786e+01 3.039071078564566097e-02
2.458742995488000102e+06 1.510096844279031636e+01 3.039008545804854078e-02
2.458743488555000164e+06 1.507738414409526051e+01 3.038428336709053310e-02
2.458743981622000225e+06 1.508149519251990611e+01 3.039256804426506212e-02
2.458744485216000117e+06 1.502358574479802655e+01 3.038656549444814989e-02
2.458744978283000179e+06 1.511787673639804908e+01 3.038234047483857891e-02
2.458745471349999774e+06 1.508135628745555046e+01 3.039228811965770730e-02
2.458745974944000132e+06 1.509315388512197487e+01 3.038826028669336030e-02
2.458746468011000194e+06 1.505196500715054242e+01 3.038851163945856595e-02
2.458746961077999789e+06 1.508602419837071729e+01 3.038780025686503919e-02
2.458747464670999907e+06 1.508139795884051892e+01 3.039237209676919418e-02
2.458747957737999968e+06 1.506344825734763582e+01 3.038394735205528566e-02
2.458748450805999804e+06 1.506088179552111939e+01 3.039264221767188495e-02
2.458748954398999922e+06 1.506673674205744007e+01 3.039058043795857603e-02
2.458749447465999983e+06 1.512670718046648233e+01 3.038615477315405669e-02
2.458749940533000045e+06 1.514100838628628587e+01 3.038699191307481229e-02
2.458750444126999937e+06 1.506197769058656277e+01 3.038098112398567377e-02
2.458750937193999998e+06 1.506960955022034732e+01 3.038249545411536578e-02
2.458751430261000060e+06 1.497015854962935677e+01 3.038880834846366397e-02
2.458751933854999952e+06 1.506317078093200479e+01 3.038338766421622844e-02
2.458752426922000013e+06 1.509291756472832446e+01 3.038778448384340733e-02
2.458752919989000075e+06 1.504245773769335948e+01 3.038317196589233882e-02
2.458753423582000192e+06 1.506847146408527216e+01 3.038020090914324289e-02
2.458753916650000028e+06 1.509694941948963276e+01 3.038199733694370297e-02
2.458754409717000090e+06 1.505439129279804256e+01 3.039341008358893009e-02
2.458754913310000207e+06 1.507024802641847039e+01 3.038378271375685724e-02
2.458755406376999803e+06 1.504877676927457486e+01 3.038207488493800679e-02
2.458755899443999864e+06 1.505389213922890157e+01 3.039240233914901682e-02
2.458756403038000222e+06 1.508524611289762341e+01 3.038623295817665174e-02
2.458756896104999818e+06 1.508985963457360668e+01 3.038162770718908640e-02
2.458757389171999879e+06 1.504008878498539481e+01 3.039223952341991997e-02
2.458757892765999772e+06 1.507624547080778044e+01 3.038198868709175715e-02
2.458758385832999833e+06 1.511198799815529448e+01 3.038442455487804991e-02
2.458758878899999894e+06 1.510343044901641463e+01 3.038112937202840438e-02
2.458759382493999787e+06 1.505918955725683794e+01 3.038922730526425614e-02
2.458759875560999848e+06 1.507373236221323332e+01 3.039080763474715993e-02
2.458760368627999909e+06 1.507948119429896927e+01 3.038850938978886543e-02
2.458760872221000027e+06 1.509535045168016154e+01 3.039268281076058092e-02
2.458761365288000088e+06 1.510914885920342243e+01 3.039263217334763414e-02
2.458761858355999924e+06 1.506723632152503356e+01 3.039158812198830203e-02
2.458762361949000042e+06 1.508249534675102055e+01 3.038069208596823334e-02
2.458762855016000103e+06 1.511691600547213987e+01 3.038040969748110470e-02
2.458763348083000164e+06 1.507226079146809106e+01 3.038784073694362348e-02
2.458763851677000057e+06 1.503587823463524664e+01 3.038373105936783766e-02
2.458764344744000118e+06 1.503410572399896594e+01 3.038014926084352252e-02
2.458764837811000179e+06 1.505837124794782689e+01 3.038757596888237017e-02
2.458765341405000072e+06 1.503985329545621141e+01 3.039176365826523271e-02
2.458765834472000133e+06 1.507226079146809106e+01 3.038784073694362348e-02
2.458766327539000195e+06 1.505118867833390972e+01 3.038694430407949676e-02
2.458766831131999847e+06 1.507953674926308629e+01 3.038862134540106300e-02
2.458767324200000148e+06 1.505365643357431082e+01 3.039192647144506321e-02
2.458767817267000210e+06 1.509063795800862628e+01 3.038319476834214911e-02
2.458768320859999862e+06 1.505452994950447554e+01 3.039369001853000837e-02
2.458768813926999923e+06 1.507116414821407879e+01 3.038562974676708647e-02
2.458769306993999984e+06 1.504223606547740211e+01 3.038272422622273136e-02
2.458769810587999877e+06 1.503295647331070839e+01 3.039167277862660568e-02
2.458770303654999938e+06 1.512555085105405439e+01 3.038383196726671814e-02
2.458770796721999999e+06 1.510522504540969457e+01 3.038473927147336204e-02
2.458771300315999892e+06 1.503853739243070997e+01 3.038910454896658064e-02
2.458771793382999953e+06 1.505690117682900464e+01 3.038460938656963387e-02
2.458772286450000014e+06 1.512564836939857571e+01 3.038402785970216458e-02
2.458772790043999907e+06 1.506623717915424265e+01 3.038957278734030765e-02
2.458773283110999968e+06 1.507925897648925861e+01 3.038806157146475492e-02
2.458773776178000029e+06 1.507395449857919090e+01 3.039125549353914948e-02
2.458774279771000147e+06 1.504786200832711351e+01 3.038022806801502634e-02
2.458774772838000208e+06 1.511125032742829788e+01 3.038294138135028133e-02
2.458775265906000044e+06 1.506476634012517302e+01 3.038660601008857584e-02
2.458775769499000162e+06 1.506856861442419948e+01 3.038039677816831846e-02
2.458776262566000223e+06 1.508844207717854147e+01 3.039267059362782061e-02
2.458776755632999819e+06 1.502157947986369102e+01 3.038250764155857320e-02
2.458777259227000177e+06 1.507943952821020872e+01 3.038842542335042085e-02
2.458777752293999773e+06 1.507537069486790671e+01 3.038022581895854016e-02
2.458778245360999834e+06 1.512929879391401577e+01 3.039136074206648733e-02
2.458778748955000192e+06 1.505142434534912610e+01 3.038742009377416731e-02
2.458779242021999788e+06 1.511376969105766754e+01 3.038800685745655233e-02
2.458779735088999849e+06 1.501814869597597024e+01 3.038940079594150759e-02
2.458780238681999967e+06 1.508638546598243302e+01 3.038852795873530840e-02
2.458780731749999803e+06 1.509511409689386596e+01 3.039220693866515055e-02
2.458781224816999864e+06 1.506348987925081850e+01 3.038403130612034320e-02
2.458781728409999982e+06 1.506934583968466690e+01 3.038196377583101196e-02
2.458782221477000043e+06 1.507618992796915691e+01 3.038187675591511733e-02
2.458782714544000104e+06 1.504141867741314087e+01 3.038107324321500866e-02
2.458783218137999997e+06 1.508945659000045580e+01 3.038081622514303415e-02
2.458783711205000058e+06 1.510302704197177981e+01 3.038031790329261128e-02
2.459622427943999879e+06 1.504402339072653128e+01 3.038633431516897868e-02
2.459622921010999940e+06 1.510522504540969457e+01 3.038473927147336204e-02
2.459623424604999833e+06 1.508566293941018621e+01 3.038707257242086179e-02
2.459623917671999894e+06 1.505773327492924452e+01 3.038628854853331340e-02
2.459624410738999955e+06 1.507303820716823139e+01 3.038940811856003649e-02
2.459624914332000073e+06 1.509013760262057069e+01 3.038218736260814290e-02
2.459625407399999909e+06 1.505604139043223277e+01 3.038287435002293146e-02
2.459625900466999970e+06 1.504410652730182818e+01 3.038650223672196421e-02
2.459626404060000088e+06 1.503977018238507668e+01 3.039159570763663720e-02
2.459626897127000149e+06 1.506942911619737657e+01 3.038213167323143560e-02
2.459627390194000211e+06 1.505562538238206116e+01 3.038203485177839655e-02
2.459627893788000103e+06 1.505009356826665901e+01 3.038473337912655017e-02
2.459628386855000164e+06 1.508127294503104032e+01 3.039212016613084336e-02
2.459628879922000226e+06 1.513364701357622266e+01 3.038615673403438286e-02
2.459629383516000118e+06 1.510302704197177981e+01 3.038031790329261128e-02
2.459629876583000179e+06 1.507098369557727580e+01 3.038526592835499862e-02
2.459630369649999775e+06 1.504639296317114372e+01 3.039112044309606742e-02
2.459630873244000133e+06 1.510964984496245478e+01 3.039363992540833337e-02
2.459631366311000194e+06 1.504364928182303807e+01 3.038557867966400206e-02
2.459631859377999790e+06 1.508528779503058992e+01 3.038631691855708458e-02
2.459632362970999908e+06 1.507624547080778044e+01 3.038198868709175715e-02
2.459632856037999969e+06 1.503222266039795230e+01 3.039018925128686432e-02
2.459633349105999805e+06 1.505982759197587306e+01 3.039051485012393694e-02
2.459633852698999923e+06 1.512094034416289290e+01 3.038849739593377230e-02
2.459634345765999984e+06 1.506901273823577370e+01 3.038129219550752061e-02
2.459634838833000045e+06 1.505649901256407830e+01 3.038379782488402972e-02
2.459635342426999938e+06 1.507158058562215786e+01 3.038646934434363622e-02
2.459635835493999999e+06 1.513026031180778830e+01 3.039329221539962753e-02
2.459636328561000060e+06 1.509315388512197487e+01 3.038826028669336030e-02
2.459636832154999953e+06 1.509095763819227187e+01 3.038383840615986944e-02
2.459637325222000014e+06 1.500461305001100420e+01 3.038965077555331323e-02
2.459637818289000075e+06 1.508492655370440616e+01 3.038558926963379550e-02
2.459638321882000193e+06 1.504748780396636754e+01 3.039333183279957148e-02
2.459638814950000029e+06 1.509836777614852821e+01 3.038485172209370866e-02
2.459639308017000090e+06 1.504146023844631586e+01 3.038115718933871029e-02
2.459639811610000208e+06 1.505544511579670797e+01 3.038167107640941250e-02
2.459640304676999804e+06 1.504748780396636754e+01 3.039333183279957148e-02
2.459640797743999865e+06 1.509996706356665719e+01 3.038807022304568228e-02
2.459641301338000223e+06 1.505228386808616392e+01 3.038915538990901929e-02
2.459641794404999819e+06 1.509639323756399421e+01 3.038087804341531306e-02
2.459642287471999880e+06 1.508223141072036633e+01 3.038016043924178858e-02
2.459642791065999772e+06 1.510599024824326975e+01 3.038627850630885863e-02
2.459643284132999834e+06 1.505717853775314197e+01 3.038516909691374446e-02
2.459643777199999895e+06 1.505978598019194870e+01 3.039043087814420618e-02
2.459644280793999787e+06 1.504511805910134115e+01 3.038854535661296777e-02
2.459644773860999849e+06 1.509411310588506794e+01 3.039019156298214397e-02
2.459645266927999910e+06 1.506014661947250310e+01 3.039115864301032699e-02
2.459645770521000028e+06 1.508570462269489099e+01 3.038715653512124790e-02
2.459646263588000089e+06 1.505946696033494270e+01 3.038978710067446673e-02
2.459646756655999925e+06 1.503875901014055749e+01 3.038955238266069156e-02
2.459647260249000043e+06 1.503963166162049703e+01 3.039131579198479927e-02
2.459647753316000104e+06 1.506874903814394706e+01 3.038076053827947279e-02
2.459648246383000165e+06 1.510046774487776666e+01 3.038907782384224834e-02
2.459648749977000058e+06 1.509159701887607596e+01 3.038512572270017642e-02
2.459649243044000119e+06 1.508972065247024652e+01 3.038134788334548309e-02
2.459649736111000180e+06 1.505855154956926256e+01 3.038793981495367669e-02
2.459650239705000073e+06 1.515092680157657234e+01 3.039294299040615210e-02
2.459650732772000134e+06 1.508652441736744798e+01 3.038880784871014415e-02
2.459651225839000195e+06 1.508173133406551969e+01 3.039304392201468141e-02
2.459651729431999847e+06 1.507587056061816533e+01 3.038123315965213234e-02
2.459652222500000149e+06 1.505819094848516215e+01 3.038721212716744696e-02
2.459652715567000210e+06 1.504108619328223995e+01 3.038040168257636481e-02
2.459653219159999862e+06 1.501951814879632785e+01 3.039217189985527617e-02
2.459653712226999924e+06 1.510096844279031636e+01 3.039008545804854078e-02
2.459654205293999985e+06 1.508113404201364993e+01 3.039184024564857770e-02
2.459654708887999877e+06 1.505887055003420016e+01 3.038858355329049007e-02
2.459655201954999939e+06 1.507618992796915691e+01 3.038187675591511733e-02
2.459655695022000000e+06 1.508217584582877357e+01 3.038004851480067409e-02
2.459656198615999892e+06 1.506934583968466690e+01 3.038196377583101196e-02
2.459656691682999954e+06 1.505923116739283785e+01 3.038931127391849771e-02
2.459657184750000015e+06 1.507006758475077923e+01 3.038341891746007203e-02
2.459657688343999907e+06 1.507044235063066751e+01 3.038417449925561245e-02
2.459658181410999969e+06 1.508149519251990611e+01 3.039256804426506212e-02
2.459658674478000030e+06 1.512350311104773759e+01 3.039364777898098322e-02
2.459659178071000148e+06 1.508177300648678099e+01 3.039312790121452904e-02
2.459659671138000209e+06 1.503327493156941230e+01 3.039231659604264835e-02
2.459660164206000045e+06 1.508035620875807581e+01 3.039027273859139580e-02
2.459660667799000163e+06 1.513003734569487158e+01 3.039284432659372301e-02
2.459661160866000224e+06 1.503410572399896594e+01 3.038014926084352252e-02
2.459661653932999820e+06 1.504561692174150700e+01 3.038955297316392121e-02
2.459662157527000178e+06 1.505443288967587456e+01 3.039349406380052743e-02
2.459662650593999773e+06 1.504297036720449654e+01 3.038420738914984418e-02
2.459663143660999835e+06 1.507102533830171964e+01 3.038534988606352016e-02
2.459663647255000193e+06 1.508945659000045580e+01 3.038081622514303415e-02
2.459664140321999788e+06 1.505448835235845806e+01 3.039360603777697262e-02
2.459664633388999850e+06 1.505827416335354663e+01 3.038738005357151384e-02
2.459665136981999967e+06 1.510535025776629325e+01 3.038499114092895262e-02
2.459665630049999803e+06 1.504935891883043553e+01 3.038325019052406581e-02
2.459666123116999865e+06 1.506056275245084386e+01 3.039199839335810643e-02
2.459666626709999982e+06 1.512404636198846752e+01 3.038080978689024561e-02
2.459667119777000044e+06 1.508598251420299441e+01 3.038771629238599947e-02
2.459667612844000105e+06 1.508057844273736414e+01 3.039072058950081576e-02
2.459668116437999997e+06 1.510466855860434521e+01 3.038361987693023042e-02
2.459668609505000059e+06 1.508771945210978949e+01 3.039121500891171779e-02
2.459669102572000120e+06 1.508382898890167034e+01 3.038337844327186621e-02
2.459669606166000012e+06 1.505681796954805662e+01 3.038444147547689905e-02
2.459670099233000074e+06 1.509717189799726533e+01 3.038244506590129235e-02
2.459670592300000135e+06 1.505124412906434728e+01 3.038705625392567819e-02
2.459671095894000027e+06 1.514146859095471953e+01 3.038791551308752184e-02
2.459671588961000089e+06 1.510823042845402142e+01 3.039078471468511719e-02
2.459672082028000150e+06 1.509251443847894336e+01 3.038697283735204008e-02
2.459672585620999802e+06 1.510951068058531632e+01 3.039335999092854235e-02
2.459673078687999863e+06 1.503533815066558788e+01 3.038263968540035054e-02
2.459673571756000165e+06 1.506650083528903927e+01 3.039010459878094261e-02
2.459674075348999817e+06 1.508373174017578933e+01 3.038318255502334142e-02
2.459674568415999878e+06 1.504050436373758615e+01 3.039307930363385410e-02
2.459675061482999939e+06 1.505855154956926256e+01 3.038793981495367669e-02
2.459675565076999832e+06 1.505749750913223295e+01 3.038581277655574842e-02
2.459676058143999893e+06 1.504333060379867959e+01 3.038493500498099659e-02
2.459676551210999954e+06 1.504721062155044464e+01 3.039277197209357129e-02
2.459677054804999847e+06 1.505184023731880494e+01 3.038825974082060705e-02
2.459677547871999908e+06 1.507030354736627764e+01 3.038389465195530728e-02
2.459678040938999970e+06 1.504438365253764687e+01 3.038706198193399585e-02
2.459678544532000087e+06 1.506668123425020411e+01 3.039046847512882552e-02
2.459679037599999923e+06 1.509913263160548524e+01 3.038639096262573183e-02
2.459679530666999985e+06 1.500132430775886050e+01 3.038298990877852032e-02
2.459680034260000102e+06 1.509685208617348273e+01 3.038180145759947215e-02
2.459680527327000163e+06 1.500013611601220731e+01 3.038058340005251462e-02
2.459681020394000225e+06 1.502390400454710395e+01 3.038720920367136286e-02
2.459681523988000117e+06 1.506362861975871503e+01 3.038431115467929086e-02
2.459682017055000179e+06 1.505064804441802373e+01 3.038585281469337318e-02
2.459682510121999774e+06 1.509941077046894087e+01 3.038695070578800728e-02
2.459683013716000132e+06 1.506462758913853328e+01 3.038632614039332366e-02
2.459683506783000194e+06 1.508478761703619320e+01 3.038530940930303514e-02
2.459683999849999789e+06 1.509539216173248732e+01 3.039276678896263989e-02
2.459684503444000147e+06 1.510457117552122774e+01 3.038342398712514172e-02
2.459684996511000209e+06 1.507469034867312452e+01 3.039273907292847077e-02
2.459685489577999804e+06 1.501239559212978847e+01 3.039158624985901017e-02
2.459685993170999922e+06 1.507487084569154412e+01 3.039310298082026351e-02
2.459686486237999983e+06 1.511421514710423786e+01 3.038890249909160374e-02
2.459686979305999819e+06 1.505777488104132544e+01 3.038637250906735254e-02
2.459687482898999937e+06 1.505974436852300258e+01 3.039034690639649816e-02
2.459687975965999998e+06 1.505128571724623221e+01 3.038714021658096842e-02
2.459688469033000059e+06 1.506819389513965923e+01 3.039351960977220921e-02
2.459688972626999952e+06 1.509635152474559661e+01 3.038079409806302561e-02
2.459689465694000013e+06 1.507212197145532073e+01 3.038756085587617992e-02
2.459689958761000074e+06 1.505407238721966579e+01 3.039276624300893057e-02
2.459690462354999967e+06 1.505855154956926256e+01 3.038793981495367669e-02
2.459690955422000028e+06 1.509475262026113285e+01 3.039147914869583245e-02
2.459691448489000089e+06 1.505118867833390972e+01 3.038694430407949676e-02
2.459691952082000207e+06 1.510964984496245478e+01 3.039363992540833337e-02
2.459692445150000043e+06 1.509662961237869183e+01 3.038135373812628215e-02
2.459692938217000104e+06 1.511897677866252998e+01 3.038455122567342362e-02
2.459693441810000222e+06 1.509137462252229156e+01 3.038467795423925588e-02
2.459693934876999818e+06 1.505859315794232423e+01 3.038802378005033347e-02
2.459807647255999967e+06 1.505900924799630758e+01 3.038886344377737803e-02
2.459808150849000085e+06 1.507321868440470425e+01 3.038977198656858669e-02
2.459808643916000146e+06 1.507834236263819072e+01 3.038621439063265983e-02
2.459809136983000208e+06 1.510361129015483250e+01 3.038149314091128164e-02
2.459809640577000100e+06 1.507738414409526051e+01 3.038428336709053310e-02
2.459810133644000161e+06 1.511513394166525792e+01 3.039074984333408128e-02
2.459810626711000223e+06 1.504533977378819287e+01 3.038899318206645522e-02
2.459811130305000115e+06 1.504780657005683864e+01 3.039397568536093136e-02
2.459811623372000176e+06 1.510804953200894651e+01 3.039042083455077703e-02
2.459812116438999772e+06 1.502870639378022766e+01 3.038308052156773673e-02
2.459812620031999890e+06 1.505713693328881497e+01 3.038508513970485450e-02
2.459813113100000191e+06 1.503830192719233949e+01 3.038862873289751784e-02
2.459813606166999787e+06 1.507076160299041234e+01 3.038481815782794956e-02
2.459814109759999905e+06 1.507409333547023778e+01 3.039153540863562264e-02
2.459814602826999966e+06 1.507221914533001517e+01 3.038775677235273226e-02
2.459815095894000027e+06 1.501961498352054925e+01 3.039236784606041963e-02
2.459815599487999920e+06 1.501467720850254750e+01 3.038237620014587470e-02
2.459816092554999981e+06 1.507925897648925861e+01 3.038806157146475492e-02
2.459816585622000042e+06 1.502934313697447166e+01 3.038436780599763909e-02
2.459817089215999935e+06 1.506691714384323966e+01 3.039094432000393267e-02
2.459817582282999996e+06 1.512346132332209514e+01 3.039356379834466659e-02
2.459818075350000057e+06 1.507473200163939708e+01 3.039282305128598871e-02
2.459818578943999950e+06 1.506115922977164523e+01 3.039320207598759233e-02
2.459819072011000011e+06 1.504740464870545047e+01 3.039316387350485954e-02
2.459819565078000072e+06 1.506623717915424265e+01 3.038957278734030765e-02
2.459820068671000190e+06 1.502386249202358215e+01 3.038712524082544733e-02
2.459820561737999786e+06 1.506892946402400213e+01 3.038112430274611531e-02
2.459821054806000087e+06 1.510462682292042302e+01 3.038353592400199268e-02
2.459821558399000205e+06 1.504013034234388257e+01 3.039232350039712538e-02
2.459822051465999801e+06 1.508149519251990611e+01 3.039256804426506212e-02
2.459822544532999862e+06 1.509205572170648857e+01 3.038604926599079020e-02
2.459823048127000220e+06 1.506293492999748196e+01 3.038291193765912945e-02
2.459823541193999816e+06 1.504090610077999024e+01 3.039389111323103146e-02
2.459824034260999877e+06 1.505685957313105305e+01 3.038452543090727764e-02
2.459824537854999769e+06 1.512089856351842698e+01 3.038841342952846095e-02
2.459825030921999831e+06 1.511683246653790924e+01 3.039416492683295196e-02
2.459825523988999892e+06 1.502061103406347797e+01 3.039438336606723606e-02
2.459826027582000010e+06 1.507158058562215786e+01 3.038646934434363622e-02
2.459826520649999846e+06 1.508674674224543999e+01 3.038925567803189148e-02
2.459827013716999907e+06 1.512418566024475020e+01 3.038108960577776130e-02
2.459827517310000025e+06 1.502834650738613576e+01 3.038235295014516529e-02
2.459828010377000086e+06 1.507010922494386662e+01 3.038350287006501629e-02
2.459828503444000147e+06 1.509091594039296957e+01 3.038375445262780916e-02
2.459829007038000040e+06 1.501819019271166766e+01 3.038948476507501162e-02
2.459829500105000101e+06 1.504551991937713495e+01 3.038935704510686842e-02
2.459829993172000162e+06 1.513067838212581684e+01 3.039413202470102326e-02
2.459830496766000055e+06 1.505855154956926256e+01 3.038793981495367669e-02
2.459830989833000116e+06 1.507692588718784776e+01 3.038335987747212141e-02
2.459831482900000177e+06 1.507317703561987621e+01 3.038968801664146402e-02
2.459831986494000070e+06 1.505864863595193093e+01 3.038813573387346909e-02
2.459832479561000131e+06 1.509291756472832446e+01 3.038778448384340733e-02
2.459832972628000192e+06 1.507002594467270207e+01 3.038333496508701173e-02
2.459833476220999844e+06 1.509045727220473054e+01 3.038283097908506258e-02
2.459833969287999906e+06 1.504754324106221652e+01 3.039344380617824484e-02
2.459834462356000207e+06 1.508355113706260120e+01 3.038281876591249556e-02
2.459834965948999859e+06 1.503611366192410870e+01 3.038420679875047589e-02
2.459835459015999921e+06 1.503651528168935769e+01 3.038501837136001194e-02
2.459835952082999982e+06 1.503643218706471885e+01 3.038485045800715101e-02
2.459836455676999874e+06 1.510430685317480304e+01 3.038289229259191759e-02
2.459836948743999936e+06 1.506257422394638468e+01 3.038218437027356833e-02
2.459837441810999997e+06 1.501979482109329744e+01 3.039273174950732001e-02
2.459837945404999889e+06 1.502431913609115277e+01 3.038804884489059235e-02
2.459838438471999951e+06 1.509808965649756018e+01 3.038429201759577925e-02
2.459838931539000012e+06 1.503857894550253427e+01 3.038918851728152071e-02
2.459839435132000130e+06 1.508674674224543999e+01 3.038925567803189148e-02
2.459839928199999966e+06 1.507788407660700791e+01 3.038529084232338348e-02
2.459840421267000027e+06 1.509694941948963276e+01 3.038199733694370297e-02
2.459840924860000145e+06 1.506604290916518174e+01 3.038918093223389599e-02
2.459841417927000206e+06 1.510764600159031268e+01 3.038960911764345199e-02
2.459841910993999802e+06 1.509840949453804093e+01 3.038493567865763190e-02
2.459842414588000160e+06 1.504804218411601191e+01 3.039445158515087508e-02
2.459842907655000221e+06 1.508940099849036898e+01 3.039460215020645811e-02
2.459843400721999817e+06 1.503862049868917516e+01 3.038927248582848004e-02
2.459843904316000175e+06 1.506819389513965923e+01 3.039351960977220921e-02
2.459844397382999770e+06 1.507848123994314449e+01 3.038649425929864159e-02
2.459844890449999832e+06 1.502788974091199847e+01 3.039527071715773798e-02
2.459845394044000190e+06 1.504721062155044464e+01 3.039277197209357129e-02
2.459845887110999785e+06 1.502898323533249147e+01 3.038364020374886842e-02
2.459846380177999847e+06 1.508652441736744798e+01 3.038880784871014415e-02
2.459846883770999964e+06 1.505421104098885543e+01 3.039304617201998501e-02
2.459847376838000026e+06 1.507289937999523133e+01 3.038912822305653294e-02
2.459847869905999862e+06 1.509617077053104062e+01 3.039433442466105140e-02
2.459848373498999979e+06 1.511102764145479860e+01 3.038249364507878553e-02
2.459848866566000041e+06 1.507889787953276972e+01 3.038733388076295810e-02
2.459849359633000102e+06 1.507482919234163177e+01 3.039301900168928094e-02
2.459849863226999994e+06 1.511161219913445564e+01 3.038366896686422666e-02
2.459850356294000056e+06 1.513557066317703992e+01 3.039001914196680712e-02
2.459850849361000117e+06 1.507646764420849372e+01 3.038243641592186170e-02
2.459851352955000009e+06 1.508291209725600446e+01 3.039542342253189963e-02
2.459851846022000071e+06 1.510882879366499054e+01 3.039198834924664722e-02
2.459852339089000132e+06 1.506444721476642101e+01 3.038596231364315212e-02
2.459852842681999784e+06 1.508578798960982503e+01 3.038732446121799116e-02
2.459853335750000086e+06 1.500516585056724317e+01 3.039077039228695390e-02
2.459853828817000147e+06 1.503236111292284072e+01 3.039046915656293951e-02
2.459854332409999799e+06 1.504346915863197864e+01 3.038521486186344933e-02
2.459854825476999860e+06 1.505471020513206959e+01 3.039405393780796397e-02
2.459855318543999922e+06 1.513497123888969931e+01 3.038881558539323346e-02
2.459855822137999814e+06 1.506787469717304973e+01 3.039287576687205172e-02
2.459856315204999875e+06 1.504840254216591156e+01 3.039517944630164281e-02
2.459856808271999937e+06 1.507816182405401051e+01 3.038585056522050132e-02
2.459857311865999829e+06 1.505572244989897079e+01 3.039609756545832986e-02
2.459857804932999890e+06 1.510292966947187665e+01 3.039403234706303941e-02
2.459858297999999952e+06 1.513342399755538281e+01 3.038570895038002553e-02
2.459858801593999844e+06 1.510320787828004541e+01 3.039459223098621779e-02
2.459859294660999905e+06 1.507450985381586150e+01 3.039237516939387665e-02
2.459859787727999967e+06 1.505703985665242151e+01 3.038488924045289544e-02
2.459860291321000084e+06 1.504283181696526128e+01 3.038392754154660771e-02
2.459860784388000146e+06 1.510151088426389876e+01 3.039117709947541587e-02
2.459861277455999982e+06 1.503907759132019706e+01 3.039019615515815842e-02
2.459861781049000099e+06 1.504667013052510249e+01 3.039168027337948649e-02
2.459862274116000161e+06 1.504557534922306239e+01 3.038946900384195682e-02
2.459862767183000222e+06 1.507367682863322678e+01 3.039069567108038800e-02
2.459863270777000114e+06 1.505037080378885861e+01 3.038529309175471912e-02
2.459863763844000176e+06 1.508300934069743349e+01 3.039561938970045812e-02
2.459864256910999771e+06 1.506124246104339548e+01 3.039337003549341665e-02
2.459864760505000129e+06 1.506847146408527216e+01 3.039407948425021030e-02
2.459865253572000191e+06 1.504205595920730687e+01 3.039621468812747293e-02
2.459865746638999786e+06 1.503442420660335799e+01 3.039464005056912929e-02
2.459866250231999904e+06 1.507116414821407879e+01 3.038562974676708647e-02
2.459866743300000206e+06 1.509137462252229156e+01 3.038467795423925588e-02
2.459867236366999801e+06 1.508364838462407853e+01 3.039690720538291285e-02
2.459867739959999919e+06 1.507614827097449073e+01 3.039567845351070705e-02
2.459868233026999980e+06 1.504382940717079720e+01 3.038594250182070911e-02
2.459868726094000041e+06 1.508369006234235421e+01 3.039699119525741955e-02
2.459869229687999934e+06 1.507423217364001644e+01 3.039181532631020713e-02
2.459869722754999995e+06 1.506165862430133195e+01 3.039420984694498826e-02
2.459870215822000057e+06 1.509895184409171343e+01 3.038602713509943112e-02
2.459870719415999949e+06 1.502225742907540784e+01 3.039771486576795662e-02
2.459871212483000010e+06 1.506518260075283067e+01 3.038744563464062728e-02
2.459871705550000072e+06 1.507038682917148975e+01 3.039794289924957482e-02
2.459872209143999964e+06 1.510484941456728691e+01 3.039789575607075925e-02
2.459872702211000025e+06 1.505869024459325267e+01 3.038821969951147756e-02
2.459873195278000087e+06 1.507056727466165746e+01 3.039830686944946028e-02
2.459873698871000204e+06 1.510164997495979833e+01 3.039145701384984508e-02
2.459874191937999800e+06 1.507650930208562379e+01 3.039640634404138994e-02
2.459874685006000102e+06 1.509635152474559661e+01 3.039469835165481415e-02
2.459875188599000219e+06 1.511541237528644466e+01 3.039130966679062795e-02
2.459875681665999815e+06 1.508726088107447971e+01 3.039029130861525471e-02
2.459876174732999876e+06 1.507495415273669437e+01 3.039327093977847380e-02
2.459876678326999769e+06 1.512016045783454388e+01 3.038693006128931340e-02
2.459877171393999830e+06 1.508808076031798429e+01 3.039194279255554021e-02
2.459877664460999891e+06 1.515896673714853193e+01 3.039510927437851992e-02
2.459878168054999784e+06 1.507505134487119491e+01 3.039346689306941796e-02
2.459878661121999845e+06 1.509795059859324695e+01 3.039791789560632521e-02
2.459879154188999906e+06 1.503967321771590449e+01 3.039139976640963317e-02
2.459987411249999888e+06 1.514191486338541281e+01 3.048643468487290467e-02
2.459987904316999950e+06 1.514727115861635909e+01 3.048326779242822165e-02
2.459988407910000067e+06 1.520110643986440557e+01 3.047960321720774579e-02
2.459988900977000128e+06 1.514608535708777914e+01 3.048088141502956067e-02
2.459989394044000190e+06 1.509027658856424559e+01 3.047975780276531224e-02
2.459989897638000082e+06 1.515796151192736652e+01 3.047685969715719506e-02
2.459990390705000143e+06 1.513601676177507471e+01 3.047455956266210964e-02
2.459990883772000205e+06 1.511715270162626013e+01 3.046442585796123662e-02
2.459991387366000097e+06 1.507806461186557456e+01 3.046897912536924644e-02
2.459991880433000159e+06 1.512450605110321078e+01 3.046531430821300401e-02
2.459992373500000220e+06 1.517222239562627806e+01 3.046361047694226554e-02
2.459992877094000112e+06 1.511445180096907670e+01 3.045898294225849595e-02
2.459993370161000174e+06 1.513743878880627847e+01 3.046348054766206612e-02
2.459993863227999769e+06 1.508482929790228866e+01 3.045486157327501747e-02
2.459994366820999887e+06 1.514589005750490713e+01 3.045258862202057312e-02
2.459994859887999948e+06 1.517852603885342688e+01 3.044830739524552812e-02
2.459995352955999784e+06 1.509799231583005508e+01 3.045362494753839355e-02
2.459995856548999902e+06 1.516833808388913596e+01 3.044184078963951476e-02
2.459996349615999963e+06 1.501727729101204822e+01 3.044296319185632593e-02
2.459996842683000024e+06 1.514877795800629556e+01 3.044444254461731864e-02
2.459997346276999917e+06 1.519973442961451049e+01 3.044885326613588905e-02
2.459997839343999978e+06 1.509447456720318570e+01 3.044652942151735570e-02
2.459998332411000039e+06 1.508972065247024652e+01 3.043694046867640585e-02
2.459998836004999932e+06 1.508976234696684138e+01 3.043702456916706767e-02
2.459999329071999993e+06 1.514759203851818370e+01 3.044205920664652676e-02
2.459999822139000054e+06 1.507327421629684139e+01 3.043153294264804368e-02
2.460000325732000172e+06 1.510576763978453663e+01 3.042756949932264379e-02
2.460000818800000008e+06 1.515161058845098019e+01 3.043618012238359996e-02
2.460001311867000069e+06 1.511993764055747747e+01 3.042826019786066399e-02
2.460001815460000187e+06 1.512382348744701588e+01 3.042215075064436114e-02
2.460002308526999783e+06 1.508510717328617368e+01 3.042763478340143254e-02
2.460002801593999844e+06 1.511299017456706117e+01 3.042819828317623598e-02
2.460003305188000202e+06 1.505791356891190169e+01 3.042825893196811696e-02
2.460003798254999798e+06 1.516029317798997411e+01 3.042569520116466739e-02
2.460004291321999859e+06 1.509315388512197487e+01 3.041606290360707177e-02
2.460004794916000217e+06 1.507244125939617341e+01 3.041596904903225498e-02
2.460005287982999813e+06 1.511093021737329067e+01 3.042405080572651785e-02
2.460005781049999874e+06 1.510215071207246673e+01 3.042028391662619097e-02
2.460006284644000232e+06 1.513300585137424470e+01 3.041274540076201183e-02
2.460006777710999828e+06 1.507989786151874512e+01 3.041712726534993166e-02
2.460007270777999889e+06 1.508149519251990611e+01 3.042034918507334831e-02
2.460007774371000007e+06 1.507843957661735601e+01 3.041418581058398518e-02
2.460008267438000068e+06 1.509863199456233929e+01 3.041319615888087372e-02
2.460008760505999904e+06 1.500520731143001818e+01 3.041849497854297660e-02
2.460009264099000022e+06 1.510896795176163643e+01 3.042010001859398946e-02
2.460009757166000083e+06 1.510106580264568343e+01 3.041809858200625327e-02
2.460010250233000144e+06 1.513849842521576683e+01 3.040984073359774900e-02
2.460010753827000037e+06 1.509849293166293194e+01 3.041291604428243700e-02
2.460011246894000098e+06 1.505887055003420016e+01 3.041632301796716453e-02
2.460011739961000159e+06 1.508017564606137029e+01 3.040379821964408688e-02
2.460012243555000052e+06 1.510823042845402142e+01 3.040469990915153908e-02
2.460012736622000113e+06 1.509758905403594831e+01 3.041109536227740162e-02
2.460013229689000174e+06 1.509315388512197487e+01 3.040216159515022470e-02
2.460013733281999826e+06 1.510274883649475441e+01 3.040757857377725595e-02
2.460014226350000128e+06 1.505385054384521659e+01 3.040618347069574262e-02
2.460014719417000189e+06 1.513794071259643204e+01 3.040872041429971279e-02
2.460015223009999841e+06 1.508291209725600446e+01 3.040931529795353264e-02
2.460015716076999903e+06 1.507112250510613549e+01 3.039942680509135145e-02
2.460016209143999964e+06 1.513031605384943390e+01 3.040733972471159133e-02
2.460016712737999856e+06 1.508931761160926399e+01 3.040833195901019442e-02
2.460017205804999918e+06 1.506829104368902783e+01 3.040759397360002364e-02
2.460017698871999979e+06 1.502509407899732352e+01 3.040345486029990760e-02
2.460018202465999871e+06 1.512158099516786436e+01 3.040371240066109398e-02
2.460018695532999933e+06 1.508538505378875882e+01 3.040040698011241618e-02
2.460019188599999994e+06 1.510292966947187665e+01 3.040794265935002974e-02
2.460019692193999887e+06 1.502281087968657580e+01 3.039883477959915564e-02
2.460020185260999948e+06 1.509451627483534963e+01 3.040490585871083104e-02
2.460020678328000009e+06 1.511381145200430254e+01 3.040201115751754030e-02
2.460021181921000127e+06 1.505576405045493082e+01 3.039618155309571634e-02
2.460021674988000188e+06 1.506353150126900964e+01 3.039798928565044800e-02
2.460022168056000024e+06 1.501896481949162165e+01 3.040488520929135463e-02
2.460022671649000142e+06 1.508067567113311824e+01 3.040480634194604043e-02
2.460023164716000203e+06 1.505978598019194870e+01 3.040430145362487194e-02
2.460023657782999799e+06 1.505598592202805541e+01 3.041049656657892827e-02
2.460024161377000157e+06 1.513460880781400064e+01 3.040202736648696391e-02
2.460024654444000218e+06 1.505041238955770666e+01 3.041310093370759929e-02
2.460025147510999814e+06 1.509457188519085413e+01 3.043282310369634092e-02
2.460025651105000172e+06 1.517858195871290938e+01 3.046239956178248970e-02
2.460026144171999767e+06 1.523786073284506060e+01 3.056733351130155873e-02
2.460026637238999829e+06 1.544215829422302377e+01 3.086337487099724206e-02
2.460027140831999946e+06 1.540966509113899008e+01 3.079843253013824292e-02
2.460027633899999782e+06 1.514520652879600071e+01 3.052096056093825047e-02
2.460028126966999844e+06 1.507971730430994484e+01 3.044454093562352914e-02
2.460028630559999961e+06 1.504969158583044120e+01 3.041164437052890773e-02
2.460029123627000023e+06 1.510910711113998950e+01 3.040646419743854925e-02
2.460029616694000084e+06 1.504456378667845939e+01 3.040128237717348858e-02
2.460030120287999976e+06 1.510914885920342243e+01 3.040654821372003672e-02
2.460030613355000038e+06 1.505096687745505157e+01 3.040035896160604018e-02
2.460031106422000099e+06 1.514841519630669531e+01 3.040185688576683976e-02
2.460031610015999991e+06 1.507692588718784776e+01 3.039724623939053100e-02
2.460032103083000053e+06 1.506892946402400213e+01 3.039500329968661263e-02
2.460032596150000114e+06 1.509145802077089016e+01 3.039874561314688875e-02
2.460033099744000006e+06 1.511843370981957690e+01 3.039738441428170915e-02
2.460033592811000068e+06 1.508899796616717204e+01 3.039379032161773284e-02
2.460034085878000129e+06 1.507862011852720308e+01 3.040066205290544929e-02
2.460034589470999781e+06 1.507102533830171964e+01 3.039923081337556759e-02
2.460035082537999842e+06 1.506536298393014306e+01 3.038780947915145636e-02
2.460035575606000144e+06 1.503186268980122797e+01 3.038946150963438633e-02
2.460036079198999796e+06 1.510782689320370942e+01 3.038997298805868469e-02
2.460036572265999857e+06 1.506745836216103918e+01 3.039203599228195926e-02
2.460037065332999919e+06 1.505138275678419824e+01 3.038733613034555123e-02
2.460037568926999811e+06 1.508081456992873726e+01 3.039119643832343884e-02
2.460038061993999872e+06 1.507660650424657334e+01 3.039660231754709452e-02
2.460038555060999934e+06 1.506215803538983877e+01 3.039521765131783515e-02
2.460039058654999826e+06 1.503369032204528111e+01 3.039315637838622269e-02
2.460039551721999887e+06 1.505827416335354663e+01 3.038738005357151384e-02
2.460040044788999949e+06 1.507880066259883201e+01 3.038713796701289493e-02
2.460040548382000066e+06 1.508355113706260120e+01 3.039671122991154106e-02
2.460041041449999902e+06 1.508035620875807581e+01 3.039027273859139580e-02
2.460041534516999964e+06 1.507838402569536385e+01 3.038629835096178303e-02
2.460042038110000081e+06 1.503702770868848759e+01 3.038605385754087479e-02
2.460042531177000143e+06 1.508903965866690733e+01 3.039387430287995850e-02
2.460043024244000204e+06 1.505690117682900464e+01 3.039847730504821252e-02
2.460043527838000096e+06 1.505001039860584200e+01 3.039842703918591016e-02
2.460044020905000158e+06 1.506312915991052037e+01 3.039717736659258707e-02
2.460044513972000219e+06 1.510452944010638454e+01 3.039725182046835311e-02
2.460045017566000111e+06 1.508867832749635163e+01 3.039314647298303057e-02
2.460045510633000173e+06 1.508720529765371410e+01 3.039017934685080136e-02
2.460046003699999768e+06 1.503899448253575066e+01 3.039002821319189071e-02
2.460046507294000126e+06 1.509799231583005508e+01 3.039800188827347996e-02
2.460047000361000188e+06 1.508560736187639151e+01 3.038696062251454791e-02
2.460047493427999783e+06 1.505247796065839339e+01 3.038954724468595492e-02
2.460047997020999901e+06 1.504506263094013008e+01 3.038843340128072334e-02
2.460048490087999962e+06 1.507848123994314449e+01 3.038649425929864159e-02
2.460048983155999798e+06 1.507830069969613440e+01 3.038613043053552121e-02
2.460049486748999916e+06 1.505905085763403761e+01 3.038894741142611489e-02
2.460049979815999977e+06 1.510640764794534086e+01 3.038711812181153077e-02
2.460050472883000039e+06 1.504766797527473265e+01 3.039369574778878064e-02
2.460050976476999931e+06 1.511559335989062625e+01 3.039167355756740643e-02
2.460051469543999992e+06 1.506416971994953080e+01 3.038540258868756283e-02
2.460051962611000054e+06 1.508630209576568504e+01 3.038836002598771513e-02
2.460052466204999946e+06 1.507714807061563000e+01 3.038380762650901012e-02
2.460052959272000007e+06 1.508067567113311824e+01 3.039091652634898222e-02
2.460053452339000069e+06 1.504428665812442922e+01 3.038686606993690892e-02
2.460053955932000186e+06 1.510343044901641463e+01 3.039504014555038935e-02
2.460054449000000022e+06 1.515860373146227502e+01 3.039438141490813025e-02
2.460054942067000084e+06 1.508300934069743349e+01 3.039561938970045812e-02
2.460055445660000201e+06 1.503364878248120284e+01 3.039307239910769148e-02
2.460055938726999797e+06 1.506133956477506786e+01 3.039356598942325599e-02
2.460056431793999858e+06 1.501751242705290146e+01 3.038811329828060293e-02
2.460056935388000216e+06 1.507423217364001644e+01 3.039181532631020713e-02
2.460057428454999812e+06 1.507062279678561545e+01 3.038453830459935875e-02
2.460057921521999873e+06 1.504694730298466609e+01 3.039224011397535091e-02
2.460058425116000231e+06 1.505882894089467783e+01 3.038849958664712955e-02
2.460058918182999827e+06 1.508107848116490679e+01 3.039172827817755024e-02
