2.458346727899000049e+06 4.495156330214078011e+00 1.584037452562464879e-02
2.458347220966000110e+06 4.473015468042083498e+00 1.584062905819115519e-02
2.458347714033000171e+06 4.457888481776380196e+00 1.584043498533293376e-02
2.458348217627000064e+06 4.471520230794672202e+00 1.583945228340931030e-02
2.458348710694000125e+06 4.448532830076135092e+00 1.583996908798446235e-02
2.458349203761000186e+06 4.477491808634500359e+00 1.583998577333648253e-02
2.458349707355000079e+06 4.449876931141701242e+00 1.584065656417349074e-02
2.458350200422000140e+06 4.455052230301497218e+00 1.583856330257924980e-02
2.458350693489000201e+06 4.478485784234459643e+00 1.583937731476072960e-02
2.458351197081999853e+06 4.464454488062946425e+00 1.583909481203077396e-02
2.458351690150000155e+06 4.466494463603764231e+00 1.584221849097301044e-02
2.458352183217000216e+06 4.481324572004365514e+00 1.584116255125181741e-02
2.458352686809999868e+06 4.449528573288218602e+00 1.583941648108718597e-02
2.458353179876999930e+06 4.469333883218196135e+00 1.583994040841148199e-02
2.458353672943999991e+06 4.457888481776380196e+00 1.584043498533293376e-02
2.458354176537999883e+06 4.478786907519927141e+00 1.584044231877471468e-02
2.458354669604999945e+06 4.458036295439830710e+00 1.584096021891277795e-02
2.458355162672000006e+06 4.458783650653415975e+00 1.583950914154266462e-02
2.458355666265999898e+06 4.488288862752809472e+00 1.584097762117109287e-02
2.458356159332999960e+06 4.450872975212419647e+00 1.584010287291842331e-02
2.458356652400000021e+06 4.470676033916647363e+00 1.584057953221585172e-02
2.458357155993999913e+06 4.461720902122409349e+00 1.584172472310024435e-02
2.458357649060999975e+06 4.437635222739349850e+00 1.584203791672346776e-02
2.458358142128000036e+06 4.467041631642366895e+00 1.584004494503741395e-02
2.458358645721000154e+06 4.444351503987808094e+00 1.584145416267517675e-02
2.458359138788000215e+06 4.455848332843292958e+00 1.584139359947629028e-02
2.458359631856000051e+06 4.466646676554153927e+00 1.583864444178169004e-02
2.458360135449000169e+06 4.455548751792165696e+00 1.584032853150463618e-02
2.458360628516000230e+06 4.474107348152610797e+00 1.584037501091709391e-02
2.458361121582999825e+06 4.468934609416967518e+00 1.583852532657079731e-02
2.458361625177000184e+06 4.451221438320416723e+00 1.584134300974300233e-02
2.458362118243999779e+06 4.461918157529805029e+00 1.583831551693598572e-02
2.458362611310999840e+06 4.473959001626463206e+00 1.583984979674074589e-02
2.458363114905000199e+06 4.455597996608951838e+00 1.584050360625296333e-02
2.458363607971999794e+06 4.469181578694040091e+00 1.583940062001133395e-02
2.458364101038999856e+06 4.464006311875154509e+00 1.584161626394930272e-02
2.458364604631999973e+06 4.440570812283533009e+00 1.584024800923481899e-02
2.458365097699999809e+06 4.492917044292825679e+00 1.584075981825101495e-02
2.458365590766999871e+06 4.447238287423426861e+00 1.583945564502704448e-02
2.458366094359999988e+06 4.483760430732417923e+00 1.584151374607715990e-02
2.458366587427000050e+06 4.464158440032220732e+00 1.584215612785602745e-02
2.458367080494000111e+06 4.440472655363703502e+00 1.583989786732296554e-02
2.458367584088000003e+06 4.485404351017807656e+00 1.583905943859842055e-02
2.458368077155000065e+06 4.481819893671850075e+00 1.583878556932696510e-02
2.458368570222000126e+06 4.478139311258629185e+00 1.584227643801946681e-02
2.458369073816000018e+06 4.461322308436826312e+00 1.584030948185546558e-02
2.458369566883000080e+06 4.443905345891779213e+00 1.583986387598853435e-02
2.458370059950000141e+06 4.456394196677313957e+00 1.583922975913730144e-02
2.458370563544000033e+06 4.483066695482739838e+00 1.583906271938568741e-02
2.458371056611000095e+06 4.453907569305801672e+00 1.583859601414009180e-02
2.458371549678000156e+06 4.477590783864993540e+00 1.584033591719155240e-02
2.458372053270999808e+06 4.449180242705854660e+00 1.584227434152167199e-02
2.458372546337999869e+06 4.462814135588214270e+00 1.584149593905139278e-02
2.458373039406000171e+06 4.485206057317350670e+00 1.583835921505957062e-02
2.458373542998999823e+06 4.451865141912757728e+00 1.583953355137503530e-02
2.458374036065999884e+06 4.476893879820298849e+00 1.584199385715547720e-02
2.458374529132999945e+06 4.465700572035177451e+00 1.583940263531927878e-02
2.458375032726999838e+06 4.474057898764026930e+00 1.584019993758999795e-02
2.458375525793999899e+06 4.472368706284124862e+00 1.583833863170592757e-02
2.458376018860999960e+06 4.445944121488347278e+00 1.583894115951296061e-02
2.458376522454999853e+06 4.442411656328389746e+00 1.583863137867645710e-02
2.458377015521999914e+06 4.448979452761162356e+00 1.584155938523415172e-02
2.458377508588999975e+06 4.498987639620732004e+00 1.584144442351135759e-02
2.458378012182000093e+06 4.452660674932797491e+00 1.583826296961449512e-02
2.458378505249999929e+06 4.476745440902039519e+00 1.584146858930362417e-02
2.458378998316999990e+06 4.468535371285401681e+00 1.584122604432173023e-02
2.458379501910000108e+06 4.454006023205226761e+00 1.583894612727440240e-02
2.458379994977000169e+06 4.451516628412519161e+00 1.583829355620353097e-02
2.458380488044000231e+06 4.441069810175483745e+00 1.584202801696326518e-02
2.458380991638000123e+06 4.452861631017239752e+00 1.583897777712917412e-02
2.458381484705000184e+06 4.467490112569419303e+00 1.584163524990298347e-02
2.458381977771999780e+06 4.469580874560564077e+00 1.584081578005449090e-02
2.458382481366000138e+06 4.469383280394741753e+00 1.584011547887013982e-02
2.458382974433000199e+06 4.476646484357505784e+00 1.584111842041137017e-02
2.458383467499999795e+06 4.486152162372917473e+00 1.584170014333215193e-02
2.458383971094000153e+06 4.474210369467529702e+00 1.584073975323001607e-02
2.458384464161000215e+06 4.471470809999807727e+00 1.583927722028051488e-02
2.458384957227999810e+06 4.475603450509434644e+00 1.584154971063101228e-02
2.458385460820999928e+06 4.474605993361483236e+00 1.584214044175978262e-02
2.458385953887999989e+06 4.482418480398815852e+00 1.584090097936976041e-02
2.458386446955999825e+06 4.451221438320416723e+00 1.584134300974300233e-02
2.458386950548999943e+06 4.472467568268112537e+00 1.583868873915078232e-02
2.458387443616000004e+06 4.450573728670628171e+00 1.583903789172647764e-02
2.458387936683000065e+06 4.450622918501123237e+00 1.583921295221004180e-02
2.458388440276999958e+06 4.466992260346536625e+00 1.583986987535831656e-02
2.458388933344000019e+06 4.473015468042083498e+00 1.584062905819115519e-02
2.458389426411000080e+06 4.485453925812694642e+00 1.583923449932013103e-02
2.458389930004999973e+06 4.496502094016195272e+00 1.584097539921624706e-02
2.458390423072000034e+06 4.458832931223823515e+00 1.583968420723470480e-02
2.458390916139000095e+06 4.438877909481644402e+00 1.583829750354756594e-02
2.458391419732000213e+06 4.491924002966062979e+00 1.584139584917739971e-02
2.458391912800000049e+06 4.460825143547305416e+00 1.583854425505295052e-02
2.458392405867000110e+06 4.475900257534894067e+00 1.583847781264688045e-02
2.458392909460000228e+06 4.470227233162372471e+00 1.583898933333132558e-02
2.458393402526999824e+06 4.450422063448992382e+00 1.583849813408200191e-02
2.458393895593999885e+06 4.465749929054647183e+00 1.583957769983416336e-02
2.458394399187999777e+06 4.478386789220380138e+00 1.583902719209520638e-02
2.458394892254999839e+06 4.468136168820283416e+00 1.583981084762707547e-02
2.458395385321999900e+06 4.468185552759112333e+00 1.583998591665371214e-02
2.458395888915999793e+06 4.455996078859944198e+00 1.584191886484164966e-02
2.458396381982999854e+06 4.474457630301918343e+00 1.584161516904761952e-02
2.458396875049999915e+06 4.466046082627593172e+00 1.584062812755722763e-02
2.458397378643999808e+06 4.481275042848516854e+00 1.584098746922054865e-02
2.458397871710999869e+06 4.468436596220932699e+00 1.584087588079077791e-02
2.458398364777999930e+06 4.466445098355424470e+00 1.584204339727112928e-02
2.458398868371000048e+06 4.485503501155520212e+00 1.583940956197675207e-02
2.458399361438000109e+06 4.463011439328130159e+00 1.584219630126672620e-02
2.458399854505999945e+06 4.450922168350327723e+00 1.584027794517265872e-02
2.458400358099000063e+06 4.450872975212419647e+00 1.584010287291842331e-02
2.458400851166000124e+06 4.456344943060647878e+00 1.583905469846797961e-02
2.458401344233000185e+06 4.460825143547305416e+00 1.583854425505295052e-02
2.458401847827000078e+06 4.470128420700034688e+00 1.583863921924196644e-02
2.458402340894000139e+06 4.489533329157548103e+00 1.584123483091742085e-02
2.458402833961000200e+06 4.471273132282478358e+00 1.583857698711382475e-02
2.458403337555000093e+06 4.495856077117197813e+00 1.583869951062762821e-02
2.458403830622000154e+06 4.479232442118800783e+00 1.584201807249110971e-02
2.458404323689000215e+06 4.490927044826444892e+00 1.584201623406028200e-02
2.458404827281999867e+06 4.505605881053686090e+00 1.583984910203221561e-02
2.458405320350000169e+06 4.485007772383189817e+00 1.584178986729211508e-02
2.458405813417000230e+06 4.449278592107435593e+00 1.583852659894132570e-02
2.458406317009999882e+06 4.456344943060647878e+00 1.583905469846797961e-02
2.458406810076999944e+06 4.469230974187245131e+00 1.583957568450399672e-02
2.458407303144000005e+06 4.464952057447735712e+00 1.584086010019359822e-02
2.458407806737999897e+06 4.471273132282478358e+00 1.583857698711382475e-02
2.458408299804999959e+06 4.455150709503723050e+00 1.583891341499046521e-02
2.458408792872000020e+06 4.450073662919904471e+00 1.584135688927955365e-02
2.458409296465999912e+06 4.491924002966062979e+00 1.584139584917739971e-02
2.458409789532999974e+06 4.484908633203350092e+00 1.584143969129815296e-02
2.458410282600000035e+06 4.463611625155841089e+00 1.584021562176490122e-02
2.458410786193999927e+06 4.465301622820565086e+00 1.584210029630222713e-02
2.458411279260999989e+06 4.478040323903188735e+00 1.584192625127007342e-02
2.458411772328000050e+06 4.458237494135105727e+00 1.584167514815891520e-02
2.458412275921000168e+06 4.457440964734665556e+00 1.583884480095907807e-02
2.458412768988000229e+06 4.457141276605775637e+00 1.584188508317577529e-02
2.458413262056000065e+06 4.443258700827010799e+00 1.584165136570441987e-02
2.458413765649000183e+06 4.462066104808352307e+00 1.583884068023902469e-02
2.458414258715999778e+06 4.452861631017239752e+00 1.583897777712917412e-02
2.458414751782999840e+06 4.471421389751174758e+00 1.583910215908663696e-02
2.458415255377000198e+06 4.480528044476389304e+00 1.584247360211837527e-02
2.458415748443999793e+06 4.463311522153539102e+00 1.583915063299248457e-02
2.458416241510999855e+06 4.486995148928077271e+00 1.584054425971056362e-02
2.458416745105000213e+06 4.480627086823047556e+00 1.583869699091204966e-02
2.458417238171999808e+06 4.463212862560038907e+00 1.583880051533767194e-02
2.458417731238999870e+06 4.500135596699081475e+00 1.584134173218939776e-02
2.458418234831999987e+06 4.471722038042686975e+00 1.584016714459977535e-02
2.458526481366999913e+06 4.504066562189084522e+00 1.585932788442361713e-02
2.458526984960000031e+06 4.457888481776380196e+00 1.585685845343592221e-02
2.458527478027000092e+06 4.471223714218647949e+00 1.585899267980276847e-02
2.458527971094000153e+06 4.476794919994586230e+00 1.585813679864787537e-02
2.458528474688000046e+06 4.484359276635288438e+00 1.586015051060732720e-02
2.458528967755000107e+06 4.483562209707467439e+00 1.586146098105184130e-02
2.458529460822000168e+06 4.495355063822181307e+00 1.586177671337695924e-02
2.458529964416000061e+06 4.491423427857113460e+00 1.586031427057396290e-02
2.458530457483000122e+06 4.460973054583941000e+00 1.586372167407419306e-02
2.458530950550000183e+06 4.505406694270724266e+00 1.586404664108444912e-02
2.458531454144000076e+06 4.485904255292660459e+00 1.586148307535249768e-02
2.458531947211000137e+06 4.478786907519927141e+00 1.586519300989780099e-02
2.458532440278000198e+06 4.433901081947104750e+00 1.586546126754784930e-02
2.458532943870999850e+06 4.470527801161473747e+00 1.586475936087291053e-02
2.458533436937999912e+06 4.491526847894078855e+00 1.586481632111643933e-02
2.458533930006000213e+06 4.497645274398991866e+00 1.586571519440635111e-02
2.458534433598999865e+06 4.493715774279820607e+00 1.586840910626806725e-02
2.458534926665999927e+06 4.488288862752809472e+00 1.586991468885068368e-02
2.458535419732999988e+06 4.469930802327919395e+00 1.586675772317043195e-02
2.458535923326999880e+06 4.483215343999736646e+00 1.586849226495961815e-02
2.458536416393999942e+06 4.471026047425077365e+00 1.587064547655467339e-02
2.458536909461000003e+06 4.494262137695595349e+00 1.587033844907426508e-02
2.458537413054999895e+06 4.478786907519927141e+00 1.587344324027216078e-02
2.458537906121999957e+06 4.448680333526991326e+00 1.587327339417850605e-02
2.458538399189000018e+06 4.460377331700970949e+00 1.587392769455632860e-02
2.458538902782000136e+06 4.476201206975376934e+00 1.587664735920109316e-02
2.458539395849999972e+06 4.514266561327808347e+00 1.587445426947804369e-02
2.458539888917000033e+06 4.457042753402914670e+00 1.587848069780726373e-02
2.458540392510000151e+06 4.497098499698322982e+00 1.588035433679247863e-02
2.458540885577000212e+06 4.474507084108522825e+00 1.587888081793382977e-02
2.458541378643999808e+06 4.489731814169339863e+00 1.587915194395766311e-02
2.458541882238000166e+06 4.482220318699685180e+00 1.588148344917626742e-02
2.458542375305000227e+06 4.486648017634908392e+00 1.588477468486983527e-02
2.458542868371999823e+06 4.479484106246299113e+00 1.588416572411359071e-02
2.458543371966000181e+06 4.525510740988736735e+00 1.588481747069505484e-02
2.458543865032999776e+06 4.518692621617295124e+00 1.588585667598285331e-02
2.458544358099999838e+06 4.517202917875427381e+00 1.588894048827387342e-02
2.458544861694000196e+06 4.474057898764026930e+00 1.588964905289984991e-02
2.458545354760999791e+06 4.512026066995287188e+00 1.589150993084334496e-02
2.458545847827999853e+06 4.477293864736910933e+00 1.589289412941707891e-02
2.458546351420999970e+06 4.505157723175098106e+00 1.589636521453999599e-02
2.458546844488000032e+06 4.507697874021716622e+00 1.589702460320384717e-02
2.458547337555999868e+06 4.493715774279820607e+00 1.590152002772089734e-02
2.458547841148999985e+06 4.504958556204593734e+00 1.589981167775620166e-02
2.458548334216000047e+06 4.525260658933142999e+00 1.590477926296634051e-02
2.458548827283000108e+06 4.474358724328459935e+00 1.590720158379110502e-02
2.458549330877000000e+06 4.482517564533673671e+00 1.590730796344380291e-02
2.458549823944000062e+06 4.531233056769755407e+00 1.590907656639694093e-02
2.458550317011000123e+06 4.491775065698885072e+00 1.591120092244355244e-02
2.458550820605000015e+06 4.506253298917943795e+00 1.591683258384123806e-02
2.458551313672000077e+06 4.524764703740539851e+00 1.591970599537976400e-02
2.458551806739000138e+06 4.499037364544502537e+00 1.592035107499306656e-02
2.458552310331999790e+06 4.506502330558995517e+00 1.592601348889060783e-02
2.458552803400000092e+06 4.519491771259394497e+00 1.592612960778120798e-02
2.458553296467000153e+06 4.507299324297264320e+00 1.592883007081938307e-02
2.458553800059999805e+06 4.517598182443471444e+00 1.593193942024758933e-02
2.458554293126999866e+06 4.546956506285312116e+00 1.593915390044224265e-02
2.458554786193999927e+06 4.508345592487857267e+00 1.594083227004159872e-02
2.458555289787999820e+06 4.506452523129813592e+00 1.594659044986139473e-02
2.458555782854999881e+06 4.549545366259223123e+00 1.594822903399450639e-02
2.458556275921999943e+06 4.533620881874172781e+00 1.595086512991190572e-02
2.458556779515999835e+06 4.524218799112769140e+00 1.595528794737199538e-02
2.458557272582999896e+06 4.539044076597665622e+00 1.596158459900535662e-02
2.458557765649999958e+06 4.502822214527113509e+00 1.596692221366175987e-02
2.458558269243999850e+06 4.552429196724832927e+00 1.597091700021902039e-02
2.458558762310999911e+06 4.521877573856668775e+00 1.597618491241005467e-02
2.458559255377999973e+06 4.542030016755408184e+00 1.598045140980710113e-02
2.458559758971000090e+06 4.531729720952434981e+00 1.599012401436527425e-02
2.458560252038000152e+06 4.558353482602800710e+00 1.599589908912138134e-02
2.458560745105999988e+06 4.553079149164950046e+00 1.600255196158259854e-02
2.458561248699000105e+06 4.578457635378086366e+00 1.600741055491185227e-02
2.458561741766000167e+06 4.529989548306327052e+00 1.601318976949175563e-02
2.458562234833000228e+06 4.598658926502205091e+00 1.602297744398542209e-02
2.458562738427000120e+06 4.549645934238003342e+00 1.602819876706341670e-02
2.458563231494000182e+06 4.573033680695058223e+00 1.603899011543613584e-02
2.458563724560999777e+06 4.574874660056989839e+00 1.604544697795901725e-02
2.458564228155000135e+06 4.554421280017493245e+00 1.605341165030947301e-02
2.458564721222000197e+06 4.598358214315448222e+00 1.606428212531051114e-02
2.458565214288999792e+06 4.568104181544081044e+00 1.607639682750409971e-02
2.458565717881999910e+06 4.615525981288244317e+00 1.608599790322497863e-02
2.458566210950000212e+06 4.594975498848683060e+00 1.609478595771280870e-02
2.458566704016999807e+06 4.593084126627425157e+00 1.610931299660731467e-02
2.458567207609999925e+06 4.618464396304515773e+00 1.612176142352505712e-02
2.458567700676999986e+06 4.657426393684481525e+00 1.613336700929994538e-02
2.458568193744000047e+06 4.635779813337017607e+00 1.614804699079399122e-02
2.458568697337999940e+06 4.614284839686957795e+00 1.616242063995527653e-02
2.458569190405000001e+06 4.665833102914098696e+00 1.617538009914757866e-02
2.458569683472000062e+06 4.650058322685672429e+00 1.619350118474796249e-02
2.458570187065999955e+06 4.669465811830977309e+00 1.620947755786733557e-02
2.458570680133000016e+06 4.629311448365321269e+00 1.622784548886204922e-02
2.458571173200000077e+06 4.698127514171295260e+00 1.624839324543222649e-02
2.458571676793999970e+06 4.700815433845542124e+00 1.627067820247087016e-02
2.458572169861000031e+06 4.736195272834984316e+00 1.628844379625852754e-02
2.458572662928000093e+06 4.699274344989603058e+00 1.631295422280906390e-02
2.458573166521000210e+06 4.736443924593937815e+00 1.633728563150918175e-02
2.458573659587999806e+06 4.778293256134160671e+00 1.636280916897718193e-02
2.458574152656000108e+06 4.755997306615672215e+00 1.639158926759791413e-02
2.458574656249000225e+06 4.786750595646783069e+00 1.642263184247081537e-02
2.458575149315999821e+06 4.818048861331202026e+00 1.645013498737805252e-02
2.458575642382999882e+06 4.805657330348085843e+00 1.648307187306427210e-02
2.458576145976999775e+06 4.841982327503162153e+00 1.652293111787280291e-02
2.458576639043999836e+06 4.885574047587123658e+00 1.655919035980364662e-02
2.458577132110999897e+06 4.907718000139702497e+00 1.659808378640885082e-02
2.458577635704999790e+06 4.925382919691343453e+00 1.664421786171649958e-02
2.458578128771999851e+06 4.912742485184680596e+00 1.668747362937695114e-02
2.458578621838999912e+06 4.959766147162004479e+00 1.673756763711302387e-02
2.458579125432000030e+06 4.947078479695607989e+00 1.679043594363644615e-02
2.458579618499999866e+06 5.020424034190985374e+00 1.684516430087372105e-02
2.458580111566999927e+06 5.062119579164361838e+00 1.690580595324164478e-02
2.458580615160000045e+06 5.094913323134132810e+00 1.697309291982342094e-02
2.458581108227000106e+06 5.126460317848750670e+00 1.704041479508157028e-02
2.458581601294000167e+06 5.168408118529127293e+00 1.711796614387661036e-02
2.458582104888000060e+06 5.223591421731443418e+00 1.719970214758567012e-02
2.458582597955000121e+06 5.275990440713925977e+00 1.728476762161588673e-02
2.458583091022000182e+06 5.320425912835542448e+00 1.738134054121526217e-02
2.458583594616000075e+06 5.400788870208284465e+00 1.748470097578734908e-02
2.458584087683000136e+06 5.436813054648744981e+00 1.759131193864522588e-02
2.458584580750000197e+06 5.536182523172677783e+00 1.770887055135272545e-02
2.458585084344000090e+06 5.603709331168782448e+00 1.784229269776078583e-02
2.458585577411000151e+06 5.709299158944468822e+00 1.798392928044604405e-02
2.458586070478000212e+06 5.740197034749115801e+00 1.813412479284097836e-02
2.458586574070999864e+06 5.844196367662207514e+00 1.830657553769885273e-02
2.458587067137999926e+06 5.961182255100600180e+00 1.849184152392841299e-02
2.458587560206000227e+06 6.037662045568056968e+00 1.869015884910537814e-02
2.458588063798999880e+06 6.265711583080912916e+00 1.891712045645077209e-02
2.458588556865999941e+06 6.350752677690190140e+00 1.916217372225127724e-02
2.458589049933000002e+06 6.543172953338488362e+00 1.943541412917835012e-02
2.458589553526999895e+06 6.766398943617718764e+00 1.974324127669320819e-02
2.458590046593999956e+06 6.955731350408660418e+00 2.007786233584886795e-02
2.458590539661000017e+06 7.213193787964383041e+00 2.045563514950664297e-02
2.458591043254999910e+06 7.501650040258049934e+00 2.088673839217876360e-02
2.458591536321999971e+06 7.799062487478228611e+00 2.137720917937495357e-02
2.458592029389000032e+06 8.177836058843233502e+00 2.192584226533724964e-02
2.458592532982000150e+06 8.612142356758537787e+00 2.257468898975783025e-02
2.458593026049999986e+06 9.130740497902118946e+00 2.332016127833098917e-02
2.458593519117000047e+06 9.656603507866435621e+00 2.419184459934999032e-02
2.458594022710000165e+06 1.044907869533292200e+01 2.525326352422926565e-02
2.458594515777000226e+06 1.136605098920058765e+01 2.651676072831955777e-02
2.458595008843999822e+06 1.252545756631383611e+01 2.806799490087040494e-02
2.458595512438000180e+06 1.408428485164942501e+01 3.008231320631980094e-02
2.458596005504999775e+06 1.611230224265897348e+01 3.275183317431148988e-02
2.458596498571999837e+06 1.938584785667138277e+01 3.665636779480190705e-02
2.458597002166000195e+06 2.316440769829678104e+01 4.119828653533363222e-02
2.458597495232999790e+06 2.992769023010855634e+01 4.892684790802998007e-02
2.458597988299999852e+06 4.018711225481368388e+01 6.025830074019812577e-02
2.458712204272000119e+06 4.489731814169339863e+00 1.584193518158900915e-02
2.458712697339000180e+06 4.477590783864993540e+00 1.584445993070813727e-02
2.458713200931999832e+06 4.464055650168879730e+00 1.584179135293030047e-02
2.458713694000000134e+06 4.458385319371044986e+00 1.584220042285985550e-02
2.458714187067000195e+06 4.445894983369527154e+00 1.584286092263877815e-02
2.458714690659999847e+06 4.458783650653415975e+00 1.584361583304941257e-02
2.458715183726999909e+06 4.467490112569419303e+00 1.584163524990298347e-02
2.458715676793999970e+06 4.471870310396083958e+00 1.584481111406442141e-02
2.458716180387999862e+06 4.463262192084175517e+00 1.584308638959349216e-02
2.458716673454999924e+06 4.455401020607378193e+00 1.584390689485873707e-02
2.458717166521999985e+06 4.472665298792186661e+00 1.584350845423527707e-02
2.458717670115999877e+06 4.499634106499073916e+00 1.584372070652105557e-02
2.458718163182999939e+06 4.487743225502710764e+00 1.584318521199529553e-02
2.458718656250000000e+06 4.474210369467529702e+00 1.584073975323001607e-02
2.458719159843999892e+06 4.441765228614556804e+00 1.584450868915852212e-02
2.458719652910999954e+06 4.456940127382413408e+00 1.584117014445534169e-02
2.458720145978000015e+06 4.500330405484203489e+00 1.584202749653387809e-02
2.458720649571000133e+06 4.463110094469159073e+00 1.584254649398560491e-02
2.458721142638000194e+06 4.438926970044468234e+00 1.584256095867611278e-02
2.458721635706000030e+06 4.478539407447432730e+00 1.584369185500055649e-02
2.458722139299000148e+06 4.494510506662281024e+00 1.584223832052125344e-02
2.458722632366000209e+06 4.425545396225289529e+00 1.584371496477805091e-02
2.458723125432999805e+06 4.467741116958173109e+00 1.584252530670726689e-02
2.458723629027000163e+06 4.455199949921159863e+00 1.584319186489465889e-02
2.458724122094000224e+06 4.451418229540103688e+00 1.584204336519724407e-02
2.458724615160999820e+06 4.481621758435435865e+00 1.584221308407687129e-02
2.458725118755000178e+06 4.467988020278592209e+00 1.584340082120097581e-02
2.458725611821999773e+06 4.433852076932141451e+00 1.584078354488620624e-02
2.458726104888999835e+06 4.462563408004654342e+00 1.584060594007852263e-02
2.458726608481999952e+06 4.470428982055209666e+00 1.584382159088136913e-02
2.458727101549999788e+06 4.452812416443716614e+00 1.584290391104164336e-02
2.458727594616999850e+06 4.480028739320604636e+00 1.584070813414866288e-02
2.458728098209999967e+06 4.439773350110201022e+00 1.584149251259288002e-02
2.458728591277000029e+06 4.464405145361125093e+00 1.584303162194759459e-02
2.458729084344000090e+06 4.451516628412519161e+00 1.584239355453545203e-02
2.458729587937999982e+06 4.469432678117233770e+00 1.584029055126370475e-02
2.458730081005000044e+06 4.463163533581093745e+00 1.584273618494045494e-02
2.458730574072000105e+06 4.482666194842725105e+00 1.584177640409734425e-02
2.458731077665999997e+06 4.464405145361125093e+00 1.584303162194759459e-02
2.458731570733000059e+06 4.479083925661590193e+00 1.584149280383635727e-02
2.458732063800000120e+06 4.449229417134903386e+00 1.584244943777605649e-02
2.458732567394000012e+06 4.467341985448805453e+00 1.584110999394129984e-02
2.458733060461000074e+06 4.473410986279056978e+00 1.584202973693292146e-02
2.458733553528000135e+06 4.459132733095770185e+00 1.584074923188344419e-02
2.458734057120999787e+06 4.503469232401782207e+00 1.584063322487600997e-02
2.458734550187999848e+06 4.446988434914349142e+00 1.584266158839253008e-02
2.458735043256000150e+06 4.475302541258046496e+00 1.584048463216350053e-02
2.458735546848999802e+06 4.457638030923431138e+00 1.584365068231802579e-02
2.458736039915999863e+06 4.467391360609962447e+00 1.584128507732676661e-02
2.458736532982999925e+06 4.475253078659788386e+00 1.584030955762488410e-02
2.458737036576999817e+06 4.459231302497761007e+00 1.584109939261476793e-02
2.458737529643999878e+06 4.472916593947005914e+00 1.584027890785638312e-02
2.458738022710999940e+06 4.468584759636404335e+00 1.584140112898978908e-02
2.458738526304999832e+06 4.475999197584038747e+00 1.584295047077978122e-02
2.458739019371999893e+06 4.480928354084857013e+00 1.583976194918253894e-02
2.458739512438999955e+06 4.466494463603764231e+00 1.584221849097301044e-02
2.458740016032000072e+06 4.459978858045013261e+00 1.583964723774935676e-02
2.458740509099999908e+06 4.429374488972459112e+00 1.584110492521666885e-02
2.458741002166999970e+06 4.504759398038994611e+00 1.584102225415275761e-02
2.458741505760000087e+06 4.459182017524415897e+00 1.584092431128160394e-02
2.458741998827000149e+06 4.473810660019009511e+00 1.583932459997881501e-02
2.458742491894000210e+06 4.459182017524415897e+00 1.584092431128160394e-02
2.458742995488000102e+06 4.448434497159306389e+00 1.583961895223804858e-02
2.458743488555000164e+06 4.459477735535460674e+00 1.584197482830737927e-02
2.458743981622000225e+06 4.480379485061297906e+00 1.584194831835972900e-02
2.458744485216000117e+06 4.450922168350327723e+00 1.584027794517265872e-02
2.458744978283000179e+06 4.476147611758544365e+00 1.583935310346162861e-02
2.458745471349999774e+06 4.489136385457846323e+00 1.583983422245755987e-02
2.458745974944000132e+06 4.473114344322778102e+00 1.584097921626602401e-02
2.458746468011000194e+06 4.457839211644341937e+00 1.584025991134297914e-02
2.458746961077999789e+06 4.470428982055209666e+00 1.583970417362802127e-02
2.458747464670999907e+06 4.469980206101895170e+00 1.584223106653412372e-02
2.458747957737999968e+06 4.469679674919360579e+00 1.584116594225685667e-02
2.458748450805999804e+06 4.433304891056333297e+00 1.584291184351774295e-02
2.458748954398999922e+06 4.491924002966062979e+00 1.584139584917739971e-02
2.458749447465999983e+06 4.489731814169339863e+00 1.584193518158900915e-02
2.458749940533000045e+06 4.455199949921159863e+00 1.583908847409825835e-02
2.458750444126999937e+06 4.447885511653232982e+00 1.584176082384091896e-02
2.458750937193999998e+06 4.437684269567415463e+00 1.584221301036476889e-02
2.458751430261000060e+06 4.480379485061297906e+00 1.584194831835972900e-02
2.458751933854999952e+06 4.461770215156698249e+00 1.584189981327993255e-02
2.458752426922000013e+06 4.462563408004654342e+00 1.584060594007852263e-02
2.458752919989000075e+06 4.453956795983468275e+00 1.584287331554913233e-02
2.458753423582000192e+06 4.459132733095770185e+00 1.584074923188344419e-02
2.458753916650000028e+06 4.456045328620814594e+00 1.584209395716713875e-02
2.458754409717000090e+06 4.470128420700034688e+00 1.584275635966807608e-02
2.458754913310000207e+06 4.447586465968250025e+00 1.584069573117958749e-02
2.458755406376999803e+06 4.452960061796135349e+00 1.583932789870237667e-02
2.458755899443999864e+06 4.455848332843292958e+00 1.584139359947629028e-02
2.458756403038000222e+06 4.492817730281911004e+00 1.584040966502584663e-02
2.458756896104999818e+06 4.453755790474600573e+00 1.584215833223012043e-02
2.458757389171999879e+06 4.471520230794672202e+00 1.583945228340931030e-02
2.458757892765999772e+06 4.482022165761017973e+00 1.583950040042749960e-02
2.458758385832999833e+06 4.468786434401655683e+00 1.584211607813494280e-02
2.458758878899999894e+06 4.468934609416967518e+00 1.584264136745608051e-02
2.458759382493999787e+06 4.485904255292660459e+00 1.584082472281882550e-02
2.458759875560999848e+06 4.442014787659606334e+00 1.584130766059288140e-02
2.458760368627999909e+06 4.471470809999807727e+00 1.583927722028051488e-02
2.458760872221000027e+06 4.449528573288218602e+00 1.583941648108718597e-02
2.458761365288000088e+06 4.442563048564657890e+00 1.583917114086180397e-02
2.458761858355999924e+06 4.451766735336598835e+00 1.583918342525596906e-02
2.458762361949000042e+06 4.440668971373128215e+00 1.584059815888657838e-02
2.458762855016000103e+06 4.484111468630805675e+00 1.584275399336035339e-02
2.458763348083000164e+06 4.472813602422025525e+00 1.583991417615469161e-02
2.458763851677000057e+06 4.482418480398815852e+00 1.584090097936976041e-02
2.458764344744000118e+06 4.465499036533811861e+00 1.584280068523656604e-02
2.458764837811000179e+06 4.464158440032220732e+00 1.584215612785602745e-02
2.458765341405000072e+06 4.450024479159973012e+00 1.584118180510045090e-02
2.458765834472000133e+06 4.458134840605013416e+00 1.584131038430802718e-02
2.458766327539000195e+06 4.493016360499082040e+00 1.584110997921634595e-02
2.458766831131999847e+06 4.475302541258046496e+00 1.584048463216350053e-02
2.458767324200000148e+06 4.461170276928541512e+00 1.583976968087814560e-02
2.458767817267000210e+06 4.472867157719051079e+00 1.584010383559144794e-02
2.458768320859999862e+06 4.457888481776380196e+00 1.584043498533293376e-02
2.458768813926999923e+06 4.445894983369527154e+00 1.583876610203328525e-02
2.458769306993999984e+06 4.482818958906957363e+00 1.584231627346145699e-02
2.458769810587999877e+06 4.457687298831911171e+00 1.583972011205491207e-02
2.458770303654999938e+06 4.462164739052703943e+00 1.583919079878169309e-02
2.458770796721999999e+06 4.439826509799296161e+00 1.584168219092786656e-02
2.458771300315999892e+06 4.471322550892516290e+00 1.583875204250331445e-02
2.458771793382999953e+06 4.474358724328459935e+00 1.584126499691528370e-02
2.458772286450000014e+06 4.477990831045990383e+00 1.584175116079812595e-02
2.458772790043999907e+06 4.489136385457846323e+00 1.583983422245755987e-02
2.458773283110999968e+06 4.461371617065685413e+00 1.584048455639329445e-02
2.458773776178000029e+06 4.424497968164937234e+00 1.583996511020679260e-02
2.458774279771000147e+06 4.462218166845412171e+00 1.583938044955707919e-02
2.458774772838000208e+06 4.446394579551726345e+00 1.584054594323621931e-02
2.458775265906000044e+06 4.440174108068950964e+00 1.583883289991420626e-02
2.458775769499000162e+06 4.451020556257281768e+00 1.584062809548615613e-02
2.458776262566000223e+06 4.487693625405673181e+00 1.583887678903136281e-02
2.458776755632999819e+06 4.487197654585241224e+00 1.584125917018376281e-02
2.458777259227000177e+06 4.469531475200138715e+00 1.584064070185586121e-02
2.458777752293999773e+06 4.447041680993365276e+00 1.583875540397243487e-02
2.458778245360999834e+06 4.470079015287939939e+00 1.584258126002148492e-02
2.458778748955000192e+06 4.455199949921159863e+00 1.583908847409825835e-02
2.458779242021999788e+06 4.467144490261263812e+00 1.584040967975015174e-02
2.458779735088999849e+06 4.446443723192302855e+00 1.584072102038748195e-02
2.458780238681999967e+06 4.479880196460810815e+00 1.584018290892705988e-02
2.458780731749999803e+06 4.439127306303666032e+00 1.583918737282177455e-02
2.458781224816999864e+06 4.471919735606414648e+00 1.584086744806829580e-02
2.458781728409999982e+06 4.463907636923623024e+00 1.584126609179276057e-02
2.458782221477000043e+06 4.469333883218196135e+00 1.583994040841148199e-02
2.458782714544000104e+06 4.451619129550905107e+00 1.583865825058864210e-02
2.458783218137999997e+06 4.468835825527524896e+00 1.584229117264006684e-02
2.458783711205000058e+06 4.444502962331833729e+00 1.584199402105773008e-02
2.459622427943999879e+06 4.455199949921159863e+00 1.583908847409825835e-02
2.459622921010999940e+06 4.488288862752809472e+00 1.584097762117109287e-02
2.459623424604999833e+06 4.448086252226505444e+00 1.583837895038096161e-02
2.459623917671999894e+06 4.467341985448805453e+00 1.584110999394129984e-02
2.459624410738999955e+06 4.457736567284937834e+00 1.583989518007875019e-02
2.459624914332000073e+06 4.498341265620926066e+00 1.583916846753749899e-02
2.459625407399999909e+06 4.447139983121908280e+00 1.583910552063006252e-02
2.459625900466999970e+06 4.467988020278592209e+00 1.583928565215651091e-02
2.459626404060000088e+06 4.479682146975803470e+00 1.583948263572108883e-02
2.459626897127000149e+06 4.456197185476804989e+00 1.583852952806880793e-02
2.459627390194000211e+06 4.460475928614888730e+00 1.584141258748075418e-02
2.459627893788000103e+06 4.483913232086941036e+00 1.584205360649019664e-02
2.459628386855000164e+06 4.498092684964527521e+00 1.583829318692582880e-02
2.459628879922000226e+06 4.465601859632748472e+00 1.583905251209405049e-02
2.459629383516000118e+06 4.473810660019009511e+00 1.583932459997881501e-02
2.459629876583000179e+06 4.445894983369527154e+00 1.583876610203328525e-02
2.459630369649999775e+06 4.482269858303151722e+00 1.584037574775404647e-02
2.459630873244000133e+06 4.465651215561202925e+00 1.583922757273921109e-02
2.459631366311000194e+06 4.486102579860877348e+00 1.584152505535928526e-02
2.459631859377999790e+06 4.466942889596374755e+00 1.583969480761415749e-02
2.459632362970999908e+06 4.470676033916647363e+00 1.584057953221585172e-02
2.459632856037999969e+06 4.434999753199840633e+00 1.584079905186583023e-02
2.459633349105999805e+06 4.473460428517645582e+00 1.583808462116504182e-02
2.459633852698999923e+06 4.456143829775538912e+00 1.583833988748181362e-02
2.459634345765999984e+06 4.476597006905506326e+00 1.584094333886785708e-02
2.459634838833000045e+06 4.439924652436038066e+00 1.584203237228230116e-02
2.459635342426999938e+06 4.473761213909526191e+00 1.583914953826122407e-02
2.459635835493999999e+06 4.460874446681265759e+00 1.583871931008066364e-02
2.459636328561000060e+06 4.460126741020689956e+00 1.584017244520924059e-02
2.459636832154999953e+06 4.489086769963121171e+00 1.583965915510744324e-02
2.459637325222000014e+06 4.449827749556103385e+00 1.584048148773457149e-02
2.459637818289000075e+06 4.466099556893622591e+00 1.584081779554248962e-02
2.459638321882000193e+06 4.449327767623488583e+00 1.583870165377390324e-02
2.459638814950000029e+06 4.466992260346536625e+00 1.583986987535831656e-02
2.459639308017000090e+06 4.460923750360132445e+00 1.583889436704312079e-02
2.459639811610000208e+06 4.471273132282478358e+00 1.583857698711382475e-02
2.459640304676999804e+06 4.489037155016765368e+00 1.583948408969224064e-02
2.459640797743999865e+06 4.479632635972607524e+00 1.583930757225683952e-02
2.459641301338000223e+06 4.483116244440759957e+00 1.583923778014366054e-02
2.459641794404999819e+06 4.476996965298218001e+00 1.583823517015467072e-02
2.459642287471999880e+06 4.489384471157153556e+00 1.584070958823230457e-02
2.459642791065999772e+06 4.450372875838402464e+00 1.583832308149879867e-02
2.459643284132999834e+06 4.464754667915683761e+00 1.584015979704985963e-02
2.459643777199999895e+06 4.444400625047368436e+00 1.584162924986455903e-02
2.459644280793999787e+06 4.463110094469159073e+00 1.583843581767683736e-02
2.459644773860999849e+06 4.483710874654613043e+00 1.584133866016437103e-02
2.459645266927999910e+06 4.461967472744269081e+00 1.583849056943558223e-02
2.459645770521000028e+06 4.459231302497761007e+00 1.584109939261476793e-02
2.459646263588000089e+06 4.453210249819020028e+00 1.584021782586898103e-02
2.459646756655999925e+06 4.462415444237186612e+00 1.584008071824533417e-02
2.459647260249000043e+06 4.434697489356731914e+00 1.583971943494006177e-02
2.459647753316000104e+06 4.471075463304217124e+00 1.584199479758809093e-02
2.459648246383000165e+06 4.457687298831911171e+00 1.583972011205491207e-02
2.459648749977000058e+06 4.470676033916647363e+00 1.584057953221585172e-02
2.459649243044000119e+06 4.444850926725422369e+00 1.583914044694832712e-02
2.459649736111000180e+06 4.457839211644341937e+00 1.584025991134297914e-02
2.459650239705000073e+06 4.478737406411227084e+00 1.584026724470370684e-02
2.459650732772000134e+06 4.434301309843166727e+00 1.583830437284038106e-02
2.459651225839000195e+06 4.476147611758544365e+00 1.583935310346162861e-02
2.459651729431999847e+06 4.452960061796135349e+00 1.583932789870237667e-02
2.459652222500000149e+06 4.486697606175383157e+00 1.583949383754900894e-02
2.459652715567000210e+06 4.459329874078633793e+00 1.584144956108640701e-02
2.459653219159999862e+06 4.516304339771150644e+00 1.584002343338986041e-02
2.459653712226999924e+06 4.499932507157124562e+00 1.584062681799020683e-02
2.459654205293999985e+06 4.471421389751174758e+00 1.583910215908663696e-02
2.459654708887999877e+06 4.453706566018516000e+00 1.584198323919319001e-02
2.459655201954999939e+06 4.453161031392426139e+00 1.584004275427914818e-02
2.459655695022000000e+06 4.472566432437450779e+00 1.583903885433478320e-02
2.459656198615999892e+06 4.466494463603764231e+00 1.583810469754507594e-02
2.459656691682999954e+06 4.467790496530717803e+00 1.583858541861705646e-02
2.459657184750000015e+06 4.470873685235893902e+00 1.584127985391628815e-02
2.459657688343999907e+06 4.453558895914484950e+00 1.584145797169334013e-02
2.459658181410999969e+06 4.457539496740013263e+00 1.583919491959283332e-02
2.459658674478000030e+06 4.450770491254675498e+00 1.583973814527003809e-02
2.459659178071000148e+06 4.454006023205226761e+00 1.583894612727440240e-02
2.459659671138000209e+06 4.458980776203131491e+00 1.584020941592047260e-02
2.459660164206000045e+06 4.453009278001518467e+00 1.583950296239128655e-02
2.459660667799000163e+06 4.484012349263378105e+00 1.583827386805791021e-02
2.459661160866000224e+06 4.452861631017239752e+00 1.583897777712917412e-02
2.459661653932999820e+06 4.462863460705448482e+00 1.584167102670250640e-02
2.459662157527000178e+06 4.434052184152855958e+00 1.584149846615874949e-02
2.459662650593999773e+06 4.491824710905901519e+00 1.584104568189303661e-02
2.459663143660999835e+06 4.457239801986498051e+00 1.583812999944557084e-02
2.459663647255000193e+06 4.449975295943622733e+00 1.584100672285638362e-02
2.459664140321999788e+06 4.445448670327198037e+00 1.584127049473077475e-02
2.459664633388999850e+06 4.438231995973174193e+00 1.584008059142441582e-02
2.459665136981999967e+06 4.457490230465093184e+00 1.583901985930857154e-02
2.459665630049999803e+06 4.452016856312835280e+00 1.584007334430533390e-02
2.459666123116999865e+06 4.483962790401296417e+00 1.583809881795342905e-02
2.459666626709999982e+06 4.486796784900580093e+00 1.583984397052976001e-02
2.459667119777000044e+06 4.486300913197145412e+00 1.583809338301970723e-02
2.459667612844000105e+06 4.459477735535460674e+00 1.584197482830737927e-02
2.459668116437999997e+06 4.486152162372917473e+00 1.584170014333215193e-02
2.459668609505000059e+06 4.446341341220695575e+00 1.584035627850594388e-02
2.459669102572000120e+06 4.512325289446639687e+00 1.583853573521757860e-02
2.459669606166000012e+06 4.474906855778561621e+00 1.583908409003273454e-02
2.459670099233000074e+06 4.496104534170648925e+00 1.583957481369414194e-02
2.459670592300000135e+06 4.473761213909526191e+00 1.583914953826122407e-02
2.459671095894000027e+06 4.448032993640450350e+00 1.583818931159689664e-02
2.459671588961000089e+06 4.463907636923623024e+00 1.584126609179276057e-02
2.459672082028000150e+06 4.467391360609962447e+00 1.584128507732676661e-02
2.459672585620999802e+06 4.453062596171183607e+00 1.583969261690436683e-02
2.459673078687999863e+06 4.462066104808352307e+00 1.583884068023902469e-02
2.459673571756000165e+06 4.455848332843292958e+00 1.584139359947629028e-02
2.459674075348999817e+06 4.444453840141205703e+00 1.584181892983677065e-02
2.459674568415999878e+06 4.450073662919904471e+00 1.584135688927955365e-02
2.459675061482999939e+06 4.500384290254059394e+00 1.583807217416271715e-02
2.459675565076999832e+06 4.474107348152610797e+00 1.584037501091709391e-02
2.459676058143999893e+06 4.484458403671567339e+00 1.583984940606420616e-02
2.459676551210999954e+06 4.457490230465093184e+00 1.583901985930857154e-02
2.459677054804999847e+06 4.441667045292664540e+00 1.584006752653554714e-02
2.459677547871999908e+06 4.465947362587785463e+00 1.584027797724296693e-02
2.459678040938999970e+06 4.488140046014783557e+00 1.584045238701419986e-02
2.459678544532000087e+06 4.470676033916647363e+00 1.584057953221585172e-02
2.459679037599999923e+06 4.428827855680012249e+00 1.583914995948441581e-02
2.459679530666999985e+06 4.452365408976379335e+00 1.584131347881808857e-02
2.459680034260000102e+06 4.485503501155520212e+00 1.583940956197675207e-02
2.459680527327000163e+06 4.453308688304154828e+00 1.584056797485353801e-02
2.459681020394000225e+06 4.496750586770861702e+00 1.584185082805654454e-02
2.459681523988000117e+06 4.462464764947896789e+00 1.584025579025476888e-02
2.459682017055000179e+06 4.473810660019009511e+00 1.583932459997881501e-02
2.459682510121999774e+06 4.480874702268139664e+00 1.583957229383931714e-02
2.459683013716000132e+06 4.471174296700989537e+00 1.583822688213920929e-02
2.459683506783000194e+06 4.448930281094821915e+00 1.584138429881699200e-02
2.459683999849999789e+06 4.459132733095770185e+00 1.584074923188344419e-02
2.459684503444000147e+06 4.462464764947896789e+00 1.584025579025476888e-02
2.459684996511000209e+06 4.479533615607860675e+00 1.583895745113294423e-02
2.459685489577999804e+06 4.467243236763635217e+00 1.584075983297564619e-02
2.459685993170999922e+06 4.442063882892666626e+00 1.584148274616299992e-02
2.459686486237999983e+06 4.471470809999807727e+00 1.583927722028051488e-02
2.459686979305999819e+06 4.433852076932141451e+00 1.584078354488620624e-02
2.459687482898999937e+06 4.465301622820565086e+00 1.583798760152125770e-02
2.459687975965999998e+06 4.474704904800837824e+00 1.583836927772014000e-02
2.459688469033000059e+06 4.484805365554641376e+00 1.584107493286874072e-02
2.459688972626999952e+06 4.467193863239609541e+00 1.584058475539541419e-02
2.459689465694000013e+06 4.457338329545130762e+00 1.583848010227859732e-02
2.459689958761000074e+06 4.455298432388737240e+00 1.583943859811842714e-02
2.459690462354999967e+06 4.432161735550044668e+00 1.583882664920906874e-02
2.459690955422000028e+06 4.465548391325831368e+00 1.583886286524518669e-02
2.459691448489000089e+06 4.450422063448992382e+00 1.583849813408200191e-02
2.459691952082000207e+06 4.463611625155841089e+00 1.584021562176490122e-02
2.459692445150000043e+06 4.488342603343083326e+00 1.584116729334102830e-02
2.459692938217000104e+06 4.480078254701706619e+00 1.584088321309253325e-02
2.459693441810000222e+06 4.462962112575399765e+00 1.584202120781015230e-02
2.459693934876999818e+06 4.464902709246604928e+00 1.584068502150512425e-02
2.459807647255999967e+06 4.477891846972640089e+00 1.584140098565975027e-02
2.459808150849000085e+06 4.470972514172347978e+00 1.584163002637703141e-02
2.459808643916000146e+06 4.434301309843166727e+00 1.583830437284038106e-02
2.459809136983000208e+06 4.467243236763635217e+00 1.584075983297564619e-02
2.459809640577000100e+06 4.444351503987808094e+00 1.584145416267517675e-02
2.459810133644000161e+06 4.463060766626057330e+00 1.583826076578242689e-02
2.459810626711000223e+06 4.481972628895121602e+00 1.583932533676690735e-02
2.459811130305000115e+06 4.484607098334524977e+00 1.584037462022759232e-02
2.459811623372000176e+06 4.487044741305223461e+00 1.584071933684326819e-02
2.459812116438999772e+06 4.465050755486246636e+00 1.584121026337566296e-02
2.459812620031999890e+06 4.494709211718129538e+00 1.583879893538643266e-02
2.459813113100000191e+06 4.467938638522946704e+00 1.583911059086938466e-02
2.459813606166999787e+06 4.471322550892516290e+00 1.583875204250331445e-02
2.459814109759999905e+06 4.493864775896590835e+00 1.583996225048742504e-02
2.459814602826999966e+06 4.478836409175721123e+00 1.584061739478066430e-02
2.459815095894000027e+06 4.446193915323034318e+00 1.583983106495070320e-02
2.459815599487999920e+06 4.473509871302707275e+00 1.583825967111266927e-02
2.459816092554999981e+06 4.456394196677313957e+00 1.583922975913730144e-02
2.459816585622000042e+06 4.451815938352763347e+00 1.583935848734803822e-02
2.459817089215999935e+06 4.483314445749313926e+00 1.583993804252441240e-02
2.459817582282999996e+06 4.478836409175721123e+00 1.584061739478066430e-02
2.459818075350000057e+06 4.483066695482739838e+00 1.583906271938568741e-02
2.459818578943999950e+06 4.439327651604376257e+00 1.583990222205637621e-02
2.459819072011000011e+06 4.478386789220380138e+00 1.583902719209520638e-02
2.459819565078000072e+06 4.461371617065685413e+00 1.584048455639329445e-02
2.459820068671000190e+06 4.470626622452155807e+00 1.584040445662836943e-02
2.459820561737999786e+06 4.465947362587785463e+00 1.584027797724296693e-02
2.459821054806000087e+06 4.454949650113956494e+00 1.583819861038037943e-02
2.459821558399000205e+06 4.463710293564014719e+00 1.584056577070073676e-02
2.459822051465999801e+06 4.465499036533811861e+00 1.583868780863084691e-02
2.459822544532999862e+06 4.463808964153259673e+00 1.584091592737663437e-02
2.459823048127000220e+06 4.465848644730157524e+00 1.583992783466868851e-02
2.459823541193999816e+06 4.479133430600167998e+00 1.584166789145276602e-02
2.459824034260999877e+06 4.497545855872571607e+00 1.584051013265055929e-02
2.459824537854999769e+06 4.435494039815291778e+00 1.583847928898599045e-02
2.459825030921999831e+06 4.448233740869847352e+00 1.583890411578731117e-02
2.459825523988999892e+06 4.462514086203706931e+00 1.584043086419911761e-02
2.459826027582000010e+06 4.453460451898617833e+00 1.584110780303578381e-02
2.459826520649999846e+06 4.480280448187770936e+00 1.584159813886326998e-02
2.459827013716999907e+06 4.446939285253415086e+00 1.583839070735031801e-02
2.459827517310000025e+06 4.446890136135714933e+00 1.583821565595448441e-02
2.459828010377000086e+06 4.490182573139653854e+00 1.583939006524697976e-02
2.459828503444000147e+06 4.480577565376046678e+00 1.583852193613101422e-02
2.459829007038000040e+06 4.483760430732417923e+00 1.584151374607715990e-02
2.459829500105000101e+06 4.455548751792165696e+00 1.584032853150463618e-02
2.459829993172000162e+06 4.414545526624762850e+00 1.584092829948646058e-02
2.459830496766000055e+06 4.476943360553476303e+00 1.583804553309213839e-02
2.459830989833000116e+06 4.496551791468562875e+00 1.584115048111411211e-02
2.459831482900000177e+06 4.451221438320416723e+00 1.584134300974300233e-02
2.459831986494000070e+06 4.489731814169339863e+00 1.584193518158900915e-02
2.459832479561000131e+06 4.458237494135105727e+00 1.584167514815891520e-02
2.459832972628000192e+06 4.460028151825413900e+00 1.583982230496770033e-02
2.459833476220999844e+06 4.469827879552554784e+00 1.584169120007365705e-02
2.459833969287999906e+06 4.470725445927273611e+00 1.584075460973840763e-02
2.459834462356000207e+06 4.479682146975803470e+00 1.583948263572108883e-02
2.459834965948999859e+06 4.448233740869847352e+00 1.583890411578731117e-02
2.459835459015999921e+06 4.453956795983468275e+00 1.583877106973982304e-02
2.459835952082999982e+06 4.472517000079617056e+00 1.583886379577540554e-02
2.459836455676999874e+06 4.453308688304154828e+00 1.584056797485353801e-02
2.459836948743999936e+06 4.472368706284124862e+00 1.583833863170592757e-02
2.459837441810999997e+06 4.475801319672777723e+00 1.583812770986446627e-02
2.459837945404999889e+06 4.512524782104922139e+00 1.583923596656050189e-02
2.459838438471999951e+06 4.447238287423426861e+00 1.583945564502704448e-02
2.459838931539000012e+06 4.470276640212626162e+00 1.583916439327820100e-02
2.459839435132000130e+06 4.464754667915683761e+00 1.584015979704985963e-02
2.459839928199999966e+06 4.447885511653232982e+00 1.584176082384091896e-02
2.459840421267000027e+06 4.440668971373128215e+00 1.584059815888657838e-02
2.459840924860000145e+06 4.461170276928541512e+00 1.583976968087814560e-02
2.459841417927000206e+06 4.468786434401655683e+00 1.583800017372389082e-02
2.459841910993999802e+06 4.491075953975151691e+00 1.583840508625361521e-02
2.459842414588000160e+06 4.444302383471164575e+00 1.584127907742097219e-02
2.459842907655000221e+06 4.479232442118800783e+00 1.584201807249110971e-02
2.459843400721999817e+06 4.466745412052324227e+00 1.583899455598649156e-02
2.459843904316000175e+06 4.465499036533811861e+00 1.583868780863084691e-02
2.459844397382999770e+06 4.521631857146678257e+00 1.584205031499128294e-02
2.459844890449999832e+06 4.463311522153539102e+00 1.583915063299248457e-02
2.459845394044000190e+06 4.472418137002960314e+00 1.583851368446100027e-02
2.459845887110999785e+06 4.474605993361483236e+00 1.583801917733684839e-02
2.459846380177999847e+06 4.476147611758544365e+00 1.583935310346162861e-02
2.459846883770999964e+06 4.475253078659788386e+00 1.584030955762488410e-02
2.459847376838000026e+06 4.472916593947005914e+00 1.584027890785638312e-02
2.459847869905999862e+06 4.446095634106915995e+00 1.583948093225523088e-02
2.459848373498999979e+06 4.475005773868497627e+00 1.583943421395598780e-02
2.459848866566000041e+06 4.443655680632350169e+00 1.583897396870741561e-02
2.459849359633000102e+06 4.463060766626057330e+00 1.583826076578242689e-02
2.459849863226999994e+06 4.452812416443716614e+00 1.583880271924483982e-02
2.459850356294000056e+06 4.460426629885489547e+00 1.584123750268600153e-02
2.459850849361000117e+06 4.426140543619109913e+00 1.584176900164761467e-02
2.459851352955000009e+06 4.488140046014783557e+00 1.584045238701419986e-02
2.459851846022000071e+06 4.473064905909218680e+00 1.584080413626104411e-02
2.459852339089000132e+06 4.472615865341648345e+00 1.583921391482904367e-02
2.459852842681999784e+06 4.470375455951365318e+00 1.583951451897656557e-02
2.459853335750000086e+06 4.479533615607860675e+00 1.583895745113294423e-02
2.459853828817000147e+06 4.447586465968250025e+00 1.584069573117958749e-02
2.459854332409999799e+06 4.456094578926000693e+00 1.583816483664761063e-02
2.459854825476999860e+06 4.477842355756474824e+00 1.584122590099327696e-02
2.459855318543999922e+06 4.482765284453327226e+00 1.583799780812661373e-02
2.459855822137999814e+06 4.485106913754506763e+00 1.583800911489870525e-02
2.459856315204999875e+06 4.469230974187245131e+00 1.583957568450399672e-02
2.459856808271999937e+06 4.455745734325025964e+00 1.584102884210817838e-02
2.459857311865999829e+06 4.490927044826444892e+00 1.584201623406028200e-02
2.459857804932999890e+06 4.461720902122409349e+00 1.584172472310024435e-02
2.459858297999999952e+06 4.479682146975803470e+00 1.583948263572108883e-02
2.459858801593999844e+06 4.495905767429468902e+00 1.583887456737124652e-02
2.459859294660999905e+06 4.469580874560564077e+00 1.584081578005449090e-02
2.459859787727999967e+06 4.470972514172347978e+00 1.584163002637703141e-02
2.459860291321000084e+06 4.463611625155841089e+00 1.584021562176490122e-02
2.459860784388000146e+06 4.457391699548756137e+00 1.583866974454445006e-02
2.459861277455999982e+06 4.474057898764026930e+00 1.584019993758999795e-02
2.459861781049000099e+06 4.488342603343083326e+00 1.584116729334102830e-02
2.459862274116000161e+06 4.466346369495560076e+00 1.584169321567299032e-02
2.459862767183000222e+06 4.471569652135743311e+00 1.583962734847292608e-02
2.459863270777000114e+06 4.456246437460399612e+00 1.583870458293375194e-02
2.459863763844000176e+06 4.473761213909526191e+00 1.583914953826122407e-02
2.459864256910999771e+06 4.475302541258046496e+00 1.584048463216350053e-02
2.459864760505000129e+06 4.461273000352941942e+00 1.584013440925262015e-02
2.459865253572000191e+06 4.469230974187245131e+00 1.583957568450399672e-02
2.459865746638999786e+06 4.493368123053090635e+00 1.583821164990530800e-02
2.459866250231999904e+06 4.458434595538907530e+00 1.583826914828209004e-02
2.459866743300000206e+06 4.451565828664399760e+00 1.583846860846041191e-02
2.459867236366999801e+06 4.480280448187770936e+00 1.584159813886326998e-02
2.459867739959999919e+06 4.460973054583941000e+00 1.583906942594043299e-02
2.459868233026999980e+06 4.459132733095770185e+00 1.584074923188344419e-02
2.459868726094000041e+06 4.497744695123064851e+00 1.584121045128279726e-02
2.459869229687999934e+06 4.479385089164738432e+00 1.583843228395822103e-02
2.459869722754999995e+06 4.424249393241047379e+00 1.583907519723813315e-02
2.459870215822000057e+06 4.483017147072336783e+00 1.583888766056248953e-02
2.459870719415999949e+06 4.451270635309717782e+00 1.584151809570387079e-02
2.459871212483000010e+06 4.477541295976267932e+00 1.584016084429653096e-02
2.459871705550000072e+06 4.465350975430661506e+00 1.583816265039652421e-02
2.459872209143999964e+06 4.478485784234459643e+00 1.583937731476072960e-02
2.459872702211000025e+06 4.477842355756474824e+00 1.584122590099327696e-02
2.459873195278000087e+06 4.497247613478727146e+00 1.583945971275200343e-02
2.459873698871000204e+06 4.467588866711794005e+00 1.584198543021977934e-02
2.459874191937999800e+06 4.477095929590154455e+00 1.583858527531249380e-02
2.459874685006000102e+06 4.482818958906957363e+00 1.583818744461771080e-02
2.459875188599000219e+06 4.441515683590122165e+00 1.583952773380350662e-02
2.459875681665999815e+06 4.488140046014783557e+00 1.584045238701419986e-02
2.459876174732999876e+06 4.471273132282478358e+00 1.583857698711382475e-02
2.459876678326999769e+06 4.467588866711794005e+00 1.584198543021977934e-02
2.459877171393999830e+06 4.458783650653415975e+00 1.583950914154266462e-02
2.459877664460999891e+06 4.443209592388392970e+00 1.584147627827060811e-02
2.459878168054999784e+06 4.484557532899055232e+00 1.584019954690481582e-02
2.459878661121999845e+06 4.481027405280383569e+00 1.584011208808991378e-02
2.459879154188999906e+06 4.477541295976267932e+00 1.584016084429653096e-02
2.459987411249999888e+06 4.469230974187245131e+00 1.583957568450399672e-02
2.459987904316999950e+06 4.438330103363089307e+00 1.584043073737538554e-02
2.459988407910000067e+06 4.465104217834713118e+00 1.584139993833113755e-02
2.459988900977000128e+06 4.476098139820257948e+00 1.583917804142900496e-02
2.459989394044000190e+06 4.459777580762595228e+00 1.583893240002210226e-02
2.459989897638000082e+06 4.452164475286262579e+00 1.584059856589401308e-02
2.459990390705000143e+06 4.454305500526747785e+00 1.584001110229625586e-02
2.459990883772000205e+06 4.467144490261263812e+00 1.584040967975015174e-02
2.459991387366000097e+06 4.499833038072401870e+00 1.584027666770494724e-02
2.459991880433000159e+06 4.453009278001518467e+00 1.583950296239128655e-02
2.459992373500000220e+06 4.473410986279056978e+00 1.584202973693292146e-02
2.459992877094000112e+06 4.464952057447735712e+00 1.584086010019359822e-02
2.459993370161000174e+06 4.474704904800837824e+00 1.583836927772014000e-02
2.459993863227999769e+06 4.461170276928541512e+00 1.583976968087814560e-02
2.459994366820999887e+06 4.470972514172347978e+00 1.584163002637703141e-02
2.459994859887999948e+06 4.465252270755916797e+00 1.584192520390667949e-02
2.459995352955999784e+06 4.485007772383189817e+00 1.584178986729211508e-02
2.459995856548999902e+06 4.441020725929260671e+00 1.584185292536662362e-02
2.459996349615999963e+06 4.454453195386525621e+00 1.584053632182113105e-02
2.459996842683000024e+06 4.472418137002960314e+00 1.583851368446100027e-02
2.459997346276999917e+06 4.475055233733427507e+00 1.583960927881989181e-02
2.459997839343999978e+06 4.432957830542170186e+00 1.584167158387727800e-02
2.459998332411000039e+06 4.472216298340243590e+00 1.584191796132309107e-02
2.459998836004999932e+06 4.449028624970985391e+00 1.584173447358649955e-02
2.459999329071999993e+06 4.468136168820283416e+00 1.583981084762707547e-02
2.459999822139000054e+06 4.447635622782114773e+00 1.584087080998637306e-02
2.460000325732000172e+06 4.454055250971052260e+00 1.583912118674374661e-02
2.460000818800000008e+06 4.470774858484008796e+00 1.584092968919594696e-02
2.460001311867000069e+06 4.476448577830566933e+00 1.584041810584769713e-02
2.460001815460000187e+06 4.467839876649015274e+00 1.583876047409968346e-02
2.460002308526999783e+06 4.467341985448805453e+00 1.584110999394129984e-02
2.460002801593999844e+06 4.478040323903188735e+00 1.584192625127007342e-02
2.460003305188000202e+06 4.452316199887274450e+00 1.584113839511877217e-02
2.460003798254999798e+06 4.479034421270142730e+00 1.584131771815502562e-02
2.460004291321999859e+06 4.447389844145683391e+00 1.583999543530243206e-02
2.460004794916000217e+06 4.455052230301497218e+00 1.583856330257924980e-02
2.460005287982999813e+06 4.467091003483857570e+00 1.584022001665140456e-02
2.460005781049999874e+06 4.451069751026339283e+00 1.584080317354545284e-02
2.460006284644000232e+06 4.466844149733049107e+00 1.583934467793059533e-02
2.460006777710999828e+06 4.469181578694040091e+00 1.583940062001133395e-02
2.460007270777999889e+06 4.441667045292664540e+00 1.584006752653554714e-02
2.460007774371000007e+06 4.467839876649015274e+00 1.583876047409968346e-02
2.460008267438000068e+06 4.448733599863993859e+00 1.584068397249919005e-02
2.460008760505999904e+06 4.497446439543755226e+00 1.584015998494458718e-02
2.460009264099000022e+06 4.477842355756474824e+00 1.584122590099327696e-02
2.460009757166000083e+06 4.459580419987220878e+00 1.583823218209945080e-02
2.460010250233000144e+06 4.485404351017807656e+00 1.583905943859842055e-02
2.460010753827000037e+06 4.473860106674980130e+00 1.583949966363121589e-02
2.460011246894000098e+06 4.472813602422025525e+00 1.583991417615469161e-02
2.460011739961000159e+06 4.470177826658167319e+00 1.583881427531921848e-02
2.460012243555000052e+06 4.483264894600703876e+00 1.583976297402689415e-02
2.460012736622000113e+06 4.471371970048735989e+00 1.583892709982754124e-02
2.460013229689000174e+06 4.469980206101895170e+00 1.583811406261870225e-02
2.460013733281999826e+06 4.472269846485440681e+00 1.583798853200005588e-02
2.460014226350000128e+06 4.468337823339859405e+00 1.584052572500009234e-02
2.460014719417000189e+06 4.440472655363703502e+00 1.583989786732296554e-02
2.460015223009999841e+06 4.453111813509825545e+00 1.583986768462431957e-02
2.460015716076999903e+06 4.461273000352941942e+00 1.584013440925262015e-02
2.460016209143999964e+06 4.463660959087289548e+00 1.584039069526529606e-02
2.460016712737999856e+06 4.453161031392426139e+00 1.584004275427914818e-02
2.460017205804999918e+06 4.469432678117233770e+00 1.584029055126370475e-02
2.460017698871999979e+06 4.455002991516695765e+00 1.583838824927578590e-02
2.460018202465999871e+06 4.487445633143374302e+00 1.583800152453804927e-02
2.460018695532999933e+06 4.465202919236738843e+00 1.584175011344636161e-02
2.460019188599999994e+06 4.443807115263508578e+00 1.583951374256778108e-02
2.460019692193999887e+06 4.496452397113115396e+00 1.584080031925350421e-02
2.460020185260999948e+06 4.447238287423426861e+00 1.583945564502704448e-02
2.460020678328000009e+06 4.460475928614888730e+00 1.584141258748075418e-02
2.460021181921000127e+06 4.470177826658167319e+00 1.583881427531921848e-02
2.460021674988000188e+06 4.487842427341385054e+00 1.583940197094493504e-02
2.460022168056000024e+06 4.489037155016765368e+00 1.583948408969224064e-02
2.460022671649000142e+06 4.458184114004467347e+00 1.584148546990825010e-02
2.460023164716000203e+06 4.481225514240096075e+00 1.584081238912440556e-02
2.460023657782999799e+06 4.461420926239513030e+00 1.584065963286608245e-02
2.460024161377000157e+06 4.493467449230471367e+00 1.583856175454321710e-02
2.460024654444000218e+06 4.456045328620814594e+00 1.583798978774817942e-02
2.460025147510999814e+06 4.468584759636404335e+00 1.584140112898978908e-02
2.460025651105000172e+06 4.448184577445359444e+00 1.583872905871705830e-02
2.460026144171999767e+06 4.449876931141701242e+00 1.584065656417349074e-02
2.460026637238999829e+06 4.480131896982148199e+00 1.584107288413206735e-02
2.460027140831999946e+06 4.480078254701706619e+00 1.584088321309253325e-02
2.460027633899999782e+06 4.452910846134720657e+00 1.583915283694837736e-02
2.460028126966999844e+06 4.482368939152711285e+00 1.584072590022947424e-02
2.460028630559999961e+06 4.456344943060647878e+00 1.583905469846797961e-02
2.460029123627000023e+06 4.462715486989229596e+00 1.584114576955458417e-02
2.460029616694000084e+06 4.432708780330538723e+00 1.584078157503637091e-02
2.460030120287999976e+06 4.446394579551726345e+00 1.584054594323621931e-02
2.460030613355000038e+06 4.476893879820298849e+00 1.584199385715547720e-02
2.460031106422000099e+06 4.452066062093454235e+00 1.584024841623320884e-02
2.460031610015999991e+06 4.487495230499469301e+00 1.583817657356719963e-02
2.460032103083000053e+06 4.479830683268701819e+00 1.584000783772314055e-02
2.460032596150000114e+06 4.479385089164738432e+00 1.583843228395822103e-02
2.460033099744000006e+06 4.484260151790170568e+00 1.583914914760195178e-02
2.460033592811000068e+06 4.461273000352941942e+00 1.584013440925262015e-02
2.460034085878000129e+06 4.468584759636404335e+00 1.584140112898978908e-02
2.460034589470999781e+06 4.476048668428767918e+00 1.583900298133128146e-02
2.460035082537999842e+06 4.461720902122409349e+00 1.584172472310024435e-02
2.460035575606000144e+06 4.486251329041045288e+00 1.584205032508342534e-02
2.460036079198999796e+06 4.492768074099684483e+00 1.584023459131574108e-02
2.460036572265999857e+06 4.434399330345025092e+00 1.583865447952793534e-02
2.460037065332999919e+06 4.485800964719169670e+00 1.584045997854943016e-02
2.460037568926999811e+06 4.477343349890909430e+00 1.583946057206601227e-02
2.460038061993999872e+06 4.483413549689542421e+00 1.584028818532433672e-02
2.460038555060999934e+06 4.494858246275060587e+00 1.583932411471849697e-02
2.460039058654999826e+06 4.473312103441217324e+00 1.584167955563673541e-02
2.460039551721999887e+06 4.480528044476389304e+00 1.583834688328479220e-02
2.460040044788999949e+06 4.472117441910470781e+00 1.584156778249766473e-02
2.460040548382000066e+06 4.490778140615085512e+00 1.584149096546648428e-02
2.460041041449999902e+06 4.435146807923993073e+00 1.584132429751736529e-02
2.460041534516999964e+06 4.484706230848917841e+00 1.584072477267809906e-02
2.460042038110000081e+06 4.504809186754963335e+00 1.584119733656848272e-02
2.460042531177000143e+06 4.467391360609962447e+00 1.584128507732676661e-02
2.460043024244000204e+06 4.488342603343083326e+00 1.584116729334102830e-02
2.460043527838000096e+06 4.483913232086941036e+00 1.584205360649019664e-02
2.460044020905000158e+06 4.456143829775538912e+00 1.583833988748181362e-02
2.460044513972000219e+06 4.472068014515021339e+00 1.584139269598763833e-02
2.460045017566000111e+06 4.473460428517645582e+00 1.583808462116504182e-02
2.460045510633000173e+06 4.458483872251407298e+00 1.583844420026919372e-02
2.460046003699999768e+06 4.440869386251782736e+00 1.584131307179233519e-02
2.460046507294000126e+06 4.447438998786391373e+00 1.584017050636922150e-02
2.460047000361000188e+06 4.452713988928459266e+00 1.583845260928050738e-02
2.460047493427999783e+06 4.457490230465093184e+00 1.583901985930857154e-02
2.460047997020999901e+06 4.449528573288218602e+00 1.583941648108718597e-02
2.460048490087999962e+06 4.453259468789584119e+00 1.584039289939373138e-02
2.460048983155999798e+06 4.481324572004365514e+00 1.584116255125181741e-02
2.460049486748999916e+06 4.489483709275664758e+00 1.584105974808729805e-02
2.460049979815999977e+06 4.462316804451104346e+00 1.583973058003138035e-02
2.460050472883000039e+06 4.465050755486246636e+00 1.584121026337566296e-02
2.460050976476999931e+06 4.462666163507452488e+00 1.584097068770879552e-02
2.460051469543999992e+06 4.468634148533285000e+00 1.584157621559301871e-02
2.460051962611000054e+06 4.460525227889146294e+00 1.584158767421057004e-02
2.460052466204999946e+06 4.484958202519330861e+00 1.584161477832753476e-02
2.460052959272000007e+06 4.474655448807864921e+00 1.583819422656115514e-02
2.460053452339000069e+06 4.467741116958173109e+00 1.583841036506915961e-02
2.460053955932000186e+06 4.458685091146580071e+00 1.583915901596317025e-02
2.460054449000000022e+06 4.458286768669149858e+00 1.584185023779073262e-02
2.460054942067000084e+06 4.448979452761162356e+00 1.584155938523415172e-02
2.460055445660000201e+06 4.478638405835147829e+00 1.583991710236666572e-02
2.460055938726999797e+06 4.462366124071600382e+00 1.583990564817091412e-02
2.460056431793999858e+06 4.473163783282740447e+00 1.584115429820602203e-02
2.460056935388000216e+06 4.483710874654613043e+00 1.584133866016437103e-02
2.460057428454999812e+06 4.469284486587620009e+00 1.583976533988781799e-02
2.460057921521999873e+06 4.448881109971928538e+00 1.584120921433489551e-02
2.460058425116000231e+06 4.479979224486748457e+00 1.584053305713977594e-02
2.460058918182999827e+06 4.457638030923431138e+00 1.583954504596603655e-02
