2.458346727899000049e+06 3.439958474403972843e+00 1.211881956863212519e-02
2.458347220966000110e+06 3.407425741733888014e+00 1.212032734738529433e-02
2.458347714033000171e+06 3.418471787206811552e+00 1.211868762531518456e-02
2.458348217627000064e+06 3.424471845637604872e+00 1.212103386173535302e-02
2.458348710694000125e+06 3.425497066989819928e+00 1.212150766797605826e-02
2.458349203761000186e+06 3.411451489220300282e+00 1.212207881411110633e-02
2.458349707355000079e+06 3.420559899331746756e+00 1.211978920391684929e-02
2.458350200422000140e+06 3.444285949328123930e+00 1.212137585051293980e-02
2.458350693489000201e+06 3.436541556514439932e+00 1.212260777873056840e-02
2.458351197081999853e+06 3.404426794763340425e+00 1.212220236451180821e-02
2.458351690150000155e+06 3.405565205300892462e+00 1.212311928146503695e-02
2.458352183217000216e+06 3.447285082167701020e+00 1.212240541121895922e-02
2.458352686809999868e+06 3.430242314776585921e+00 1.212250241275673185e-02
2.458353179876999930e+06 3.454194592845712286e+00 1.212443274493876962e-02
2.458353672943999991e+06 3.407501063088463233e+00 1.212373369242403416e-02
2.458354176537999883e+06 3.445843903131763586e+00 1.212368497271922550e-02
2.458354669604999945e+06 3.436430777288965732e+00 1.212538206803815723e-02
2.458355162672000006e+06 3.452562904358856155e+00 1.212506527518165955e-02
2.458355666265999898e+06 3.408260646456712895e+00 1.212643625547635794e-02
2.458356159332999960e+06 3.427658923468945407e+00 1.212600065038555407e-02
2.458356652400000021e+06 3.434076772055330462e+00 1.212656470914424099e-02
2.458357155993999913e+06 3.429026172987940768e+00 1.212767930789138832e-02
2.458357649060999975e+06 3.441213357497708625e+00 1.212640994017442388e-02
2.458358142128000036e+06 3.430393967885366546e+00 1.212935737520667509e-02
2.458358645721000154e+06 3.435177638225148211e+00 1.212728822122149594e-02
2.458359138788000215e+06 3.416727947149685640e+00 1.212824022134211845e-02
2.458359631856000051e+06 3.429632610572516338e+00 1.212982413857361524e-02
2.458360135449000169e+06 3.449146173563593099e+00 1.213212673494089289e-02
2.458360628516000230e+06 3.418928354379716872e+00 1.213290198088184946e-02
2.458361121582999825e+06 3.429215673213155124e+00 1.213150795109202602e-02
2.458361625177000184e+06 3.433849050691298643e+00 1.213208595303885695e-02
2.458362118243999779e+06 3.454840483675511109e+00 1.213306391232422260e-02
2.458362611310999840e+06 3.443109225380923455e+00 1.213626196472668978e-02
2.458363114905000199e+06 3.466608519494934981e+00 1.213607773679759548e-02
2.458363607971999794e+06 3.438023176189183516e+00 1.213733389066527779e-02
2.458364101038999856e+06 3.417942875277761416e+00 1.213884889286443065e-02
2.458364604631999973e+06 3.448158336150392245e+00 1.214135557176117958e-02
2.458365097699999809e+06 3.431076489849484989e+00 1.214125108496159205e-02
2.458365590766999871e+06 3.441213357497708625e+00 1.214542678796350951e-02
2.458366094359999988e+06 3.424282607558746694e+00 1.214559509383441455e-02
2.458366587427000050e+06 3.460990442542058787e+00 1.214828658998812726e-02
2.458367080494000111e+06 3.463838220676636048e+00 1.214871152544374014e-02
2.458367584088000003e+06 3.439163318290222815e+00 1.215086172050441199e-02
2.458368077155000065e+06 3.451500971770475878e+00 1.215312536991249373e-02
2.458368570222000126e+06 3.443642031694200245e+00 1.215717026809871523e-02
2.458369073816000018e+06 3.447932856668182833e+00 1.215961561411091352e-02
2.458369566883000080e+06 3.471618547760985329e+00 1.216320953267346558e-02
2.458370059950000141e+06 3.463458594245948596e+00 1.216651984207966185e-02
2.458370563544000033e+06 3.464824167656274323e+00 1.216812563988919037e-02
2.458371056611000095e+06 3.452219489220524018e+00 1.217155340940307556e-02
2.458371549678000156e+06 3.450474323679424415e+00 1.217493446021783443e-02
2.458372053270999808e+06 3.452715544274529869e+00 1.217966249685608661e-02
2.458372546337999869e+06 3.470061724740250320e+00 1.218651943119289718e-02
2.458373039406000171e+06 3.464824167656274323e+00 1.219046418682840499e-02
2.458373542998999823e+06 3.455069597121046776e+00 1.219433103376828254e-02
2.458374036065999884e+06 3.467480281081352533e+00 1.220300299091840214e-02
2.458374529132999945e+06 3.484489819529908328e+00 1.220830549391562457e-02
2.458375032726999838e+06 3.463155560994671589e+00 1.221649028602155018e-02
2.458375525793999899e+06 3.482019508631948757e+00 1.222209988875937355e-02
2.458376018860999960e+06 3.493712791806762308e+00 1.223096573869507722e-02
2.458376522454999853e+06 3.498839332184663142e+00 1.223924533915460994e-02
2.458377015521999914e+06 3.504796447784823687e+00 1.225039973895539203e-02
2.458377508588999975e+06 3.499709528911307377e+00 1.226162947282792570e-02
2.458378012182000093e+06 3.517401949854583876e+00 1.227502217351956505e-02
2.458378505249999929e+06 3.528180537997228416e+00 1.228664067358728115e-02
2.458378998316999990e+06 3.524309170877043318e+00 1.230237298810494921e-02
2.458379501910000108e+06 3.536646070396483488e+00 1.231937866640377653e-02
2.458379994977000169e+06 3.554528494059826293e+00 1.233583563569302065e-02
2.458380488044000231e+06 3.571912404811718567e+00 1.235668750261628701e-02
2.458380991638000123e+06 3.570356643296390242e+00 1.237761285519754090e-02
2.458381484705000184e+06 3.548983661620010999e+00 1.240157964078014707e-02
2.458381977771999780e+06 3.566182791485488668e+00 1.242883457679967371e-02
2.458382481366000138e+06 3.625931539431263229e+00 1.246007134544414342e-02
2.458382974433000199e+06 3.625363850793625886e+00 1.249485047124488518e-02
2.458383467499999795e+06 3.651139277510463632e+00 1.253324336763083496e-02
2.458383971094000153e+06 3.686253517729972451e+00 1.257569101024268166e-02
2.458384464161000215e+06 3.704476123802545207e+00 1.262420982002975846e-02
2.458384957227999810e+06 3.724671706959544526e+00 1.267931065445978070e-02
2.458385460820999928e+06 3.770564723019707021e+00 1.274524370914298203e-02
2.458385953887999989e+06 3.791825998784439378e+00 1.281361856459354610e-02
2.458386446955999825e+06 3.852373617617296020e+00 1.289403969865769023e-02
2.458386950548999943e+06 3.897470170705029435e+00 1.299113402129173193e-02
2.458387443616000004e+06 3.962842390584973007e+00 1.309953677281845696e-02
2.458387936683000065e+06 4.055959408632025642e+00 1.322429540770075213e-02
2.458388440276999958e+06 4.136855963963718352e+00 1.337374987577886858e-02
2.458388933344000019e+06 4.209099574919567210e+00 1.354915029072004465e-02
2.458389426411000080e+06 4.342417738014296980e+00 1.375833001911999122e-02
2.458389930004999973e+06 4.507818276181655648e+00 1.401250747229369591e-02
2.458390423072000034e+06 4.699863015918041675e+00 1.431512270248312506e-02
2.458390916139000095e+06 4.909146583423988908e+00 1.469032457391222096e-02
2.458391419732000213e+06 5.226161183960281065e+00 1.516243785307153091e-02
2.458391912800000049e+06 5.566487010865652785e+00 1.575503746621476076e-02
2.458392405867000110e+06 6.064050369553025455e+00 1.650425652520363939e-02
2.458392909460000228e+06 6.741628237939638169e+00 1.747288317219588411e-02
2.458393402526999824e+06 7.489389198427975458e+00 1.859696046836706307e-02
2.458393895593999885e+06 8.285860170295643812e+00 1.968942285030004374e-02
2.458394399187999777e+06 8.675913232496185401e+00 2.023273444176437730e-02
2.458394892254999839e+06 8.372069019238386645e+00 1.978632471609568372e-02
2.458395385321999900e+06 7.584713837460951957e+00 1.872188934597020932e-02
2.458395888915999793e+06 6.794276234830809891e+00 1.756553139481856901e-02
2.458396381982999854e+06 6.137925318915894657e+00 1.659790716875984493e-02
2.458396875049999915e+06 5.608588794989674220e+00 1.583287411924598834e-02
2.458397378643999808e+06 5.235237638420205286e+00 1.521288014236873987e-02
2.458397871710999869e+06 4.945930393165086869e+00 1.473662271900881386e-02
2.458398364777999930e+06 4.701157485559874338e+00 1.434937495762712845e-02
2.458398868371000048e+06 4.483293799370842159e+00 1.401885870818387128e-02
2.458399361438000109e+06 4.314252902942843804e+00 1.371280307574571089e-02
2.458399854505999945e+06 4.069587587503465720e+00 1.326872954648462312e-02
2.458400358099000063e+06 3.884679555801312301e+00 1.294134421580192019e-02
2.458400851166000124e+06 4.043698807895649949e+00 1.321411527730151705e-02
2.458401344233000185e+06 3.984024495595798854e+00 1.309983713073790794e-02
2.458401847827000078e+06 3.934558437551487486e+00 1.299154613874588075e-02
2.458402340894000139e+06 3.858218330108012850e+00 1.289938797003832918e-02
2.458402833961000200e+06 3.803480552374545187e+00 1.281797114266697117e-02
2.458403337555000093e+06 3.789738118133763933e+00 1.274722492146026023e-02
2.458403830622000154e+06 3.732302193144983349e+00 1.268466044730730269e-02
2.458404323689000215e+06 3.691417782537437464e+00 1.262730816588935462e-02
2.458404827281999867e+06 3.677978616898986530e+00 1.257794899414648587e-02
2.458405320350000169e+06 3.636637393308474575e+00 1.253370484112376754e-02
2.458405813417000230e+06 3.628704472474418630e+00 1.249633747416974833e-02
2.458406317009999882e+06 3.609345031806471482e+00 1.246291176893826909e-02
2.458406810076999944e+06 3.606610145192075567e+00 1.243021564921955452e-02
2.458407303144000005e+06 3.575292682196272054e+00 1.240460387597894058e-02
2.458407806737999897e+06 3.579279392447046515e+00 1.237887624980945310e-02
2.458408299804999959e+06 3.562725809883544592e+00 1.235772127817216792e-02
2.458408792872000020e+06 3.532814221595477200e+00 1.233856941454244439e-02
2.458409296465999912e+06 3.544126380018362887e+00 1.231932112015089557e-02
2.458409789532999974e+06 3.545833999783962742e+00 1.230239593986992043e-02
2.458410282600000035e+06 3.537369280783874803e+00 1.228605944922655374e-02
2.458410786193999927e+06 3.509163471995967676e+00 1.227536008123606380e-02
2.458411279260999989e+06 3.490599322048294706e+00 1.226186043713811680e-02
2.458411772328000050e+06 3.519868185359207313e+00 1.225120965311795110e-02
2.458412275921000168e+06 3.502369804559685829e+00 1.224191783423577394e-02
2.458412768988000229e+06 3.489612468613703555e+00 1.223268138000655619e-02
2.458413262056000065e+06 3.467975334858667491e+00 1.222390995928953478e-02
2.458413765649000183e+06 3.468658944617877715e+00 1.221354053329025934e-02
2.458414258715999778e+06 3.466761780375847923e+00 1.220686040337887364e-02
2.458414751782999840e+06 3.488776915178545934e+00 1.220083284400003999e-02
2.458415255377000198e+06 3.483995617185572602e+00 1.219694736427477319e-02
2.458415748443999793e+06 3.463570244759344607e+00 1.218924251326193586e-02
2.458416241510999855e+06 3.468163793255222505e+00 1.218624267412742913e-02
2.458416745105000213e+06 3.481564136106001239e+00 1.217881519560848683e-02
2.458417238171999808e+06 3.467065129178756422e+00 1.217599567889846024e-02
2.458417731238999870e+06 3.455333732863042684e+00 1.217298591525316741e-02
2.458418234831999987e+06 3.441552507994755317e+00 1.216881229555676763e-02
2.458526481366999913e+06 3.403138309948906759e+00 1.211448002775468089e-02
2.458526984960000031e+06 3.427734692079241530e+00 1.211364045508456222e-02
2.458527478027000092e+06 3.434760026761750407e+00 1.211315979409617258e-02
2.458527971094000153e+06 3.425232057292431076e+00 1.211426039065632843e-02
2.458528474688000046e+06 3.419536155630687801e+00 1.211301234767740709e-02
2.458528967755000107e+06 3.430090668372195672e+00 1.211564803269850332e-02
2.458529460822000168e+06 3.411790848895645656e+00 1.211385755108230870e-02
2.458529964416000061e+06 3.409513387130218565e+00 1.211519206037593027e-02
2.458530457483000122e+06 3.447628006447880367e+00 1.211408515895323265e-02
2.458530950550000183e+06 3.429026172987940768e+00 1.211504630861233445e-02
2.458531454144000076e+06 3.443946529461952899e+00 1.211383735605020030e-02
2.458531947211000137e+06 3.418588284760060159e+00 1.211595197996294393e-02
2.458532440278000198e+06 3.420408680973935578e+00 1.211295277868582217e-02
2.458532943870999850e+06 3.438213173620908059e+00 1.211583766353638292e-02
2.458533436937999912e+06 3.417373127217333106e+00 1.211479280972280713e-02
2.458533930006000213e+06 3.436579538785268451e+00 1.211324614330334601e-02
2.458534433598999865e+06 3.420295271592736608e+00 1.211570136180187274e-02
2.458534926665999927e+06 3.417942875277761416e+00 1.211366455906180695e-02
2.458535419732999988e+06 3.432252262684436506e+00 1.211379947814923697e-02
2.458535923326999880e+06 3.446373958395450021e+00 1.211602720950614824e-02
2.458536416393999942e+06 3.391938739265456082e+00 1.211522501803442668e-02
2.458536909461000003e+06 3.397594930665233104e+00 1.211352252873894135e-02
2.458537413054999895e+06 3.419611744686715138e+00 1.211328010655677960e-02
2.458537906121999957e+06 3.458941364689398501e+00 1.211560778047757192e-02
2.458538399189000018e+06 3.425913552226595105e+00 1.211351529898351508e-02
2.458538902782000136e+06 3.429291476235511116e+00 1.211598364795242466e-02
2.458539395849999972e+06 3.419117296563446207e+00 1.211467774790632793e-02
2.458539888917000033e+06 3.409704949462115220e+00 1.211587274825685033e-02
2.458540392510000151e+06 3.418018429114217493e+00 1.211393233235831361e-02
2.458540885577000212e+06 3.432176394215173509e+00 1.211353170778941939e-02
2.458541378643999808e+06 3.438023176189183516e+00 1.211516813610366734e-02
2.458541882238000166e+06 3.405035154146028198e+00 1.211496010064098440e-02
2.458542375305000227e+06 3.437111334657675155e+00 1.211512061593747469e-02
2.458542868371999823e+06 3.435101705091708979e+00 1.211436477033227786e-02
2.458543371966000181e+06 3.433697244837959239e+00 1.211573684963804243e-02
2.458543865032999776e+06 3.424131224625006187e+00 1.211352073933516169e-02
2.458544358099999838e+06 3.431721218616138103e+00 1.211508594197237797e-02
2.458544861694000196e+06 3.410502718170607128e+00 1.211556631006371551e-02
2.458545354760999791e+06 3.415551200733360382e+00 1.211462564882815306e-02
2.458545847827999853e+06 3.415132829783330326e+00 1.211314172803643063e-02
2.458546351420999970e+06 3.426977081339313003e+00 1.211411941550786901e-02
2.458546844488000032e+06 3.434152682532573664e+00 1.211418088156120815e-02
2.458547337555999868e+06 3.429518895356474584e+00 1.211362843575987391e-02
2.458547841148999985e+06 3.405489926737625961e+00 1.211344158868737052e-02
2.458548334216000047e+06 3.402947116540644412e+00 1.211379941811884485e-02
2.458548827283000108e+06 3.401656058702525964e+00 1.211546959690180426e-02
2.458549330877000000e+06 3.414865476694615154e+00 1.211533866014719713e-02
2.458549823944000062e+06 3.419196025555028662e+00 1.211495670188178671e-02
2.458550317011000123e+06 3.421624917905979224e+00 1.211410849780093085e-02
2.458550820605000015e+06 3.423065425935105655e+00 1.211605579165440927e-02
2.458551313672000077e+06 3.422384497560374328e+00 1.211364562265329799e-02
2.458551806739000138e+06 3.414296241615807137e+00 1.211331911477884528e-02
2.458552310331999790e+06 3.418093984620795833e+00 1.211420011157396219e-02
2.458552803400000092e+06 3.426027147897491965e+00 1.211391695619883253e-02
2.458553296467000153e+06 3.410461882956942858e+00 1.211542124589581534e-02
2.458553800059999805e+06 3.413613913582419279e+00 1.211404239021677751e-02
2.458554293126999866e+06 3.428381950548384349e+00 1.211592787143414562e-02
2.458554786193999927e+06 3.439201329537981966e+00 1.211298455970989500e-02
2.458555289787999820e+06 3.419117296563446207e+00 1.211467774790632793e-02
2.458555782854999881e+06 3.433317759565168714e+00 1.211439784291275246e-02
2.458556275921999943e+06 3.416841238246344226e+00 1.211605425848255937e-02
2.458556779515999835e+06 3.442123116953093920e+00 1.211376425713623153e-02
2.458557272582999896e+06 3.410348803378498328e+00 1.211501953880329135e-02
2.458557765649999958e+06 3.433469548641232549e+00 1.211493342784383809e-02
2.458558269243999850e+06 3.420068464111034601e+00 1.211489794236094049e-02
2.458558762310999911e+06 3.448348893687241290e+00 1.211344212607612554e-02
2.458559255377999973e+06 3.428495628065865830e+00 1.211317184747512550e-02
2.458559758971000090e+06 3.431152334005294069e+00 1.211307759528207871e-02
2.458560252038000152e+06 3.400136873147774796e+00 1.211319044874755585e-02
2.458560745105999988e+06 3.429064072195210144e+00 1.211518020979242619e-02
2.458561248699000105e+06 3.415928722264983897e+00 1.211596468073287448e-02
2.458561741766000167e+06 3.404201039556061126e+00 1.211512774392092123e-02
2.458562234833000228e+06 3.416841238246344226e+00 1.211605425848255937e-02
2.458562738427000120e+06 3.437681207270051331e+00 1.211396307995939864e-02
2.458563231494000182e+06 3.420789890066260330e+00 1.211430278336795945e-02
2.458563724560999777e+06 3.430014847684051293e+00 1.211538022147717886e-02
2.458564228155000135e+06 3.447970964841009067e+00 1.211529022724150591e-02
2.458564721222000197e+06 3.427014957899059411e+00 1.211425330644350269e-02
2.458565214288999792e+06 3.402643109799124321e+00 1.211585116608861895e-02
2.458565717881999910e+06 3.420865506836152647e+00 1.211457057077244999e-02
2.458566210950000212e+06 3.430507712116866337e+00 1.211396148587130968e-02
2.458566704016999807e+06 3.405527565811251378e+00 1.211357547213134586e-02
2.458567207609999925e+06 3.411071320789175854e+00 1.211444451729708216e-02
2.458567700676999986e+06 3.444704718990182712e+00 1.211333154358095431e-02
2.458568193744000047e+06 3.405223328541913119e+00 1.211562961657691555e-02
2.458568697337999940e+06 3.427317985448128379e+00 1.211532448720382960e-02
2.458569190405000001e+06 3.406098476098337713e+00 1.211560621912040683e-02
2.458569683472000062e+06 3.429711581690939592e+00 1.211430903578908196e-02
2.458570187065999955e+06 3.417297587644999357e+00 1.211452501740581562e-02
2.458570680133000016e+06 3.434532260089560474e+00 1.211551986430571722e-02
2.458571173200000077e+06 3.421281428949856984e+00 1.211289239066408799e-02
2.458571676793999970e+06 3.423749643178005453e+00 1.211532421175937069e-02
2.458572169861000031e+06 3.420903315847919846e+00 1.211470446669450640e-02
2.458572662928000093e+06 3.426216482385875839e+00 1.211458641448687722e-02
2.458573166521000210e+06 3.397253854023561281e+00 1.211543546685872608e-02
2.458573659587999806e+06 3.420638661540867709e+00 1.211376722631682043e-02
2.458574152656000108e+06 3.419992864959430889e+00 1.211463014772003882e-02
2.458574656249000225e+06 3.423711802707639862e+00 1.211519030898768057e-02
2.458575149315999821e+06 3.412362809173570266e+00 1.211588834535971826e-02
2.458575642382999882e+06 3.414789992552824671e+00 1.211507085576441628e-02
2.458576145976999775e+06 3.413120332696882198e+00 1.211543439793844913e-02
2.458576639043999836e+06 3.403439226248915705e+00 1.211555122856242638e-02
2.458577132110999897e+06 3.434532260089560474e+00 1.211551986430571722e-02
2.458577635704999790e+06 3.414296241615807137e+00 1.211331911477884528e-02
2.458578128771999851e+06 3.417030065088585644e+00 1.211357663388952163e-02
2.458578621838999912e+06 3.455486495278737635e+00 1.211305429753138478e-02
2.458579125432000030e+06 3.414676769468642625e+00 1.211466916028962337e-02
2.458579618499999866e+06 3.418890567195921548e+00 1.211387439634353975e-02
2.458580111566999927e+06 3.400099293653946919e+00 1.211305656955895607e-02
2.458580615160000045e+06 3.428192496395102484e+00 1.211525833901645928e-02
2.458581108227000106e+06 3.405756545805556090e+00 1.211438996163084758e-02
2.458581601294000167e+06 3.434380424032451362e+00 1.211498425344906607e-02
2.458582104888000060e+06 3.407692512358627912e+00 1.211499905783704201e-02
2.458582597955000121e+06 3.411753140598029699e+00 1.211372366452066231e-02
2.458583091022000182e+06 3.434570220152690201e+00 1.211565377071976979e-02
2.458583594616000075e+06 3.422422323360728935e+00 1.211377950835235140e-02
2.458584087683000136e+06 3.437339272365449006e+00 1.211592405014536716e-02
2.458584580750000197e+06 3.441403531230249335e+00 1.211440148971741279e-02
2.458585084344000090e+06 3.407463402203060543e+00 1.211418452738607932e-02
2.458585577411000151e+06 3.432555753332643178e+00 1.211487061878066367e-02
2.458586070478000212e+06 3.434076772055330462e+00 1.211391310277058937e-02
2.458586574070999864e+06 3.437415254960450195e+00 1.211302589693825926e-02
2.458587067137999926e+06 3.406098476098337713e+00 1.211560621912040683e-02
2.458587560206000227e+06 3.433962909485667847e+00 1.211351144568307940e-02
2.458588063798999880e+06 3.427204346977361205e+00 1.211492278331950494e-02
2.458588556865999941e+06 3.417867323111390299e+00 1.211339679168431556e-02
2.458589049933000002e+06 3.441780740226276336e+00 1.211572933784156592e-02
2.458589553526999895e+06 3.444895085667810442e+00 1.211400096951701331e-02
2.458590046593999956e+06 3.428609309352652623e+00 1.211357349330235457e-02
2.458590539661000017e+06 3.419384982531211481e+00 1.211562621762989414e-02
2.458591043254999910e+06 3.417373127217333106e+00 1.211479280972280713e-02
2.458591536321999971e+06 3.434760026761750407e+00 1.211315979409617258e-02
2.458592029389000032e+06 3.410841983465411786e+00 1.211363002412962561e-02
2.458592532982000150e+06 3.416004231578464445e+00 1.211308624870521648e-02
2.458593026049999986e+06 3.428078828928458943e+00 1.211485663732538541e-02
2.458593519117000047e+06 3.434076772055330462e+00 1.211391310277058937e-02
2.458594022710000165e+06 3.422346672178072424e+00 1.211351173843395329e-02
2.458594515777000226e+06 3.424282607558746694e+00 1.211405628548896038e-02
2.458595008843999822e+06 3.420408680973935578e+00 1.211295277868582217e-02
2.458595512438000180e+06 3.431872937108150001e+00 1.211562155732473847e-02
2.458596005504999775e+06 3.419155086253161446e+00 1.211481164501291424e-02
2.458596498571999837e+06 3.412739978291661203e+00 1.211408426715041876e-02
2.458597002166000195e+06 3.426102880437288167e+00 1.211418473507458980e-02
2.458597495232999790e+06 3.419725131403684060e+00 1.211368175597360083e-02
2.458597988299999852e+06 3.425345630366460448e+00 1.211466207257718558e-02
2.458712204272000119e+06 3.439768380526017300e+00 1.211498173265922185e-02
2.458712697339000180e+06 3.423141093005857893e+00 1.211317078834846933e-02
2.458713200931999832e+06 3.429064072195210144e+00 1.211518020979242619e-02
2.458713694000000134e+06 3.412400524209530772e+00 1.211602225584643838e-02
2.458714187067000195e+06 3.440871071261689007e+00 1.211569628772199599e-02
2.458714690659999847e+06 3.411944828769711613e+00 1.211440426990030746e-02
2.458715183726999909e+06 3.436921398114128223e+00 1.211445112812913755e-02
2.458715676793999970e+06 3.421394871029851181e+00 1.211329402722514763e-02
2.458716180387999862e+06 3.426711957142278830e+00 1.211318222039200337e-02
2.458716673454999924e+06 3.418663852863332409e+00 1.211307109805280502e-02
2.458717166521999985e+06 3.414296241615807137e+00 1.211331911477884528e-02
2.458717670115999877e+06 3.449451158025055530e+00 1.211413712456939698e-02
2.458718163182999939e+06 3.437111334657675155e+00 1.211512061593747469e-02
2.458718656250000000e+06 3.397707587353635095e+00 1.211392418619394035e-02
2.458719159843999892e+06 3.432859270816446706e+00 1.211594185412571099e-02
2.458719652910999954e+06 3.409211933781085335e+00 1.211412089132412814e-02
2.458720145978000015e+06 3.411071320789175854e+00 1.211444451729708216e-02
2.458720649571000133e+06 3.426825579286506329e+00 1.211358386656317780e-02
2.458721142638000194e+06 3.439654329241538466e+00 1.211458004013949569e-02
2.458721635706000030e+06 3.410920521908674896e+00 1.211390895398007685e-02
2.458722139299000148e+06 3.443109225380923455e+00 1.211406341919413383e-02
2.458722632366000209e+06 3.429670516482430376e+00 1.211416398667499589e-02
2.458723125432999805e+06 3.434646141537621489e+00 1.211592158798791875e-02
2.458723629027000163e+06 3.431948798869475681e+00 1.211588937388081121e-02
2.458724122094000224e+06 3.413994365388890007e+00 1.211539251633756732e-02
2.458724615160999820e+06 3.409324975663474699e+00 1.211452256861954117e-02
2.458725118755000178e+06 3.425837823871817012e+00 1.211324753490535325e-02
2.458725611821999773e+06 3.425724234478286778e+00 1.211600110850786713e-02
2.458726104888999835e+06 3.432707508719945455e+00 1.211540622461345501e-02
2.458726608481999952e+06 3.417826399718581154e+00 1.211325175349286555e-02
2.458727101549999788e+06 3.437985177962772809e+00 1.211503423505697757e-02
2.458727594616999850e+06 3.424169069731008097e+00 1.211365462365394420e-02
2.458728098209999967e+06 3.433735195672119822e+00 1.211587075845035888e-02
2.458728591277000029e+06 3.420827698242275172e+00 1.211443667633030179e-02
2.458729084344000090e+06 3.427355865775718602e+00 1.211545839145852094e-02
2.458729587937999982e+06 3.419876319541349741e+00 1.211421730924603681e-02
2.458730081005000044e+06 3.430469796953986794e+00 1.211382759816097623e-02
2.458730574072000105e+06 3.411640018205774449e+00 1.211332201371429461e-02
2.458731077665999997e+06 3.417335357222448522e+00 1.211465891282439457e-02
2.458731570733000059e+06 3.433849050691298643e+00 1.211310980191314390e-02
2.458732063800000120e+06 3.423446931125186499e+00 1.211425303102335767e-02
2.458732567394000012e+06 3.419611744686715138e+00 1.211328010655677960e-02
2.458733060461000074e+06 3.425307772256701799e+00 1.211452817712372655e-02
2.458733553528000135e+06 3.419992864959430889e+00 1.211463014772003882e-02
2.458734057120999787e+06 3.405794187825980313e+00 1.211452385555668483e-02
2.458734550187999848e+06 3.423219914649843876e+00 1.211344970762450249e-02
2.458735043256000150e+06 3.422267870641016341e+00 1.211323281772966332e-02
2.458735546848999802e+06 3.419384982531211481e+00 1.211562621762989414e-02
2.458736039915999863e+06 3.423409094000511299e+00 1.211411914009076843e-02
2.458736532982999925e+06 3.430242314776585921e+00 1.211302430297349700e-02
2.458737036576999817e+06 3.431114411717829604e+00 1.211294371734081277e-02
2.458737529643999878e+06 3.409588754632323582e+00 1.211545986743794469e-02
2.458738022710999940e+06 3.429784236725891500e+00 1.211456566539931279e-02
2.458738526304999832e+06 3.455827052471990513e+00 1.211424810563305893e-02
2.458739019371999893e+06 3.424888206223986487e+00 1.211304426827131304e-02
2.458739512438999955e+06 3.420903315847919846e+00 1.211470446669450640e-02
2.458740016032000072e+06 3.409058077241624574e+00 1.211357418529494974e-02
2.458740509099999908e+06 3.426027147897491965e+00 1.211391695619883253e-02
2.458741002166999970e+06 3.432366068532868297e+00 1.211420114478730173e-02
2.458741505760000087e+06 3.397404048692323375e+00 1.211597109766379514e-02
2.458741998827000149e+06 3.413956632737243257e+00 1.211525861281094810e-02
2.458742491894000210e+06 3.426481568248100018e+00 1.211552371824502726e-02
2.458742995488000102e+06 3.413082609705359705e+00 1.211530049394897966e-02
2.458743488555000164e+06 3.421243615759063772e+00 1.211590959658942479e-02
2.458743981622000225e+06 3.415588951008909913e+00 1.211475954535891700e-02
2.458744485216000117e+06 3.440414742573645768e+00 1.211408950278957536e-02
2.458744978283000179e+06 3.415928722264983897e+00 1.211596468073287448e-02
2.458745471349999774e+06 3.429632610572516338e+00 1.211403009672651354e-02
2.458745974944000132e+06 3.419117296563446207e+00 1.211467774790632793e-02
2.458746468011000194e+06 3.432745448615066142e+00 1.211554012977150881e-02
2.458746961077999789e+06 3.440833041559352878e+00 1.211556238083798948e-02
2.458747464670999907e+06 3.433849050691298643e+00 1.211310980191314390e-02
2.458747957737999968e+06 3.437871185803364149e+00 1.211463254079644947e-02
2.458748450805999804e+06 3.431190256711905029e+00 1.211321147470306725e-02
2.458748954398999922e+06 3.414296241615807137e+00 1.211331911477884528e-02
2.458749447465999983e+06 3.427355865775718602e+00 1.211545839145852094e-02
2.458749940533000045e+06 3.425648510308286099e+00 1.211573328948191419e-02
2.458750444126999937e+06 3.410502718170607128e+00 1.211556631006371551e-02
2.458750937193999998e+06 3.434418382417417703e+00 1.211511815394329672e-02
2.458751430261000060e+06 3.428647203952560840e+00 1.211370737820424183e-02
2.458751933854999952e+06 3.399986557664514741e+00 1.211578644421686286e-02
2.458752426922000013e+06 3.416879002780005337e+00 1.211304110894047964e-02
2.458752919989000075e+06 3.423901009241796078e+00 1.211585983764578399e-02
2.458753423582000192e+06 3.432593691550491766e+00 1.211500451801894931e-02
2.458753916650000028e+06 3.435709217159484297e+00 1.211334284115207077e-02
2.458754409717000090e+06 3.417561983453658581e+00 1.211546231641368737e-02
2.458754913310000207e+06 3.439391392078675835e+00 1.211365396647042306e-02
2.458755406376999803e+06 3.429291476235511116e+00 1.211598364795242466e-02
2.458755899443999864e+06 3.423103259261411679e+00 1.211303690937720091e-02
2.458756403038000222e+06 3.413727101424664845e+00 1.211444406490926745e-02
2.458756896104999818e+06 3.438023176189183516e+00 1.211516813610366734e-02
2.458757389171999879e+06 3.430280227425236639e+00 1.211315818180547232e-02
2.458757892765999772e+06 3.407880833609623128e+00 1.211566857592592805e-02
2.458758385832999833e+06 3.418890567195921548e+00 1.211387439634353975e-02
2.458758878899999894e+06 3.408640501634449205e+00 1.211522986721959641e-02
2.458759382493999787e+06 3.444400154186831209e+00 1.211543294880718796e-02
2.458759875560999848e+06 3.417867323111390299e+00 1.211339679168431556e-02
2.458760368627999909e+06 3.440528819071749567e+00 1.211449117904421155e-02
2.458760872221000027e+06 3.414676769468642625e+00 1.211466916028962337e-02
2.458761365288000088e+06 3.397594930665233104e+00 1.211352252873894135e-02
2.458761858355999924e+06 3.413881168685059642e+00 1.211499081019757826e-02
2.458762361949000042e+06 3.420484289317177407e+00 1.211322053624837823e-02
2.458762855016000103e+06 3.406515740294597805e+00 1.211395292487962155e-02
2.458763348083000164e+06 3.424585393504719022e+00 1.211512744882806830e-02
2.458763851677000057e+06 3.427431627686905014e+00 1.211572620440779825e-02
2.458764344744000118e+06 3.425459207206331236e+00 1.211506376781696162e-02
2.458764837811000179e+06 3.436959384583144317e+00 1.211458502273105552e-02
2.458765341405000072e+06 3.401656058702525964e+00 1.211546959690180426e-02
2.458765834472000133e+06 3.430507712116866337e+00 1.211396148587130968e-02
2.458766327539000195e+06 3.417259818485004264e+00 1.211439112346713795e-02
2.458766831131999847e+06 3.442731870786861936e+00 1.211590662688372122e-02
2.458767324200000148e+06 3.406703996512969734e+00 1.211462238515546852e-02
2.458767817267000210e+06 3.417335357222448522e+00 1.211465891282439457e-02
2.458768320859999862e+06 3.415588951008909913e+00 1.211475954535891700e-02
2.458768813926999923e+06 3.421016745390513591e+00 1.211510616333993581e-02
2.458769306993999984e+06 3.419917267478903788e+00 1.211436235899858438e-02
2.458769810587999877e+06 3.424661094174447307e+00 1.211539525446184151e-02
2.458770303654999938e+06 3.436579538785268451e+00 1.211324614330334601e-02
2.458770796721999999e+06 3.433317759565168714e+00 1.211439784291275246e-02
2.458771300315999892e+06 3.422154399615257248e+00 1.211598310388069775e-02
2.458771793382999953e+06 3.419498361729262026e+00 1.211602794483857340e-02
2.458772286450000014e+06 3.436392796662312232e+00 1.211575294991086224e-02
2.458772790043999907e+06 3.402796676820298849e+00 1.211326388332080797e-02
2.458773283110999968e+06 3.421167990631235334e+00 1.211564177958633810e-02
2.458773776178000029e+06 3.412246523770090079e+00 1.211547546400930375e-02
2.458774279771000147e+06 3.398011153134393947e+00 1.211500649618062891e-02
2.458774772838000208e+06 3.405907116383517952e+00 1.211492554621349318e-02
2.458775265906000044e+06 3.416347190715847582e+00 1.211430237530497327e-02
2.458775769499000162e+06 3.432328132830777090e+00 1.211406725442813748e-02
2.458776262566000223e+06 3.418928354379716872e+00 1.211400828457110702e-02
2.458776755632999819e+06 3.431190256711905029e+00 1.211321147470306725e-02
2.458777259227000177e+06 3.438555195458256275e+00 1.211387587978409591e-02
2.458777752293999773e+06 3.410728891284098285e+00 1.211322837642806252e-02
2.458778245360999834e+06 3.423409094000511299e+00 1.211411914009076843e-02
2.458778748955000192e+06 3.420978935125094988e+00 1.211497226297823110e-02
2.458779242021999788e+06 3.419079507291384878e+00 1.211454385227957870e-02
2.458779735088999849e+06 3.433162815138229185e+00 1.211385112438480641e-02
2.458780238681999967e+06 3.440642899352364559e+00 1.211489286861749948e-02
2.458780731749999803e+06 3.433355706205068358e+00 1.211453173692569885e-02
2.458781224816999864e+06 3.407388081680962966e+00 1.211391674851491039e-02
2.458781728409999982e+06 3.429101971821370221e+00 1.211531411245249379e-02
2.458782221477000043e+06 3.435215605421300111e+00 1.211476645571413213e-02
2.458782714544000104e+06 3.426408983175420087e+00 1.211526706833983280e-02
2.458783218137999997e+06 3.409249613992091366e+00 1.211425478227611506e-02
2.458783711205000058e+06 3.422724944814474313e+00 1.211485064721798746e-02
2.459622427943999879e+06 3.432404004654243224e+00 1.211433503662628745e-02
2.459622921010999940e+06 3.407880833609623128e+00 1.211566857592592805e-02
2.459623424604999833e+06 3.407541862850707926e+00 1.211446347000454463e-02
2.459623917671999894e+06 3.442465527738403086e+00 1.211496929350227778e-02
2.459624410738999955e+06 3.427393746521969042e+00 1.211559229719314998e-02
2.459624914332000073e+06 3.421624917905979224e+00 1.211410849780093085e-02
2.459625407399999909e+06 3.422422323360728935e+00 1.211377950835235140e-02
2.459625900466999970e+06 3.416803474130081231e+00 1.211592034764217771e-02
2.459626404060000088e+06 3.425115333334836532e+00 1.211384756478278875e-02
2.459626897127000149e+06 3.428836683234593785e+00 1.211437682491025777e-02
2.459627390194000211e+06 3.425459207206331236e+00 1.211506376781696162e-02
2.459627893788000103e+06 3.430431882210147609e+00 1.211369371193037753e-02
2.459628386855000164e+06 3.409362657123872431e+00 1.211465646401105323e-02
2.459628879922000226e+06 3.414601289498145675e+00 1.211440137070585524e-02
2.459629383516000118e+06 3.421357056585245360e+00 1.211316014689176046e-02
2.459629876583000179e+06 3.417222049742436596e+00 1.211425723100826440e-02
2.459630369649999775e+06 3.436959384583144317e+00 1.211458502273105552e-02
2.459630873244000133e+06 3.417259818485004264e+00 1.211439112346713795e-02
2.459631366311000194e+06 3.414563550138574044e+00 1.211426747813376149e-02
2.459631859377999790e+06 3.406060830714813470e+00 1.211547231323191129e-02
2.459632362970999908e+06 3.419917267478903788e+00 1.211436235899858438e-02
2.459632856037999969e+06 3.435367478402287844e+00 1.211530205694181031e-02
2.459633349105999805e+06 3.424131224625006187e+00 1.211352073933516169e-02
2.459633852698999923e+06 3.401468081435810031e+00 1.211480008980863991e-02
2.459634345765999984e+06 3.423333421005712029e+00 1.211385136266495723e-02
2.459634838833000045e+06 3.426408983175420087e+00 1.211526706833983280e-02
2.459635342426999938e+06 3.417067831709238224e+00 1.211371051882607908e-02
2.459635835493999999e+06 3.436050989911698661e+00 1.211454783559707572e-02
2.459636328561000060e+06 3.420559899331746756e+00 1.211348829972973273e-02
2.459636832154999953e+06 3.414865476694615154e+00 1.211533866014719713e-02
2.459637325222000014e+06 3.435937061883524546e+00 1.211414615746389881e-02
2.459637818289000075e+06 3.431531579933181142e+00 1.211441645608014178e-02
2.459638321882000193e+06 3.423673962655511716e+00 1.211505640769596631e-02
2.459638814950000029e+06 3.415853214620604650e+00 1.211569686251217845e-02
2.459639308017000090e+06 3.428571415171579595e+00 1.211343960988025062e-02
2.459639811610000208e+06 3.426178614651158139e+00 1.211445251986961735e-02
2.459640304676999804e+06 3.421662735311102654e+00 1.211424238861589543e-02
2.459640797743999865e+06 3.433355706205068358e+00 1.211453173692569885e-02
2.459641301338000223e+06 3.423560445008414721e+00 1.211465471270022597e-02
2.459641794404999819e+06 3.447551798104373066e+00 1.211381738227856018e-02
2.459642287471999880e+06 3.427545273693806571e+00 1.211297104907071640e-02
2.459642791065999772e+06 3.418739422637042225e+00 1.211333885823081928e-02
2.459643284132999834e+06 3.435253573037094110e+00 1.211490035380119804e-02
2.459643777199999895e+06 3.412208810436196504e+00 1.211534155956591786e-02
2.459644280793999787e+06 3.406136121897947344e+00 1.211574012648893375e-02
2.459644773860999849e+06 3.419917267478903788e+00 1.211436235899858438e-02
2.459645266927999910e+06 3.434532260089560474e+00 1.211551986430571722e-02
2.459645770521000028e+06 3.393494893456062922e+00 1.211453219427812041e-02
2.459646263588000089e+06 3.412551388521837925e+00 1.211341483661129356e-02
2.459646756655999925e+06 3.422497976215669535e+00 1.211404728418985499e-02
2.459647260249000043e+06 3.421473652465128357e+00 1.211357294933889696e-02
2.459647753316000104e+06 3.433355706205068358e+00 1.211453173692569885e-02
2.459648246383000165e+06 3.437339272365449006e+00 1.211592405014536716e-02
2.459648749977000058e+06 3.396797052718350862e+00 1.211380640203982978e-02
2.459649243044000119e+06 3.424169069731008097e+00 1.211365462365394420e-02
2.459649736111000180e+06 3.420446484936648712e+00 1.211308665672727880e-02
2.459650239705000073e+06 3.440376717914824134e+00 1.211395561366435461e-02
2.459650732772000134e+06 3.391064106560945479e+00 1.211522431664717632e-02
2.459651225839000195e+06 3.424090226232169965e+00 1.211337569965960023e-02
2.459651729431999847e+06 3.420408680973935578e+00 1.211295277868582217e-02
2.459652222500000149e+06 3.416120645040268133e+00 1.211349904863394736e-02
2.459652715567000210e+06 3.424509694508321545e+00 1.211485964911402334e-02
2.459653219159999862e+06 3.415475701433932976e+00 1.211435786020618327e-02
2.459653712226999924e+06 3.406591041533535869e+00 1.211422070455047198e-02
2.459654205293999985e+06 3.429405183910840815e+00 1.211322678811093539e-02
2.459654708887999877e+06 3.417599755953322660e+00 1.211559622219169317e-02
2.459655201954999939e+06 3.423295585135578634e+00 1.211371747617170404e-02
2.459655695022000000e+06 3.422308847213841432e+00 1.211337785569438670e-02
2.459656198615999892e+06 3.407730175776274795e+00 1.211513295849493688e-02
2.459656691682999954e+06 3.423409094000511299e+00 1.211411914009076843e-02
2.459657184750000015e+06 3.424963913587408371e+00 1.211331202785625311e-02
2.459657688343999907e+06 3.438061174835556955e+00 1.211530203863025318e-02
2.459658181410999969e+06 3.424850353169837991e+00 1.211291039069838787e-02
2.459658674478000030e+06 3.410502718170607128e+00 1.211556631006371551e-02
2.459659178071000148e+06 3.430052757818628617e+00 1.211551412634787050e-02
2.459659671138000209e+06 3.432062594655722609e+00 1.211313006334769835e-02
2.459660164206000045e+06 3.436731472066584470e+00 1.211378167731708491e-02
2.459660667799000163e+06 3.406553390705996165e+00 1.211408681397512475e-02
2.459661160866000224e+06 3.424698945136827710e+00 1.211552915949868671e-02
2.459661653932999820e+06 3.404843854170217732e+00 1.211427946403393664e-02
2.459662157527000178e+06 3.401505676058112826e+00 1.211493398826740675e-02
2.459662650593999773e+06 3.417448668459473371e+00 1.211506060795936035e-02
2.459663143660999835e+06 3.427469509270511416e+00 1.211586011310241892e-02
2.459663647255000193e+06 3.421587100918815239e+00 1.211397460846572877e-02
2.459664140321999788e+06 3.433279813344657150e+00 1.211426395037961019e-02
2.459664633388999850e+06 3.401847179573149305e+00 1.211301708333432404e-02
2.459665136981999967e+06 3.411753140598029699e+00 1.211372366452066231e-02
2.459665630049999803e+06 3.435557329070685118e+00 1.211597159177550849e-02
2.459666123116999865e+06 3.434266551394687284e+00 1.211458256084572103e-02
2.459666626709999982e+06 3.422040932351819276e+00 1.211558137815879274e-02
2.459667119777000044e+06 3.415777708645290289e+00 1.211542905021149169e-02
2.459667612844000105e+06 3.418018429114217493e+00 1.211393233235831361e-02
2.459668116437999997e+06 3.438061174835556955e+00 1.211530203863025318e-02
2.459668609505000059e+06 3.411869409187595181e+00 1.211413648617182433e-02
2.459669102572000120e+06 3.421549284349629794e+00 1.211384072061036203e-02
2.459669606166000012e+06 3.439692345916181448e+00 1.211471393616617154e-02
2.459670099233000074e+06 3.400252745868409310e+00 1.211360325222730384e-02
2.459670592300000135e+06 3.411602311575190782e+00 1.211318813307159237e-02
2.459671095894000027e+06 3.423409094000511299e+00 1.211411914009076843e-02
2.459671588961000089e+06 3.411297531610476330e+00 1.211524790666837839e-02
2.459672082028000150e+06 3.414752251107630254e+00 1.211493695579290292e-02
2.459672585620999802e+06 3.427889391525833940e+00 1.211418716410464676e-02
2.459673078687999863e+06 3.427242226048954343e+00 1.211505668313433634e-02
2.459673571756000165e+06 3.427204346977361205e+00 1.211492278331950494e-02
2.459674075348999817e+06 3.412400524209530772e+00 1.211602225584643838e-02
2.459674568415999878e+06 3.398126953412966333e+00 1.211541936154920431e-02
2.459675061482999939e+06 3.427090712274456497e+00 1.211452109275430213e-02
2.459675565076999832e+06 3.427052834877446053e+00 1.211438719885899948e-02
2.459676058143999893e+06 3.418018429114217493e+00 1.211393233235831361e-02
2.459676551210999954e+06 3.423178927168471386e+00 1.211330466879947075e-02
2.459677054804999847e+06 3.401618462418142030e+00 1.211533569252330397e-02
2.459677547871999908e+06 3.440756983415639958e+00 1.211529457150996129e-02
2.459678040938999970e+06 3.407162130104079978e+00 1.211311344741566876e-02
2.459678544532000087e+06 3.425799960322164495e+00 1.211311365508585536e-02
2.459679037599999923e+06 3.409968757829480612e+00 1.211366945424671368e-02
2.459679530666999985e+06 3.424169069731008097e+00 1.211365462365394420e-02
2.459680034260000102e+06 3.425572787812146469e+00 1.211546547637602084e-02
2.459680527327000163e+06 3.423976694783168018e+00 1.211297406039058867e-02
2.459681020394000225e+06 3.398011153134393947e+00 1.211500649618062891e-02
2.459681523988000117e+06 3.409629579391573184e+00 1.211560493206827877e-02
2.459682017055000179e+06 3.436579538785268451e+00 1.211324614330334601e-02
2.459682510121999774e+06 3.428912477879341836e+00 1.211464461395144430e-02
2.459683013716000132e+06 3.429670516482430376e+00 1.211416398667499589e-02
2.459683506783000194e+06 3.427090712274456497e+00 1.211452109275430213e-02
2.459683999849999789e+06 3.433811098598784639e+00 1.211297592361591964e-02
2.459684503444000147e+06 3.429139871866404121e+00 1.211544801659248001e-02
2.459684996511000209e+06 3.423257749683631612e+00 1.211358359115825151e-02
2.459685489577999804e+06 3.432252262684436506e+00 1.211379947814923697e-02
2.459685993170999922e+06 3.436503574663416494e+00 1.211297838517475661e-02
2.459686486237999983e+06 3.434608180635382535e+00 1.211578767861385547e-02
2.459686979305999819e+06 3.427242226048954343e+00 1.211505668313433634e-02
2.459687482898999937e+06 3.422649286942499813e+00 1.211458285362252384e-02
2.459687975965999998e+06 3.418701637541374794e+00 1.211320497740194478e-02
2.459688469033000059e+06 3.416460469187469151e+00 1.211470405861794601e-02
2.459688972626999952e+06 3.445729650403142053e+00 1.211376208875594891e-02
2.459689465694000013e+06 3.411451489220300282e+00 1.211579468823546606e-02
2.459689958761000074e+06 3.404389167855807585e+00 1.211579726912145882e-02
2.459690462354999967e+06 3.415853214620604650e+00 1.211569686251217845e-02
2.459690955422000028e+06 3.425837823871817012e+00 1.211324753490535325e-02
2.459691448489000089e+06 3.406628692777210254e+00 1.211435459660564068e-02
2.459691952082000207e+06 3.405681263012789284e+00 1.211412217821864097e-02
2.459692445150000043e+06 3.412400524209530772e+00 1.211602225584643838e-02
2.459692938217000104e+06 3.442731870786861936e+00 1.211590662688372122e-02
2.459693441810000222e+06 3.433052144828752539e+00 1.211346062625667103e-02
2.459693934876999818e+06 3.420941125277558559e+00 1.211483836409640164e-02
2.459807647255999967e+06 3.422573630742910655e+00 1.211431506594652131e-02
2.459808150849000085e+06 3.441970945314400954e+00 1.211322872389261444e-02
2.459808643916000146e+06 3.430469796953986794e+00 1.211382759816097623e-02
2.459809136983000208e+06 3.418282880694273551e+00 1.211486958551022571e-02
2.459809640577000100e+06 3.427355865775718602e+00 1.211545839145852094e-02
2.459810133644000161e+06 3.401884778385422248e+00 1.211315096208646566e-02
2.459810626711000223e+06 3.447021561687942715e+00 1.211512909098530315e-02
2.459811130305000115e+06 3.403705684765540251e+00 1.211336483788335444e-02
2.459811623372000176e+06 3.423636123021593924e+00 1.211492250788413771e-02
2.459812116438999772e+06 3.427962007959495683e+00 1.211444379113314415e-02
2.459812620031999890e+06 3.423560445008414721e+00 1.211465471270022597e-02
2.459813113100000191e+06 3.448120225906673220e+00 1.211581469254257443e-02
2.459813606166999787e+06 3.444742791484104227e+00 1.211346542580865777e-02
2.459814109759999905e+06 3.414525811196099880e+00 1.211413358704145626e-02
2.459814602826999966e+06 3.434304508521091037e+00 1.211471645690029471e-02
2.459815095894000027e+06 3.420333074301984411e+00 1.211583527022191964e-02
2.459815599487999920e+06 3.420219667427650378e+00 1.211543354940172561e-02
2.459816092554999981e+06 3.430204402546969789e+00 1.211289042562123386e-02
2.459816585622000042e+06 3.394936066096172045e+00 1.211342337339340290e-02
2.459817089215999935e+06 3.418169541797533295e+00 1.211446789670888972e-02
2.459817582282999996e+06 3.424661094174447307e+00 1.211539525446184151e-02
2.459818075350000057e+06 3.417373127217333106e+00 1.211479280972280713e-02
2.459818578943999950e+06 3.405643622240437818e+00 1.211398828873224212e-02
2.459819072011000011e+06 3.418245100644465850e+00 1.211473568776321938e-02
2.459819565078000072e+06 3.412475955531977245e+00 1.211314707475381197e-02
2.459820068671000190e+06 3.405643622240437818e+00 1.211398828873224212e-02
2.459820561737999786e+06 3.419611744686715138e+00 1.211328010655677960e-02
2.459821054806000087e+06 3.426825579286506329e+00 1.211358386656317780e-02
2.459821558399000205e+06 3.419536155630687801e+00 1.211301234767740709e-02
2.459822051465999801e+06 3.436275692372627422e+00 1.211534007317436983e-02
2.459822544532999862e+06 3.411222126336586946e+00 1.211498010429166473e-02
2.459823048127000220e+06 3.413918900502642462e+00 1.211512471076431861e-02
2.459823541193999816e+06 3.420903315847919846e+00 1.211470446669450640e-02
2.459824034260999877e+06 3.434608180635382535e+00 1.211578767861385547e-02
2.459824537854999769e+06 3.429026172987940768e+00 1.211504630861233445e-02
2.459825030921999831e+06 3.399607666872850764e+00 1.211443627419717985e-02
2.459825523988999892e+06 3.417448668459473371e+00 1.211506060795936035e-02
2.459826027582000010e+06 3.444362085479844460e+00 1.211529904483369530e-02
2.459826520649999846e+06 3.428798786540506072e+00 1.211424293260945396e-02
2.459827013716999907e+06 3.431304027346570695e+00 1.211361312184420884e-02
2.459827517310000025e+06 3.422611458633654014e+00 1.211444895904457975e-02
2.459828010377000086e+06 3.409893381927567635e+00 1.211340168676101545e-02
2.459828503444000147e+06 3.423219914649843876e+00 1.211344970762450249e-02
2.459829007038000040e+06 3.400556539044555127e+00 1.211468553354037338e-02
2.459829500105000101e+06 3.414333978020970495e+00 1.211345299686922283e-02
2.459829993172000162e+06 3.411944828769711613e+00 1.211440426990030746e-02
2.459830496766000055e+06 3.430014847684051293e+00 1.211538022147717886e-02
2.459830989833000116e+06 3.417486439706738377e+00 1.211519450929753744e-02
2.459831482900000177e+06 3.432555753332643178e+00 1.211487061878066367e-02
2.459831986494000070e+06 3.424396149151135660e+00 1.211445796064214604e-02
2.459832479561000131e+06 3.414374859597218759e+00 1.211359803747026100e-02
2.459832972628000192e+06 3.438897251318782544e+00 1.211508092725398743e-02
2.459833476220999844e+06 3.441438397554540618e+00 1.211452422587639549e-02
2.459833969287999906e+06 3.406970710631584964e+00 1.211557085054463211e-02
2.459834462356000207e+06 3.429556800009543327e+00 1.211376232126896990e-02
2.459834965948999859e+06 3.453548822766787652e+00 1.211580438072353862e-02
2.459835459015999921e+06 3.427090712274456497e+00 1.211452109275430213e-02
2.459835952082999982e+06 3.400440655971354253e+00 1.211427269317898875e-02
2.459836455676999874e+06 3.431038568400276212e+00 1.211583606920165618e-02
2.459836948743999936e+06 3.412856280511510132e+00 1.211449710109049893e-02
2.459837441810999997e+06 3.413881168685059642e+00 1.211499081019757826e-02
2.459837945404999889e+06 3.421092367175067928e+00 1.211537396850323293e-02
2.459838438471999951e+06 3.456435046408132816e+00 1.211319590702307838e-02
2.459838931539000012e+06 3.422724944814474313e+00 1.211485064721798746e-02
2.459839435132000130e+06 3.425875687839966766e+00 1.211338141620459628e-02
2.459839928199999966e+06 3.424509694508321545e+00 1.211485964911402334e-02
2.459840421267000027e+06 3.448234557901460384e+00 1.211304048460459803e-02
2.459840924860000145e+06 3.421054556073840125e+00 1.211524006518161119e-02
2.459841417927000206e+06 3.444895085667810442e+00 1.211400096951701331e-02
2.459841910993999802e+06 3.430014847684051293e+00 1.211538022147717886e-02
2.459842414588000160e+06 3.425837823871817012e+00 1.211324753490535325e-02
2.459842907655000221e+06 3.433621344427983058e+00 1.211546903645345334e-02
2.459843400721999817e+06 3.436921398114128223e+00 1.211445112812913755e-02
2.459843904316000175e+06 3.426939205198179739e+00 1.211398552605200303e-02
2.459844397382999770e+06 3.437757197423544575e+00 1.211423085985472575e-02
2.459844890449999832e+06 3.425572787812146469e+00 1.211546547637602084e-02
2.459845394044000190e+06 3.432897212388913211e+00 1.211291395002498349e-02
2.459845887110999785e+06 3.421130178694190782e+00 1.211550787330477504e-02
2.459846380177999847e+06 3.419117296563446207e+00 1.211467774790632793e-02
2.459846883770999964e+06 3.430583543699810001e+00 1.211422926573140109e-02
2.459847376838000026e+06 3.429749488473679442e+00 1.211444292882053048e-02
2.459847869905999862e+06 3.414296241615807137e+00 1.211331911477884528e-02
2.459848373498999979e+06 3.430431882210147609e+00 1.211369371193037753e-02
2.459848866566000041e+06 3.429026172987940768e+00 1.211504630861233445e-02
2.459849359633000102e+06 3.433924956134735140e+00 1.211337756294670644e-02
2.459849863226999994e+06 3.427734692079241530e+00 1.211364045508456222e-02
2.459850356294000056e+06 3.436161756894077435e+00 1.211493836877326584e-02
2.459850849361000117e+06 3.417942875277761416e+00 1.211366455906180695e-02
2.459851352955000009e+06 3.428571415171579595e+00 1.211343960988025062e-02
2.459851846022000071e+06 3.439505434644743342e+00 1.211405562828360601e-02
2.459852339089000132e+06 3.430962726759194670e+00 1.211556825382382151e-02
2.459852842681999784e+06 3.397062991212858485e+00 1.211475480354492866e-02
2.459853335750000086e+06 3.416045133153518432e+00 1.211323128491499646e-02
2.459853828817000147e+06 3.395239384257324744e+00 1.211450563863532455e-02
2.459854332409999799e+06 3.394557738125776769e+00 1.211519996992979978e-02
2.459854825476999860e+06 3.422838434758232129e+00 1.211525234871044070e-02
2.459855318543999922e+06 3.422384497560374328e+00 1.211364562265329799e-02
2.459855822137999814e+06 3.431000647370177514e+00 1.211570216077273963e-02
2.459856315204999875e+06 3.424623243630408709e+00 1.211526135090496004e-02
2.459856808271999937e+06 3.428685098971286482e+00 1.211384126458584648e-02
2.459857311865999829e+06 3.418320661161632579e+00 1.211500348473709167e-02
2.459857804932999890e+06 3.437909182769868455e+00 1.211476643740338512e-02
2.459858297999999952e+06 3.423636123021593924e+00 1.211492250788413771e-02
2.459858801593999844e+06 3.418131763000398227e+00 1.211433400340152997e-02
2.459859294660999905e+06 3.402226319961478840e+00 1.211436709518329616e-02
2.459859787727999967e+06 3.422876265575724108e+00 1.211538625216782017e-02
2.459860291321000084e+06 3.425232057292431076e+00 1.211426039065632843e-02
2.459860784388000146e+06 3.417524211371457898e+00 1.211532841211561407e-02
2.459861277455999982e+06 3.405794187825980313e+00 1.211452385555668483e-02
2.459861781049000099e+06 3.417486439706738377e+00 1.211519450929753744e-02
2.459862274116000161e+06 3.426863454171781065e+00 1.211371775157967304e-02
2.459862767183000222e+06 3.432479878154849562e+00 1.211460282474374067e-02
2.459863270777000114e+06 3.424812500534043291e+00 1.211593088348909483e-02
2.459863763844000176e+06 3.420676468045434238e+00 1.211390111335993586e-02
2.459864256910999771e+06 3.434076772055330462e+00 1.211391310277058937e-02
2.459864760505000129e+06 3.429784236725891500e+00 1.211456566539931279e-02
2.459865253572000191e+06 3.417373127217333106e+00 1.211479280972280713e-02
2.459865746638999786e+06 3.429632610572516338e+00 1.211403009672651354e-02
2.459866250231999904e+06 3.413387549156613687e+00 1.211323908078599035e-02
2.459866743300000206e+06 3.417942875277761416e+00 1.211366455906180695e-02
2.459867236366999801e+06 3.438251174367233709e+00 1.211597157346294175e-02
2.459867739959999919e+06 3.434456341221928888e+00 1.211525205591749629e-02
2.459868233026999980e+06 3.403401610256333587e+00 1.211541732328166344e-02
2.459868726094000041e+06 3.401164206825829872e+00 1.211371779826153627e-02
2.459869229687999934e+06 3.429101971821370221e+00 1.211531411245249379e-02
2.459869722754999995e+06 3.435177638225148211e+00 1.211463255910699352e-02
2.459870215822000057e+06 3.435025773636738666e+00 1.211409698747691228e-02
2.459870719415999949e+06 3.438669210297914614e+00 1.211427754895546757e-02
2.459871212483000010e+06 3.423522606629133325e+00 1.211452081732806996e-02
2.459871705550000072e+06 3.438707216084560425e+00 1.211441144163886811e-02
2.459872209143999964e+06 3.430811048506358762e+00 1.211503264082793539e-02
2.459872702211000025e+06 3.426977081339313003e+00 1.211411941550786901e-02
2.459873195278000087e+06 3.409551070673017215e+00 1.211532596316693827e-02
2.459873698871000204e+06 3.422762774377611450e+00 1.211498454623553822e-02
2.459874191937999800e+06 3.434266551394687284e+00 1.211458256084572103e-02
2.459874685006000102e+06 3.441137290947274607e+00 1.211346427277919940e-02
2.459875188599000219e+06 3.444209814859360730e+00 1.211476344373917623e-02
2.459875681665999815e+06 3.402530289465205637e+00 1.211544944474137429e-02
2.459876174732999876e+06 3.398884447150818389e+00 1.211498958294747810e-02
2.459876678326999769e+06 3.432707508719945455e+00 1.211540622461345501e-02
2.459877171393999830e+06 3.437757197423544575e+00 1.211423085985472575e-02
2.459877664460999891e+06 3.439958474403972843e+00 1.211565124979065329e-02
2.459878168054999784e+06 3.415513450875029111e+00 1.211449175377722273e-02
2.459878661121999845e+06 3.413843437284513893e+00 1.211485691111079815e-02
2.459879154188999906e+06 3.402947116540644412e+00 1.211379941811884485e-02
2.459987411249999888e+06 3.410122655469491892e+00 1.211421616457554126e-02
2.459987904316999950e+06 3.421851828606481849e+00 1.211491186488854177e-02
2.459988407910000067e+06 3.407579524603306265e+00 1.211459736474287258e-02
2.459988900977000128e+06 3.425913552226595105e+00 1.211351529898351508e-02
2.459989394044000190e+06 3.429101971821370221e+00 1.211531411245249379e-02
2.459989897638000082e+06 3.411109021551000264e+00 1.211457841182593531e-02
2.459990390705000143e+06 3.405643622240437818e+00 1.211398828873224212e-02
2.459990883772000205e+06 3.422346672178072424e+00 1.211351173843395329e-02
2.459991387366000097e+06 3.427962007959495683e+00 1.211444379113314415e-02
2.459991880433000159e+06 3.424698945136827710e+00 1.211552915949868671e-02
2.459992373500000220e+06 3.424926059696515868e+00 1.211317814732395561e-02
2.459992877094000112e+06 3.452146358927088876e+00 1.211406377522636357e-02
2.459993370161000174e+06 3.426065013958127903e+00 1.211405084489679262e-02
2.459993863227999769e+06 3.445615401462771565e+00 1.211336043667556039e-02
2.459994366820999887e+06 3.415966476713089950e+00 1.211295237066831003e-02
2.459994859887999948e+06 3.414563550138574044e+00 1.211426747813376149e-02
2.459995352955999784e+06 3.418890567195921548e+00 1.211387439634353975e-02
2.459995856548999902e+06 3.412931721908477822e+00 1.211476489279039725e-02
2.459996349615999963e+06 3.415359309950299238e+00 1.211394503101110957e-02
2.459996842683000024e+06 3.424320454337903996e+00 1.211419017572685185e-02
2.459997346276999917e+06 3.406402791557115339e+00 1.211355126647170599e-02
2.459997839343999978e+06 3.408376796026117539e+00 1.211429258619489344e-02
2.459998332411000039e+06 3.414563550138574044e+00 1.211426747813376149e-02
2.459998836004999932e+06 3.427242226048954343e+00 1.211505668313433634e-02
2.459999329071999993e+06 3.425534927191764556e+00 1.211533157204306224e-02
2.459999822139000054e+06 3.431114411717829604e+00 1.211294371734081277e-02
2.460000325732000172e+06 3.429784236725891500e+00 1.211456566539931279e-02
2.460000818800000008e+06 3.437225301622121698e+00 1.211552232638152433e-02
2.460001311867000069e+06 3.418701637541374794e+00 1.211320497740194478e-02
2.460001815460000187e+06 3.411677725253098536e+00 1.211345589583667087e-02
2.460002308526999783e+06 3.423027593026958471e+00 1.211592188079708282e-02
2.460002801593999844e+06 3.441137290947274607e+00 1.211346427277919940e-02
2.460003305188000202e+06 3.428381950548384349e+00 1.211592787143414562e-02
2.460003798254999798e+06 3.436617521475883397e+00 1.211338002458716562e-02
2.460004291321999859e+06 3.437909182769868455e+00 1.211476643740338512e-02
2.460004794916000217e+06 3.416765710431188818e+00 1.211578643828178231e-02
2.460005287982999813e+06 3.397025445692641643e+00 1.211462090706653776e-02
2.460005781049999874e+06 3.447666111251358689e+00 1.211421904951028722e-02
2.460006284644000232e+06 3.397785823362769353e+00 1.211420312281780154e-02
2.460006777710999828e+06 3.432138460609440056e+00 1.211339782482914393e-02
2.460007270777999889e+06 3.408602828155576248e+00 1.211509596549067286e-02
2.460007774371000007e+06 3.439391392078675835e+00 1.211365396647042306e-02
2.460008267438000068e+06 3.415890968234164493e+00 1.211583077088253593e-02
2.460008760505999904e+06 3.426636211139102439e+00 1.211291446367640696e-02
2.460009264099000022e+06 3.428419842635404891e+00 1.211290409098881270e-02
2.460009757166000083e+06 3.430773129990900117e+00 1.211489874127882546e-02
2.460010250233000144e+06 3.419611744686715138e+00 1.211328010655677960e-02
2.460010753827000037e+06 3.435367478402287844e+00 1.211530205694181031e-02
2.460011246894000098e+06 3.421662735311102654e+00 1.211424238861589543e-02
2.460011739961000159e+06 3.424812500534043291e+00 1.211593088348909483e-02
2.460012243555000052e+06 3.395961828377416669e+00 1.211395558485198025e-02
2.460012736622000113e+06 3.424850353169837991e+00 1.211291039069838787e-02
2.460013229689000174e+06 3.436313671705000683e+00 1.211547397760132615e-02
2.460013733281999826e+06 3.426522595273693295e+00 1.211566878363988346e-02
2.460014226350000128e+06 3.438441184398950412e+00 1.211347422393073588e-02
2.460014719417000189e+06 3.432973096791905654e+00 1.211318170672922613e-02
2.460015223009999841e+06 3.428192496395102484e+00 1.211525833901645928e-02
2.460015716076999903e+06 3.432783388929527835e+00 1.211567403640958530e-02
2.460016209143999964e+06 3.414069831943292499e+00 1.211566032783067265e-02
2.460016712737999856e+06 3.427090712274456497e+00 1.211452109275430213e-02
2.460017205804999918e+06 3.404201039556061126e+00 1.211512774392092123e-02
2.460017698871999979e+06 3.456056231343463292e+00 1.211505148197899139e-02
2.460018202465999871e+06 3.404009786442069085e+00 1.211444709789546298e-02
2.460018695532999933e+06 3.416765710431188818e+00 1.211578643828178231e-02
2.460019188599999994e+06 3.440148578787195710e+00 1.211315230998791757e-02
2.460019692193999887e+06 3.438783228918040891e+00 1.211467923144525678e-02
2.460020185260999948e+06 3.427507391272814008e+00 1.211599402327710046e-02
2.460020678328000009e+06 3.416271673821401844e+00 1.211403459382882561e-02
2.460021181921000127e+06 3.438859243431790169e+00 1.211494702717115859e-02
2.460021674988000188e+06 3.423371257294013592e+00 1.211398525063794689e-02
2.460022168056000024e+06 3.419041718436994781e+00 1.211440995813273074e-02
2.460022671649000142e+06 3.420446484936648712e+00 1.211308665672727880e-02
2.460023164716000203e+06 3.429101971821370221e+00 1.211531411245249379e-02
2.460023657782999799e+06 3.434835952342369492e+00 1.211342755623481642e-02
2.460024161377000157e+06 3.428722994408856639e+00 1.211397515244726220e-02
2.460024654444000218e+06 3.437833189256804367e+00 1.211449864566934570e-02
2.460025147510999814e+06 3.433811098598784639e+00 1.211297592361591964e-02
2.460025651105000172e+06 3.435937061883524546e+00 1.211414615746389881e-02
2.460026144171999767e+06 3.423673962655511716e+00 1.211505640769596631e-02
2.460026637238999829e+06 3.425269914565352458e+00 1.211439428315008726e-02
2.460027140831999946e+06 3.418814994081226022e+00 1.211360662432768576e-02
2.460027633899999782e+06 3.436161756894077435e+00 1.211493836877326584e-02
2.460028126966999844e+06 3.418701637541374794e+00 1.211320497740194478e-02
2.460028630559999961e+06 3.411109021551000264e+00 1.211457841182593531e-02
2.460029123627000023e+06 3.414714510079578602e+00 1.211480305730133766e-02
2.460029616694000084e+06 3.412969443232317435e+00 1.211489879086015062e-02
2.460030120287999976e+06 3.429670516482430376e+00 1.211416398667499589e-02
2.460030613355000038e+06 3.439730363011013647e+00 1.211484783367276774e-02
2.460031106422000099e+06 3.444022658110776458e+00 1.211410513316639459e-02
2.460031610015999991e+06 3.403668065827977429e+00 1.211323095676738321e-02
2.460032103083000053e+06 3.434873915762059582e+00 1.211356143952373871e-02
2.460032596150000114e+06 3.407350422044258753e+00 1.211378286129899048e-02
2.460033099744000006e+06 3.430659376959015461e+00 1.211449705151078186e-02
2.460033592811000068e+06 3.442161160913948414e+00 1.211389814414652599e-02
2.460034085878000129e+06 3.430697294217233573e+00 1.211463094662026778e-02
2.460034589470999781e+06 3.442085073412725293e+00 1.211363037160573947e-02
2.460035082537999842e+06 3.412739978291661203e+00 1.211408426715041876e-02
2.460035575606000144e+06 3.422192222872472378e+00 1.211296505989563344e-02
2.460036079198999796e+06 3.431417801753628982e+00 1.211401478230311399e-02
2.460036572265999857e+06 3.426749830771748329e+00 1.211331610096931868e-02
2.460037065332999919e+06 3.438935259625844676e+00 1.211521482881670192e-02
2.460037568926999811e+06 3.430431882210147609e+00 1.211369371193037753e-02
2.460038061993999872e+06 3.432479878154849562e+00 1.211460282474374067e-02
2.460038555060999934e+06 3.418852780429751714e+00 1.211374050959571069e-02
2.460039058654999826e+06 3.424623243630408709e+00 1.211526135090496004e-02
2.460039551721999887e+06 3.439540281738610261e+00 1.211417836093852188e-02
2.460040044788999949e+06 3.430431882210147609e+00 1.211369371193037753e-02
2.460040548382000066e+06 3.400215165093926295e+00 1.211346936847629459e-02
2.460041041449999902e+06 3.433279813344657150e+00 1.211426395037961019e-02
2.460041534516999964e+06 3.415246067989456513e+00 1.211354337286496552e-02
2.460042038110000081e+06 3.423787484066589837e+00 1.211545811601097943e-02
2.460042531177000143e+06 3.422192222872472378e+00 1.211296505989563344e-02
2.460043024244000204e+06 3.409513387130218565e+00 1.211519206037593027e-02
2.460043527838000096e+06 3.409968757829480612e+00 1.211366945424671368e-02
2.460044020905000158e+06 3.431379876532111073e+00 1.211388089400368927e-02
2.460044513972000219e+06 3.433469548641232549e+00 1.211493342784383809e-02
2.460045017566000111e+06 3.423446931125186499e+00 1.211425303102335767e-02
2.460045510633000173e+06 3.418550501334820968e+00 1.211581807025293930e-02
2.460046003699999768e+06 3.411335234872488797e+00 1.211538181007666692e-02
2.460046507294000126e+06 3.425497066989819928e+00 1.211519766919002226e-02
2.460047000361000188e+06 3.404997520514696507e+00 1.211482620189357345e-02
2.460047493427999783e+06 3.419460568245535903e+00 1.211589403428897996e-02
2.460047997020999901e+06 3.421435837149803039e+00 1.211343906592276393e-02
2.460048490087999962e+06 3.431493653454158910e+00 1.211428256334132203e-02
2.460048983155999798e+06 3.406023185747347970e+00 1.211533840882334824e-02
2.460049486748999916e+06 3.407083678200000687e+00 1.211597257591746218e-02
2.460049979815999977e+06 3.424090226232169965e+00 1.211337569965960023e-02
2.460050472883000039e+06 3.432214328240177803e+00 1.211366559222946948e-02
2.460050976476999931e+06 3.435557329070685118e+00 1.211597159177550849e-02
2.460051469543999992e+06 3.438669210297914614e+00 1.211427754895546757e-02
2.460051962611000054e+06 3.429670516482430376e+00 1.211416398667499589e-02
2.460052466204999946e+06 3.425001767896691085e+00 1.211344590986829922e-02
2.460052959272000007e+06 3.410653498579760079e+00 1.211296061869220238e-02
2.460053452339000069e+06 3.427166468324409188e+00 1.211478888498453838e-02
2.460053955932000186e+06 3.420295271592736608e+00 1.211570136180187274e-02
2.460054449000000022e+06 3.437225301622121698e+00 1.211552232638152433e-02
2.460054942067000084e+06 3.430128579344779549e+00 1.211578194052917445e-02
2.460055445660000201e+06 3.415890968234164493e+00 1.211583077088253593e-02
2.460055938726999797e+06 3.434646141537621489e+00 1.211592158798791875e-02
2.460056431793999858e+06 3.405527565811251378e+00 1.211357547213134586e-02
2.460056935388000216e+06 3.432707508719945455e+00 1.211540622461345501e-02
2.460057428454999812e+06 3.433317759565168714e+00 1.211439784291275246e-02
2.460057921521999873e+06 3.432252262684436506e+00 1.211379947814923697e-02
2.460058425116000231e+06 3.410424189347530444e+00 1.211528734205170876e-02
2.460058918182999827e+06 3.431000647370177514e+00 1.211570216077273963e-02
