2.458346727899000049e+06 1.907307866570593591e+00 8.996037473839131257e-03
2.458347220966000110e+06 1.907722491760892591e+00 8.996236024008886362e-03
2.458347714033000171e+06 1.915112980928894260e+00 8.995809626623975375e-03
2.458348217627000064e+06 1.910437349096841375e+00 8.994961838597497969e-03
2.458348710694000125e+06 1.923070474232347005e+00 8.995992669141908080e-03
2.458349203761000186e+06 1.917225514661528019e+00 8.995137795797721394e-03
2.458349707355000079e+06 1.915981008633208971e+00 8.994592939063862300e-03
2.458350200422000140e+06 1.923899580763923645e+00 8.994555242019579289e-03
2.458350693489000201e+06 1.916923581516430719e+00 8.995486753618902112e-03
2.458351197081999853e+06 1.905836323732265525e+00 8.996118132860605326e-03
2.458351690150000155e+06 1.914171298338337657e+00 8.994912319699057898e-03
2.458352183217000216e+06 1.903084184119249622e+00 8.995396846949310285e-03
2.458352686809999868e+06 1.929066503660545884e+00 8.995613911768850918e-03
2.458353179876999930e+06 1.921561992393428620e+00 8.996015389863203787e-03
2.458353672943999991e+06 1.908212779332637554e+00 8.995033012461874783e-03
2.458354176537999883e+06 1.906854692985964217e+00 8.995656306450508510e-03
2.458354669604999945e+06 1.908815706984024585e+00 8.996117040062368009e-03
2.458355162672000006e+06 1.916358688169391478e+00 8.994600928028137141e-03
2.458355666265999898e+06 1.925823136772562671e+00 8.994679447710977882e-03
2.458356159332999960e+06 1.920091831336953270e+00 8.996206540047173295e-03
2.458356652400000021e+06 1.909381894062030183e+00 8.995268229360533010e-03
2.458357155993999913e+06 1.904969382951266388e+00 8.995534996060020397e-03
2.458357649060999975e+06 1.925973911310373765e+00 8.995383649779481114e-03
2.458358142128000036e+06 1.911040979633481740e+00 8.996043794157719195e-03
2.458358645721000154e+06 1.912775498090046655e+00 8.995400218254212196e-03
2.458359138788000215e+06 1.924654591073512888e+00 8.996312370253896351e-03
2.458359631856000051e+06 1.917979672341155517e+00 8.995143063997597735e-03
2.458360135449000169e+06 1.920581760002116001e+00 8.994964160549822826e-03
2.458360628516000230e+06 1.931818852478181414e+00 8.995993755504866005e-03
2.458361121582999825e+06 1.915075939718064335e+00 8.995635633922615879e-03
2.458361625177000184e+06 1.925370883975580538e+00 8.996113836494947988e-03
2.458362118243999779e+06 1.922316085345714631e+00 8.996004726412749550e-03
2.458362611310999840e+06 1.907042624000335751e+00 8.994786426672852706e-03
2.458363114905000199e+06 1.917075424990444255e+00 8.996199304694115287e-03
2.458363607971999794e+06 1.905081676925944434e+00 8.996065264099026640e-03
2.458364101038999856e+06 1.902442765492762256e+00 8.995869452668456626e-03
2.458364604631999973e+06 1.914737310436431139e+00 8.995808537776499650e-03
2.458365097699999809e+06 1.921751372893015120e+00 8.995131998216785232e-03
2.458365590766999871e+06 1.903271743529235005e+00 8.996283392767557077e-03
2.458366094359999988e+06 1.905081676925944434e+00 8.996065264099026640e-03
2.458366587427000050e+06 1.920318208831973905e+00 8.995498508125338022e-03
2.458367080494000111e+06 1.914661479793946741e+00 8.995452270659664087e-03
2.458367584088000003e+06 1.911077942800503582e+00 8.996217794753649105e-03
2.458368077155000065e+06 1.907042624000335751e+00 8.994786426672852706e-03
2.458368570222000126e+06 1.915151786775336928e+00 8.995991908301597187e-03
2.458369073816000018e+06 1.920921422899031894e+00 8.994785723475300435e-03
2.458369566883000080e+06 1.925408124310211466e+00 8.996287838445657034e-03
2.458370059950000141e+06 1.910965295379290829e+00 8.995687517723836499e-03
2.458370563544000033e+06 1.920392494762951374e+00 8.995846491588813110e-03
2.458371056611000095e+06 1.920242157165378938e+00 8.995142253286817977e-03
2.458371549678000156e+06 1.927972344758740908e+00 8.995838819544209330e-03
2.458372053270999808e+06 1.911757488372638258e+00 8.995895103517939292e-03
2.458372546337999869e+06 1.921335468274475877e+00 8.994954890921018700e-03
2.458373039406000171e+06 1.914548621143142837e+00 8.994922038753214860e-03
2.458373542998999823e+06 1.906628146572775018e+00 8.994587565513925687e-03
2.458374036065999884e+06 1.915642219314665162e+00 8.994766860741954667e-03
2.458374529132999945e+06 1.911153631516123275e+00 8.994813854644343951e-03
2.458375032726999838e+06 1.913529667741288520e+00 8.995422075224307132e-03
2.458375525793999899e+06 1.913529667741288520e+00 8.995422075224307132e-03
2.458376018860999960e+06 1.901687710900953565e+00 8.995802148242000931e-03
2.458376522454999853e+06 1.906515761442307832e+00 8.995813350485779361e-03
2.458377015521999914e+06 1.924051976821238297e+00 8.995267719307835017e-03
2.458377508588999975e+06 1.918168699783404429e+00 8.996029584804138279e-03
2.458378012182000093e+06 1.904706219884121809e+00 8.996046602076472609e-03
2.458378505249999929e+06 1.906854692985964217e+00 8.995656306450508510e-03
2.458378998316999990e+06 1.901801563051064736e+00 8.994589093989679637e-03
2.458379501910000108e+06 1.912097351766235631e+00 8.995733245349163409e-03
2.458379994977000169e+06 1.923598368256164592e+00 8.994918722280384124e-03
2.458380488044000231e+06 1.903159556240075378e+00 8.995753111871106558e-03
2.458380991638000123e+06 1.927256859107389309e+00 8.996050531567314698e-03
2.458381484705000184e+06 1.912927012985808917e+00 8.996112762474781782e-03
2.458381977771999780e+06 1.908439514032603368e+00 8.996101806326662828e-03
2.458382481366000138e+06 1.907232330161415357e+00 8.995681197655555281e-03
2.458382974433000199e+06 1.907646938931031766e+00 8.995879739961994484e-03
2.458383467499999795e+06 1.913001012994446359e+00 8.994698830653990659e-03
2.458383971094000153e+06 1.904818498345879352e+00 8.994822497601898462e-03
2.458384464161000215e+06 1.914737310436431139e+00 8.995808537776499650e-03
2.458384957227999810e+06 1.913228316634493664e+00 8.995767584811176915e-03
2.458385460820999928e+06 1.935439498956067039e+00 8.995028137528072662e-03
2.458385953887999989e+06 1.913416875804513362e+00 8.994891845097710212e-03
2.458386446955999825e+06 1.925823136772562671e+00 8.994679447710977882e-03
2.458386950548999943e+06 1.895277470058031488e+00 8.995154403444342167e-03
2.458387443616000004e+06 1.922730431333941947e+00 8.996172871800231161e-03
2.458387936683000065e+06 1.918242902562391716e+00 8.994610821807004497e-03
2.458388440276999958e+06 1.915716324358833100e+00 8.995114815902252245e-03
2.458388933344000019e+06 1.907193684783307308e+00 8.995498922273723746e-03
2.458389426411000080e+06 1.916319857868050924e+00 8.996183670350542047e-03
2.458389930004999973e+06 1.917640529613105160e+00 8.995318728912838485e-03
2.458390423072000034e+06 1.923146637915146950e+00 8.994577674149347585e-03
2.458390916139000095e+06 1.909267588112216307e+00 8.994729723846269301e-03
2.458391419732000213e+06 1.927105984134229733e+00 8.995346277292084677e-03
2.458391912800000049e+06 1.917601673338396262e+00 8.995136460875513898e-03
2.458392405867000110e+06 1.919149468190828323e+00 8.995326489825242536e-03
2.458392909460000228e+06 1.909193732522458165e+00 8.996140215993623721e-03
2.458393402526999824e+06 1.917640529613105160e+00 8.995318728912838485e-03
2.458393895593999885e+06 1.906213759227908700e+00 8.996144053665142831e-03
2.458394399187999777e+06 1.918507935920553242e+00 8.995853559057992443e-03
2.458394892254999839e+06 1.907344757532114965e+00 8.996211474312841225e-03
2.458395385321999900e+06 1.893881492370486974e+00 8.995506287211218685e-03
2.458395888915999793e+06 1.912888252218935881e+00 8.995930478348318493e-03
2.458396381982999854e+06 1.918847232053034313e+00 8.995677189677702898e-03
2.458396875049999915e+06 1.912699745142542929e+00 8.995043967308302343e-03
2.458397378643999808e+06 1.913906864067415059e+00 8.995432485841944187e-03
2.458397871710999869e+06 1.908588927589947692e+00 8.995048244387687450e-03
2.458398364777999930e+06 1.920015788635740073e+00 8.995850257167984504e-03
2.458398868371000048e+06 1.912738502089705861e+00 8.995226233471435157e-03
2.458399361438000109e+06 1.914095490112014852e+00 8.996319035172596623e-03
2.458399854505999945e+06 1.909267588112216307e+00 8.994729723846269301e-03
2.458400358099000063e+06 1.913943882666098384e+00 8.995606474614037049e-03
2.458400851166000124e+06 1.913152545753715961e+00 8.995411319316228005e-03
2.458401344233000185e+06 1.913378105111779970e+00 8.994709585710169639e-03
2.458401847827000078e+06 1.903573279638907101e+00 8.995955421789669088e-03
2.458402340894000139e+06 1.911266290039358662e+00 8.995344080173536816e-03
2.458402833961000200e+06 1.923748968614717780e+00 8.995622943081923312e-03
2.458403337555000093e+06 1.920657825118772033e+00 8.995320408334969361e-03
2.458403830622000154e+06 1.916319857868050924e+00 8.996183670350542047e-03
2.458404323689000215e+06 1.914924254614861932e+00 8.994923127493390999e-03
2.458404827281999867e+06 1.915566352834453534e+00 8.996174936690803925e-03
2.458405320350000169e+06 1.914245346481136867e+00 8.995260280486316179e-03
2.458405813417000230e+06 1.902782725484909454e+00 8.995724456006182548e-03
2.458406317009999882e+06 1.916432820929561576e+00 8.994948876769435706e-03
2.458406810076999944e+06 1.912285799473449233e+00 8.994858544011155241e-03
2.458407303144000005e+06 1.924353260358675710e+00 8.994903875841444782e-03
2.458407806737999897e+06 1.931630258967304448e+00 8.995115523032913563e-03
2.458408299804999959e+06 1.918355978983379284e+00 8.995141035367835297e-03
2.458408792872000020e+06 1.907156796743763261e+00 8.995324935581857501e-03
2.458409296465999912e+06 1.916960658464166745e+00 8.995660743440636251e-03
2.458409789532999974e+06 1.906817811503045856e+00 8.995482316714624102e-03
2.458410282600000035e+06 1.921147898202322235e+00 8.995846202472760830e-03
2.458410786193999927e+06 1.905081676925944434e+00 8.996065264099026640e-03
2.458411279260999989e+06 1.919373966772324414e+00 8.994610937850339161e-03
2.458411772328000050e+06 1.910173430654430904e+00 8.995478559280288208e-03
2.458412275921000168e+06 1.927331413454347553e+00 8.994623398552611254e-03
2.458412768988000229e+06 1.912662750607380113e+00 8.994869989415963177e-03
2.458413262056000065e+06 1.916319857868050924e+00 8.996183670350542047e-03
2.458413765649000183e+06 1.924918737383875644e+00 8.995774139871846528e-03
2.458414258715999778e+06 1.914698512988333379e+00 8.995626259814431744e-03
2.458414751782999840e+06 1.917714711960257334e+00 8.995666705421670115e-03
2.458415255377000198e+06 1.901876884373365328e+00 8.994945326920219045e-03
2.458415748443999793e+06 1.923070474232347005e+00 8.995992669141908080e-03
2.458416241510999855e+06 1.928764482201104524e+00 8.995981984447369226e-03
2.458416745105000213e+06 1.918469062069992459e+00 8.995671280183678564e-03
2.458417238171999808e+06 1.898936315166392941e+00 8.995029755940018787e-03
2.458417731238999870e+06 1.904441339115676035e+00 8.994795553640732091e-03
2.458418234831999987e+06 1.918355978983379284e+00 8.995141035367835297e-03
2.458526481366999913e+06 1.923258232014007474e+00 8.995099600959496899e-03
2.458526984960000031e+06 1.912361536026532249e+00 8.995214787613330099e-03
2.458527478027000092e+06 1.921524826448864687e+00 8.995841393182064244e-03
2.458527971094000153e+06 1.920318208831973905e+00 8.995498508125338022e-03
2.458528474688000046e+06 1.916245729477588533e+00 8.995835673844087069e-03
2.458528967755000107e+06 1.918545043512716708e+00 8.996027555974442022e-03
2.458529460822000168e+06 1.914924254614861932e+00 8.994923127493390999e-03
2.458529964416000061e+06 1.915603403530805826e+00 8.994584603886883120e-03
2.458530457483000122e+06 1.938645493705106748e+00 8.995643651269886326e-03
2.458530950550000183e+06 1.931781488150273951e+00 8.995819759242169519e-03
2.458531454144000076e+06 1.907722491760892591e+00 8.996236024008886362e-03
2.458531947211000137e+06 1.916169839096160121e+00 8.995479405652564292e-03
2.458532440278000198e+06 1.916206901465078216e+00 8.995653395332144781e-03
2.458532943870999850e+06 1.916432820929561576e+00 8.994948876769435706e-03
2.458533436937999912e+06 1.924202612693240333e+00 8.995971967432686220e-03
2.458533930006000213e+06 1.927219583015402860e+00 8.995876534206482741e-03
2.458534433598999865e+06 1.917375616083269785e+00 8.995842033750735267e-03
2.458534926665999927e+06 1.924654591073512888e+00 8.996312370253896351e-03
2.458535419732999988e+06 1.904365916231538280e+00 8.996193312469924486e-03
2.458535923326999880e+06 1.923899580763923645e+00 8.994555242019579289e-03
2.458536416393999942e+06 1.915112980928894260e+00 8.995809626623975375e-03
2.458536909461000003e+06 1.903536461623529741e+00 8.995781426268405559e-03
2.458537413054999895e+06 1.911417685387642118e+00 8.996056619947321448e-03
2.458537906121999957e+06 1.920694974293881252e+00 8.995494394939266766e-03
2.458538399189000018e+06 1.912851254037758242e+00 8.995756483309500645e-03
2.458538902782000136e+06 1.910136484982049687e+00 8.995304572982275315e-03
2.458539395849999972e+06 1.929066503660545884e+00 8.995613911768850918e-03
2.458539888917000033e+06 1.914887217054287216e+00 8.994749151938275997e-03
2.458540392510000151e+06 1.906930214438728344e+00 8.996012581648261952e-03
2.458540885577000212e+06 1.924654591073512888e+00 8.996312370253896351e-03
2.458541378643999808e+06 1.912511256642728252e+00 8.995919031594109064e-03
2.458541882238000166e+06 1.918394850542548991e+00 8.995323303497853099e-03
2.458542375305000227e+06 1.908363932806028451e+00 8.995745527595314095e-03
2.458542868371999823e+06 1.918281771830292914e+00 8.994793079193298679e-03
2.458543371966000181e+06 1.903271743529235005e+00 8.996283392767557077e-03
2.458543865032999776e+06 1.925748640769790798e+00 8.996105189437128211e-03
2.458544358099999838e+06 1.911077942800503582e+00 8.996217794753649105e-03
2.458544861694000196e+06 1.927935054828175288e+00 8.995664826278242446e-03
2.458545354760999791e+06 1.920581760002116001e+00 8.994964160549822826e-03
2.458545847827999853e+06 1.921222216229151014e+00 8.996194199386504595e-03
2.458546351420999970e+06 1.905648511593708294e+00 8.995231603328027528e-03
2.458546844488000032e+06 1.918355978983379284e+00 8.995141035367835297e-03
2.458547337555999868e+06 1.925143910843890360e+00 8.995053325947343151e-03
2.458547841148999985e+06 1.915112980928894260e+00 8.995809626623975375e-03
2.458548334216000047e+06 1.916847664289561104e+00 8.995130499245874295e-03
2.458548827283000108e+06 1.922089472330212656e+00 8.994944228727659585e-03
2.458549330877000000e+06 1.932121352215493415e+00 8.995622871050058464e-03
2.458549823944000062e+06 1.923786177578421297e+00 8.995796935537819436e-03
2.458550317011000123e+06 1.907193684783307308e+00 8.995498922273723746e-03
2.458550820605000015e+06 1.921448726995766298e+00 8.995485124764005663e-03
2.458551313672000077e+06 1.924881506514741769e+00 8.995600147856884152e-03
2.458551806739000138e+06 1.915301725842942338e+00 8.994932155042920097e-03
2.458552310331999790e+06 1.918168699783404429e+00 8.996029584804138279e-03
2.458552803400000092e+06 1.909721335133478082e+00 8.995108448141194216e-03
2.458553296467000153e+06 1.919110581341191724e+00 8.995144221630691286e-03
2.458553800059999805e+06 1.919373966772324414e+00 8.994610937850339161e-03
2.458554293126999866e+06 1.909079437837013726e+00 8.995601658277512999e-03
2.458554786193999927e+06 1.914887217054287216e+00 8.994749151938275997e-03
2.458555289787999820e+06 1.900670350527737362e+00 8.996241341641515732e-03
2.458555782854999881e+06 1.900180250742083299e+00 8.995671735005001529e-03
2.458556275921999943e+06 1.906326126555974776e+00 8.994918566358266893e-03
2.458556779515999835e+06 1.912587002125091473e+00 8.996275317197124227e-03
2.458557272582999896e+06 1.923862369606829326e+00 8.996153216305223521e-03
2.458557765649999958e+06 1.919939748946091429e+00 8.995493988398880342e-03
2.458558269243999850e+06 1.912511256642728252e+00 8.995919031594109064e-03
2.458558762310999911e+06 1.906326126555974776e+00 8.994918566358266893e-03
2.458559255377999973e+06 1.936118790890348107e+00 8.994618709824131128e-03
2.458559758971000090e+06 1.914811380474943148e+00 8.996156533233217942e-03
2.458560252038000152e+06 1.913001012994446359e+00 8.994698830653990659e-03
2.458560745105999988e+06 1.922015120755592665e+00 8.994596280166132149e-03
2.458561248699000105e+06 1.908627601239803129e+00 8.995230510637483579e-03
2.458561741766000167e+06 1.912171319680117332e+00 8.996081237893254964e-03
2.458562234833000228e+06 1.915642219314665162e+00 8.994766860741954667e-03
2.458562738427000120e+06 1.916282793314377120e+00 8.996009670414601561e-03
2.458563231494000182e+06 1.915000095664608271e+00 8.995279373653379193e-03
2.458563724560999777e+06 1.931895362642670255e+00 8.994570702682076063e-03
2.458564228155000135e+06 1.900934706805170071e+00 8.995741765598365761e-03
2.458564721222000197e+06 1.916960658464166745e+00 8.995660743440636251e-03
2.458565214288999792e+06 1.907269219661919202e+00 8.995855191238208079e-03
2.458565717881999910e+06 1.903762640681323948e+00 8.995096878869247511e-03
2.458566210950000212e+06 1.888074818347487582e+00 8.995749605206691119e-03
2.458566704016999807e+06 1.912021625675821790e+00 8.995376981214156173e-03
2.458567207609999925e+06 1.914132512359084881e+00 8.994730059896649532e-03
2.458567700676999986e+06 1.907344757532114965e+00 8.996211474312841225e-03
2.458568193744000047e+06 1.900141748257034857e+00 8.995489459814874286e-03
2.458568697337999940e+06 1.904178248995444189e+00 8.995306775528713952e-03
2.458569190405000001e+06 1.897616290518954418e+00 8.995768036930175404e-03
2.458569683472000062e+06 1.916621695921098878e+00 8.995835378437755728e-03
2.458570187065999955e+06 1.913831066313655960e+00 8.995076233618119060e-03
2.458570680133000016e+06 1.926767002282429253e+00 8.995538595625435230e-03
2.458571173200000077e+06 1.910852654598011346e+00 8.995157271950878636e-03
2.458571676793999970e+06 1.903536461623529741e+00 8.995781426268405559e-03
2.458572169861000031e+06 1.917714711960257334e+00 8.995666705421670115e-03
2.458572662928000093e+06 1.921864656131015980e+00 8.995662242499879308e-03
2.458573166521000210e+06 1.924881506514741769e+00 8.995600147856884152e-03
2.458573659587999806e+06 1.910022133858332971e+00 8.994766065292283258e-03
2.458574152656000108e+06 1.916018067349786635e+00 8.994766911597491463e-03
2.458574656249000225e+06 1.922843772285397712e+00 8.994932172878165530e-03
2.458575149315999821e+06 1.905383499784088164e+00 8.995735591288531521e-03
2.458575642382999882e+06 1.918582151822611603e+00 8.996201556256321064e-03
2.458576145976999775e+06 1.904178248995444189e+00 8.995306775528713952e-03
2.458576639043999836e+06 1.915566352834453534e+00 8.996174936690803925e-03
2.458577132110999897e+06 1.920921422899031894e+00 8.994785723475300435e-03
2.458577635704999790e+06 1.912775498090046655e+00 8.995400218254212196e-03
2.458578128771999851e+06 1.920091831336953270e+00 8.996206540047173295e-03
2.458578621838999912e+06 1.906854692985964217e+00 8.995656306450508510e-03
2.458579125432000030e+06 1.925182919946605509e+00 8.995235592300077770e-03
2.458579618499999866e+06 1.909079437837013726e+00 8.995601658277512999e-03
2.458580111566999927e+06 1.909758272776065358e+00 8.995282430645748506e-03
2.458580615160000045e+06 1.933025574896171994e+00 8.996272010774747016e-03
2.458581108227000106e+06 1.914811380474943148e+00 8.996156533233217942e-03
2.458581601294000167e+06 1.904893939154649773e+00 8.995178739776442736e-03
2.458582104888000060e+06 1.920242157165378938e+00 8.995142253286817977e-03
2.458582597955000121e+06 1.911644800895985652e+00 8.995364845508955001e-03
2.458583091022000182e+06 1.923786177578421297e+00 8.995796935537819436e-03
2.458583594616000075e+06 1.921485891468422080e+00 8.995659114554233754e-03
2.458584087683000136e+06 1.917829523630973254e+00 8.996205267032120548e-03
2.458584580750000197e+06 1.925899409475238411e+00 8.995035684219969060e-03
2.458585084344000090e+06 1.904404504310702295e+00 8.994621580553091231e-03
2.458585577411000151e+06 1.922919926989610451e+00 8.995288419396429633e-03
2.458586070478000212e+06 1.915490489358839810e+00 8.995818655063223326e-03
2.458586574070999864e+06 1.905950424255697051e+00 8.994901276283584143e-03
2.458587067137999926e+06 1.911456416356480892e+00 8.996238906629757531e-03
2.458587560206000227e+06 1.920657825118772033e+00 8.995320408334969361e-03
2.458588063798999880e+06 1.911116666885160020e+00 8.994639881202732765e-03
2.458588556865999941e+06 1.934685603631169037e+00 8.995088203129221818e-03
2.458589049933000002e+06 1.915301725842942338e+00 8.994932155042920097e-03
2.458589553526999895e+06 1.920242157165378938e+00 8.995142253286817977e-03
2.458590046593999956e+06 1.917677620427974849e+00 8.995492715484625437e-03
2.458590539661000017e+06 1.912171319680117332e+00 8.996081237893254964e-03
2.458591043254999910e+06 1.926917850716375114e+00 8.996242864957452665e-03
2.458591536321999971e+06 1.905950424255697051e+00 8.994901276283584143e-03
2.458592029389000032e+06 1.905383499784088164e+00 8.995735591288531521e-03
2.458592532982000150e+06 1.933892815583337033e+00 8.994964592593161432e-03
2.458593026049999986e+06 1.909758272776065358e+00 8.995282430645748506e-03
2.458593519117000047e+06 1.925635128592486200e+00 8.995574919044775283e-03
2.458594022710000165e+06 1.910813935862921698e+00 8.994975007185114155e-03
2.458594515777000226e+06 1.927482306076584662e+00 8.995327596232973594e-03
2.458595008843999822e+06 1.930387070240592307e+00 8.994660162891686059e-03
2.458595512438000180e+06 1.924089191645696806e+00 8.995441704893030951e-03
2.458596005504999775e+06 1.903950266956933701e+00 8.995983395123988147e-03
2.458596498571999837e+06 1.915566352834453534e+00 8.996174936690803925e-03
2.458597002166000195e+06 1.907156796743763261e+00 8.995324935581857501e-03
2.458597495232999790e+06 1.903422505612979876e+00 8.995242890031363361e-03
2.458597988299999852e+06 1.924353260358675710e+00 8.994903875841444782e-03
2.458712204272000119e+06 1.921485891468422080e+00 8.995659114554233754e-03
2.458712697339000180e+06 1.915905128735693630e+00 8.996001333924785390e-03
2.458713200931999832e+06 1.912812494805954167e+00 8.995574206402158490e-03
2.458713694000000134e+06 1.918168699783404429e+00 8.996029584804138279e-03
2.458714187067000195e+06 1.916621695921098878e+00 8.995835378437755728e-03
2.458714690659999847e+06 1.917942575684134399e+00 8.996735574582172268e-03
2.458715183726999909e+06 1.913416875804513362e+00 8.996654167167673563e-03
2.458715676793999970e+06 1.915943950633397064e+00 8.996183619486992564e-03
2.458716180387999862e+06 1.922882734780517078e+00 8.996885477224285735e-03
2.458716673454999924e+06 1.924729044753865859e+00 8.996660385200928520e-03
2.458717166521999985e+06 1.906703659053105904e+00 8.996699937352737458e-03
2.458717670115999877e+06 1.912474265753220548e+00 8.995745036776687034e-03
2.458718163182999939e+06 1.920128969564666388e+00 8.996380543790946302e-03
2.458718656250000000e+06 1.902102866239444801e+00 8.996014110366172892e-03
2.458719159843999892e+06 1.928576186872644094e+00 8.996880037436002717e-03
2.458719652910999954e+06 1.913453884925891968e+00 8.996828179569406336e-03
2.458720145978000015e+06 1.911606066109997171e+00 8.996943230789823318e-03
2.458720649571000133e+06 1.899011523009834335e+00 8.997135060572775817e-03
2.458721142638000194e+06 1.904102836530636944e+00 8.996704271806248848e-03
2.458721635706000030e+06 1.920771043894410779e+00 8.995850663724444876e-03
2.458722139299000148e+06 1.920091831336953270e+00 8.996206540047173295e-03
2.458722632366000209e+06 1.916093951720263755e+00 8.996887939318545108e-03
2.458723125432999805e+06 1.928764482201104524e+00 8.995981984447369226e-03
2.458723629027000163e+06 1.938531221330014098e+00 8.996898861319657659e-03
2.458724122094000224e+06 1.912812494805954167e+00 8.997335971816651859e-03
2.458724615160999820e+06 1.934347070107590438e+00 8.997077431179020465e-03
2.458725118755000178e+06 1.908778787572093405e+00 8.995943041415162267e-03
2.458725611821999773e+06 1.907608285151888960e+00 8.997454432717422873e-03
2.458726104888999835e+06 1.923786177578421297e+00 8.997568808087661948e-03
2.458726608481999952e+06 1.921298306711234360e+00 8.996550495887642440e-03
2.458727101549999788e+06 1.903159556240075378e+00 8.997505986600621772e-03
2.458727594616999850e+06 1.917753570525462692e+00 8.997615300516726561e-03
2.458728098209999967e+06 1.911945902584445856e+00 8.996781698442110273e-03
2.458728591277000029e+06 1.919715184188182322e+00 8.997978081158309466e-03
2.458729084344000090e+06 1.914359950444389113e+00 8.997562008438285408e-03
2.458729587937999982e+06 1.920808195259386730e+00 8.997793790311656853e-03
2.458730081005000044e+06 1.906515761442307832e+00 8.997569316394523828e-03
2.458730574072000105e+06 1.912134335365509807e+00 8.997668380745081629e-03
2.458731077665999997e+06 1.909306275513738882e+00 8.998429055776266047e-03
2.458731570733000059e+06 1.908664517727496790e+00 8.997162440489380603e-03
2.458732063800000120e+06 1.920318208831973905e+00 8.997267186557923388e-03
2.458732567394000012e+06 1.924881506514741769e+00 8.997373029241953826e-03
2.458733060461000074e+06 1.926426305753214274e+00 8.997496586798244336e-03
2.458733553528000135e+06 1.899237164412395318e+00 8.998204104203896478e-03
2.458734057120999787e+06 1.917677620427974849e+00 8.999025208206196114e-03
2.458734550187999848e+06 1.925069441115398572e+00 8.998251482124111980e-03
2.458735043256000150e+06 1.924541143384349784e+00 8.999327223447444249e-03
2.458735546848999802e+06 1.915868072203515071e+00 8.999356496926071494e-03
2.458736039915999863e+06 1.915679271478419432e+00 8.998469648266360990e-03
2.458736532982999925e+06 1.924993201282517497e+00 8.999668102517418763e-03
2.458737036576999817e+06 1.910249083546623039e+00 8.999353636289264199e-03
2.458737529643999878e+06 1.896936530083155548e+00 8.999534162752781744e-03
2.458738022710999940e+06 1.930387070240592307e+00 8.999994019481658350e-03
2.458738526304999832e+06 1.918507935920553242e+00 9.001154592386843498e-03
2.458739019371999893e+06 1.915868072203515071e+00 9.001121076631349652e-03
2.458739512438999955e+06 1.915000095664608271e+00 9.002334494730753617e-03
2.458740016032000072e+06 1.907986071570183961e+00 9.002750946148612918e-03
2.458740509099999908e+06 1.915679271478419432e+00 9.001998459893132895e-03
2.458741002166999970e+06 1.908061637831477197e+00 9.003107502331329087e-03
2.458741505760000087e+06 1.939663529247543483e+00 9.003940500985142467e-03
2.458741998827000149e+06 1.904479928723136428e+00 9.003748268957837558e-03
2.458742491894000210e+06 1.916697604198435156e+00 9.005018379390107922e-03
2.458742995488000102e+06 1.923070474232347005e+00 9.004848735955396644e-03
2.458743488555000164e+06 1.925257394064932681e+00 9.006222931134670595e-03
2.458743981622000225e+06 1.925069441115398572e+00 9.007116754520294241e-03
2.458744485216000117e+06 1.932950800283780968e+00 9.008386205206074526e-03
2.458744978283000179e+06 1.920505697897918918e+00 9.008758735804573911e-03
2.458745471349999774e+06 1.923862369606829326e+00 9.010328758107555638e-03
2.458745974944000132e+06 1.930575542373522913e+00 9.011541482978030482e-03
2.458746468011000194e+06 1.920355351438258307e+00 9.011590911954128411e-03
2.458746961077999789e+06 1.919639156403575964e+00 9.013534205139213037e-03
2.458747464670999907e+06 1.921638096332424883e+00 9.015840514315387813e-03
2.458747957737999968e+06 1.930461745677194640e+00 9.016344365627784047e-03
2.458748450805999804e+06 1.920995732164849645e+00 9.018134611275544638e-03
2.458748954398999922e+06 1.936268588114689049e+00 9.020281791990015022e-03
2.458749447465999983e+06 1.923786177578421297e+00 9.024146896335261472e-03
2.458749940533000045e+06 1.938154527301205299e+00 9.025497397148965137e-03
2.458750444126999937e+06 1.937665469890692549e+00 9.028573947537064243e-03
2.458750937193999998e+06 1.930347955688555439e+00 9.031814147785919775e-03
2.458751430261000060e+06 1.923523958313404281e+00 9.035318288555865482e-03
2.458751933854999952e+06 1.924617365313366024e+00 9.040454320379587294e-03
2.458752426922000013e+06 1.929859090655122289e+00 9.043746547478057757e-03
2.458752919989000075e+06 1.948374334171660616e+00 9.049759715267627347e-03
2.458753423582000192e+06 1.934006814534084961e+00 9.054277268451885186e-03
2.458753916650000028e+06 1.942794207765159875e+00 9.061418257038282922e-03
2.458754409717000090e+06 1.969416626209916643e+00 9.067684831064999271e-03
2.458754913310000207e+06 1.933969407887648373e+00 9.075477164715767264e-03
2.458755406376999803e+06 1.952748891744614967e+00 9.084466934948822597e-03
2.458755899443999864e+06 1.945659325691755148e+00 9.094493703546846150e-03
2.458756403038000222e+06 1.950033175566926236e+00 9.105957926793811427e-03
2.458756896104999818e+06 1.955803414511906979e+00 9.118491988083577901e-03
2.458757389171999879e+06 1.979938041356881451e+00 9.132540360781425323e-03
2.458757892765999772e+06 1.984652154700911719e+00 9.148800593318051275e-03
2.458758385832999833e+06 1.992421410496601597e+00 9.164429149930240076e-03
2.458758878899999894e+06 1.988725305752722994e+00 9.184062057933775614e-03
2.458759382493999787e+06 2.013804003910438567e+00 9.205283224053483968e-03
2.458759875560999848e+06 2.005356546020376829e+00 9.227620171466688684e-03
2.458760368627999909e+06 2.047291107218509598e+00 9.252760863177807507e-03
2.458760872221000027e+06 2.057548115859726412e+00 9.280166839061685866e-03
2.458761365288000088e+06 2.069464591357137451e+00 9.309135147095758817e-03
2.458761858355999924e+06 2.059019217265633639e+00 9.339901903052309426e-03
2.458762361949000042e+06 2.083266354970789269e+00 9.371220037692267260e-03
2.458762855016000103e+06 2.094467375712541823e+00 9.402315170559382221e-03
2.458763348083000164e+06 2.101442929341623689e+00 9.433629267150385814e-03
2.458763851677000057e+06 2.113171768612077894e+00 9.462925795387586159e-03
2.458764344744000118e+06 2.111134971462487186e+00 9.488804569275645709e-03
2.458764837811000179e+06 2.141643601375716077e+00 9.511523517938007613e-03
2.458765341405000072e+06 2.152918551254174861e+00 9.527888628417642558e-03
2.458765834472000133e+06 2.143830276474029795e+00 9.539005902408165261e-03
2.458766327539000195e+06 2.157406585073344374e+00 9.543776639939563489e-03
2.458766831131999847e+06 2.147563430361609793e+00 9.539792796116105394e-03
2.458767324200000148e+06 2.147300375264552752e+00 9.528735582994891928e-03
2.458767817267000210e+06 2.144961986874349691e+00 9.512432137326370246e-03
2.458768320859999862e+06 2.123203395208574484e+00 9.490248212955763873e-03
2.458768813926999923e+06 2.113888129557224715e+00 9.464186745128184280e-03
2.458769306993999984e+06 2.121354257605934102e+00 9.435090830613987456e-03
2.458769810587999877e+06 2.088734307054126660e+00 9.403511873452726627e-03
2.458770303654999938e+06 2.076402772043921097e+00 9.372856814749284254e-03
2.458770796721999999e+06 2.070444531622618101e+00 9.342147490309394078e-03
2.458771300315999892e+06 2.058490182168942084e+00 9.310958997525297862e-03
2.458771793382999953e+06 2.040427649724445125e+00 9.281879076910810877e-03
2.458772286450000014e+06 2.025644363987645136e+00 9.255675223597598436e-03
2.458772790043999907e+06 2.008824516309280828e+00 9.228776422338115168e-03
2.458773283110999968e+06 1.994494302334629765e+00 9.207029662907919784e-03
2.458773776178000029e+06 1.989969407962227432e+00 9.186141743268606483e-03
2.458774279771000147e+06 1.997248023279461604e+00 9.166394982857404422e-03
2.458774772838000208e+06 1.978505218055801151e+00 9.147798655984492808e-03
2.458775265906000044e+06 1.978392240501353649e+00 9.132698961256170006e-03
2.458775769499000162e+06 1.960857348109102949e+00 9.118576600112893171e-03
2.458776262566000223e+06 1.968399291303472687e+00 9.106511873590824105e-03
2.458776755632999819e+06 1.964514325081344825e+00 9.095776182930106687e-03
2.458777259227000177e+06 1.950146329806278223e+00 9.084932502879493679e-03
2.458777752293999773e+06 1.932649950720721321e+00 9.076405535284026369e-03
2.458778245360999834e+06 1.954899340051086121e+00 9.069263724175899086e-03
2.458778748955000192e+06 1.939813600727766651e+00 9.061809433796136695e-03
2.458779242021999788e+06 1.942039236306357886e+00 9.054319613826229338e-03
2.458779735088999849e+06 1.938456233744456414e+00 9.050112362274596520e-03
2.458780238681999967e+06 1.944188634648534642e+00 9.044643395489774390e-03
2.458780731749999803e+06 1.938984779503443612e+00 9.040078898384861297e-03
2.458781224816999864e+06 1.936948171038983313e+00 9.035935656670835911e-03
2.458781728409999982e+06 1.932272619846629791e+00 9.031920924020582844e-03
2.458782221477000043e+06 1.931744124545049290e+00 9.029450606052214987e-03
2.458782714544000104e+06 1.923561162924980694e+00 9.026634722276811670e-03
2.458783218137999997e+06 1.910549965396720840e+00 9.023646977616390369e-03
2.458783711205000058e+06 1.917225514661528019e+00 9.021625245137526727e-03
2.459622427943999879e+06 1.910513012441582337e+00 8.995318086290650383e-03
2.459622921010999940e+06 1.924993201282517497e+00 8.996122133997910483e-03
2.459623424604999833e+06 1.921599159056852635e+00 8.996189389909767589e-03
2.459623917671999894e+06 1.912247051699192957e+00 8.994676285298349241e-03
2.459624410738999955e+06 1.918621027964711123e+00 8.994616730604384700e-03
2.459624914332000073e+06 1.925220156645654823e+00 8.995409577263873205e-03
2.459625407399999909e+06 1.913378105111779970e+00 8.994709585710169639e-03
2.459625900466999970e+06 1.920732124187519929e+00 8.995668384908769855e-03
2.459626404060000088e+06 1.920015788635740073e+00 8.995850257167984504e-03
2.459626897127000149e+06 1.922316085345714631e+00 8.996004726412749550e-03
2.459627390194000211e+06 1.930687567548137196e+00 8.996060333460013242e-03
2.459627893788000103e+06 1.897502688921943070e+00 8.995229501494722904e-03
2.459628386855000164e+06 1.917753570525462692e+00 8.995848984203316800e-03
2.459628879922000226e+06 1.908815706984024585e+00 8.996117040062368009e-03
2.459629383516000118e+06 1.903799463071434550e+00 8.995270861150062372e-03
2.459629876583000179e+06 1.914245346481136867e+00 8.995260280486316179e-03
2.459630369649999775e+06 1.915868072203515071e+00 8.995827337515511710e-03
2.459630873244000133e+06 1.922429401872344013e+00 8.994764399228151117e-03
2.459631366311000194e+06 1.917979672341155517e+00 8.995143063997597735e-03
2.459631859377999790e+06 1.907420298394000735e+00 8.994810972480064143e-03
2.459632362970999908e+06 1.911530359476302676e+00 8.994826334210724236e-03
2.459632856037999969e+06 1.931215773792065660e+00 8.994964085444763502e-03
2.459633349105999805e+06 1.914132512359084881e+00 8.994730059896649532e-03
2.459633852698999923e+06 1.918997460440583724e+00 8.994614007882017689e-03
2.459634345765999984e+06 1.897766604622592057e+00 8.994732702648907882e-03
2.459634838833000045e+06 1.926767002282429253e+00 8.995538595625435230e-03
2.459635342426999938e+06 1.932309993673952064e+00 8.994721429782026600e-03
2.459635835493999999e+06 1.928764482201104524e+00 8.995981984447369226e-03
2.459636328561000060e+06 1.910286031396874584e+00 8.996008823992464321e-03
2.459636832154999953e+06 1.913304090516202427e+00 8.996123864416135860e-03
2.459637325222000014e+06 1.914661479793946741e+00 8.995452270659664087e-03
2.459637818289000075e+06 1.903913441650045613e+00 8.995809399061676509e-03
2.459638321882000193e+06 1.898483382081628701e+00 8.994632834965132426e-03
2.459638814950000029e+06 1.921485891468422080e+00 8.995659114554233754e-03
2.459639308017000090e+06 1.917188432591068414e+00 8.994963816090592590e-03
2.459639811610000208e+06 1.904667625691426780e+00 8.995864319290586275e-03
2.459640304676999804e+06 1.921108970859410903e+00 8.995663923747510005e-03
2.459640797743999865e+06 1.902632014075455125e+00 8.995011942541734570e-03
2.459641301338000223e+06 1.914245346481136867e+00 8.995260280486316179e-03
2.459641794404999819e+06 1.904630786509724727e+00 8.995690325531385464e-03
2.459642287471999880e+06 1.908363932806028451e+00 8.995745527595314095e-03
2.459642791065999772e+06 1.926616165657627278e+00 8.994834381427022074e-03
2.459643284132999834e+06 1.905723985275359578e+00 8.995587861705308871e-03
2.459643777199999895e+06 1.914284134746748745e+00 8.995442551032592146e-03
2.459644280793999787e+06 1.933290870069563239e+00 8.995726063834478398e-03
2.459644773860999849e+06 1.900971474497661129e+00 8.995915760352515486e-03
2.459645266927999910e+06 1.921825714264765894e+00 8.995479967502125959e-03
2.459645770521000028e+06 1.907383405971403434e+00 8.994636999094200031e-03
2.459646263588000089e+06 1.923975777283686961e+00 8.994911473609373473e-03
2.459646756655999925e+06 1.921901828648532318e+00 8.995836235715903503e-03
2.459647260249000043e+06 1.914171298338337657e+00 8.994912319699057898e-03
2.459647753316000104e+06 1.921485891468422080e+00 8.995659114554233754e-03
2.459648246383000165e+06 1.915340535513920805e+00 8.995114418940405171e-03
2.459648749977000058e+06 1.934534147100010371e+00 8.996165795985278102e-03
2.459649243044000119e+06 1.921751372893015120e+00 8.995131998216785232e-03
2.459649736111000180e+06 1.912662750607380113e+00 8.994869989415963177e-03
2.459650239705000073e+06 1.921261145866754116e+00 8.994606941947045145e-03
2.459650732772000134e+06 1.909079437837013726e+00 8.995601658277512999e-03
2.459651225839000195e+06 1.907683836450857484e+00 8.996053737384830662e-03
2.459651729431999847e+06 1.909267588112216307e+00 8.994729723846269301e-03
2.459652222500000149e+06 1.919449984054023561e+00 8.994967171645979961e-03
2.459652715567000210e+06 1.904025673379184935e+00 8.994586010823289041e-03
2.459653219159999862e+06 1.928236946409199737e+00 8.995297467986981821e-03
2.459653712226999924e+06 1.914811380474943148e+00 8.996156533233217942e-03
2.459654205293999985e+06 1.917866618101346621e+00 8.994612850317161221e-03
2.459654708887999877e+06 1.900255507851907888e+00 8.996028010813806111e-03
2.459655201954999939e+06 1.906930214438728344e+00 8.996012581648261952e-03
2.459655695022000000e+06 1.914284134746748745e+00 8.995442551032592146e-03
2.459656198615999892e+06 1.896936530083155548e+00 8.996039876531559953e-03
2.459656691682999954e+06 1.922769391532432870e+00 8.994584224782990745e-03
2.459657184750000015e+06 1.899048253504293404e+00 8.995559994196142273e-03
2.459657688343999907e+06 1.915264680981497714e+00 8.994758179313199972e-03
2.459658181410999969e+06 1.904139665500782286e+00 8.995124507733596661e-03
2.459658674478000030e+06 1.920468552383710614e+00 8.996202774318895479e-03
2.459659178071000148e+06 1.921939001885035747e+00 8.996010232297282569e-03
2.459659671138000209e+06 1.909985191112262948e+00 8.994592092774991721e-03
2.459660164206000045e+06 1.904667625691426780e+00 8.995864319290586275e-03
2.459660667799000163e+06 1.908024733004395346e+00 8.995903945586252934e-03
2.459661160866000224e+06 1.913566679044277796e+00 8.995596063795038497e-03
2.459661653932999820e+06 1.900595076988616183e+00 8.995885057384026690e-03
2.459662157527000178e+06 1.921374400206893762e+00 8.995137155279168267e-03
2.459662650593999773e+06 1.902178199494932720e+00 8.994618428868289203e-03
2.459663143660999835e+06 1.909682639321791831e+00 8.994926184364692226e-03
2.459663647255000193e+06 1.914321160642564745e+00 8.995616539999362615e-03
2.459664140321999788e+06 1.920694974293881252e+00 8.995494394939266766e-03
2.459664633388999850e+06 1.920808195259386730e+00 8.996024660584894111e-03
2.459665136981999967e+06 1.917714711960257334e+00 8.995666705421670115e-03
2.459665630049999803e+06 1.914019684887970696e+00 8.995962747838157428e-03
2.459666123116999865e+06 1.920468552383710614e+00 8.996202774318895479e-03
2.459666626709999982e+06 1.914585652154628503e+00 8.995096017652288653e-03
2.459667119777000044e+06 1.917075424990444255e+00 8.996199304694115287e-03
2.459667612844000105e+06 1.918810118616082860e+00 8.995503199537872516e-03
2.459668116437999997e+06 1.936721616899797604e+00 8.995635469484467017e-03
2.459668609505000059e+06 1.923825159169455956e+00 8.995979216958311861e-03
2.459669102572000120e+06 1.924202612693240333e+00 8.995971967432686220e-03
2.459669606166000012e+06 1.916999501750020762e+00 8.995843022101473324e-03
2.459670099233000074e+06 1.927709554903450417e+00 8.994612653002956315e-03
2.459670592300000135e+06 1.905534429144405406e+00 8.994693100006395312e-03
2.459671095894000027e+06 1.922769391532432870e+00 8.994584224782990745e-03
2.459671588961000089e+06 1.913492657154154619e+00 8.995248090018783185e-03
2.459672082028000150e+06 1.919563131629955510e+00 8.995497406212920807e-03
2.459672585620999802e+06 1.914434005885039980e+00 8.996146812845185262e-03
2.459673078687999863e+06 1.902593461911445738e+00 8.994829680720682272e-03
2.459673571756000165e+06 1.913906864067415059e+00 8.995432485841944187e-03
2.459674075348999817e+06 1.921599159056852635e+00 8.996189389909767589e-03
2.459674568415999878e+06 1.913831066313655960e+00 8.995076233618119060e-03
2.459675061482999939e+06 1.928803564667297188e+00 8.996164269617499404e-03
2.459675565076999832e+06 1.904290496334418270e+00 8.995837030114566674e-03
2.459676058143999893e+06 1.912210065919812907e+00 8.996263525074521192e-03
2.459676551210999954e+06 1.911456416356480892e+00 8.996238906629757531e-03
2.459677054804999847e+06 1.931404326834948559e+00 8.995842303131232343e-03
2.459677547871999908e+06 1.906591269471604289e+00 8.996169631903300559e-03
2.459678040938999970e+06 1.917451554219794518e+00 8.996198316304233195e-03
2.459678544532000087e+06 1.919676285875695054e+00 8.996027672036053732e-03
2.459679037599999923e+06 1.904479928723136428e+00 8.994977814770268101e-03
2.459679530666999985e+06 1.916621695921098878e+00 8.995835378437755728e-03
2.459680034260000102e+06 1.920732124187519929e+00 8.995668384908769855e-03
2.459680527327000163e+06 1.915490489358839810e+00 8.995818655063223326e-03
2.459681020394000225e+06 1.923146637915146950e+00 8.994577674149347585e-03
2.459681523988000117e+06 1.887546242073693481e+00 8.994969693089407275e-03
2.459682017055000179e+06 1.919676285875695054e+00 8.996027672036053732e-03
2.459682510121999774e+06 1.922353266594730270e+00 8.996178726253063404e-03
2.459683013716000132e+06 1.906893331495103316e+00 8.995838585021440070e-03
2.459683506783000194e+06 1.921825714264765894e+00 8.995479967502125959e-03
2.459683999849999789e+06 1.919488877780967773e+00 8.995149436253005101e-03
2.459684503444000147e+06 1.915943950633397064e+00 8.996183619486992564e-03
2.459684996511000209e+06 1.911077942800503582e+00 8.996217794753649105e-03
2.459685489577999804e+06 1.913755271561773164e+00 8.994719995503223237e-03
2.459685993170999922e+06 1.912511256642728252e+00 8.995919031594109064e-03
2.459686486237999983e+06 1.911757488372638258e+00 8.995895103517939292e-03
2.459686979305999819e+06 1.919865480528535784e+00 8.995146018571173116e-03
2.459687482898999937e+06 1.901575616981705741e+00 8.995271895712210128e-03
2.459687975965999998e+06 1.921298306711234360e+00 8.994780914751549644e-03
2.459688469033000059e+06 1.918960344097985882e+00 8.996207466098696953e-03
2.459688972626999952e+06 1.912097351766235631e+00 8.995733245349163409e-03
2.459689465694000013e+06 1.909155047401349004e+00 8.995957931310909206e-03
2.459689958761000074e+06 1.912738502089705861e+00 8.995226233471435157e-03
2.459690462354999967e+06 1.913378105111779970e+00 8.994709585710169639e-03
2.459690955422000028e+06 1.932083982036778558e+00 8.995448881960835599e-03
2.459691448489000089e+06 1.911305017940486239e+00 8.995526352417839919e-03
2.459691952082000207e+06 1.918734126675402774e+00 8.995146944513527157e-03
2.459692445150000043e+06 1.907759390742047811e+00 8.994652916989247238e-03
2.459692938217000104e+06 1.906968854478155340e+00 8.996194867438382300e-03
2.459693441810000222e+06 1.927180532644713784e+00 8.995694254866633266e-03
2.459693934876999818e+06 1.923561162924980694e+00 8.994744746810475269e-03
2.459807647255999967e+06 1.931329614936779571e+00 8.995494319829778693e-03
2.459808150849000085e+06 1.909872608102687996e+00 8.995820969250048135e-03
2.459808643916000146e+06 1.925936660032557812e+00 8.995209665317163011e-03
2.459809136983000208e+06 1.908024733004395346e+00 8.995903945586252934e-03
2.459809640577000100e+06 1.930801377556193854e+00 8.994812298678765347e-03
2.459810133644000161e+06 1.910664348121186240e+00 8.996030624005377230e-03
2.459810626711000223e+06 1.904329082885358515e+00 8.996019312347494287e-03
2.459811130305000115e+06 1.919978652597118751e+00 8.995676263680764048e-03
2.459811623372000176e+06 1.917564583992453109e+00 8.994962481194206452e-03
2.459812116438999772e+06 1.902970255184488924e+00 8.994858333735301220e-03
2.459812620031999890e+06 1.908212779332637554e+00 8.995033012461874783e-03
2.459813113100000191e+06 1.916432820929561576e+00 8.994948876769435706e-03
2.459813606166999787e+06 1.908703192909031454e+00 8.995586768971457550e-03
2.459814109759999905e+06 1.908439514032603368e+00 8.996101806326662828e-03
2.459814602826999966e+06 1.922618867859903657e+00 8.995650882715193475e-03
2.459815095894000027e+06 1.903724065607949933e+00 8.994914615327200338e-03
2.459815599487999920e+06 1.904855341158285142e+00 8.994996474575656445e-03
2.459816092554999981e+06 1.918205800814095863e+00 8.996203585125260235e-03
2.459816585622000042e+06 1.923484982825471645e+00 8.996160116962897274e-03
2.459817089215999935e+06 1.917301446853248992e+00 8.995494050459702101e-03
2.459817582282999996e+06 1.928425208616136199e+00 8.996175718223047360e-03
2.459818075350000057e+06 1.924353260358675710e+00 8.994903875841444782e-03
2.459818578943999950e+06 1.929859090655122289e+00 8.995754967921865825e-03
2.459819072011000011e+06 1.926426305753214274e+00 8.995722282600492753e-03
2.459819565078000072e+06 1.927180532644713784e+00 8.995694254866633266e-03
2.459820068671000190e+06 1.901274397312406439e+00 8.995598135340437257e-03
2.459820561737999786e+06 1.922429401872344013e+00 8.994764399228151117e-03
2.459821054806000087e+06 1.922128419540980460e+00 8.995126492869764956e-03
2.459821558399000205e+06 1.915414628887692761e+00 8.995462387545677049e-03
2.459822051465999801e+06 1.916245729477588533e+00 8.995835673844087069e-03
2.459822544532999862e+06 1.912021625675821790e+00 8.995376981214156173e-03
2.459823048127000220e+06 1.927105984134229733e+00 8.995346277292084677e-03
2.459823541193999816e+06 1.931215773792065660e+00 8.994964085444763502e-03
2.459824034260999877e+06 1.908137207085584874e+00 8.994676776058667042e-03
2.459824537854999769e+06 1.923786177578421297e+00 8.995796935537819436e-03
2.459825030921999831e+06 1.917375616083269785e+00 8.995842033750735267e-03
2.459825523988999892e+06 1.920544613016744284e+00 8.994790184201070099e-03
2.459826027582000010e+06 1.911644800895985652e+00 8.995364845508955001e-03
2.459826520649999846e+06 1.923410577268763744e+00 8.995812121367552025e-03
2.459827013716999907e+06 1.921825714264765894e+00 8.995479967502125959e-03
2.459827517310000025e+06 1.919488877780967773e+00 8.995149436253005101e-03
2.459828010377000086e+06 1.901349697756177015e+00 8.995954408234307920e-03
2.459828503444000147e+06 1.912021625675821790e+00 8.995376981214156173e-03
2.459829007038000040e+06 1.903988846613821728e+00 8.996165680322699629e-03
2.459829500105000101e+06 1.909343205128289922e+00 8.995085962346488842e-03
2.459829993172000162e+06 1.892110082730303455e+00 8.995805983304799511e-03
2.459830496766000055e+06 1.913529667741288520e+00 8.995422075224307132e-03
2.459830989833000116e+06 1.924729044753865859e+00 8.994887644238329372e-03
2.459831482900000177e+06 1.928878178847288405e+00 8.994735716379083021e-03
2.459831986494000070e+06 1.914887217054287216e+00 8.994749151938275997e-03
2.459832479561000131e+06 1.922994313565915769e+00 8.995636394732794625e-03
2.459832972628000192e+06 1.911456416356480892e+00 8.996238906629757531e-03
2.459833476220999844e+06 1.916545790650015846e+00 8.995479110257930191e-03
2.459833969287999906e+06 1.916018067349786635e+00 8.994766911597491463e-03
2.459834462356000207e+06 1.909343205128289922e+00 8.995085962346488842e-03
2.459834965948999859e+06 1.917112504875121859e+00 8.994607582427814260e-03
2.459835459015999921e+06 1.894711975158917650e+00 8.995960703106589337e-03
2.459835952082999982e+06 1.920618907705981426e+00 8.995138140263614704e-03
2.459836455676999874e+06 1.907722491760892591e+00 8.996236024008886362e-03
2.459836948743999936e+06 1.914737310436431139e+00 8.995808537776499650e-03
2.459837441810999997e+06 1.918205800814095863e+00 8.996203585125260235e-03
2.459837945404999889e+06 1.909570074145956919e+00 8.996154762502808419e-03
2.459838438471999951e+06 1.922656054965309114e+00 8.995824875711494126e-03
2.459838931539000012e+06 1.910928334391036376e+00 8.995513527384249239e-03
2.459839435132000130e+06 1.912210065919812907e+00 8.996263525074521192e-03
2.459839928199999966e+06 1.916395754191016154e+00 8.994774900716321492e-03
2.459840421267000027e+06 1.916697604198435156e+00 8.996191660727698852e-03
2.459840924860000145e+06 1.909494448145041545e+00 8.995798481674198085e-03
2.459841417927000206e+06 1.921751372893015120e+00 8.995131998216785232e-03
2.459841910993999802e+06 1.927068710960395670e+00 8.995172293552606765e-03
2.459842414588000160e+06 1.923484982825471645e+00 8.996160116962897274e-03
2.459842907655000221e+06 1.909457515605219591e+00 8.995624489188397063e-03
2.459843400721999817e+06 1.917112504875121859e+00 8.994607582427814260e-03
2.459843904316000175e+06 1.908928227691481627e+00 8.994889154539355974e-03
2.459844397382999770e+06 1.914019684887970696e+00 8.995962747838157428e-03
2.459844890449999832e+06 1.915301725842942338e+00 8.994932155042920097e-03
2.459845394044000190e+06 1.914887217054287216e+00 8.994749151938275997e-03
2.459845887110999785e+06 1.914171298338337657e+00 8.994912319699057898e-03
2.459846380177999847e+06 1.910852654598011346e+00 8.995157271950878636e-03
2.459846883770999964e+06 1.903310309437233672e+00 8.994712670466765633e-03
2.459847376838000026e+06 1.907307866570593591e+00 8.996037473839131257e-03
2.459847869905999862e+06 1.915792196778697720e+00 8.995471069654106810e-03
2.459848373498999979e+06 1.919826579170668346e+00 8.994963754033427628e-03
2.459848866566000041e+06 1.923447779687334824e+00 8.995986117482515990e-03
2.459849359633000102e+06 1.912511256642728252e+00 8.995919031594109064e-03
2.459849863226999994e+06 1.915603403530805826e+00 8.994584603886883120e-03
2.459850356294000056e+06 1.911908922629749652e+00 8.994846753745629198e-03
2.459850849361000117e+06 1.902292081010107605e+00 8.995156927719431469e-03
2.459851352955000009e+06 1.914245346481136867e+00 8.995260280486316179e-03
2.459851846022000071e+06 1.902933448832526020e+00 8.994684359433399029e-03
2.459852339089000132e+06 1.928236946409199737e+00 8.995297467986981821e-03
2.459852842681999784e+06 1.914171298338337657e+00 8.994912319699057898e-03
2.459853335750000086e+06 1.916018067349786635e+00 8.994766911597491463e-03
2.459853828817000147e+06 1.918469062069992459e+00 8.995671280183678564e-03
2.459854332409999799e+06 1.913492657154154619e+00 8.995248090018783185e-03
2.459854825476999860e+06 1.911305017940486239e+00 8.995526352417839919e-03
2.459855318543999922e+06 1.909381894062030183e+00 8.995268229360533010e-03
2.459855822137999814e+06 1.916886505285819275e+00 8.995312767162397943e-03
2.459856315204999875e+06 1.907910508301598806e+00 8.995365402014570896e-03
2.459856808271999937e+06 1.928501584374512134e+00 8.994755798392204890e-03
2.459857311865999829e+06 1.904855341158285142e+00 8.994996474575656445e-03
2.459857804932999890e+06 1.924503919818454589e+00 8.995608095480641178e-03
2.459858297999999952e+06 1.913831066313655960e+00 8.995076233618119060e-03
2.459858801593999844e+06 1.913869846184727885e+00 8.995258500435060478e-03
2.459859294660999905e+06 1.912623995195134929e+00 8.994687730471241996e-03
2.459859787727999967e+06 1.923297202907298997e+00 8.995281868249901600e-03
2.459860291321000084e+06 1.917753570525462692e+00 8.995848984203316800e-03
2.459860784388000146e+06 1.900820906549772538e+00 8.995203231735655197e-03
2.459861277455999982e+06 1.925860385854623047e+00 8.994853421917881411e-03
2.459861781049000099e+06 1.911569092728257591e+00 8.995008595963966194e-03
2.459862274116000161e+06 1.912511256642728252e+00 8.995919031594109064e-03
2.459862767183000222e+06 1.913039776046185692e+00 8.994881089823634351e-03
2.459863270777000114e+06 1.926163726628827400e+00 8.996270194297072142e-03
2.459863763844000176e+06 1.920166108510703573e+00 8.994786012557270602e-03
2.459864256910999771e+06 1.890753008052129092e+00 8.994578281346683399e-03
2.459864760505000129e+06 1.926878806459549898e+00 8.996060578194811641e-03
2.459865253572000191e+06 1.916131012621381746e+00 8.995297134359521093e-03
2.459865746638999786e+06 1.908740110858818229e+00 8.995760760727678981e-03
2.459866250231999904e+06 1.920958577172623638e+00 8.994959699737776690e-03
2.459866743300000206e+06 1.892599844183808555e+00 8.994648196487094877e-03
2.459867236366999801e+06 1.912851254037758242e+00 8.995756483309500645e-03
2.459867739959999919e+06 1.927407745892695035e+00 8.994979632841761802e-03
2.459868233026999980e+06 1.902141408462536765e+00 8.996196396187266728e-03
2.459868726094000041e+06 1.913378105111779970e+00 8.994709585710169639e-03
2.459869229687999934e+06 1.912097351766235631e+00 8.995733245349163409e-03
2.459869722754999995e+06 1.935327198057940068e+00 8.996288717087004214e-03
2.459870215822000057e+06 1.904102836530636944e+00 8.994950528283479282e-03
2.459870719415999949e+06 1.908928227691481627e+00 8.994889154539355974e-03
2.459871212483000010e+06 1.927180532644713784e+00 8.995694254866633266e-03
2.459871705550000072e+06 1.911530359476302676e+00 8.994826334210724236e-03
2.459872209143999964e+06 1.915679271478419432e+00 8.994940836639590820e-03
2.459872702211000025e+06 1.912285799473449233e+00 8.994858544011155241e-03
2.459873195278000087e+06 1.910249083546623039e+00 8.995834827438320414e-03
2.459873698871000204e+06 1.927331413454347553e+00 8.994623398552611254e-03
2.459874191937999800e+06 1.905383499784088164e+00 8.995735591288531521e-03
2.459874685006000102e+06 1.919789446791647647e+00 8.994789777692536667e-03
2.459875188599000219e+06 1.915151786775336928e+00 8.995991908301597187e-03
2.459875681665999815e+06 1.906477130583704493e+00 8.995631072426193975e-03
2.459876174732999876e+06 1.930801377556193854e+00 8.994812298678765347e-03
2.459876678326999769e+06 1.914924254614861932e+00 8.994923127493390999e-03
2.459877171393999830e+06 1.922316085345714631e+00 8.996004726412749550e-03
2.459877664460999891e+06 1.910286031396874584e+00 8.996008823992464321e-03
2.459878168054999784e+06 1.901235872657171644e+00 8.995415861641656990e-03
2.459878661121999845e+06 1.904102836530636944e+00 8.994950528283479282e-03
2.459879154188999906e+06 1.917188432591068414e+00 8.994963816090592590e-03
2.459987411249999888e+06 1.919412858958927659e+00 8.994793195238983893e-03
2.459987904316999950e+06 1.915038899223667990e+00 8.995461644586536659e-03
2.459988407910000067e+06 1.915792196778697720e+00 8.995471069654106810e-03
2.459988900977000128e+06 1.909381894062030183e+00 8.995268229360533010e-03
2.459989394044000190e+06 1.926767002282429253e+00 8.995538595625435230e-03
2.459989897638000082e+06 1.922015120755592665e+00 8.994596280166132149e-03
2.459990390705000143e+06 1.919902614378193872e+00 8.995320001802441234e-03
2.459990883772000205e+06 1.927219583015402860e+00 8.995876534206482741e-03
2.459991387366000097e+06 1.919752315130823561e+00 8.994615804716610263e-03
2.459991880433000159e+06 1.919715184188182322e+00 8.996209958131946849e-03
2.459992373500000220e+06 1.906176890141622060e+00 8.995970054495448787e-03
2.459992877094000112e+06 1.926878806459549898e+00 8.996060578194811641e-03
2.459993370161000174e+06 1.913943882666098384e+00 8.995606474614037049e-03
2.459993863227999769e+06 1.905458962969874603e+00 8.996091869626349560e-03
2.459994366820999887e+06 1.923938564652835526e+00 8.994737498279661500e-03
2.459994859887999948e+06 1.934911919601260522e+00 8.996140432033455578e-03
2.459995352955999784e+06 1.901425001182234453e+00 8.996310695238428010e-03
2.459995856548999902e+06 1.913529667741288520e+00 8.995422075224307132e-03
2.459996349615999963e+06 1.911794465398308107e+00 8.996069101237938806e-03
2.459996842683000024e+06 1.927746840472425172e+00 8.994786625917922801e-03
2.459997346276999917e+06 1.926465340841038598e+00 8.995904562508266408e-03
2.459997839343999978e+06 1.926878806459549898e+00 8.996060578194811641e-03
2.459998332411000039e+06 1.900631838112020855e+00 8.996059054909711153e-03
2.459998836004999932e+06 1.912775498090046655e+00 8.995400218254212196e-03
2.459999329071999993e+06 1.910664348121186240e+00 8.996030624005377230e-03
2.459999822139000054e+06 1.917262597449219008e+00 8.995311778869917105e-03
2.460000325732000172e+06 1.907608285151888960e+00 8.995697460557158798e-03
2.460000818800000008e+06 1.915831016388066299e+00 8.995653344471594634e-03
2.460001311867000069e+06 1.919262598051976410e+00 8.995856745573240290e-03
2.460001815460000187e+06 1.925220156645654823e+00 8.995409577263873205e-03
2.460002308526999783e+06 1.911493387558844903e+00 8.994652360527738422e-03
2.460002801593999844e+06 1.926050189984518823e+00 8.995739914178601734e-03
2.460003305188000202e+06 1.909381894062030183e+00 8.995268229360533010e-03
2.460003798254999798e+06 1.923523958313404281e+00 8.994570774705513624e-03
2.460004291321999859e+06 1.916999501750020762e+00 8.995843022101473324e-03
2.460004794916000217e+06 1.923371604078212949e+00 8.995629843332842573e-03
2.460005287982999813e+06 1.911569092728257591e+00 8.995008595963966194e-03
2.460005781049999874e+06 1.898633764869378737e+00 8.995345318399688636e-03
2.460006284644000232e+06 1.907683836450857484e+00 8.996053737384830662e-03
2.460006777710999828e+06 1.895352532992005790e+00 8.995510658764072770e-03
2.460007270777999889e+06 1.918582151822611603e+00 8.996201556256321064e-03
2.460007774371000007e+06 1.906176890141622060e+00 8.995970054495448787e-03
2.460008267438000068e+06 1.927256859107389309e+00 8.996050531567314698e-03
2.460008760505999904e+06 1.915151786775336928e+00 8.995991908301597187e-03
2.460009264099000022e+06 1.925936660032557812e+00 8.995209665317163011e-03
2.460009757166000083e+06 1.928387909926485566e+00 8.996001718440914396e-03
2.460010250233000144e+06 1.905346646756287621e+00 8.995561600019123805e-03
2.460010753827000037e+06 1.915188829453192909e+00 8.996165907893982627e-03
2.460011246894000098e+06 1.914095490112014852e+00 8.996319035172596623e-03
2.460011739961000159e+06 1.917188432591068414e+00 8.994963816090592590e-03
2.460012243555000052e+06 1.896220336642212123e+00 8.996136364652162695e-03
2.460012736622000113e+06 1.904969382951266388e+00 8.995534996060020397e-03
2.460013229689000174e+06 1.910249083546623039e+00 8.995834827438320414e-03
2.460013733281999826e+06 1.913982664823156377e+00 8.995788752175198216e-03
2.460014226350000128e+06 1.923183835228629013e+00 8.994751646387756303e-03
2.460014719417000189e+06 1.919262598051976410e+00 8.995856745573240290e-03
2.460015223009999841e+06 1.905383499784088164e+00 8.995735591288531521e-03
2.460015716076999903e+06 1.924993201282517497e+00 8.996122133997910483e-03
2.460016209143999964e+06 1.926767002282429253e+00 8.995538595625435230e-03
2.460016712737999856e+06 1.923371604078212949e+00 8.995629843332842573e-03
2.460017205804999918e+06 1.911456416356480892e+00 8.996238906629757531e-03
2.460017698871999979e+06 1.924691817553670692e+00 8.994713669369516079e-03
2.460018202465999871e+06 1.921712433322165126e+00 8.994949733963098978e-03
2.460018695532999933e+06 1.913265322108779420e+00 8.995941580064720569e-03
2.460019188599999994e+06 1.912285799473449233e+00 8.994858544011155241e-03
2.460019692193999887e+06 1.913681242376385816e+00 8.996134621176214013e-03
2.460020185260999948e+06 1.899275648567902763e+00 8.994887839364031426e-03
2.460020678328000009e+06 1.904178248995444189e+00 8.995306775528713952e-03
2.460021181921000127e+06 1.915188829453192909e+00 8.996165907893982627e-03
2.460021674988000188e+06 1.913076777873737644e+00 8.995055067930676773e-03
2.460022168056000024e+06 1.915075939718064335e+00 8.995635633922615879e-03
2.460022671649000142e+06 1.906364754354790358e+00 8.995100829980373289e-03
2.460023164716000203e+06 1.920732124187519929e+00 8.995668384908769855e-03
2.460023657782999799e+06 1.897652994026963524e+00 8.995942032192465534e-03
2.460024161377000157e+06 1.914208322051682787e+00 8.995086298410148382e-03
2.460024654444000218e+06 1.904667625691426780e+00 8.995864319290586275e-03
2.460025147510999814e+06 1.912927012985808917e+00 8.996112762474781782e-03
2.460025651105000172e+06 1.907571389093340342e+00 8.995523470025258359e-03
2.460026144171999767e+06 1.913681242376385816e+00 8.996134621176214013e-03
2.460026637238999829e+06 1.902479562353976528e+00 8.996043449892318286e-03
2.460027140831999946e+06 1.927105984134229733e+00 8.995346277292084677e-03
2.460027633899999782e+06 1.911569092728257591e+00 8.995008595963966194e-03
2.460028126966999844e+06 1.923711760370692803e+00 8.995448953991305729e-03
2.460028630559999961e+06 1.915943950633397064e+00 8.996183619486992564e-03
2.460029123627000023e+06 1.935967222162370271e+00 8.995697659345302730e-03
2.460029616694000084e+06 1.933176913319768042e+00 8.995195815789473401e-03
2.460030120287999976e+06 1.921335468274475877e+00 8.994954890921018700e-03
2.460030613355000038e+06 1.923674552846338148e+00 8.995274968265933729e-03
2.460031106422000099e+06 1.917903713289203838e+00 8.994786823235944098e-03
2.460031610015999991e+06 1.919186588191445830e+00 8.995500476547168070e-03
2.460032103083000053e+06 1.926502602344546622e+00 8.996078560411216798e-03
2.460032596150000114e+06 1.890601508156813493e+00 8.995598883352948563e-03
2.460033099744000006e+06 1.912511256642728252e+00 8.995919031594109064e-03
2.460033592811000068e+06 1.908212779332637554e+00 8.995033012461874783e-03
2.460034085878000129e+06 1.914622683882364340e+00 8.995269999916444964e-03
2.460034589470999781e+06 1.916056891535960149e+00 8.994949172146656652e-03
2.460035082537999842e+06 1.907232330161415357e+00 8.995681197655555281e-03
2.460035575606000144e+06 1.921524826448864687e+00 8.995841393182064244e-03
2.460036079198999796e+06 1.914963056637151828e+00 8.995105391207919993e-03
2.460036572265999857e+06 1.922579910711399220e+00 8.995468607947587625e-03
2.460037065332999919e+06 1.920355351438258307e+00 8.995672498174425019e-03
2.460037568926999811e+06 1.934384484058732312e+00 8.995469817816638056e-03
2.460038061993999872e+06 1.923862369606829326e+00 8.996153216305223521e-03
2.460038555060999934e+06 1.936457634485928114e+00 8.996192874053541427e-03
2.460039058654999826e+06 1.913642466326906932e+00 8.995952336606837657e-03
2.460039551721999887e+06 1.917451554219794518e+00 8.996198316304233195e-03
2.460040044788999949e+06 1.906968854478155340e+00 8.996194867438382300e-03
2.460040548382000066e+06 1.904779901878137061e+00 8.994640239619480435e-03
2.460041041449999902e+06 1.909872608102687996e+00 8.995820969250048135e-03
2.460041534516999964e+06 1.918205800814095863e+00 8.996203585125260235e-03
2.460042038110000081e+06 1.901386473475382477e+00 8.996128407101370780e-03
2.460042531177000143e+06 1.907759390742047811e+00 8.994652916989247238e-03
2.460043024244000204e+06 1.920242157165378938e+00 8.995142253286817977e-03
2.460043527838000096e+06 1.910852654598011346e+00 8.995157271950878636e-03
2.460044020905000158e+06 1.914472797973448603e+00 8.994565806745001904e-03
2.460044513972000219e+06 1.913076777873737644e+00 8.995055067930676773e-03
2.460045017566000111e+06 1.925635128592486200e+00 8.995574919044775283e-03
2.460045510633000173e+06 1.923297202907298997e+00 8.995281868249901600e-03
2.460046003699999768e+06 1.901840099168863762e+00 8.994771350935732226e-03
2.460046507294000126e+06 1.916018067349786635e+00 8.994766911597491463e-03
2.460047000361000188e+06 1.931064588895947898e+00 8.996038492436181713e-03
2.460047493427999783e+06 1.913152545753715961e+00 8.995411319316228005e-03
2.460047997020999901e+06 1.914208322051682787e+00 8.995086298410148382e-03
2.460048490087999962e+06 1.909796970120308801e+00 8.995464701640852948e-03
2.460048983155999798e+06 1.912662750607380113e+00 8.994869989415963177e-03
2.460049486748999916e+06 1.914548621143142837e+00 8.994922038753214860e-03
2.460049979815999977e+06 1.914284134746748745e+00 8.995442551032592146e-03
2.460050472883000039e+06 1.919602027649597531e+00 8.995679681564032124e-03
2.460050976476999931e+06 1.905723985275359578e+00 8.995587861705308871e-03
2.460051469543999992e+06 1.910286031396874584e+00 8.996008823992464321e-03
2.460051962611000054e+06 1.931064588895947898e+00 8.996038492436181713e-03
2.460052466204999946e+06 1.900820906549772538e+00 8.995203231735655197e-03
2.460052959272000007e+06 1.913304090516202427e+00 8.996123864416135860e-03
2.460053452339000069e+06 1.917149585476995099e+00 8.994781555244706420e-03
2.460053955932000186e+06 1.910210377041411611e+00 8.995652548943527602e-03
2.460054449000000022e+06 1.921901828648532318e+00 8.995836235715903503e-03
2.460054942067000084e+06 1.901575616981705741e+00 8.995271895712210128e-03
2.460055445660000201e+06 1.918582151822611603e+00 8.996201556256321064e-03
2.460055938726999797e+06 1.914698512988333379e+00 8.995626259814431744e-03
2.460056431793999858e+06 1.910324739435060426e+00 8.996191109706411226e-03
2.460056935388000216e+06 1.905648511593708294e+00 8.995231603328027528e-03
2.460057428454999812e+06 1.918884346207830438e+00 8.995851183182832639e-03
2.460057921521999873e+06 1.926955120972285052e+00 8.994642078149249834e-03
2.460058425116000231e+06 1.920845347342940324e+00 8.996198660810769340e-03
2.460058918182999827e+06 1.904102836530636944e+00 8.994950528283479282e-03
