2.458346727899000049e+06 2.360817414151284321e+00 9.273786972589979916e-03
2.458347220966000110e+06 2.366070059650939417e+00 9.274807388520033349e-03
2.458347714033000171e+06 2.366752257301005802e+00 9.275301689934161570e-03
2.458348217627000064e+06 2.363153867850132706e+00 9.274258873178670495e-03
2.458348710694000125e+06 2.372815660379314018e+00 9.275024281697566084e-03
2.458349203761000186e+06 2.378651404012678938e+00 9.273736427927918233e-03
2.458349707355000079e+06 2.384973731443232214e+00 9.274222458480590667e-03
2.458350200422000140e+06 2.361563348836487997e+00 9.274542080580268355e-03
2.458350693489000201e+06 2.364708432184346343e+00 9.273825870515214898e-03
2.458351197081999853e+06 2.373106342233156418e+00 9.273974807111074956e-03
2.458351690150000155e+06 2.378780665840194430e+00 9.274240385807810613e-03
2.458352183217000216e+06 2.359682653710782674e+00 9.273676091170727012e-03
2.458352686809999868e+06 2.348432056823443581e+00 9.274883360735168558e-03
2.458353179876999930e+06 2.367011674784219366e+00 9.274138248687406952e-03
2.458353672943999991e+06 2.363508671341564060e+00 9.275651308717214327e-03
2.458354176537999883e+06 2.367336531723949644e+00 9.275411063774125636e-03
2.458354669604999945e+06 2.378942800774471067e+00 9.274872507287949472e-03
2.458355162672000006e+06 2.365098322197869862e+00 9.275354926717179968e-03
2.458355666265999898e+06 2.367367057486081894e+00 9.275530666115411674e-03
2.458356159332999960e+06 2.383157800202877041e+00 9.273745926249368776e-03
2.458356652400000021e+06 2.376023873620245030e+00 9.274434372063525625e-03
2.458357155993999913e+06 2.380727014578539524e+00 9.275250495962445232e-03
2.458357649060999975e+06 2.367173007557700437e+00 9.274770363205998153e-03
2.458358142128000036e+06 2.368697490829755115e+00 9.274198455747768507e-03
2.458358645721000154e+06 2.362829584875010713e+00 9.275162462672676203e-03
2.458359138788000215e+06 2.368957121528181720e+00 9.275214991895477587e-03
2.458359631856000051e+06 2.347688107549235514e+00 9.274107512627163125e-03
2.458360135449000169e+06 2.378035863557798280e+00 9.275717101476595519e-03
2.458360628516000230e+06 2.359619627459307978e+00 9.275601684701878166e-03
2.458361121582999825e+06 2.370740396633430613e+00 9.275646479102462802e-03
2.458361625177000184e+06 2.366427480538131789e+00 9.276208450112365111e-03
2.458362118243999779e+06 2.376868745755718937e+00 9.275543020148676807e-03
2.458362611310999840e+06 2.359132860715707380e+00 9.275861059306679188e-03
2.458363114905000199e+06 2.358711367090575273e+00 9.274203790922513208e-03
2.458363607971999794e+06 2.369637969072741601e+00 9.275698207745288609e-03
2.458364101038999856e+06 2.349438060658286975e+00 9.274528641351378888e-03
2.458364604631999973e+06 2.347558373094614570e+00 9.275757201832861981e-03
2.458365097699999809e+06 2.362731655813205212e+00 9.274778047324282529e-03
2.458365590766999871e+06 2.356798211900143158e+00 9.275364232412926929e-03
2.458366094359999988e+06 2.353232295685373288e+00 9.276502138728172017e-03
2.458366587427000050e+06 2.355598125218557382e+00 9.274980369244184217e-03
2.458367080494000111e+06 2.365810745365961143e+00 9.275969889266500942e-03
2.458367584088000003e+06 2.346585593175638973e+00 9.276236089182906056e-03
2.458368077155000065e+06 2.357382200220148327e+00 9.275491335009815319e-03
2.458368570222000126e+06 2.371161855883067826e+00 9.275111539804243785e-03
2.458369073816000018e+06 2.364741102064335188e+00 9.276132001083658637e-03
2.458369566883000080e+06 2.371096339164912248e+00 9.274855262542061260e-03
2.458370059950000141e+06 2.365682188317851153e+00 9.275465837406201772e-03
2.458370563544000033e+06 2.368697490829755115e+00 9.276380106760647934e-03
2.458371056611000095e+06 2.371745034434076693e+00 9.275208261522871131e-03
2.458371549678000156e+06 2.372782878945949747e+00 9.274896143386814062e-03
2.458372053270999808e+06 2.360460840598278764e+00 9.276734406288518475e-03
2.458372546337999869e+06 2.359230640616846841e+00 9.276245519543091511e-03
2.458373039406000171e+06 2.381957454309616917e+00 9.275656529354263727e-03
2.458373542998999823e+06 2.369701262917564666e+00 9.275945964833354554e-03
2.458374036065999884e+06 2.365584141027976539e+00 9.275081409484235706e-03
2.458374529132999945e+06 2.359845660443847581e+00 9.276490214322410596e-03
2.458375032726999838e+06 2.368437888586078177e+00 9.275363442919766846e-03
2.458375525793999899e+06 2.359715254156588671e+00 9.275977590692856961e-03
2.458376018860999960e+06 2.346520755515336010e+00 9.275979780848707043e-03
2.458376522454999853e+06 2.364481933429172678e+00 9.277293132775451048e-03
2.458377015521999914e+06 2.385914079544237953e+00 9.275681593393805477e-03
2.458377508588999975e+06 2.359813058196416513e+00 9.276362055759193939e-03
2.458378012182000093e+06 2.364124806393872014e+00 9.275891907354661542e-03
2.458378505249999929e+06 2.367691963199773930e+00 9.276803672302356280e-03
2.458378998316999990e+06 2.370220772829385592e+00 9.275796477649561611e-03
2.458379501910000108e+06 2.369020397187333149e+00 9.277644684497307614e-03
2.458379994977000169e+06 2.369410998151971093e+00 9.276992062162888950e-03
2.458380488044000231e+06 2.383449749020861930e+00 9.277077245117761051e-03
2.458380991638000123e+06 2.365292202053119741e+00 9.276115277546447338e-03
2.458381484705000184e+06 2.367659252552413385e+00 9.276675509408588080e-03
2.458381977771999780e+06 2.349081042237475270e+00 9.277446459803958753e-03
2.458382481366000138e+06 2.364708432184346343e+00 9.276003847469306215e-03
2.458382974433000199e+06 2.360526063442689448e+00 9.276990735474081526e-03
2.458383467499999795e+06 2.369832221067302402e+00 9.276458586715120511e-03
2.458383971094000153e+06 2.372750097965482752e+00 9.276953390448369058e-03
2.458384464161000215e+06 2.360656514538163275e+00 9.277503415093630787e-03
2.458384957227999810e+06 2.368339727084352031e+00 9.277160340741904751e-03
2.458385460820999928e+06 2.377223418891728723e+00 9.276927104119246995e-03
2.458385953887999989e+06 2.375181489421581027e+00 9.277709127219285756e-03
2.458386446955999825e+06 2.391198337034337040e+00 9.278606119770948374e-03
2.458386950548999943e+06 2.379462145143183438e+00 9.276897294435258387e-03
2.458387443616000004e+06 2.355891037545404298e+00 9.278303544080762980e-03
2.458387936683000065e+06 2.374372206815502651e+00 9.276734861720056444e-03
2.458388440276999958e+06 2.365876116035745103e+00 9.278405249758042359e-03
2.458388933344000019e+06 2.369474285934323188e+00 9.277239853810251291e-03
2.458389426411000080e+06 2.349405602196175558e+00 9.278728274941749898e-03
2.458389930004999973e+06 2.362050617069778369e+00 9.278631252834413853e-03
2.458390423072000034e+06 2.372651757741337519e+00 9.278754193901063776e-03
2.458390916139000095e+06 2.376899394431553070e+00 9.277851829436746869e-03
2.458391419732000213e+06 2.371906689827859793e+00 9.278025055766655690e-03
2.458391912800000049e+06 2.345675868492078653e+00 9.279121218415871744e-03
2.458392405867000110e+06 2.364383935884669441e+00 9.279086307201955472e-03
2.458392909460000228e+06 2.354528762096388839e+00 9.279444241481173139e-03
2.458393402526999824e+06 2.363704597935946783e+00 9.278597280125906385e-03
2.458393895593999885e+06 2.358094470995321323e+00 9.278293876491074121e-03
2.458394399187999777e+06 2.368924393402141337e+00 9.279450570945761007e-03
2.458394892254999839e+06 2.370351759689094617e+00 9.278492265920935608e-03
2.458395385321999900e+06 2.362860052522047560e+00 9.279634610875376471e-03
2.458395888915999793e+06 2.381439758697680098e+00 9.278027328503121729e-03
2.458396381982999854e+06 2.362764298382830308e+00 9.279258556684833945e-03
2.458396875049999915e+06 2.376835908327297631e+00 9.279793168216143862e-03
2.458397378643999808e+06 2.378651404012678938e+00 9.280308884645089088e-03
2.458397871710999869e+06 2.386659151093364351e+00 9.278578196634149067e-03
2.458398364777999930e+06 2.364645271696193873e+00 9.280111926397506192e-03
2.458398868371000048e+06 2.366039550612808018e+00 9.279046201423913134e-03
2.458399361438000109e+06 2.355402870566681628e+00 9.280719788218719235e-03
2.458399854505999945e+06 2.364741102064335188e+00 9.280488015171981658e-03
2.458400358099000063e+06 2.351189318172251408e+00 9.279276295859067644e-03
2.458400851166000124e+06 2.379525701395127424e+00 9.279336707714714097e-03
2.458401344233000185e+06 2.372815660379314018e+00 9.279395169671971963e-03
2.458401847827000078e+06 2.363445542898572782e+00 9.279757187079448744e-03
2.458402340894000139e+06 2.379624326526299960e+00 9.279721312007686504e-03
2.458402833961000200e+06 2.373300878548956661e+00 9.281292717473433110e-03
2.458403337555000093e+06 2.367757385850245644e+00 9.281421573690221832e-03
2.458403830622000154e+06 2.359326251549922926e+00 9.280967491191392457e-03
2.458404323689000215e+06 2.356051612349126856e+00 9.281105946229399953e-03
2.458404827281999867e+06 2.345611055968050085e+00 9.281025217984279971e-03
2.458405320350000169e+06 2.370253518865693021e+00 9.280290796734267170e-03
2.458405813417000230e+06 2.346812539095536998e+00 9.281456212580795409e-03
2.458406317009999882e+06 2.368826211736895893e+00 9.281247747443049576e-03
2.458406810076999944e+06 2.371712267791854067e+00 9.281633403845589853e-03
2.458407303144000005e+06 2.365098322197869862e+00 9.281889934885370272e-03
2.458407806737999897e+06 2.376188009203779483e+00 9.281640699527178226e-03
2.458408299804999959e+06 2.354982043358899713e+00 9.281230670370422056e-03
2.458408792872000020e+06 2.373204701298642583e+00 9.283102398395791724e-03
2.458409296465999912e+06 2.392786776806908655e+00 9.282565930603630180e-03
2.458409789532999974e+06 2.360689128438454354e+00 9.281980139502486390e-03
2.458410282600000035e+06 2.359554429660303487e+00 9.281865083723687959e-03
2.458410786193999927e+06 2.375376195848379890e+00 9.282845275690078043e-03
2.458411279260999989e+06 2.376835908327297631e+00 9.281982314988546784e-03
2.458411772328000050e+06 2.364416601281545294e+00 9.283569919738146950e-03
2.458412275921000168e+06 2.380303855181526096e+00 9.282371241441390516e-03
2.458412768988000229e+06 2.366848173057517712e+00 9.282217426952253658e-03
2.458413262056000065e+06 2.373268090412102183e+00 9.283350353252305120e-03
2.458413765649000183e+06 2.348464501835443308e+00 9.283663561834678765e-03
2.458414258715999778e+06 2.362181152417519137e+00 9.283495321601583153e-03
2.458414751782999840e+06 2.365649505436364652e+00 9.284053067853520122e-03
2.458415255377000198e+06 2.373982974506277710e+00 9.283960197310701587e-03
2.458415748443999793e+06 2.358613608711076282e+00 9.284681232378015625e-03
2.458416241510999855e+06 2.377223418891728723e+00 9.283495615167712892e-03
2.458416745105000213e+06 2.365747555435423699e+00 9.284437867627315030e-03
2.458417238171999808e+06 2.376413440550182443e+00 9.284710015781018691e-03
2.458417731238999870e+06 2.371225190431431873e+00 9.284095197663197463e-03
2.458418234831999987e+06 2.384066690827837398e+00 9.286065981153267604e-03
2.458526481366999913e+06 3.173470021037009481e+00 1.081171057607951264e-02
2.458526984960000031e+06 3.191205707191015151e+00 1.085449911775006326e-02
2.458527478027000092e+06 3.220742469274944675e+00 1.089860297580497357e-02
2.458527971094000153e+06 3.254171221169665618e+00 1.094278617257420094e-02
2.458528474688000046e+06 3.259972976463380245e+00 1.098631607623029929e-02
2.458528967755000107e+06 3.277805653785658357e+00 1.103131847905997401e-02
2.458529460822000168e+06 3.326472978889039478e+00 1.107561833711048077e-02
2.458529964416000061e+06 3.363566357483620983e+00 1.112167317479866545e-02
2.458530457483000122e+06 3.373941902534340453e+00 1.116530258701877061e-02
2.458530950550000183e+06 3.419592847266057056e+00 1.120928904284912951e-02
2.458531454144000076e+06 3.419463717686562099e+00 1.125295795585617986e-02
2.458531947211000137e+06 3.461449500343547925e+00 1.129548367823769543e-02
2.458532440278000198e+06 3.485866895738128246e+00 1.133663587426683370e-02
2.458532943870999850e+06 3.486772403108423291e+00 1.137490653594008978e-02
2.458533436937999912e+06 3.522083112224754231e+00 1.141548970882847250e-02
2.458533930006000213e+06 3.550938903403395130e+00 1.145014511474704011e-02
2.458534433598999865e+06 3.560406621102374380e+00 1.148395340641527630e-02
2.458534926665999927e+06 3.571201867265429541e+00 1.151548385556648568e-02
2.458535419732999988e+06 3.589034226805767336e+00 1.154323441097527755e-02
2.458535923326999880e+06 3.589520186237024735e+00 1.156793987029408610e-02
2.458536416393999942e+06 3.613546103132420306e+00 1.158878876467979262e-02
2.458536909461000003e+06 3.648530658766515611e+00 1.160353344533383325e-02
2.458537413054999895e+06 3.625090056285583895e+00 1.161245536485538271e-02
2.458537906121999957e+06 3.626840026155246033e+00 1.161138025578145605e-02
2.458538399189000018e+06 3.604242471668557268e+00 1.158882831156756929e-02
2.458538902782000136e+06 3.588029458181298814e+00 1.153008873125248822e-02
2.458539395849999972e+06 4.439977813936768491e+00 1.288969641815189415e-02
2.458539888917000033e+06 3.596525964811673859e+00 1.152757944581281335e-02
2.458540392510000151e+06 3.605052552409510724e+00 1.157151073169375606e-02
2.458540885577000212e+06 3.601193022458548221e+00 1.159229061196910202e-02
2.458541378643999808e+06 3.621005629450986696e+00 1.159270135122330431e-02
2.458541882238000166e+06 3.623824860046689356e+00 1.158170116208226234e-02
2.458542375305000227e+06 3.616755911672394408e+00 1.156244004243323076e-02
2.458542868371999823e+06 3.601776830332762191e+00 1.154109215278413710e-02
2.458543371966000181e+06 3.579760733979321152e+00 1.151340853171654507e-02
2.458543865032999776e+06 3.552299706889899156e+00 1.148070739176787480e-02
2.458544358099999838e+06 3.544227573554868727e+00 1.144809028747998877e-02
2.458544861694000196e+06 3.507622118461772853e+00 1.141061822210016029e-02
2.458545354760999791e+06 3.522212872952144025e+00 1.137373726550934029e-02
2.458545847827999853e+06 3.465472046082506363e+00 1.133414468607535884e-02
2.458546351420999970e+06 3.454089607225091729e+00 1.129055470594047747e-02
2.458546844488000032e+06 3.433339895054145163e+00 1.124802687170974730e-02
2.458547337555999868e+06 3.405587161861961754e+00 1.120415556638905928e-02
2.458547841148999985e+06 3.376211151511317343e+00 1.116037373504873143e-02
2.458548334216000047e+06 3.356658815284411901e+00 1.111429128739027487e-02
2.458548827283000108e+06 3.325664235380151990e+00 1.106986254487234665e-02
2.458549330877000000e+06 3.272457386987705164e+00 1.102537528834431589e-02
2.458549823944000062e+06 3.283416679211877298e+00 1.098064696559899849e-02
2.458550317011000123e+06 3.245514845473298493e+00 1.093759125609362892e-02
2.458550820605000015e+06 3.216204090842231800e+00 1.089213235240817264e-02
2.458551313672000077e+06 3.189874523202782530e+00 1.084703327387728788e-02
2.458551806739000138e+06 3.188156266086044521e+00 1.080595360805002014e-02
2.458552310331999790e+06 3.143089877770649299e+00 1.076031638668262583e-02
2.458552803400000092e+06 3.133686884923324367e+00 1.071946669881746264e-02
2.458553296467000153e+06 3.093578921831366735e+00 1.067914448114672121e-02
2.458553800059999805e+06 3.069002201738959990e+00 1.063953125696755729e-02
2.458554293126999866e+06 3.049579784127379956e+00 1.060028582896950511e-02
2.458554786193999927e+06 3.042675237183787740e+00 1.055947130017879237e-02
2.458555289787999820e+06 3.025263446915477772e+00 1.052133540862961771e-02
2.458555782854999881e+06 3.000331212545634951e+00 1.048713020871143778e-02
2.458556275921999943e+06 2.982205727769420722e+00 1.045124289347106571e-02
2.458556779515999835e+06 2.964891465766732903e+00 1.041514135834996531e-02
2.458557272582999896e+06 2.933864147644521303e+00 1.038180914097941963e-02
2.458557765649999958e+06 2.917942973140090768e+00 1.034965799272187514e-02
2.458558269243999850e+06 2.899818391804283468e+00 1.031742185481917227e-02
2.458558762310999911e+06 2.878127307056884465e+00 1.028531046716677118e-02
2.458559255377999973e+06 2.878745022134305831e+00 1.025570087542217179e-02
2.458559758971000090e+06 2.847066426285305596e+00 1.022675583060826676e-02
2.458560252038000152e+06 2.850729434800362672e+00 1.019790357569514729e-02
2.458560745105999988e+06 2.840256745850793685e+00 1.017090355785632907e-02
2.458561248699000105e+06 2.807348961271666887e+00 1.014355966652339715e-02
2.458561741766000167e+06 2.792466681465499256e+00 1.011807829262959847e-02
2.458562234833000228e+06 2.798821490859824568e+00 1.009212559063295093e-02
2.458562738427000120e+06 2.770613844377268986e+00 1.006696798740650683e-02
2.458563231494000182e+06 2.767176112509130981e+00 1.004428240635846063e-02
2.458563724560999777e+06 2.755697866563260323e+00 1.002038536572093935e-02
2.458564228155000135e+06 2.743506541205781080e+00 9.998796517953170704e-03
2.458564721222000197e+06 2.725026939182547903e+00 9.976624188988595515e-03
2.458565214288999792e+06 2.709527729675622609e+00 9.957313382410522273e-03
2.458565717881999910e+06 2.701683061899182725e+00 9.935949836513602654e-03
2.458566210950000212e+06 2.689297201920131997e+00 9.917644773471465461e-03
2.458566704016999807e+06 2.690560735127108138e+00 9.897523476700852488e-03
2.458567207609999925e+06 2.671204883347847669e+00 9.880446801453715219e-03
2.458567700676999986e+06 2.655251115725089317e+00 9.863010649170401642e-03
2.458568193744000047e+06 2.652821324946089465e+00 9.846655101562497292e-03
2.458568697337999940e+06 2.640046644024832023e+00 9.828417334140179817e-03
2.458569190405000001e+06 2.637679354090641581e+00 9.812316163432546756e-03
2.458569683472000062e+06 2.630546601780114901e+00 9.797896036789717489e-03
2.458570187065999955e+06 2.629313673919936090e+00 9.781195360735350786e-03
2.458570680133000016e+06 2.624482009020584261e+00 9.768055768956132590e-03
2.458571173200000077e+06 2.613328471472537551e+00 9.753020042990730165e-03
2.458571676793999970e+06 2.592968255874497086e+00 9.739128621774022568e-03
2.458572169861000031e+06 2.585737298222433367e+00 9.726258624941879274e-03
2.458572662928000093e+06 2.592805862542486572e+00 9.714638051673444435e-03
2.458573166521000210e+06 2.604217182320922586e+00 9.702226430622542391e-03
2.458573659587999806e+06 2.576140824473957203e+00 9.690161460071608501e-03
2.458574152656000108e+06 2.574907308926424943e+00 9.678406855806806139e-03
2.458574656249000225e+06 2.562845348199028095e+00 9.666115631847211134e-03
2.458575149315999821e+06 2.545045787127131476e+00 9.655239966426257953e-03
2.458575642382999882e+06 2.544494989395338358e+00 9.646119684002179423e-03
2.458576145976999775e+06 2.545500578073540243e+00 9.635864890600089397e-03
2.458576639043999836e+06 2.532400554829342454e+00 9.625926669829459187e-03
2.458577132110999897e+06 2.528671419861491909e+00 9.616409811934040208e-03
2.458577635704999790e+06 2.527374503766515623e+00 9.606822109582333763e-03
2.458578128771999851e+06 2.530812670001536979e+00 9.596581302838158925e-03
2.458578621838999912e+06 2.525396649826317841e+00 9.587674192833109746e-03
2.458579125432000030e+06 2.502863702257012157e+00 9.580505375978858734e-03
2.458579618499999866e+06 2.522902110128356412e+00 9.571232630981207218e-03
2.458580111566999927e+06 2.504291041922537264e+00 9.562903598783303524e-03
2.458580615160000045e+06 2.497806549294523393e+00 9.556546387877796686e-03
2.458581108227000106e+06 2.491678472417502732e+00 9.549164961335052104e-03
2.458581601294000167e+06 2.493200469483316084e+00 9.541219962367302257e-03
2.458582104888000060e+06 2.503642988809542835e+00 9.535063594046502833e-03
2.458582597955000121e+06 2.483409853779592336e+00 9.526625340172950943e-03
2.458583091022000182e+06 2.479519910397463445e+00 9.520837990983119226e-03
2.458583594616000075e+06 2.475207429949855431e+00 9.513397968967753082e-03
2.458584087683000136e+06 2.469273524860519764e+00 9.508785432592007855e-03
2.458584580750000197e+06 2.472710084318669566e+00 9.501522033223188182e-03
2.458585084344000090e+06 2.465610097729953765e+00 9.494678148736340403e-03
2.458585577411000151e+06 2.474525878462778383e+00 9.490266339800676118e-03
2.458586070478000212e+06 2.476470733886497744e+00 9.484039738542171527e-03
2.458586574070999864e+06 2.466030252026408132e+00 9.478125714706804594e-03
2.458587067137999926e+06 2.461199396927623351e+00 9.473159534227577200e-03
2.458587560206000227e+06 2.462074555975221735e+00 9.469725059083734450e-03
2.458588063798999880e+06 2.457310294149913865e+00 9.462716905649787291e-03
2.458588556865999941e+06 2.468948323526994670e+00 9.459779438929494938e-03
2.458589049933000002e+06 2.453061294313932272e+00 9.455392084848815437e-03
2.458589553526999895e+06 2.458897356195035577e+00 9.450710607635795166e-03
2.458590046593999956e+06 2.455201834929758409e+00 9.445552261735807795e-03
2.458590539661000017e+06 2.467229788911547317e+00 9.441832857743913052e-03
2.458591043254999910e+06 2.431500705977176047e+00 9.437231557798525169e-03
2.458591536321999971e+06 2.444081028763811503e+00 9.432032813902251067e-03
2.458592029389000032e+06 2.442361807208759394e+00 9.429897106636447521e-03
2.458592532982000150e+06 2.438828154537982851e+00 9.425238738097587235e-03
2.458593026049999986e+06 2.440936041569467196e+00 9.422144076421008763e-03
2.458593519117000047e+06 2.430430463016195919e+00 9.417408126485872499e-03
2.458594022710000165e+06 2.431695549840804382e+00 9.415591049400528004e-03
2.458594515777000226e+06 2.421515202875324846e+00 9.411857236915408334e-03
2.458595008843999822e+06 2.431630600151492239e+00 9.408620718797977220e-03
2.458595512438000180e+06 2.430170809822061795e+00 9.405210674675021365e-03
2.458596005504999775e+06 2.434288234270396423e+00 9.400967308232656069e-03
2.458596498571999837e+06 2.413506095494088122e+00 9.398511099684869752e-03
2.458597002166000195e+06 2.408673862751519845e+00 9.395223042253725981e-03
2.458597495232999790e+06 2.431046131007352784e+00 9.392924795989202047e-03
2.458597988299999852e+06 2.429264479508705499e+00 9.390515832314285521e-03
2.458712204272000119e+06 2.377711728358362642e+00 9.274452786476697005e-03
2.458712697339000180e+06 2.366784955417669867e+00 9.275429833847752964e-03
2.458713200931999832e+06 2.370382324331263391e+00 9.274245502389205295e-03
2.458713694000000134e+06 2.378360042944091202e+00 9.274791038278567060e-03
2.458714187067000195e+06 2.372262807466389400e+00 9.275048187177458575e-03
2.458714690659999847e+06 2.358678780513877804e+00 9.274075663947183371e-03
2.458715183726999909e+06 2.363639287266588340e+00 9.273986922079998849e-03
2.458715676793999970e+06 2.352031858473540016e+00 9.273936285811079649e-03
2.458716180387999862e+06 2.361369774630383667e+00 9.273781858703892753e-03
2.458716673454999924e+06 2.366654165661402409e+00 9.274917268815399338e-03
2.458717166521999985e+06 2.361824372887983081e+00 9.275567197501576044e-03
2.458717670115999877e+06 2.365422916542416765e+00 9.274449273766537799e-03
2.458718163182999939e+06 2.380110937003225846e+00 9.275042436946283678e-03
2.458718656250000000e+06 2.348464501835443308e+00 9.275011498869315321e-03
2.458719159843999892e+06 2.362764298382830308e+00 9.274906184003461201e-03
2.458719652910999954e+06 2.368858938506497314e+00 9.274830574369974726e-03
2.458720145978000015e+06 2.372651757741337519e+00 9.274383607846473435e-03
2.458720649571000133e+06 2.368858938506497314e+00 9.274830574369974726e-03
2.458721142638000194e+06 2.365974175427222104e+00 9.274431529951117359e-03
2.458721635706000030e+06 2.343635134012469035e+00 9.275365532362455159e-03
2.458722139299000148e+06 2.348853876944489105e+00 9.274385920200777997e-03
2.458722632366000209e+06 2.377483984109098003e+00 9.273564452007042672e-03
2.458723125432999805e+06 2.361206662618876795e+00 9.275316022378505762e-03
2.458723629027000163e+06 2.364741102064335188e+00 9.273953994039496260e-03
2.458724122094000224e+06 2.362083250230432974e+00 9.274408324603621370e-03
2.458724615160999820e+06 2.362181152417519137e+00 9.274792724627970927e-03
2.458725118755000178e+06 2.373268090412102183e+00 9.274606910489648429e-03
2.458725611821999773e+06 2.361759114170445262e+00 9.275310907649252784e-03
2.458726104888999835e+06 2.372750097965482752e+00 9.274768006846380308e-03
2.458726608481999952e+06 2.356505186782616779e+00 9.274211009077734311e-03
2.458727101549999788e+06 2.362892696865551478e+00 9.273233900850746947e-03
2.458727594616999850e+06 2.368664766290613066e+00 9.274070328846148806e-03
2.458728098209999967e+06 2.349405602196175558e+00 9.274400509888139008e-03
2.458728591277000029e+06 2.365649505436364652e+00 9.273158849280588659e-03
2.458729084344000090e+06 2.352939713924861120e+00 9.273181636350968579e-03
2.458729587937999982e+06 2.374986798954609846e+00 9.274761202064581503e-03
2.458730081005000044e+06 2.370415072599510786e+00 9.274373631710955065e-03
2.458730574072000105e+06 2.371129097297699495e+00 9.274983400287987317e-03
2.458731077665999997e+06 2.361206662618876795e+00 9.273141270673378178e-03
2.458731570733000059e+06 2.346261422788679774e+00 9.274954618329552675e-03
2.458732063800000120e+06 2.355467953652284230e+00 9.274467829049446929e-03
2.458732567394000012e+06 2.362211611703305181e+00 9.274912318996048066e-03
2.458733060461000074e+06 2.368372447132880421e+00 9.272925807060770215e-03
2.458733553528000135e+06 2.366946272738221335e+00 9.273881998317882666e-03
2.458734057120999787e+06 2.370059232337911936e+00 9.272981387973805445e-03
2.458734550187999848e+06 2.361206662618876795e+00 9.273141270673378178e-03
2.458735043256000150e+06 2.360754357590777897e+00 9.273539273167798191e-03
2.458735546848999802e+06 2.357251930064970580e+00 9.274978766578846970e-03
2.458736039915999863e+06 2.379332846284401892e+00 9.274201745642944236e-03
2.458736532982999925e+06 2.331281943780653787e+00 9.273713698652687187e-03
2.458737036576999817e+06 2.366329402359119705e+00 9.273644521489522730e-03
2.458737529643999878e+06 2.367757385850245644e+00 9.274879218257637420e-03
2.458738022710999940e+06 2.356993582220930694e+00 9.273962256320737382e-03
2.458738526304999832e+06 2.363282287503026602e+00 9.274762859449536476e-03
2.458739019371999893e+06 2.373689999023434360e+00 9.274069457875849451e-03
2.458739512438999955e+06 2.356928456981235431e+00 9.273706010813993414e-03
2.458740016032000072e+06 2.370059232337911936e+00 9.272981387973805445e-03
2.458740509099999908e+06 2.374630272397888930e+00 9.273368900146424995e-03
2.458741002166999970e+06 2.360332574261489125e+00 9.274056366244721322e-03
2.458741505760000087e+06 2.359293656478341550e+00 9.274320301488654314e-03
2.458741998827000149e+06 2.378813530136618670e+00 9.274368515058870402e-03
2.458742491894000210e+06 2.362017984359956024e+00 9.274152066771724351e-03
2.458742995488000102e+06 2.376188009203779483e+00 9.272886499386149770e-03
2.458743488555000164e+06 2.370253518865693021e+00 9.273741544231278375e-03
2.458743981622000225e+06 2.374630272397888930e+00 9.273368900146424995e-03
2.458744485216000117e+06 2.365324879998235375e+00 9.274064887976737545e-03
2.458744978283000179e+06 2.366135437485948678e+00 9.272884373184873963e-03
2.458745471349999774e+06 2.365324879998235375e+00 9.274064887976737545e-03
2.458745974944000132e+06 2.367757385850245644e+00 9.272698433113443772e-03
2.458746468011000194e+06 2.370091976142448154e+00 9.273109499831049679e-03
2.458746961077999789e+06 2.357836030811286232e+00 9.272933708429704353e-03
2.458747464670999907e+06 2.349632820848303716e+00 9.273133375503379502e-03
2.458747957737999968e+06 2.366394787360123875e+00 9.273900765297229953e-03
2.458748450805999804e+06 2.359358847071824972e+00 9.272403514165026769e-03
2.458748954398999922e+06 2.371712267791854067e+00 9.272895692945285970e-03
2.458749447465999983e+06 2.361857002922937543e+00 9.273519994392629903e-03
2.458749940533000045e+06 2.371972228937148763e+00 9.273912086298422008e-03
2.458750444126999937e+06 2.361337151326682982e+00 9.273653737557735130e-03
2.458750937193999998e+06 2.356733092058654666e+00 9.272937316774310101e-03
2.458751430261000060e+06 2.379104946759668771e+00 9.273313435218694459e-03
2.458751933854999952e+06 2.353490231258342558e+00 9.273183638161998019e-03
2.458752426922000013e+06 2.381926740413168542e+00 9.273343089788013693e-03
2.458752919989000075e+06 2.355695758614134494e+00 9.273195117003326868e-03
2.458753423582000192e+06 2.368891665728245943e+00 9.272776881920281530e-03
2.458753916650000028e+06 2.362796941403425333e+00 9.272858106046879753e-03
2.458754409717000090e+06 2.368503331847514826e+00 9.273438262037836041e-03
2.458754913310000207e+06 2.380141627485688360e+00 9.272969843082023295e-03
2.458755406376999803e+06 2.367077078637375820e+00 9.274394506137519090e-03
2.458755899443999864e+06 2.364190130478796892e+00 9.273970713680213321e-03
2.458756403038000222e+06 2.343958941539168173e+00 9.272329328055732914e-03
2.458756896104999818e+06 2.363541324646122099e+00 9.273602555452675755e-03
2.458757389171999879e+06 2.354754307416096371e+00 9.273826712589264276e-03
2.458757892765999772e+06 2.373851786983758316e+00 9.272515169410666322e-03
2.458758385832999833e+06 2.378035863557798280e+00 9.273526849504580213e-03
2.458758878899999894e+06 2.372037769857367362e+00 9.274168337499321194e-03
2.458759382493999787e+06 2.361271906071396032e+00 9.273397500575561100e-03
2.458759875560999848e+06 2.366070059650939417e+00 9.272628157460700501e-03
2.458760368627999909e+06 2.362666372026867467e+00 9.272345683129531654e-03
2.458760872221000027e+06 2.368276469605655077e+00 9.272550024742332378e-03
2.458761365288000088e+06 2.346391085569189627e+00 9.273306079371584215e-03
2.458761858355999924e+06 2.363249637777165901e+00 9.272458091395653981e-03
2.458762361949000042e+06 2.373657205510726786e+00 9.273941332756418729e-03
2.458762855016000103e+06 2.363800390182043465e+00 9.272441885667849146e-03
2.458763348083000164e+06 2.349795133339538822e+00 9.273773962988529976e-03
2.458763851677000057e+06 2.370155282113948214e+00 9.273357187773804619e-03
2.458764344744000118e+06 2.371517861692364448e+00 9.272135606021117762e-03
2.458764837811000179e+06 2.363476018488117170e+00 9.273346319884698610e-03
2.458765341405000072e+06 2.356667974016461109e+00 9.272681099587270354e-03
2.458765834472000133e+06 2.379039210568833607e+00 9.273057207639292393e-03
2.458766327539000195e+06 2.353069745771575683e+00 9.273694105466074103e-03
2.458766831131999847e+06 2.341494812743131870e+00 9.273364607969779641e-03
2.458767324200000148e+06 2.348334724476874413e+00 9.272336060742366812e-03
2.458767817267000210e+06 2.369443733000758279e+00 9.272755552775390278e-03
2.458768320859999862e+06 2.365390237242885441e+00 9.272142538480035445e-03
2.458768813926999923e+06 2.370674891560463404e+00 9.273206714793306993e-03
2.458769306993999984e+06 2.376413440550182443e+00 9.273766227455014152e-03
2.458769810587999877e+06 2.376188009203779483e+00 9.272886499386149770e-03
2.458770303654999938e+06 2.357447337997405690e+00 9.273576340608375226e-03
2.458770796721999999e+06 2.372651757741337519e+00 9.272198314819176529e-03
2.458771300315999892e+06 2.368536054156342274e+00 9.273566380207071136e-03
2.458771793382999953e+06 2.367077078637375820e+00 9.272214347579422686e-03
2.458772286450000014e+06 2.355630669234135333e+00 9.272938892693134358e-03
2.458772790043999907e+06 2.357901181128519319e+00 9.273189932596648602e-03
2.458773283110999968e+06 2.371583390057779184e+00 9.272391808135374211e-03
2.458773776178000029e+06 2.348367168144168904e+00 9.272464163684022292e-03
2.458774279771000147e+06 2.370805903516394419e+00 9.273719185294340348e-03
2.458774772838000208e+06 2.362505346399508266e+00 9.273889681700156831e-03
2.458775265906000044e+06 2.363023278749627476e+00 9.273746372854175732e-03
2.458775769499000162e+06 2.366621469351645857e+00 9.272609393056642155e-03
2.458776262566000223e+06 2.361143595661687744e+00 9.272893588497655923e-03
2.458776755632999819e+06 2.359230640616846841e+00 9.271899656099875930e-03
2.458777259227000177e+06 2.370253518865693021e+00 9.273741544231278375e-03
2.458777752293999773e+06 2.367626542356971786e+00 9.272186019019704184e-03
2.458778245360999834e+06 2.363055925348200859e+00 9.273874495280149885e-03
2.458778748955000192e+06 2.363963681368091319e+00 9.273082425384888972e-03
2.458779242021999788e+06 2.360817414151284321e+00 9.273786972589979916e-03
2.458779735088999849e+06 2.357901181128519319e+00 9.273189932596648602e-03
2.458780238681999967e+06 2.357673162893715979e+00 9.272293178985278883e-03
2.458780731749999803e+06 2.370869228557148212e+00 9.271783238264788563e-03
2.458781224816999864e+06 2.375894761595527704e+00 9.273930403642509715e-03
2.458781728409999982e+06 2.359910866289967046e+00 9.272399420295392852e-03
2.458782221477000043e+06 2.372684537363174861e+00 9.272326415857758825e-03
2.458782714544000104e+06 2.363121219898443037e+00 9.271954230364807745e-03
2.458783218137999997e+06 2.350604699011299203e+00 9.272639045971736022e-03
2.458783711205000058e+06 2.355825942769715464e+00 9.273707586863423266e-03
2.459622427943999879e+06 2.362115883841942487e+00 9.272360867046034252e-03
2.459622921010999940e+06 2.360786972842829901e+00 9.271493027576002688e-03
2.459623424604999833e+06 2.363445542898572782e+00 9.271049931919158119e-03
2.459623917671999894e+06 2.351836899428187078e+00 9.271001450849676237e-03
2.459624410738999955e+06 2.358192207857916944e+00 9.272162511692341735e-03
2.459624914332000073e+06 2.355339958626633035e+00 9.271794510539329431e-03
2.459625407399999909e+06 2.380856389199890177e+00 9.271368836576291197e-03
2.459625900466999970e+06 2.380531869552247937e+00 9.272297665139712930e-03
2.459626404060000088e+06 2.369799480851398688e+00 9.271965096622486122e-03
2.459626897127000149e+06 2.363833047516881614e+00 9.272569990071538246e-03
2.459627390194000211e+06 2.360915263872768399e+00 9.271996863543947517e-03
2.459627893788000103e+06 2.353815400411098491e+00 9.272296920227473399e-03
2.459628386855000164e+06 2.361530722858486531e+00 9.272238898755716038e-03
2.459628879922000226e+06 2.345937297184412795e+00 9.271512636405838600e-03
2.459629383516000118e+06 2.365065647382744274e+00 9.273048477877018220e-03
2.459629876583000179e+06 2.361595975265244451e+00 9.272495103724095675e-03
2.459630369649999775e+06 2.378909934692118533e+00 9.272553314052746701e-03
2.459630873244000133e+06 2.363639287266588340e+00 9.271809929844769538e-03
2.459631366311000194e+06 2.357868605744877666e+00 9.273061819628194286e-03
2.459631859377999790e+06 2.378390710849545897e+00 9.272720053826448428e-03
2.459632362970999908e+06 2.370220772829385592e+00 9.271430369634663798e-03
2.459632856037999969e+06 2.350215033664304176e+00 9.271101898482443301e-03
2.459633349105999805e+06 2.364320784063693281e+00 9.272305606485604576e-03
2.459633852698999923e+06 2.352614665744308109e+00 9.271900587456687048e-03
2.459634345765999984e+06 2.362666372026867467e+00 9.272345683129531654e-03
2.459634838833000045e+06 2.367563303927167517e+00 9.271938362358398897e-03
2.459635342426999938e+06 2.370319012295549310e+00 9.271814646230551460e-03
2.459635835493999999e+06 2.350215033664304176e+00 9.271101898482443301e-03
2.459636328561000060e+06 2.372457274633098745e+00 9.271438285058133250e-03
2.459636832154999953e+06 2.348237396164309487e+00 9.271951762536100733e-03
2.459637325222000014e+06 2.362050617069778369e+00 9.272104665786699840e-03
2.459637818289000075e+06 2.376413440550182443e+00 9.271577469789814285e-03
2.459638321882000193e+06 2.366070059650939417e+00 9.272628157460700501e-03
2.459638814950000029e+06 2.366233507625622678e+00 9.271089328444934163e-03
2.459639308017000090e+06 2.367563303927167517e+00 9.271938362358398897e-03
2.459639811610000208e+06 2.376673916986590029e+00 9.272593718653751940e-03
2.459640304676999804e+06 2.365163673182410164e+00 9.271254425292727724e-03
2.459640797743999865e+06 2.369345529811133666e+00 9.272371237182995204e-03
2.459641301338000223e+06 2.369312796319063885e+00 9.272243135525158261e-03
2.459641794404999819e+06 2.365780239671530172e+00 9.271492353011164672e-03
2.459642287471999880e+06 2.368989850106388850e+00 9.270979294039865745e-03
2.459642791065999772e+06 2.354691412798937122e+00 9.271410261167387090e-03
2.459643284132999834e+06 2.366880872499323107e+00 9.271445777183152590e-03
2.459643777199999895e+06 2.366913572392884024e+00 9.271573867824971574e-03
2.459644280793999787e+06 2.367724674299052090e+00 9.272570326935290416e-03
2.459644773860999849e+06 2.344768656101472892e+00 9.271213206790002159e-03
2.459645266927999910e+06 2.370220772829385592e+00 9.271430369634663798e-03
2.459645770521000028e+06 2.372944605078020075e+00 9.271157184063306619e-03
2.459646263588000089e+06 2.360041283387450672e+00 9.272911846182479989e-03
2.459646756655999925e+06 2.380078054782586605e+00 9.272722165485068960e-03
2.459647260249000043e+06 2.361500272352349494e+00 9.272119338859774115e-03
2.459647753316000104e+06 2.364937130822910127e+00 9.272544584764846540e-03
2.459648246383000165e+06 2.373333667138791458e+00 9.272677259800450253e-03
2.459648749977000058e+06 2.359682653710782674e+00 9.271502743129675025e-03
2.459649243044000119e+06 2.378747801997811440e+00 9.271921350635389455e-03
2.459649736111000180e+06 2.369280063279221249e+00 9.272115035637098351e-03
2.459650239705000073e+06 2.368437888586078177e+00 9.271000619099014836e-03
2.459650732772000134e+06 2.358809129521903802e+00 9.272415638973935392e-03
2.459651225839000195e+06 2.364416601281545294e+00 9.272681378898669016e-03
2.459651729431999847e+06 2.367336531723949644e+00 9.271050268727685367e-03
2.459652222500000149e+06 2.378360042944091202e+00 9.272600487726302687e-03
2.459652715567000210e+06 2.365616823006413849e+00 9.273030736741592894e-03
2.459653219159999862e+06 2.376868745755718937e+00 9.271164666115090311e-03
2.459653712226999924e+06 2.363606632608636016e+00 9.271681835941656541e-03
2.459654205293999985e+06 2.379170684766894972e+00 9.271378372697083523e-03
2.459654708887999877e+06 2.371356232798842889e+00 9.271503671072286665e-03
2.459655201954999939e+06 2.359391443044045911e+00 9.272531618038561824e-03
2.459655695022000000e+06 2.371161855883067826e+00 9.272927619027270668e-03
2.459656198615999892e+06 2.368924393402141337e+00 9.272904990952148679e-03
2.459656691682999954e+06 2.363314937679954486e+00 9.272714302420635019e-03
2.459657184750000015e+06 2.371257950344377363e+00 9.271119407364969423e-03
2.459657688343999907e+06 2.361824372887983081e+00 9.271216556226950442e-03
2.459658181410999969e+06 2.370578820727414548e+00 9.272830921091145331e-03
2.459658674478000030e+06 2.361920088935479889e+00 9.271592284504817649e-03
2.459659178071000148e+06 2.359976073937823493e+00 9.272655629699240107e-03
2.459659671138000209e+06 2.360558675540719520e+00 9.272770592948937837e-03
2.459660164206000045e+06 2.371356232798842889e+00 9.271503671072286665e-03
2.459660667799000163e+06 2.387633149865211468e+00 9.271369339732207435e-03
2.459661160866000224e+06 2.367173007557700437e+00 9.272590116294101778e-03
2.459661653932999820e+06 2.364320784063693281e+00 9.272305606485604576e-03
2.459662157527000178e+06 2.361143595661687744e+00 9.272893588497655923e-03
2.459662650593999773e+06 2.356019062518053264e+00 9.272297828902497513e-03
2.459663143660999835e+06 2.369605231540502288e+00 9.271205085978029628e-03
2.459663647255000193e+06 2.380531869552247937e+00 9.272297665139712930e-03
2.459664140321999788e+06 2.363573978401813491e+00 9.271553743808183534e-03
2.459664633388999850e+06 2.384097432318004195e+00 9.273010711586062577e-03
2.459665136981999967e+06 2.368924393402141337e+00 9.272904990952148679e-03
2.459665630049999803e+06 2.380727014578539524e+00 9.273057765348742196e-03
2.459666123116999865e+06 2.367044376484900958e+00 9.272086248089081092e-03
2.459666626709999982e+06 2.390354976146146448e+00 9.270930416098437099e-03
2.459667119777000044e+06 2.363088572397806342e+00 9.271826134468119304e-03
2.459667612844000105e+06 2.365780239671530172e+00 9.271492353011164672e-03
2.459668116437999997e+06 2.375148675303306867e+00 9.271018173496204176e-03
2.459668609505000059e+06 2.361759114170445262e+00 9.270960386585624588e-03
2.459669102572000120e+06 2.387600163722086943e+00 9.271241251916029213e-03
2.459669606166000012e+06 2.377159924132899338e+00 9.272300430421332937e-03
2.459670099233000074e+06 2.350022389664490063e+00 9.272506409202244809e-03
2.459670592300000135e+06 2.361693857256054851e+00 9.272879424450436101e-03
2.459671095894000027e+06 2.366719559636072390e+00 9.272993718519974629e-03
2.459671588961000089e+06 2.382089089780243363e+00 9.271781164978171522e-03
2.459672082028000150e+06 2.365714871650871132e+00 9.271236175749427572e-03
2.459672585620999802e+06 2.365000299106719606e+00 9.272792257618527392e-03
2.459673078687999863e+06 2.361402398384795376e+00 9.271735049635692824e-03
2.459673571756000165e+06 2.358646194387385542e+00 9.271775145315274899e-03
2.459674075348999817e+06 2.357996738183496088e+00 9.271393945592724950e-03
2.459674568415999878e+06 2.371972228937148763e+00 9.271727419140285420e-03
2.459675061482999939e+06 2.383416820673156966e+00 9.272558662411166039e-03
2.459675565076999832e+06 2.366784955417669867e+00 9.271070054842418112e-03
2.459676058143999893e+06 2.368826211736895893e+00 9.272520669166187113e-03
2.459676551210999954e+06 2.349308229500363332e+00 9.271852333276152033e-03
2.459677054804999847e+06 2.372262807466389400e+00 9.272863252386605651e-03
2.459677547871999908e+06 2.355467953652284230e+00 9.272298362890604717e-03
2.459678040938999970e+06 2.369897702856109234e+00 9.272349395381412548e-03
2.459678544532000087e+06 2.373106342233156418e+00 9.271789095395988750e-03
2.459679037599999923e+06 2.363216988502375049e+00 9.272329988537889728e-03
2.459679530666999985e+06 2.386918552118190373e+00 9.272991366330453344e-03
2.459680034260000102e+06 2.359521831436346861e+00 9.273044051231365756e-03
2.459680527327000163e+06 2.366102748342637341e+00 9.272756264437851878e-03
2.459681020394000225e+06 2.344768656101472892e+00 9.271213206790002159e-03
2.459681523988000117e+06 2.375894761595527704e+00 9.271742123698282004e-03
2.459682017055000179e+06 2.373495430811946694e+00 9.271123204660820447e-03
2.459682510121999774e+06 2.353004728949990465e+00 9.271270669923460314e-03
2.459683013716000132e+06 2.368957121528181720e+00 9.273033101753890006e-03
2.459683506783000194e+06 2.370026488985753410e+00 9.272853277886509982e-03
2.459683999849999789e+06 2.372393907176229000e+00 9.271190648368558829e-03
2.459684503444000147e+06 2.384066690827837398e+00 9.272891141738058909e-03
2.459684996511000209e+06 2.362957986905561913e+00 9.271313768578023917e-03
2.459685489577999804e+06 2.375603738188129199e+00 9.272794439680775297e-03
2.459685993170999922e+06 2.366946272738221335e+00 9.271701960236472181e-03
2.459686486237999983e+06 2.349697744499346097e+00 9.271225453587626786e-03
2.459686979305999819e+06 2.362990632602088414e+00 9.271441857396093417e-03
2.459687482898999937e+06 2.384455380272391789e+00 9.272206795160444284e-03
2.459687975965999998e+06 2.341136845103163999e+00 9.271946896333087274e-03
2.459688469033000059e+06 2.359358847071824972e+00 9.272403514165026769e-03
2.459688972626999952e+06 2.371290710709928362e+00 9.271247493497820555e-03
2.459689465694000013e+06 2.365941488511812629e+00 9.272124287188541689e-03
2.459689958761000074e+06 2.367238415868699875e+00 9.272846330967114345e-03
2.459690462354999967e+06 2.358969903219402475e+00 9.273047636081442266e-03
2.459690955422000028e+06 2.376997910709155004e+00 9.271668484239057109e-03
2.459691448489000089e+06 2.363996340958896436e+00 9.271033217544192434e-03
2.459691952082000207e+06 2.362601090044354812e+00 9.272089482289707155e-03
2.459692445150000043e+06 2.383157800202877041e+00 9.271550956799370566e-03
2.459692938217000104e+06 2.341947741792144377e+00 9.273001395589727108e-03
2.459693441810000222e+06 2.362148517904305134e+00 9.272488970330405172e-03
2.459693934876999818e+06 2.363476018488117170e+00 9.271169478025571495e-03
2.459807647255999967e+06 2.353037237136226700e+00 9.271398758146096389e-03
2.459808150849000085e+06 2.372684537363174861e+00 9.272326415857758825e-03
2.459808643916000146e+06 2.374824933638457480e+00 9.271941793574094148e-03
2.459809136983000208e+06 2.354819372580997161e+00 9.271914092637601607e-03
2.459809640577000100e+06 2.366817653986085457e+00 9.271198140293436182e-03
2.459810133644000161e+06 2.364741102064335188e+00 9.271775986995335617e-03
2.459810626711000223e+06 2.367336531723949644e+00 9.271050268727685367e-03
2.459811130305000115e+06 2.373851786983758316e+00 9.272515169410666322e-03
2.459811623372000176e+06 2.372426683235712375e+00 9.271318735485650428e-03
2.459812116438999772e+06 2.378942800774471067e+00 9.272681419995891863e-03
2.459812620031999890e+06 2.369701262917564666e+00 9.271580813791079415e-03
2.459813113100000191e+06 2.361013117649867432e+00 9.272381163619529063e-03
2.459813606166999787e+06 2.396871767910250917e+00 9.271922020382159652e-03
2.459814109759999905e+06 2.355307418627350824e+00 9.271666416849238743e-03
2.459814602826999966e+06 2.363931022228499490e+00 9.272954313901722243e-03
2.459815095894000027e+06 2.372004999170883810e+00 9.271855513673158550e-03
2.459815599487999920e+06 2.350669649516690551e+00 9.272895261996745228e-03
2.459816092554999981e+06 2.368566595385787732e+00 9.271504428308256773e-03
2.459816585622000042e+06 2.366266198575445401e+00 9.271217414162199327e-03
2.459817089215999935e+06 2.378684266523273028e+00 9.271673701043280091e-03
2.459817582282999996e+06 2.370447821320195381e+00 9.272318499676052150e-03
2.459818075350000057e+06 2.360817414151284321e+00 9.271612579395937734e-03
2.459818578943999950e+06 2.363314937679954486e+00 9.272714302420635019e-03
2.459819072011000011e+06 2.350604699011299203e+00 9.272639045971736022e-03
2.459819565078000072e+06 2.351901883981004637e+00 9.271257621625636144e-03
2.459820068671000190e+06 2.358904723372686529e+00 9.272791415846212346e-03
2.459820561737999786e+06 2.350929469485495638e+00 9.271754910834402799e-03
2.459821054806000087e+06 2.361985352100969049e+00 9.271848471606339986e-03
2.459821558399000205e+06 2.370286265354415001e+00 9.271686552262249290e-03
2.459822051465999801e+06 2.354496233304116171e+00 9.272810328592865844e-03
2.459822544532999862e+06 2.383028300523930110e+00 9.271047145061791714e-03
2.459823048127000220e+06 2.371873920952308978e+00 9.271343146159582299e-03
2.459823541193999816e+06 2.356116713360382864e+00 9.272682141452310775e-03
2.459824034260999877e+06 2.386595404309615809e+00 9.271735962438978906e-03
2.459824537854999769e+06 2.362957986905561913e+00 9.271313768578023917e-03
2.459825030921999831e+06 2.364967625645823635e+00 9.272664150144147022e-03
2.459825523988999892e+06 2.373528222089646977e+00 9.271251290846136556e-03
2.459826027582000010e+06 2.358192207857916944e+00 9.272162511692341735e-03
2.459826520649999846e+06 2.349016135626318835e+00 9.272863070396769256e-03
2.459827013716999907e+06 2.378780665840194430e+00 9.272049447847544729e-03
2.459827517310000025e+06 2.374728694626303760e+00 9.271566051132485581e-03
2.459828010377000086e+06 2.356051612349126856e+00 9.272425931315927961e-03
2.459828503444000147e+06 2.364353448588080830e+00 9.272433709006487265e-03
2.459829007038000040e+06 2.365196349351821770e+00 9.271382513290904459e-03
2.459829500105000101e+06 2.350767078639810048e+00 9.271114462815649090e-03
2.459829993172000162e+06 2.361435022589916333e+00 9.271863144273985100e-03
2.459830496766000055e+06 2.368503331847514826e+00 9.271256789851989658e-03
2.459830989833000116e+06 2.339711986574636526e+00 9.272768683690963895e-03
2.459831482900000177e+06 2.354626351169655241e+00 9.271154086173903283e-03
2.459831986494000070e+06 2.377159924132899338e+00 9.272300430421332937e-03
2.459832479561000131e+06 2.363573978401813491e+00 9.271553743808183534e-03
2.459832972628000192e+06 2.365649505436364652e+00 9.270980005566002366e-03
2.459833476220999844e+06 2.359715254156588671e+00 9.271630834558512030e-03
2.459833969287999906e+06 2.371679501602316886e+00 9.272767584041875094e-03
2.459834462356000207e+06 2.372782878945949747e+00 9.272710729592424650e-03
2.459834965948999859e+06 2.356084162629903833e+00 9.272554035499199626e-03
2.459835459015999921e+06 2.358809129521903802e+00 9.272415638973935392e-03
2.459835952082999982e+06 2.367011674784219366e+00 9.271958150368483573e-03
2.459836455676999874e+06 2.368276469605655077e+00 9.272550024742332378e-03
2.459836948743999936e+06 2.374208196658821102e+00 9.271720616589328862e-03
2.459837441810999997e+06 2.359587028334616754e+00 9.271127018480412180e-03
2.459837945404999889e+06 2.359067676366379374e+00 9.271259198082821423e-03
2.459838438471999951e+06 2.372361131569560300e+00 9.271062563021044770e-03
2.459838931539000012e+06 2.360365183686349067e+00 9.272010516279047959e-03
2.459839435132000130e+06 2.361952720292817443e+00 9.271720377170755353e-03
2.459839928199999966e+06 2.362115883841942487e+00 9.272360867046034252e-03
2.459840421267000027e+06 2.368309188780235441e+00 9.272678130640001765e-03
2.459840924860000145e+06 2.359587028334616754e+00 9.271127018480412180e-03
2.459841417927000206e+06 2.394440226371305158e+00 9.271337427591291522e-03
2.459841910993999802e+06 2.378714938609448382e+00 9.271793255192921010e-03
2.459842414588000160e+06 2.361759114170445262e+00 9.270960386585624588e-03
2.459842907655000221e+06 2.362505346399508266e+00 9.271713733863059734e-03
2.459843400721999817e+06 2.370059232337911936e+00 9.272981387973805445e-03
2.459843904316000175e+06 2.357089102494264843e+00 9.272167136579615235e-03
2.459844397382999770e+06 2.363737253947349348e+00 9.272194222172441130e-03
2.459844890449999832e+06 2.361110975482750618e+00 9.272765479623348503e-03
2.459845394044000190e+06 2.363963681368091319e+00 9.273082425384888972e-03
2.459845887110999785e+06 2.358483270507631069e+00 9.271134695898792036e-03
2.459846380177999847e+06 2.360656514538163275e+00 9.270980680093564644e-03
2.459846883770999964e+06 2.361857002922937543e+00 9.271344643701944985e-03
2.459847376838000026e+06 2.371225190431431873e+00 9.270991323001711443e-03
2.459847869905999862e+06 2.362957986905561913e+00 9.271313768578023917e-03
2.459848373498999979e+06 2.371030824257017500e+00 9.272415192268566517e-03
2.459848866566000041e+06 2.378390710849545897e+00 9.272720053826448428e-03
2.459849359633000102e+06 2.359619627459307978e+00 9.271255104718417045e-03
2.459849863226999994e+06 2.371452335137540945e+00 9.271879410985889650e-03
2.459850356294000056e+06 2.360008678437407692e+00 9.272783737055902142e-03
2.459850849361000117e+06 2.361206662618876795e+00 9.270966518968248860e-03
2.459851352955000009e+06 2.359715254156588671e+00 9.271630834558512030e-03
2.459851846022000071e+06 2.364708432184346343e+00 9.271647893561127049e-03
2.459852339089000132e+06 2.360526063442689448e+00 9.272642485773833695e-03
2.459852842681999784e+06 2.354786839773819640e+00 9.271785997295403647e-03
2.459853335750000086e+06 2.367563303927167517e+00 9.271938362358398897e-03
2.459853828817000147e+06 2.371388994522225957e+00 9.271631762513974501e-03
2.459854332409999799e+06 2.366558257766977480e+00 9.272361725087203618e-03
2.459854825476999860e+06 2.375118049201933701e+00 9.273086193906449753e-03
2.459855318543999922e+06 2.376737398763993259e+00 9.272841392819818757e-03
2.459855822137999814e+06 2.354333596083624247e+00 9.272169807670954667e-03
2.459856315204999875e+06 2.363573978401813491e+00 9.271553743808183534e-03
2.459856808271999937e+06 2.363606632608636016e+00 9.271681835941656541e-03
2.459857311865999829e+06 2.375894761595527704e+00 9.271742123698282004e-03
2.459857804932999890e+06 2.360850030274493694e+00 9.271740672342232772e-03
2.459858297999999952e+06 2.366427480538131789e+00 9.271849329600094156e-03
2.459858801593999844e+06 2.371679501602316886e+00 9.272767584041875094e-03
2.459859294660999905e+06 2.342694187423545849e+00 9.271641563800952709e-03
2.459859787727999967e+06 2.368080164050531788e+00 9.271781426521906108e-03
2.459860291321000084e+06 2.371323471528084426e+00 9.271375581400263105e-03
2.459860784388000146e+06 2.347331355049661727e+00 9.272698227881967861e-03
2.459861277455999982e+06 2.349957457043302167e+00 9.272250203921484843e-03
2.459861781049000099e+06 2.366752257301005802e+00 9.270941971160982786e-03
2.459862274116000161e+06 2.378522149209190584e+00 9.271041797575209700e-03
2.459862767183000222e+06 2.352712175483274937e+00 9.272284883541878978e-03
2.459863270777000114e+06 2.347461076958455184e+00 9.271048578729351383e-03
2.459863763844000176e+06 2.368503331847514826e+00 9.271256789851989658e-03
2.459864256910999771e+06 2.365876116035745103e+00 9.271868092466058198e-03
2.459864760505000129e+06 2.371485098188628182e+00 9.272007507618622996e-03
2.459865253572000191e+06 2.356116713360382864e+00 9.272682141452310775e-03
2.459865746638999786e+06 2.356019062518053264e+00 9.272297828902497513e-03
2.459866250231999904e+06 2.373528222089646977e+00 9.271251290846136556e-03
2.459866743300000206e+06 2.359165453565790216e+00 9.271643467584066503e-03
2.459867236366999801e+06 2.357738308710688013e+00 9.272549385453526458e-03
2.459867739959999919e+06 2.374306601393298077e+00 9.272104905215195966e-03
2.459868233026999980e+06 2.384130370068779481e+00 9.270942958628477712e-03
2.459868726094000041e+06 2.363249637777165901e+00 9.272458091395653981e-03
2.459869229687999934e+06 2.355923585607735404e+00 9.271922072032642154e-03
2.459869722754999995e+06 2.370059232337911936e+00 9.272981387973805445e-03
2.459870215822000057e+06 2.362244247088206350e+00 9.272864750174530588e-03
2.459870719415999949e+06 2.384389496245649553e+00 9.271950598158181997e-03
2.459871212483000010e+06 2.373139128135354436e+00 9.271917190780956317e-03
2.459871705550000072e+06 2.384325810083551378e+00 9.271702947784914509e-03
2.459872209143999964e+06 2.357154232172821384e+00 9.272423339565105324e-03
2.459872702211000025e+06 2.381634978148545301e+00 9.272207197766398068e-03
2.459873195278000087e+06 2.371452335137540945e+00 9.271879410985889650e-03
2.459873698871000204e+06 2.352194336690139220e+00 9.272410477714997795e-03
2.459874191937999800e+06 2.350184729067114286e+00 9.270982353247424895e-03
2.459874685006000102e+06 2.376188009203779483e+00 9.272886499386149770e-03
2.459875188599000219e+06 2.344606690815000505e+00 9.272732258755626844e-03
2.459875681665999815e+06 2.353750362986590350e+00 9.272040720734998215e-03
2.459876174732999876e+06 2.368795667159854901e+00 9.272401105636984830e-03
2.459876678326999769e+06 2.357933756962210303e+00 9.271146310087442777e-03
2.459877171393999830e+06 2.365259524559455429e+00 9.271630155105289178e-03
2.459877664460999891e+06 2.361078355754467673e+00 9.272637372518889240e-03
2.459878168054999784e+06 2.362181152417519137e+00 9.272617075384568738e-03
2.459878661121999845e+06 2.374923363935072640e+00 9.272326091367171647e-03
2.459879154188999906e+06 2.364806443178374185e+00 9.272032179172813235e-03
2.459987411249999888e+06 2.367205711487291531e+00 9.272718222745687452e-03
2.459987904316999950e+06 2.367530595057296239e+00 9.271810266680937870e-03
2.459988407910000067e+06 2.368664766290613066e+00 9.271888707973687319e-03
2.459988900977000128e+06 2.360234748689967965e+00 9.271498140199917193e-03
2.459989394044000190e+06 2.363573978401813491e+00 9.271553743808183534e-03
2.459989897638000082e+06 2.376770234831445006e+00 9.272969502742943460e-03
2.459990390705000143e+06 2.369897702856109234e+00 9.272349395381412548e-03
2.459990883772000205e+06 2.365292202053119741e+00 9.271758248294431626e-03
2.459991387366000097e+06 2.369345529811133666e+00 9.272371237182995204e-03
2.459991880433000159e+06 2.382541093595959669e+00 9.271346093396042390e-03
2.459992373500000220e+06 2.365941488511812629e+00 9.272124287188541689e-03
2.459992877094000112e+06 2.368664766290613066e+00 9.271888707973687319e-03
2.459993370161000174e+06 2.356312027187327462e+00 9.271280570759554002e-03
2.459993863227999769e+06 2.383645133241466318e+00 9.271251482233804422e-03
2.459994366820999887e+06 2.358743954117475727e+00 9.272159436201216076e-03
2.459994859887999948e+06 2.372199445203665658e+00 9.272615577636677750e-03
2.459995352955999784e+06 2.358289948771450373e+00 9.272546818633610119e-03
2.459995856548999902e+06 2.355533038536231416e+00 9.272554569502091878e-03
2.459996349615999963e+06 2.360980499273531041e+00 9.272253061824555290e-03
2.459996842683000024e+06 2.375732834397911386e+00 9.271110215566919291e-03
2.459997346276999917e+06 2.360460840598278764e+00 9.272386276733192434e-03
2.459997839343999978e+06 2.341039815111552791e+00 9.271562614256007723e-03
2.459998332411000039e+06 2.370480570493315398e+00 9.272446602375061450e-03
2.459998836004999932e+06 2.357901181128519319e+00 9.271018225352480394e-03
2.459999329071999993e+06 2.362244247088206350e+00 9.272864750174530588e-03
2.459999822139000054e+06 2.350832033631978568e+00 9.271370636714288196e-03
2.460000325732000172e+06 2.356765651754479052e+00 9.273065428022654252e-03
2.460000818800000008e+06 2.353490231258342558e+00 9.271015993552797832e-03
2.460001311867000069e+06 2.343926558773353985e+00 9.272201226976885952e-03
2.460001815460000187e+06 2.361174041568636195e+00 9.273013158377209006e-03
2.460002308526999783e+06 2.378035863557798280e+00 9.271336597532568377e-03
2.460002801593999844e+06 2.361887458028958164e+00 9.271464193608533813e-03
2.460003305188000202e+06 2.382995377998702757e+00 9.270919061696835869e-03
2.460003798254999798e+06 2.355274879077614347e+00 9.271538324928786309e-03
2.460004291321999859e+06 2.366070059650939417e+00 9.272628157460700501e-03
2.460004794916000217e+06 2.356505186782616779e+00 9.272040587591874952e-03
2.460005287982999813e+06 2.372782878945949747e+00 9.272710729592424650e-03
2.460005781049999874e+06 2.374534041274319218e+00 9.272993099871784661e-03
2.460006284644000232e+06 2.350929469485495638e+00 9.271754910834402799e-03
2.460006777710999828e+06 2.352129344056666405e+00 9.272154275084888361e-03
2.460007270777999889e+06 2.362211611703305181e+00 9.272736641698605883e-03
2.460007774371000007e+06 2.362244247088206350e+00 9.272864750174530588e-03
2.460008267438000068e+06 2.364708432184346343e+00 9.271647893561127049e-03
2.460008760505999904e+06 2.361435022589916333e+00 9.271863144273985100e-03
2.460009264099000022e+06 2.353102254856059172e+00 9.271654939900213915e-03
2.460009757166000083e+06 2.353782881474212996e+00 9.272168819596353362e-03
2.460010250233000144e+06 2.361174041568636195e+00 9.273013158377209006e-03
2.460010753827000037e+06 2.361078355754467673e+00 9.272637372518889240e-03
2.460011246894000098e+06 2.379948722455563548e+00 9.272218290104557170e-03
2.460011739961000159e+06 2.372426683235712375e+00 9.271318735485650428e-03
2.460012243555000052e+06 2.372555606796426186e+00 9.271822561982097019e-03
2.460012736622000113e+06 2.362699013694550043e+00 9.272473786204096444e-03
2.460013229689000174e+06 2.371517861692364448e+00 9.272135606021117762e-03
2.460013733281999826e+06 2.367530595057296239e+00 9.271810266680937870e-03
2.460014226350000128e+06 2.351771916670934548e+00 9.272911349134861647e-03
2.460014719417000189e+06 2.353587777287215577e+00 9.271400252973880513e-03
2.460015223009999841e+06 2.356149264540562172e+00 9.272810249175250999e-03
2.460015716076999903e+06 2.358224787712317916e+00 9.272290612236311000e-03
2.460016209143999964e+06 2.359780456399407367e+00 9.271887022725256930e-03
2.460016712737999856e+06 2.364547267382026252e+00 9.271015991851974322e-03
2.460017205804999918e+06 2.378552819204934554e+00 9.271161343576733022e-03
2.460017698871999979e+06 2.359198046866170628e+00 9.271771560957127803e-03
2.460018202465999871e+06 2.365551459501054499e+00 9.272774516973300227e-03
2.460018695532999933e+06 2.357023974615283457e+00 9.271910940673179502e-03
2.460019188599999994e+06 2.365259524559455429e+00 9.271630155105289178e-03
2.460019692193999887e+06 2.359035084867121324e+00 9.271131111788264573e-03
2.460020185260999948e+06 2.353490231258342558e+00 9.271015993552797832e-03
2.460020678328000009e+06 2.358969903219402475e+00 9.273047636081442266e-03
2.460021181921000127e+06 2.368762941264366262e+00 9.272273003566504010e-03
2.460021674988000188e+06 2.371452335137540945e+00 9.271879410985889650e-03
2.460022168056000024e+06 2.358192207857916944e+00 9.272162511692341735e-03
2.460022671649000142e+06 2.366200817127431577e+00 9.270961244497199702e-03
2.460023164716000203e+06 2.357996738183496088e+00 9.271393945592724950e-03
2.460023657782999799e+06 2.356312027187327462e+00 9.271280570759554002e-03
2.460024161377000157e+06 2.359230640616846841e+00 9.271899656099875930e-03
2.460024654444000218e+06 2.368211032612559830e+00 9.272293818256420114e-03
2.460025147510999814e+06 2.368049629093323283e+00 9.271661872524789016e-03
2.460025651105000172e+06 2.357738308710688013e+00 9.272549385453526458e-03
2.460026144171999767e+06 2.373432035626301673e+00 9.273061588076683681e-03
2.460026637238999829e+06 2.358904723372686529e+00 9.272791415846212346e-03
2.460027140831999946e+06 2.368599318568639589e+00 9.271632519760408461e-03
2.460027633899999782e+06 2.369085856544300039e+00 9.271355012702372361e-03
2.460028126966999844e+06 2.358192207857916944e+00 9.272162511692341735e-03
2.460028630559999961e+06 2.383254380815650553e+00 9.271926698629263594e-03
2.460029123627000023e+06 2.365422916542416765e+00 9.272270638748032756e-03
2.460029616694000084e+06 2.361857002922937543e+00 9.271344643701944985e-03
2.460030120287999976e+06 2.384486126774537418e+00 9.272326356184096979e-03
2.460030613355000038e+06 2.359326251549922926e+00 9.272275412061268748e-03
2.460031106422000099e+06 2.362017984359956024e+00 9.271976567811653080e-03
2.460031610015999991e+06 2.373139128135354436e+00 9.271917190780956317e-03
2.460032103083000053e+06 2.361500272352349494e+00 9.272119338859774115e-03
2.460032596150000114e+06 2.361985352100969049e+00 9.271848471606339986e-03
2.460033099744000006e+06 2.359747855052797494e+00 9.271758927757041066e-03
2.460033592811000068e+06 2.367918769450529481e+00 9.271149515711894426e-03
2.460034085878000129e+06 2.361045736476839352e+00 9.272509267184279869e-03
2.460034589470999781e+06 2.372848442265573343e+00 9.272966947598184489e-03
2.460035082537999842e+06 2.359780456399407367e+00 9.271887022725256930e-03
2.460035575606000144e+06 2.348821426553110658e+00 9.272094446228104636e-03
2.460036079198999796e+06 2.360786972842829901e+00 9.271493027576002688e-03
2.460036572265999857e+06 2.362535809865633052e+00 9.271833288528907521e-03
2.460037065332999919e+06 2.366492868249173931e+00 9.272105523804132984e-03
2.460037568926999811e+06 2.370059232337911936e+00 9.272981387973805445e-03
2.460038061993999872e+06 2.365616823006413849e+00 9.273030736741592894e-03
2.460038555060999934e+06 2.352226833680315377e+00 9.272538581684770104e-03
2.460039058654999826e+06 2.368243750883096244e+00 9.272421920614471250e-03
2.460039551721999887e+06 2.353685327359116286e+00 9.271784528321511468e-03
2.460040044788999949e+06 2.376673916986590029e+00 9.272593718653751940e-03
2.460040548382000066e+06 2.359780456399407367e+00 9.271887022725256930e-03
2.460041041449999902e+06 2.363347588307972647e+00 9.272842410587931600e-03
2.460041534516999964e+06 2.356019062518053264e+00 9.272297828902497513e-03
2.460042038110000081e+06 2.392105887739706116e+00 9.271111648939711278e-03
2.460042531177000143e+06 2.364579935035418412e+00 9.271144076556049954e-03
2.460043024244000204e+06 2.356149264540562172e+00 9.272810249175250999e-03
2.460043527838000096e+06 2.381957454309616917e+00 9.271268801573110882e-03
2.460044020905000158e+06 2.362796941403425333e+00 9.272858106046879753e-03
2.460044513972000219e+06 2.372621163836201585e+00 9.272078755446538229e-03
2.460045017566000111e+06 2.360591288089305628e+00 9.272898701893917892e-03
2.460045510633000173e+06 2.360754357590777897e+00 9.271364938050995208e-03
2.460046003699999768e+06 2.351091871549130907e+00 9.272395403095266483e-03
2.460046507294000126e+06 2.365292202053119741e+00 9.271758248294431626e-03
2.460047000361000188e+06 2.356279473758506882e+00 9.271152484169724664e-03
2.460047493427999783e+06 2.355112188072035817e+00 9.273067030357374022e-03
2.460047997020999901e+06 2.376997910709155004e+00 9.271668484239057109e-03
2.460048490087999962e+06 2.368309188780235441e+00 9.272678130640001765e-03
2.460048983155999798e+06 2.373626598640952157e+00 9.271635560019676758e-03
2.460049486748999916e+06 2.360136927172893806e+00 9.271113876721833250e-03
2.460049979815999977e+06 2.363931022228499490e+00 9.272954313901722243e-03
2.460050472883000039e+06 2.368891665728245943e+00 9.272776881920281530e-03
2.460050976476999931e+06 2.357219363651009481e+00 9.272679549629873549e-03
2.460051469543999992e+06 2.364773772395678542e+00 9.271904082199236216e-03
2.460051962611000054e+06 2.360430403887624706e+00 9.272266714936900842e-03
2.460052466204999946e+06 2.365163673182410164e+00 9.271254425292727724e-03
2.460052959272000007e+06 2.365196349351821770e+00 9.271382513290904459e-03
2.460053452339000069e+06 2.358483270507631069e+00 9.271134695898792036e-03
2.460053955932000186e+06 2.366168127080872985e+00 9.273012483701768491e-03
2.460054449000000022e+06 2.363347588307972647e+00 9.272842410587931600e-03
2.460054942067000084e+06 2.369474285934323188e+00 9.272875120875033808e-03
2.460055445660000201e+06 2.364320784063693281e+00 9.272305606485604576e-03
2.460055938726999797e+06 2.379882962950666148e+00 9.271962092784713852e-03
2.460056431793999858e+06 2.360526063442689448e+00 9.272642485773833695e-03
2.460056935388000216e+06 2.362440068866244580e+00 9.271457550484430918e-03
2.460057428454999812e+06 2.360104320901492247e+00 9.270985792434951675e-03
2.460057921521999873e+06 2.370091976142448154e+00 9.270926564449733995e-03
2.460058425116000231e+06 2.351059390238935176e+00 9.272267301103594150e-03
2.460058918182999827e+06 2.366719559636072390e+00 9.272993718519974629e-03
