2.458346727899000049e+06 5.809950068224338793e-01 4.941797892058368523e-03
2.458347220966000110e+06 5.808248647958005328e-01 4.937675909278089331e-03
2.458347714033000171e+06 5.738373338197417795e-01 4.933768891312436886e-03
2.458348217627000064e+06 5.821536168189559435e-01 4.930741589721344444e-03
2.458348710694000125e+06 5.792910250084400969e-01 4.927304249879660772e-03
2.458349203761000186e+06 5.748598801428504990e-01 4.924558766463681472e-03
2.458349707355000079e+06 5.743830295977023770e-01 4.922060887310581584e-03
2.458350200422000140e+06 5.897544139532947538e-01 4.919616481210462022e-03
2.458350693489000201e+06 5.903000228060211185e-01 4.917099920645049208e-03
2.458351197081999853e+06 5.740762762727951163e-01 4.915202275511063208e-03
2.458351690150000155e+06 5.774159815683378438e-01 4.913482879479275263e-03
2.458352183217000216e+06 5.758481819046573635e-01 4.922947950906496339e-03
2.458352686809999868e+06 5.836536421795548435e-01 4.910655090937099745e-03
2.458353179876999930e+06 5.802110558858070144e-01 4.908944489471411474e-03
2.458353672943999991e+06 5.838240751227193881e-01 4.907787278616272675e-03
2.458354176537999883e+06 5.824603944672145373e-01 4.906516651513787020e-03
2.458354669604999945e+06 5.690316200258722645e-01 4.905552509072564141e-03
2.458355162672000006e+06 5.779954238442311931e-01 4.904572415049173253e-03
2.458355666265999898e+06 5.758142388554219337e-01 4.903565368019812895e-03
2.458356159332999960e+06 5.813017093160829374e-01 4.902645531096733178e-03
2.458356652400000021e+06 5.694405629443415329e-01 4.902259792493954098e-03
2.458357155993999913e+06 5.809270510425065259e-01 4.901625911780257798e-03
2.458357649060999975e+06 5.589765643000861317e-01 4.900728088696150279e-03
2.458358142128000036e+06 5.687245817622759159e-01 4.900286495992207600e-03
2.458358645721000154e+06 5.793929414021482538e-01 4.899888172320517044e-03
2.458359138788000215e+06 5.778591574242033513e-01 4.899158304548528568e-03
2.458359631856000051e+06 5.653164199713707205e-01 4.899037328036381228e-03
2.458360135449000169e+06 5.729173837063338270e-01 4.898420122345169270e-03
2.458360628516000230e+06 5.793929414021482538e-01 4.898287250460686346e-03
2.458361121582999825e+06 5.697474629888131803e-01 4.897555270581740658e-03
2.458361625177000184e+06 5.817789453152970580e-01 4.897561246349329753e-03
2.458362118243999779e+06 5.690997567786846290e-01 4.897229183554533023e-03
2.458362611310999840e+06 5.732921564830750771e-01 4.896872219903957053e-03
2.458363114905000199e+06 5.689294301922711572e-01 4.896811492374584726e-03
2.458363607971999794e+06 5.799727650493250453e-01 4.896244908427247605e-03
2.458364101038999856e+06 5.634757107022699829e-01 4.896060232190035250e-03
2.458364604631999973e+06 5.744507489584644855e-01 4.896186760250731580e-03
2.458365097699999809e+06 5.723720260241604851e-01 4.895866033011715343e-03
2.458365590766999871e+06 5.697133548174111439e-01 4.895687900202764890e-03
2.458366094359999988e+06 5.735308719275276079e-01 4.895213558192440008e-03
2.458366587427000050e+06 5.712128910844107565e-01 4.895421123701498324e-03
2.458367080494000111e+06 5.696792486879109774e-01 4.895394817788415939e-03
2.458367584088000003e+06 5.698156854578024788e-01 4.894992793805636594e-03
2.458368077155000065e+06 5.623853514312736612e-01 4.894873679016222695e-03
2.458368570222000126e+06 5.688613138321937379e-01 4.894653388669328170e-03
2.458369073816000018e+06 5.765301182425757176e-01 4.894793603335691884e-03
2.458369566883000080e+06 5.752348639770515915e-01 4.894392993557594718e-03
2.458370059950000141e+06 5.745872700610175077e-01 4.894704291433512461e-03
2.458370563544000033e+06 5.748598801428504990e-01 4.894379232038520260e-03
2.458371056611000095e+06 5.794954094610602624e-01 4.894349918027944557e-03
2.458371549678000156e+06 5.694405629443415329e-01 4.894392680384463193e-03
2.458372053270999808e+06 5.709062533199732448e-01 4.894370642347802003e-03
2.458372546337999869e+06 5.688272587104834521e-01 4.894360368186430506e-03
2.458373039406000171e+06 5.684522633365136635e-01 4.894275178797699750e-03
2.458373542998999823e+06 5.718603687834623583e-01 4.894123013904355321e-03
2.458374036065999884e+06 5.778591574242033513e-01 4.893836025021588466e-03
2.458374529132999945e+06 5.742465570223874716e-01 4.893917480915031988e-03
2.458375032726999838e+06 5.747238236084973861e-01 4.893750181651363752e-03
2.458375525793999899e+06 5.743830295977023770e-01 4.894022492316230794e-03
2.458376018860999960e+06 5.643623068620816641e-01 4.893887756363606706e-03
2.458376522454999853e+06 5.722012470927259065e-01 4.893878234157936040e-03
2.458377015521999914e+06 5.799727650493250453e-01 4.893574035140957346e-03
2.458377508588999975e+06 5.735990191234691116e-01 4.893681992786021347e-03
2.458378012182000093e+06 5.722697633817335205e-01 4.893937155004511076e-03
2.458378505249999929e+06 5.718946054944513691e-01 4.893889285779722161e-03
2.458378998316999990e+06 5.736671744166910170e-01 4.893735095285914327e-03
2.458379501910000108e+06 5.652482155740100600e-01 4.893760752483474440e-03
2.458379994977000169e+06 5.731897294458700998e-01 4.893357685734841395e-03
2.458380488044000231e+06 5.709062533199732448e-01 4.893318994165089461e-03
2.458380991638000123e+06 5.699857523955653704e-01 4.893303893520443287e-03
2.458381484705000184e+06 5.753710414919168681e-01 4.893431916383351316e-03
2.458381977771999780e+06 5.709062533199732448e-01 4.893318994165089461e-03
2.458382481366000138e+06 5.696792486879109774e-01 4.893296041875109387e-03
2.458382974433000199e+06 5.625557913740192317e-01 4.893248351168108697e-03
2.458383467499999795e+06 5.708379002802852487e-01 4.893258891640395354e-03
2.458383971094000153e+06 5.722012470927259065e-01 4.893351217333235387e-03
2.458384464161000215e+06 5.764961349969840443e-01 4.893443137337200564e-03
2.458384957227999810e+06 5.645666240171355321e-01 4.893579559510843370e-03
2.458385460820999928e+06 5.716560445831082582e-01 4.893427386018673296e-03
2.458385953887999989e+06 5.773819461060294422e-01 4.893517085258551960e-03
2.458386446955999825e+06 5.687932056274992432e-01 4.893543487342834689e-03
2.458386950548999943e+06 5.698839160958590888e-01 4.893479398105991807e-03
2.458387443616000004e+06 5.710766457481404323e-01 4.893201508904709840e-03
2.458387936683000065e+06 5.697133548174111439e-01 4.893064273246600614e-03
2.458388440276999958e+06 5.776207684871882408e-01 4.893413156217564161e-03
2.458388933344000019e+06 5.783703222095684104e-01 4.893370743771649489e-03
2.458389426411000080e+06 5.757802978069426203e-01 4.893200378307529727e-03
2.458389930004999973e+06 5.734284022403135506e-01 4.893282662467764339e-03
2.458390423072000034e+06 5.628626097678662843e-01 4.893325054756225180e-03
2.458390916139000095e+06 5.708720757771027499e-01 4.893026053566296336e-03
2.458391419732000213e+06 5.842328867893632482e-01 4.893466616641060224e-03
2.458391912800000049e+06 5.799385788788434803e-01 4.893285586154537056e-03
2.458392405867000110e+06 5.835853754337203547e-01 4.893418156882926862e-03
2.458392909460000228e+06 5.773138811998964615e-01 4.893471936736450492e-03
2.458393402526999824e+06 5.746555427786599335e-01 4.893168773138798465e-03
2.458393895593999885e+06 5.709062533199732448e-01 4.893318994165089461e-03
2.458394399187999777e+06 5.686224470682998966e-01 4.893121828006673918e-03
2.458394892254999839e+06 5.777910362618194906e-01 4.893259113166412502e-03
2.458395385321999900e+06 5.731216308761361011e-01 4.893304188382783561e-03
2.458395888915999793e+06 5.764621537545177032e-01 4.893154696066478147e-03
2.458396381982999854e+06 5.695769425495883498e-01 4.892941876561507017e-03
2.458396875049999915e+06 5.753710414919168681e-01 4.892901980070119526e-03
2.458397378643999808e+06 5.713833750315476800e-01 4.893198364170652480e-03
2.458397871710999869e+06 5.692360547616983624e-01 4.893159200005162829e-03
2.458398364777999930e+06 5.676000172707386104e-01 4.893210835534067549e-03
2.458398868371000048e+06 5.802452581182422353e-01 4.893201092538077696e-03
2.458399361438000109e+06 5.777910362618194906e-01 4.893259113166412502e-03
2.458399854505999945e+06 5.690316200258722645e-01 4.892974169305711399e-03
2.458400358099000063e+06 5.763257179976736255e-01 4.893058226501752726e-03
2.458400851166000124e+06 5.783367631617815086e-01 4.893086813465540204e-03
2.458401344233000185e+06 5.584655654254953028e-01 4.893161801743775574e-03
2.458401847827000078e+06 5.686224470682998966e-01 4.893121828006673918e-03
2.458402340894000139e+06 5.722355042117598378e-01 4.893117129022588399e-03
2.458402833961000200e+06 5.722012470927259065e-01 4.893351217333235387e-03
2.458403337555000093e+06 5.764276436053319408e-01 4.892861765303459579e-03
2.458403830622000154e+06 5.797340381231060880e-01 4.893161618888499514e-03
2.458404323689000215e+06 5.806200114524929790e-01 4.893152758016225748e-03
2.458404827281999867e+06 5.816766092186603787e-01 4.892949547701125508e-03
2.458405320350000169e+06 5.743147892563515988e-01 4.892912087982460856e-03
2.458405813417000230e+06 5.780635691037692148e-01 4.892905087610198087e-03
2.458406317009999882e+06 5.717924281501918227e-01 4.893014920808420182e-03
2.458406810076999944e+06 5.683156295863789342e-01 4.893098785958756650e-03
2.458407303144000005e+06 5.700540033977098409e-01 4.892839747244766453e-03
2.458407806737999897e+06 5.685203307162329800e-01 4.893290347379306536e-03
2.458408299804999959e+06 5.693382996705179666e-01 4.892989338426891044e-03
2.458408792872000020e+06 5.796998660242478341e-01 4.892873194211709055e-03
2.458409296465999912e+06 5.720990149624552989e-01 4.893003871161167445e-03
2.458409789532999974e+06 5.624874019711935125e-01 4.893171553399047920e-03
2.458410282600000035e+06 5.759845046125825485e-01 4.892813800222565492e-03
2.458410786193999927e+06 5.632712695574481065e-01 4.893246251882502236e-03
2.458411279260999989e+06 5.794954094610602624e-01 4.893282448034918727e-03
2.458411772328000050e+06 5.678729734856831080e-01 4.892948806236065151e-03
2.458412275921000168e+06 5.678384545325994015e-01 4.893174380042447300e-03
2.458412768988000229e+06 5.667480049365304362e-01 4.893173659488081126e-03
2.458413262056000065e+06 5.707359117318832054e-01 4.892910306499191793e-03
2.458413765649000183e+06 5.599654090482202307e-01 4.892893699555605005e-03
2.458414258715999778e+06 5.707359117318832054e-01 4.892910306499191793e-03
2.458414751782999840e+06 5.723720260241604851e-01 4.893230162422174817e-03
2.458415255377000198e+06 5.739737091411095671e-01 4.893178129759084317e-03
2.458415748443999793e+06 5.730878485419272916e-01 4.893015755302314307e-03
2.458416241510999855e+06 5.652482155740100600e-01 4.893240139637464875e-03
2.458416745105000213e+06 5.769051288815362222e-01 4.893195334730121582e-03
2.458417238171999808e+06 5.638848156265870992e-01 4.892863316832579169e-03
2.458417731238999870e+06 5.739055174296211481e-01 4.893125375725594639e-03
2.458418234831999987e+06 5.866869120761172285e-01 4.892947260640260164e-03
2.458526481366999913e+06 5.713833750315476800e-01 4.893198364170652480e-03
2.458526984960000031e+06 5.748942964315983950e-01 4.893083762006346371e-03
2.458527478027000092e+06 5.647710151415179514e-01 4.892750324748109877e-03
2.458527971094000153e+06 5.694405629443415329e-01 4.892819257962565012e-03
2.458528474688000046e+06 5.788478172906019736e-01 4.893145539230363272e-03
2.458528967755000107e+06 5.798702125830136334e-01 4.893242819391015880e-03
2.458529460822000168e+06 5.775186319077298958e-01 4.893079803028857651e-03
2.458529964416000061e+06 5.752687728733454353e-01 4.893091981462329397e-03
2.458530457483000122e+06 5.739055174296211481e-01 4.893125375725594639e-03
2.458530950550000183e+06 5.799043947234465701e-01 4.892997154170581307e-03
2.458531454144000076e+06 5.800406091986308743e-01 4.893078002159606185e-03
2.458531947211000137e+06 5.767345909802674697e-01 4.892811250319014163e-03
2.458532440278000198e+06 5.642256168349919498e-01 4.893222114944403844e-03
2.458532943870999850e+06 5.696110425541218714e-01 4.893234812120707267e-03
2.458533436937999912e+06 5.790179134722706067e-01 4.892983519225604407e-03
2.458533930006000213e+06 5.669526636074359027e-01 4.892851905205750779e-03
2.458534433598999865e+06 5.672932289752027346e-01 4.893178532750770346e-03
2.458534926665999927e+06 5.694064731456415229e-01 4.893050790023457594e-03
2.458535419732999988e+06 5.699857523955653704e-01 4.892778917241769922e-03
2.458535923326999880e+06 5.709062533199732448e-01 4.892793170073732323e-03
2.458536416393999942e+06 5.720310459765073352e-01 4.892949411378692132e-03
2.458536909461000003e+06 5.761553513750298228e-01 4.893203774311525103e-03
2.458537413054999895e+06 5.795637315678620061e-01 4.892791766794261400e-03
2.458537906121999957e+06 5.819836715246178294e-01 4.892852361739331683e-03
2.458538399189000018e+06 5.821536168189559435e-01 4.893208759003588731e-03
2.458538902782000136e+06 5.784385116693636641e-01 4.892882145672649598e-03
2.458539395849999972e+06 5.682135683342859345e-01 4.892743400355383139e-03
2.458539888917000033e+06 5.757802978069426203e-01 4.893200378307529727e-03
2.458540392510000151e+06 5.713491689255854045e-01 4.892905430793424715e-03
2.458540885577000212e+06 5.806884661490894217e-01 4.893194823489871795e-03
2.458541378643999808e+06 5.717924281501918227e-01 4.893014920808420182e-03
2.458541882238000166e+06 5.687932056274992432e-01 4.893019609440323915e-03
2.458542375305000227e+06 5.664411554425660134e-01 4.893132948513337875e-03
2.458542868371999823e+06 5.687245817622759159e-01 4.892953090225891227e-03
2.458543371966000181e+06 5.717581975560924734e-01 4.893248607174101143e-03
2.458543865032999776e+06 5.866528704710032294e-01 4.893203682167831386e-03
2.458544358099999838e+06 5.739055174296211481e-01 4.893125375725594639e-03
2.458544861694000196e+06 5.706334158321871852e-01 4.893082756304655175e-03
2.458545354760999791e+06 5.772117988851382941e-01 4.893138290550345069e-03
2.458545847827999853e+06 5.777910362618194906e-01 4.893259113166412502e-03
2.458546351420999970e+06 5.749281852521452851e-01 4.892842670668108400e-03
2.458546844488000032e+06 5.798360324574297620e-01 4.892954389927922990e-03
2.458547337555999868e+06 5.688272587104834521e-01 4.892788640386756122e-03
2.458547841148999985e+06 5.696451446001886687e-01 4.893003102650364707e-03
2.458548334216000047e+06 5.731559430976310709e-01 4.893069249501016960e-03
2.458548827283000108e+06 5.645323060451296060e-01 4.892762142962787594e-03
2.458549330877000000e+06 5.682816071322873697e-01 4.892805858542820241e-03
2.458549823944000062e+06 5.722012470927259065e-01 4.892824200508537336e-03
2.458550317011000123e+06 5.854259912953365674e-01 4.893215173006691676e-03
2.458550820605000015e+06 5.712128910844107565e-01 4.892790591125624304e-03
2.458551313672000077e+06 5.717581975560924734e-01 4.893248607174101143e-03
2.458551806739000138e+06 5.705656209686990055e-01 4.893026937443829133e-03
2.458552310331999790e+06 5.643960946715678162e-01 4.893141092524380675e-03
2.458552803400000092e+06 5.670205514226962507e-01 4.892915537860961783e-03
2.458553296467000153e+06 5.802794623668259266e-01 4.892955079407851002e-03
2.458553800059999805e+06 5.737691583105052340e-01 4.893019698077072030e-03
2.458554293126999866e+06 5.743147892563515988e-01 4.892912087982460856e-03
2.458554786193999927e+06 5.725760787719287315e-01 4.892865168873497365e-03
2.458555289787999820e+06 5.763257179976736255e-01 4.893058226501752726e-03
2.458555782854999881e+06 5.718266607936426382e-01 4.892781188922737390e-03
2.458556275921999943e+06 5.694746547839638628e-01 4.893112186180711282e-03
2.458556779515999835e+06 5.726783961518645549e-01 4.893212050789419627e-03
2.458557272582999896e+06 5.722697633817335205e-01 4.892882995143444519e-03
2.458557765649999958e+06 5.693382996705179666e-01 4.892989338426891044e-03
2.458558269243999850e+06 5.748942964315983950e-01 4.893083762006346371e-03
2.458558762310999911e+06 5.759845046125825485e-01 4.892813800222565492e-03
2.458559255377999973e+06 5.724057661621220205e-01 4.892991402947758674e-03
2.458559758971000090e+06 5.652143767519478557e-01 4.892947203759330510e-03
2.458560252038000152e+06 5.769731455960525057e-01 4.893240827160205003e-03
2.458560745105999988e+06 5.740419089551678233e-01 4.893230827246482402e-03
2.458561248699000105e+06 5.713491689255854045e-01 4.892905430793424715e-03
2.458561741766000167e+06 5.652825770662236460e-01 4.893016955671886277e-03
2.458562234833000228e+06 5.733259508608112842e-01 4.892936458593765900e-03
2.458562738427000120e+06 5.754733282913296888e-01 4.893241787003951154e-03
2.458563231494000182e+06 5.785067091686488805e-01 4.892926188713729238e-03
2.458563724560999777e+06 5.740762762727951163e-01 4.892995036314477277e-03
2.458564228155000135e+06 5.694064731456415229e-01 4.893050790023457594e-03
2.458564721222000197e+06 5.693723853877398211e-01 4.892757865480802659e-03
2.458565214288999792e+06 5.766320799992682433e-01 4.893003779142404176e-03
2.458565717881999910e+06 5.743486439161583634e-01 4.893200514951959873e-03
2.458566210950000212e+06 5.724743069405706652e-01 4.893050029212188574e-03
2.458566704016999807e+06 5.819156001060358241e-01 4.892816035872571759e-03
2.458567207609999925e+06 5.724400355255090389e-01 4.892757104715079672e-03
2.458567700676999986e+06 5.639871382595306182e-01 4.893231725277418474e-03
2.458568193744000047e+06 5.778591574242033513e-01 4.892771569116200099e-03
2.458568697337999940e+06 5.784385116693636641e-01 4.892882145672649598e-03
2.458569190405000001e+06 5.748259953485119755e-01 4.893031866975853898e-03
2.458569683472000062e+06 5.698497997556363215e-01 4.893186447904549277e-03
2.458570187065999955e+06 5.714854792794190619e-01 4.893020046766293624e-03
2.458570680133000016e+06 5.868236387352759875e-01 4.893006586856821910e-03
2.458571173200000077e+06 5.746555427786599335e-01 4.893168773138798465e-03
2.458571676793999970e+06 5.690997567786846290e-01 4.893035901582099348e-03
2.458572169861000031e+06 5.690316200258722645e-01 4.892974169305711399e-03
2.458572662928000093e+06 5.679749735608881078e-01 4.892781418206835174e-03
2.458573166521000210e+06 5.799385788788434803e-01 4.892751442983905505e-03
2.458573659587999806e+06 5.672592677275536399e-01 4.892885600560759572e-03
2.458574152656000108e+06 5.698497997556363215e-01 4.893186447904549277e-03
2.458574656249000225e+06 5.695087486646306374e-01 4.892880594994175950e-03
2.458575149315999821e+06 5.687245817622759159e-01 4.892953090225891227e-03
2.458575642382999882e+06 5.779272866180249490e-01 4.892816132788271183e-03
2.458576145976999775e+06 5.678384545325994015e-01 4.893174380042447300e-03
2.458576639043999836e+06 5.719625582684798593e-01 4.892890388951418382e-03
2.458577132110999897e+06 5.661683659907355004e-01 4.892862331393389719e-03
2.458577635704999790e+06 5.805178792146737932e-01 4.892826719246145574e-03
2.458578128771999851e+06 5.833467733384021248e-01 4.893029302616198721e-03
2.458578621838999912e+06 5.739398765816235981e-01 4.892889704109070620e-03
2.458579125432000030e+06 5.691679016903005150e-01 4.893097578486628289e-03
2.458579618499999866e+06 5.803815526592596141e-01 4.892746809224819866e-03
2.458580111566999927e+06 5.700881319634013566e-01 4.893132676689584265e-03
2.458580615160000045e+06 5.633734808562192997e-01 4.893096408862633410e-03
2.458581108227000106e+06 5.646004240588863299e-01 4.892832500831539172e-03
2.458581601294000167e+06 5.730192343058275739e-01 4.892957698166462005e-03
2.458582104888000060e+06 5.704290046341142784e-01 4.892906119254775144e-03
2.458582597955000121e+06 5.823922672889806362e-01 4.893069088907808090e-03
2.458583091022000182e+06 5.741101168727567039e-01 4.892754693214851000e-03
2.458583594616000075e+06 5.742121795108295901e-01 4.893095635525658224e-03
2.458584087683000136e+06 5.707700811227478521e-01 4.893203240168323212e-03
2.458584580750000197e+06 5.719625582684798593e-01 4.892890388951418382e-03
2.458585084344000090e+06 5.794270954084379532e-01 4.893239273515335996e-03
2.458585577411000151e+06 5.731897294458700998e-01 4.892829758484249815e-03
2.458586070478000212e+06 5.648391619585678702e-01 4.892820461305111279e-03
2.458586574070999864e+06 5.728150236277724794e-01 4.892796708669566209e-03
2.458587067137999926e+06 5.665773385339126778e-01 4.892743838525101530e-03
2.458587560206000227e+06 5.678384545325994015e-01 4.893174380042447300e-03
2.458588063798999880e+06 5.768365888988186141e-01 4.893145278269160105e-03
2.458588556865999941e+06 5.663050050843204675e-01 4.893000002592235234e-03
2.458589049933000002e+06 5.626236708961039890e-01 4.892802392809991047e-03
2.458589553526999895e+06 5.644641962496872445e-01 4.893211621588671768e-03
2.458590046593999956e+06 5.710766457481404323e-01 4.893201508904709840e-03
2.458590539661000017e+06 5.756440234302196979e-01 4.893102642203033675e-03
2.458591043254999910e+06 5.658618303256961468e-01 4.892819121087580575e-03
2.458591536321999971e+06 5.728150236277724794e-01 4.892796708669566209e-03
2.458592029389000032e+06 5.785067091686488805e-01 4.892926188713729238e-03
2.458592532982000150e+06 5.728150236277724794e-01 4.892796708669566209e-03
2.458593026049999986e+06 5.665434201433456884e-01 4.892972738131744735e-03
2.458593519117000047e+06 5.748259953485119755e-01 4.893031866975853898e-03
2.458594022710000165e+06 5.737691583105052340e-01 4.893019698077072030e-03
2.458594515777000226e+06 5.687591545831172102e-01 4.893250533304663481e-03
2.458595008843999822e+06 5.683156295863789342e-01 4.893098785958756650e-03
2.458595512438000180e+06 5.710424580046536969e-01 4.892908575339204730e-03
2.458596005504999775e+06 5.744507489584644855e-01 4.893012228095824749e-03
2.458596498571999837e+06 5.714517933872516053e-01 4.893257956986718851e-03
2.458597002166000195e+06 5.689975547087101626e-01 4.893205315464956538e-03
2.458597495232999790e+06 5.791544531414740682e-01 4.893070504036689354e-03
2.458597988299999852e+06 5.738373338197417795e-01 4.893072565160208609e-03
2.458712204272000119e+06 5.688272587104834521e-01 4.892788640386756122e-03
2.458712697339000180e+06 5.705992546228475515e-01 4.892789829848340905e-03
2.458713200931999832e+06 5.735990191234691116e-01 4.893153688565705234e-03
2.458713694000000134e+06 5.703948556619370391e-01 4.893138556449619023e-03
2.458714187067000195e+06 5.707700811227478521e-01 4.893203240168323212e-03
2.458714690659999847e+06 5.640214230907356630e-01 4.893009702366068331e-03
2.458715183726999909e+06 5.820517509060694206e-01 4.892888629151996745e-03
2.458715676793999970e+06 5.666457033068906801e-01 4.892812310413400569e-03
2.458716180387999862e+06 5.719288442551581086e-01 4.893128746194539379e-03
2.458716673454999924e+06 5.696451446001886687e-01 4.893003102650364707e-03
2.458717166521999985e+06 5.634419779919571658e-01 4.893172381287292858e-03
2.458717670115999877e+06 5.738716888896594481e-01 4.892836953185153437e-03
2.458718163182999939e+06 5.728487898795193711e-01 4.893085128837677648e-03
2.458718656250000000e+06 5.701222625723362247e-01 4.892900521662605848e-03
2.458719159843999892e+06 5.791203152059305470e-01 4.892782084730628797e-03
2.458719652910999954e+06 5.757463587590974097e-01 4.892911951346085898e-03
2.458720145978000015e+06 5.789843168489974268e-01 4.893232875650425397e-03
2.458720649571000133e+06 5.771097346208692302e-01 4.892804609355848496e-03
2.458721142638000194e+06 5.741101168727567039e-01 4.892754693214851000e-03
2.458721635706000030e+06 5.757118914612799898e-01 4.893149285362738063e-03
2.458722139299000148e+06 5.691338282145811389e-01 4.892804651142978675e-03
2.458722632366000209e+06 5.771437540368797858e-01 4.893093029989705432e-03
2.458723125432999805e+06 5.682816071322873697e-01 4.892805858542820241e-03
2.458723629027000163e+06 5.715881282248465034e-01 4.892846015856273066e-03
2.458724122094000224e+06 5.693723853877398211e-01 4.892757865480802659e-03
2.458724615160999820e+06 5.744168882801331533e-01 4.893252869730437687e-03
2.458725118755000178e+06 5.734284022403135506e-01 4.892754515391404928e-03
2.458725611821999773e+06 5.657252981621166965e-01 4.893201729626359131e-03
2.458726104888999835e+06 5.865167238015205342e-01 4.893148502289910995e-03
2.458726608481999952e+06 5.731216308761361011e-01 4.892776323853291129e-03
2.458727101549999788e+06 5.733259508608112842e-01 4.892936458593765900e-03
2.458727594616999850e+06 5.791544531414740682e-01 4.893070504036689354e-03
2.458728098209999967e+06 5.722012470927259065e-01 4.892824200508537336e-03
2.458728591277000029e+06 5.796998660242478341e-01 4.892873194211709055e-03
2.458729084344000090e+06 5.654867065556999917e-01 4.893221378091862188e-03
2.458729587937999982e+06 5.731897294458700998e-01 4.892829758484249815e-03
2.458730081005000044e+06 5.801768556694052448e-01 4.893158618163842913e-03
2.458730574072000105e+06 5.688272587104834521e-01 4.892788640386756122e-03
2.458731077665999997e+06 5.783026734245149125e-01 4.892798393198113244e-03
2.458731570733000059e+06 5.706334158321871852e-01 4.893082756304655175e-03
2.458732063800000120e+06 5.799385788788434803e-01 4.892751442983905505e-03
2.458732567394000012e+06 5.766320799992682433e-01 4.893003779142404176e-03
2.458733060461000074e+06 5.662705814423913964e-01 4.893224129222110280e-03
2.458733553528000135e+06 5.709404329090193020e-01 4.893086096730024648e-03
2.458734057120999787e+06 5.773138811998964615e-01 4.892940211001718838e-03
2.458734550187999848e+06 5.652143767519478557e-01 4.892947203759330510e-03
2.458735043256000150e+06 5.744507489584644855e-01 4.893012228095824749e-03
2.458735546848999802e+06 5.753032136420942466e-01 4.892855052166686543e-03
2.458736039915999863e+06 5.723034974915254258e-01 4.893171420397963815e-03
2.458736532982999925e+06 5.580907186179003832e-01 4.892961593472198827e-03
2.458737036576999817e+06 5.695087486646306374e-01 4.892880594994175950e-03
2.458737529643999878e+06 5.807221616587406876e-01 4.892943895186417473e-03
2.458738022710999940e+06 5.709062533199732448e-01 4.892793170073732323e-03
2.458738526304999832e+06 5.727126818373377004e-01 4.892977514650173783e-03
2.458739019371999893e+06 5.708379002802852487e-01 4.893258891640395354e-03
2.458739512438999955e+06 5.773479126499204694e-01 4.893228639628994202e-03
2.458740016032000072e+06 5.762572468526402369e-01 4.893007652736389677e-03
2.458740509099999908e+06 5.750987186923740557e-01 4.893234599709863145e-03
2.458741002166999970e+06 5.689294301922711572e-01 4.893143468784792206e-03
2.458741505760000087e+06 5.722697633817335205e-01 4.892882995143444519e-03
2.458741998827000149e+06 5.696792486879109774e-01 4.892771347896782315e-03
2.458742491894000210e+06 5.674635883673141423e-01 4.893080005081241156e-03
2.458742995488000102e+06 5.719968010974516570e-01 4.893183321428106955e-03
2.458743488555000164e+06 5.706675790867262732e-01 4.892850096033935815e-03
2.458743981622000225e+06 5.765301182425757176e-01 4.893200591748578417e-03
2.458744485216000117e+06 5.799727650493250453e-01 4.893039860483697386e-03
2.458744978283000179e+06 5.725760787719287315e-01 4.892865168873497365e-03
2.458745471349999774e+06 5.643280013097797809e-01 4.893070509252988969e-03
2.458745974944000132e+06 5.664750677106470400e-01 4.892904152693238265e-03
2.458746468011000194e+06 5.758826573620479117e-01 4.893009453754346844e-03
2.458746961077999789e+06 5.634077283831330218e-01 4.892874942959099006e-03
2.458747464670999907e+06 5.669866064990034538e-01 4.893144835378470704e-03
2.458747957737999968e+06 5.697133548174111439e-01 4.893064273246600614e-03
2.458748450805999804e+06 5.660322812004352500e-01 4.893250283139281148e-03
2.458748954398999922e+06 5.781998837266288938e-01 4.892993812307970015e-03
2.458749447465999983e+06 5.716218221536685240e-01 4.893134438930957057e-03
2.458749940533000045e+06 5.761553513750298228e-01 4.893203774311525103e-03
2.458750444126999937e+06 5.763936664000505194e-01 4.893104236486949497e-03
2.458750937193999998e+06 5.809607603964822564e-01 4.892813898794930172e-03
2.458751430261000060e+06 5.693042159938518365e-01 4.893220766123527674e-03
2.458751933854999952e+06 5.723377607321907812e-01 4.892937227141331766e-03
2.458752426922000013e+06 5.713833750315476800e-01 4.893198364170652480e-03
2.458752919989000075e+06 5.699175095649280376e-01 4.893242945092533651e-03
2.458753423582000192e+06 5.698839160958590888e-01 4.892954515622015277e-03
2.458753916650000028e+06 5.799043947234465701e-01 4.892997154170581307e-03
2.458754409717000090e+06 5.813697089228492265e-01 4.893045269058223998e-03
2.458754913310000207e+06 5.722355042117598378e-01 4.893117129022588399e-03
2.458755406376999803e+06 5.711450273755911411e-01 4.893261384639268664e-03
2.458755899443999864e+06 5.718603687834623583e-01 4.893069608176006842e-03
2.458756403038000222e+06 5.674635883673141423e-01 4.893080005081241156e-03
2.458756896104999818e+06 5.686564899281391083e-01 4.892891022356689323e-03
2.458757389171999879e+06 5.713149648673839787e-01 4.893138715481363393e-03
2.458757892765999772e+06 5.651118314645051655e-01 4.893100464289398648e-03
2.458758385832999833e+06 5.636122190561307921e-01 4.893093509768871481e-03
2.458758878899999894e+06 5.808248647958005328e-01 4.892739313787367733e-03
2.458759382493999787e+06 5.689634914308844271e-01 4.892912381671585959e-03
2.458759875560999848e+06 5.597947227437904960e-01 4.892949038226124259e-03
2.458760368627999909e+06 5.780635691037692148e-01 4.892905087610198087e-03
2.458760872221000027e+06 5.701905299204248490e-01 4.892961240481118884e-03
2.458761365288000088e+06 5.643960946715678162e-01 4.893141092524380675e-03
2.458761858355999924e+06 5.712470890315544114e-01 4.893083517627515831e-03
2.458762361949000042e+06 5.707359117318832054e-01 4.892910306499191793e-03
2.458762855016000103e+06 5.618060348144275906e-01 4.892936094351468118e-03
2.458763348083000164e+06 5.780981771941878788e-01 4.893198020966895399e-03
2.458763851677000057e+06 5.739737091411095671e-01 4.893178129759084317e-03
2.458764344744000118e+06 5.709062533199732448e-01 4.892793170073732323e-03
2.458764837811000179e+06 5.693723853877398211e-01 4.892757865480802659e-03
2.458765341405000072e+06 5.725423285949837737e-01 4.893104092643159320e-03
2.458765834472000133e+06 5.722355042117598378e-01 4.893117129022588399e-03
2.458766327539000195e+06 5.752348639770515915e-01 4.892803560890278056e-03
2.458766831131999847e+06 5.703948556619370391e-01 4.893138556449619023e-03
2.458767324200000148e+06 5.725080531077790802e-01 4.892811164909536929e-03
2.458767817267000210e+06 5.686564899281391083e-01 4.892891022356689323e-03
2.458768320859999862e+06 5.794954094610602624e-01 4.892748713038404945e-03
2.458768813926999923e+06 5.614651436842157395e-01 4.893069943010272191e-03
2.458769306993999984e+06 5.647372048872584260e-01 4.892977560380707726e-03
2.458769810587999877e+06 5.680089776571348725e-01 4.893074344159567893e-03
2.458770303654999938e+06 5.667480049365304362e-01 4.893173659488081126e-03
2.458770796721999999e+06 5.778932210171261463e-01 4.893059987802403192e-03
2.458771300315999892e+06 5.724743069405706652e-01 4.893050029212188574e-03
2.458771793382999953e+06 5.668503250356007328e-01 4.893012891116702533e-03
2.458772286450000014e+06 5.736671744166910170e-01 4.893206728292253532e-03
2.458772790043999907e+06 5.767685882823423427e-01 4.893099671344341810e-03
2.458773283110999968e+06 5.703265638504859680e-01 4.893078004569968026e-03
2.458773776178000029e+06 5.682475867149643367e-01 4.893036324032026818e-03
2.458774279771000147e+06 5.714854792794190619e-01 4.893020046766293624e-03
2.458774772838000208e+06 5.642599161633320426e-01 4.892999871788602552e-03
2.458775265906000044e+06 5.738035092988229557e-01 4.892784145732640214e-03
2.458775769499000162e+06 5.803131341432851142e-01 4.893239002069849249e-03
2.458776262566000223e+06 5.844373999586232049e-01 4.893026448176115983e-03
2.458776755632999819e+06 5.740419089551678233e-01 4.893230827246482402e-03
2.458777259227000177e+06 5.687932056274992432e-01 4.893019609440323915e-03
2.458777752293999773e+06 5.773479126499204694e-01 4.893228639628994202e-03
2.458778245360999834e+06 5.714854792794190619e-01 4.893020046766293624e-03
2.458778748955000192e+06 5.693723853877398211e-01 4.892757865480802659e-03
2.458779242021999788e+06 5.708379002802852487e-01 4.893258891640395354e-03
2.458779735088999849e+06 5.753710414919168681e-01 4.892901980070119526e-03
2.458780238681999967e+06 5.752687728733454353e-01 4.893091981462329397e-03
2.458780731749999803e+06 5.703948556619370391e-01 4.893138556449619023e-03
2.458781224816999864e+06 5.710424580046536969e-01 4.892908575339204730e-03
2.458781728409999982e+06 5.688953709927482283e-01 4.892850538693899187e-03
2.458782221477000043e+06 5.794954094610602624e-01 4.892748713038404945e-03
2.458782714544000104e+06 5.736671744166910170e-01 4.893206728292253532e-03
2.458783218137999997e+06 5.656231811375725949e-01 4.892839433707118352e-03
2.458783711205000058e+06 5.663728153479173910e-01 4.893064249567834201e-03
2.459622427943999879e+06 5.683156295863789342e-01 4.893098785958756650e-03
2.459622921010999940e+06 5.681795519901341462e-01 4.892973806921378788e-03
2.459623424604999833e+06 5.700198768751373324e-01 4.893071843044757840e-03
2.459623917671999894e+06 5.765301182425757176e-01 4.893200591748578417e-03
2.459624410738999955e+06 5.715539098612482105e-01 4.893079524177600462e-03
2.459624914332000073e+06 5.764276436053319408e-01 4.892861765303459579e-03
2.459625407399999909e+06 5.793587894090456158e-01 4.893196041173249536e-03
2.459625900466999970e+06 5.759505535278832689e-01 4.893055866111309729e-03
2.459626404060000088e+06 5.706334158321871852e-01 4.893082756304655175e-03
2.459626897127000149e+06 5.750642901658015171e-01 4.892941664163380153e-03
2.459627390194000211e+06 5.733940737079376015e-01 4.892989724043983989e-03
2.459627893788000103e+06 5.690997567786846290e-01 4.893035901582099348e-03
2.459628386855000164e+06 5.796315278691801520e-01 4.892830256226435824e-03
2.459628879922000226e+06 5.720652929057699065e-01 4.893242347388992476e-03
2.459629383516000118e+06 5.737691583105052340e-01 4.893019698077072030e-03
2.459629876583000179e+06 5.635099644437455702e-01 4.893243793006944210e-03
2.459630369649999775e+06 5.809270510425065259e-01 4.893065054386033265e-03
2.459630873244000133e+06 5.722012470927259065e-01 4.892824200508537336e-03
2.459631366311000194e+06 5.646690703711436665e-01 4.892907310975386226e-03
2.459631859377999790e+06 5.794270954084379532e-01 4.893239273515335996e-03
2.459632362970999908e+06 5.697133548174111439e-01 4.893064273246600614e-03
2.459632856037999969e+06 5.665773385339126778e-01 4.892743838525101530e-03
2.459633349105999805e+06 5.738716888896594481e-01 4.892836953185153437e-03
2.459633852698999923e+06 5.725423285949837737e-01 4.893104092643159320e-03
2.459634345765999984e+06 5.763257179976736255e-01 4.893058226501752726e-03
2.459634838833000045e+06 5.704631556507565593e-01 4.893199052673219938e-03
2.459635342426999938e+06 5.755417062908092518e-01 4.892763017189415316e-03
2.459635835493999999e+06 5.724400355255090389e-01 4.892757104715079672e-03
2.459636328561000060e+06 5.636122190561307921e-01 4.893093509768871481e-03
2.459636832154999953e+06 5.719625582684798593e-01 4.892890388951418382e-03
2.459637325222000014e+06 5.750642901658015171e-01 4.892941664163380153e-03
2.459637818289000075e+06 5.680089776571348725e-01 4.893074344159567893e-03
2.459638321882000193e+06 5.654528534562749398e-01 4.892928443336896221e-03
2.459638814950000029e+06 5.682135683342859345e-01 4.892743400355383139e-03
2.459639308017000090e+06 5.669526636074359027e-01 4.892851905205750779e-03
2.459639811610000208e+06 5.643280013097797809e-01 4.893070509252988969e-03
2.459640304676999804e+06 5.786772380958503659e-01 4.892769553450899631e-03
2.459640797743999865e+06 5.785749147083719679e-01 4.892970174127826699e-03
2.459641301338000223e+06 5.672932289752027346e-01 4.893178532750770346e-03
2.459641794404999819e+06 5.766320799992682433e-01 4.893003779142404176e-03
2.459642287471999880e+06 5.737353378081536670e-01 4.893259711540187511e-03
2.459642791065999772e+06 5.741783328948428800e-01 4.892807214738236626e-03
2.459643284132999834e+06 5.754394073376329910e-01 4.892953357601711496e-03
2.459643777199999895e+06 5.745872700610175077e-01 4.893116648134313018e-03
2.459644280793999787e+06 5.661344720834818878e-01 4.893090847251325634e-03
2.459644773860999849e+06 5.718946054944513691e-01 4.892835816985022061e-03
2.459645266927999910e+06 5.727807318155649918e-01 4.893031349887467032e-03
2.459645770521000028e+06 5.743147892563515988e-01 4.892912087982460856e-03
2.459646263588000089e+06 5.653846325984607235e-01 4.892858858914606902e-03
2.459646756655999925e+06 5.662705814423913964e-01 4.893224129222110280e-03
2.459647260249000043e+06 5.647028765462556166e-01 4.893200244465177595e-03
2.459647753316000104e+06 5.763936664000505194e-01 4.893104236486949497e-03
2.459648246383000165e+06 5.715196935461466232e-01 4.892786597914779850e-03
2.459648749977000058e+06 5.733940737079376015e-01 4.892989724043983989e-03
2.459649243044000119e+06 5.680089776571348725e-01 4.893074344159567893e-03
2.459649736111000180e+06 5.698839160958590888e-01 4.892954515622015277e-03
2.459650239705000073e+06 5.732240457443585901e-01 4.893122687331052066e-03
2.459650732772000134e+06 5.633397542659392965e-01 4.892803481589003307e-03
2.459651225839000195e+06 5.726446399438788193e-01 4.892923623139948906e-03
2.459651729431999847e+06 5.774505508883355231e-01 4.893034831933385995e-03
2.459652222500000149e+06 5.709746145443650445e-01 4.892853153869184714e-03
2.459652715567000210e+06 5.762232796913001609e-01 4.893249958388669330e-03
2.459653219159999862e+06 5.703948556619370391e-01 4.893138556449619023e-03
2.459653712226999924e+06 5.672592677275536399e-01 4.892885600560759572e-03
2.459654205293999985e+06 5.752687728733454353e-01 4.893091981462329397e-03
2.459654708887999877e+06 5.769051288815362222e-01 4.893195334730121582e-03
2.459655201954999939e+06 5.730878485419272916e-01 4.893015755302314307e-03
2.459655695022000000e+06 5.734627328279064962e-01 4.893047439733493736e-03
2.459656198615999892e+06 5.804157649421242127e-01 4.893035226451479536e-03
2.459656691682999954e+06 5.745872700610175077e-01 4.893116648134313018e-03
2.459657184750000015e+06 5.744168882801331533e-01 4.893252869730437687e-03
2.459657688343999907e+06 5.713149648673839787e-01 4.893138715481363393e-03
2.459658181410999969e+06 5.734965372607607748e-01 4.892807664850647512e-03
2.459658674478000030e+06 5.721675190100247166e-01 4.893062781480671079e-03
2.459659178071000148e+06 5.678384545325994015e-01 4.893174380042447300e-03
2.459659671138000209e+06 5.747915831486369864e-01 4.892738943566050588e-03
2.459660164206000045e+06 5.724743069405706652e-01 4.893050029212188574e-03
2.459660667799000163e+06 5.697133548174111439e-01 4.893064273246600614e-03
2.459661160866000224e+06 5.744168882801331533e-01 4.893252869730437687e-03
2.459661653932999820e+06 5.739737091411095671e-01 4.893178129759084317e-03
2.459662157527000178e+06 5.780635691037692148e-01 4.892905087610198087e-03
2.459662650593999773e+06 5.768025875884853493e-01 4.892856854555557508e-03
2.459663143660999835e+06 5.715539098612482105e-01 4.893079524177600462e-03
2.459663647255000193e+06 5.757463587590974097e-01 4.892911951346085898e-03
2.459664140321999788e+06 5.764961349969840443e-01 4.892912164774554373e-03
2.459664633388999850e+06 5.762572468526402369e-01 4.893007652736389677e-03
2.459665136981999967e+06 5.737691583105052340e-01 4.893019698077072030e-03
2.459665630049999803e+06 5.704631556507565593e-01 4.893199052673219938e-03
2.459666123116999865e+06 5.732578361071086759e-01 4.892883136735796945e-03
2.459666626709999982e+06 5.762232796913001609e-01 4.893249958388669330e-03
2.459667119777000044e+06 5.654867065556999917e-01 4.893221378091862188e-03
2.459667612844000105e+06 5.712812890260952070e-01 4.892850292154617142e-03
2.459668116437999997e+06 5.766666023878573855e-01 4.892765588838735025e-03
2.459668609505000059e+06 5.714517933872516053e-01 4.893257956986718851e-03
2.459669102572000120e+06 5.687591545831172102e-01 4.893250533304663481e-03
2.459669606166000012e+06 5.748259953485119755e-01 4.893031866975853898e-03
2.459670099233000074e+06 5.698156854578024788e-01 4.892893515240692714e-03
2.459670592300000135e+06 5.675320600776236901e-01 4.893147701167562848e-03
2.459671095894000027e+06 5.723377607321907812e-01 4.892937227141331766e-03
2.459671588961000089e+06 5.723720260241604851e-01 4.893230162422174817e-03
2.459672082028000150e+06 5.769051288815362222e-01 4.893195334730121582e-03
2.459672585620999802e+06 5.772798517558372922e-01 4.893183493768164111e-03
2.459673078687999863e+06 5.699516299588697210e-01 4.893010953825657067e-03
2.459673571756000165e+06 5.700198768751373324e-01 4.893071843044757840e-03
2.459674075348999817e+06 5.740419089551678233e-01 4.893230827246482402e-03
2.459674568415999878e+06 5.778932210171261463e-01 4.893059987802403192e-03
2.459675061482999939e+06 5.753371265674583901e-01 4.893143475774041663e-03
2.459675565076999832e+06 5.760529433502622476e-01 4.892864602189034989e-03
2.459676058143999893e+06 5.892776912800314904e-01 4.892844471436705138e-03
2.459676551210999954e+06 5.641232509355373903e-01 4.892853927850175123e-03
2.459677054804999847e+06 5.716902690614107385e-01 4.893193804448300183e-03
2.459677547871999908e+06 5.762572468526402369e-01 4.893007652736389677e-03
2.459678040938999970e+06 5.706334158321871852e-01 4.893082756304655175e-03
2.459678544532000087e+06 5.768025875884853493e-01 4.892856854555557508e-03
2.459679037599999923e+06 5.641918392312332831e-01 4.892929180145327329e-03
2.459679530666999985e+06 5.605448927898818434e-01 4.892794332259679628e-03
2.459680034260000102e+06 5.771097346208692302e-01 4.892804609355848496e-03
2.459680527327000163e+06 5.770411703296941530e-01 4.892754787741999262e-03
2.459681020394000225e+06 5.790179134722706067e-01 4.892983519225604407e-03
2.459681523988000117e+06 5.726446399438788193e-01 4.892923623139948906e-03
2.459682017055000179e+06 5.703948556619370391e-01 4.893138556449619023e-03
2.459682510121999774e+06 5.700198768751373324e-01 4.893071843044757840e-03
2.459683013716000132e+06 5.692019772059648819e-01 4.892866268972499710e-03
2.459683506783000194e+06 5.676679826011562513e-01 4.892751073328196684e-03
2.459683999849999789e+06 5.744168882801331533e-01 4.893252869730437687e-03
2.459684503444000147e+06 5.691338282145811389e-01 4.892804651142978675e-03
2.459684996511000209e+06 5.747238236084973861e-01 4.893220841447831759e-03
2.459685489577999804e+06 5.708379002802852487e-01 4.893258891640395354e-03
2.459685993170999922e+06 5.763936664000505194e-01 4.893104236486949497e-03
2.459686486237999983e+06 5.738716888896594481e-01 4.892836953185153437e-03
2.459686979305999819e+06 5.725760787719287315e-01 4.892865168873497365e-03
2.459687482898999937e+06 5.791203152059305470e-01 4.892782084730628797e-03
2.459687975965999998e+06 5.735990191234691116e-01 4.893153688565705234e-03
2.459688469033000059e+06 5.740080723756818548e-01 4.892942398490243358e-03
2.459688972626999952e+06 5.770071569604247053e-01 4.892997830276924962e-03
2.459689465694000013e+06 5.729854580073272530e-01 4.893197024619308499e-03
2.459689958761000074e+06 5.679749735608881078e-01 4.892781418206835174e-03
2.459690462354999967e+06 5.706334158321871852e-01 4.893082756304655175e-03
2.459690955422000028e+06 5.735308719275276079e-01 4.893100592374724847e-03
2.459691448489000089e+06 5.686564899281391083e-01 4.892891022356689323e-03
2.459691952082000207e+06 5.642936978427889327e-01 4.892773077117228836e-03
2.459692445150000043e+06 5.798360324574297620e-01 4.892954389927922990e-03
2.459692938217000104e+06 5.715881282248465034e-01 4.892846015856273066e-03
2.459693441810000222e+06 5.641918392312332831e-01 4.892929180145327329e-03
2.459693934876999818e+06 5.725080531077790802e-01 4.892811164909536929e-03
2.459807647255999967e+06 5.690656873824890827e-01 4.892742977930763550e-03
2.459808150849000085e+06 5.747577023800247709e-01 4.892979915210653348e-03
2.459808643916000146e+06 5.806200114524929790e-01 4.893152758016225748e-03
2.459809136983000208e+06 5.726783961518645549e-01 4.893212050789419627e-03
2.459809640577000100e+06 5.684522633365136635e-01 4.893228051031589879e-03
2.459810133644000161e+06 5.709404329090193020e-01 4.893086096730024648e-03
2.459810626711000223e+06 5.707017443865834982e-01 4.893143026098326596e-03
2.459811130305000115e+06 5.672253085130070094e-01 4.893115119723141088e-03
2.459811623372000176e+06 5.692701343576194173e-01 4.892927831405199067e-03
2.459812116438999772e+06 5.745534013355280134e-01 4.892828226108314471e-03
2.459812620031999890e+06 5.710766457481404323e-01 4.893201508904709840e-03
2.459813113100000191e+06 5.761553513750298228e-01 4.893203774311525103e-03
2.459813606166999787e+06 5.830062358378735876e-01 4.892857765702068179e-03
2.459814109759999905e+06 5.577500270262711890e-01 4.893056880799807884e-03
2.459814602826999966e+06 5.714175831853955945e-01 4.892965020041942052e-03
2.459815095894000027e+06 5.740080723756818548e-01 4.892942398490243358e-03
2.459815599487999920e+06 5.715881282248465034e-01 4.892846015856273066e-03
2.459816092554999981e+06 5.731216308761361011e-01 4.892776323853291129e-03
2.459816585622000042e+06 5.753371265674583901e-01 4.893143475774041663e-03
2.459817089215999935e+06 5.664411554425660134e-01 4.893132948513337875e-03
2.459817582282999996e+06 5.679069714752850162e-01 4.893241742210136663e-03
2.459818075350000057e+06 5.647028765462556166e-01 4.893200244465177595e-03
2.459818578943999950e+06 5.754733282913296888e-01 4.893241787003951154e-03
2.459819072011000011e+06 5.700540033977098409e-01 4.892839747244766453e-03
2.459819565078000072e+06 5.707700811227478521e-01 4.893203240168323212e-03
2.459820068671000190e+06 5.799385788788434803e-01 4.892751442983905505e-03
2.459820561737999786e+06 5.740419089551678233e-01 4.893230827246482402e-03
2.459821054806000087e+06 5.705992546228475515e-01 4.892789829848340905e-03
2.459821558399000205e+06 5.734965372607607748e-01 4.892807664850647512e-03
2.459822051465999801e+06 5.722355042117598378e-01 4.893117129022588399e-03
2.459822544532999862e+06 5.664072452046571282e-01 4.892840019052246622e-03
2.459823048127000220e+06 5.764276436053319408e-01 4.892861765303459579e-03
2.459823541193999816e+06 5.775186319077298958e-01 4.893079803028857651e-03
2.459824034260999877e+06 5.654184816135727765e-01 4.893151789503637911e-03
2.459824537854999769e+06 5.664411554425660134e-01 4.893132948513337875e-03
2.459825030921999831e+06 5.685203307162329800e-01 4.892766720803878172e-03
2.459825523988999892e+06 5.774159815683378438e-01 4.892741908346068432e-03
2.459826027582000010e+06 5.712812890260952070e-01 4.892850292154617142e-03
2.459826520649999846e+06 5.762232796913001609e-01 4.893249958388669330e-03
2.459827013716999907e+06 5.734284022403135506e-01 4.892754515391404928e-03
2.459827517310000025e+06 5.706675790867262732e-01 4.892850096033935815e-03
2.459828010377000086e+06 5.754394073376329910e-01 4.892953357601711496e-03
2.459828503444000147e+06 5.669526636074359027e-01 4.892851905205750779e-03
2.459829007038000040e+06 5.824603944672145373e-01 4.893105005298190729e-03
2.459829500105000101e+06 5.747577023800247709e-01 4.892979915210653348e-03
2.459829993172000162e+06 5.758481819046573635e-01 4.893246907462112799e-03
2.459830496766000055e+06 5.701222625723362247e-01 4.892900521662605848e-03
2.459830989833000116e+06 5.722012470927259065e-01 4.892824200508537336e-03
2.459831482900000177e+06 5.745872700610175077e-01 4.893116648134313018e-03
2.459831986494000070e+06 5.732921564830750771e-01 4.893176068778301580e-03
2.459832479561000131e+06 5.755077813066076242e-01 4.893004678263233181e-03
2.459832972628000192e+06 5.779613542270217730e-01 4.893104554101410271e-03
2.459833476220999844e+06 5.708720757771027499e-01 4.893026053566296336e-03
2.459833969287999906e+06 5.697474629888131803e-01 4.892832459327564436e-03
2.459834462356000207e+06 5.719968010974516570e-01 4.893183321428106955e-03
2.459834965948999859e+06 5.734284022403135506e-01 4.892754515391404928e-03
2.459835459015999921e+06 5.707359117318832054e-01 4.892910306499191793e-03
2.459835952082999982e+06 5.745534013355280134e-01 4.892828226108314471e-03
2.459836455676999874e+06 5.817789453152970580e-01 4.892738702452486578e-03
2.459836948743999936e+06 5.670889696749531472e-01 4.892983622203544818e-03
2.459837441810999997e+06 5.728830857662953191e-01 4.892850428151922573e-03
2.459837945404999889e+06 5.734627328279064962e-01 4.893047439733493736e-03
2.459838438471999951e+06 5.782685856966506277e-01 4.893042594981543425e-03
2.459838931539000012e+06 5.595220420713219456e-01 4.893142336218500588e-03
2.459839435132000130e+06 5.688953709927482283e-01 4.892850538693899187e-03
2.459839928199999966e+06 5.694064731456415229e-01 4.893050790023457594e-03
2.459840421267000027e+06 5.702588054429564846e-01 4.893021903686136341e-03
2.459840924860000145e+06 5.737353378081536670e-01 4.893259711540187511e-03
2.459841417927000206e+06 5.743147892563515988e-01 4.892912087982460856e-03
2.459841910993999802e+06 5.702246666598252967e-01 4.893254177199633098e-03
2.459842414588000160e+06 5.686564899281391083e-01 4.892891022356689323e-03
2.459842907655000221e+06 5.789843168489974268e-01 4.893232875650425397e-03
2.459843400721999817e+06 5.665434201433456884e-01 4.892972738131744735e-03
2.459843904316000175e+06 5.704631556507565593e-01 4.893199052673219938e-03
2.459844397382999770e+06 5.807221616587406876e-01 4.892943895186417473e-03
2.459844890449999832e+06 5.672932289752027346e-01 4.893178532750770346e-03
2.459845394044000190e+06 5.703265638504859680e-01 4.893078004569968026e-03
2.459845887110999785e+06 5.724057661621220205e-01 4.892991402947758674e-03
2.459846380177999847e+06 5.688272587104834521e-01 4.892788640386756122e-03
2.459846883770999964e+06 5.713833750315476800e-01 4.893198364170652480e-03
2.459847376838000026e+06 5.770411703296941530e-01 4.892754787741999262e-03
2.459847869905999862e+06 5.794270954084379532e-01 4.893239273515335996e-03
2.459848373498999979e+06 5.762232796913001609e-01 4.893249958388669330e-03
2.459848866566000041e+06 5.790520453714473881e-01 4.892738623762728743e-03
2.459849359633000102e+06 5.659978741364070087e-01 4.892952840075713745e-03
2.459849863226999994e+06 5.754733282913296888e-01 4.893241787003951154e-03
2.459850356294000056e+06 5.741783328948428800e-01 4.892807214738236626e-03
2.459850849361000117e+06 5.774845903947527503e-01 4.892791383174657435e-03
2.459851352955000009e+06 5.682816071322873697e-01 4.892805858542820241e-03
2.459851846022000071e+06 5.690997567786846290e-01 4.893035901582099348e-03
2.459852339089000132e+06 5.726103583317622148e-01 4.893158099840283493e-03
2.459852842681999784e+06 5.646004240588863299e-01 4.892832500831539172e-03
2.459853335750000086e+06 5.683156295863789342e-01 4.893098785958756650e-03
2.459853828817000147e+06 5.859373735235585690e-01 4.893172155866001849e-03
2.459854332409999799e+06 5.716218221536685240e-01 4.893134438930957057e-03
2.459854825476999860e+06 5.753032136420942466e-01 4.892855052166686543e-03
2.459855318543999922e+06 5.774845903947527503e-01 4.892791383174657435e-03
2.459855822137999814e+06 5.726103583317622148e-01 4.893158099840283493e-03
2.459856315204999875e+06 5.712128910844107565e-01 4.892790591125624304e-03
2.459856808271999937e+06 5.652482155740100600e-01 4.893240139637464875e-03
2.459857311865999829e+06 5.651800194053857584e-01 4.893170329153885209e-03
2.459857804932999890e+06 5.641918392312332831e-01 4.892929180145327329e-03
2.459858297999999952e+06 5.822903596167590123e-01 4.892749203262596047e-03
2.459858801593999844e+06 5.646690703711436665e-01 4.892907310975386226e-03
2.459859294660999905e+06 5.760189882314780130e-01 4.893106728113962717e-03
2.459859787727999967e+06 5.772798517558372922e-01 4.893183493768164111e-03
2.459860291321000084e+06 5.615328916057640285e-01 4.893143163320818646e-03
2.459860784388000146e+06 5.770411703296941530e-01 4.892754787741999262e-03
2.459861277455999982e+06 5.740762762727951163e-01 4.892995036314477277e-03
2.459861781049000099e+06 5.746555427786599335e-01 4.893168773138798465e-03
2.459862274116000161e+06 5.695769425495883498e-01 4.892941876561507017e-03
2.459862767183000222e+06 5.781663345682727106e-01 4.893242414746028224e-03
2.459863270777000114e+06 5.730878485419272916e-01 4.893015755302314307e-03
2.459863763844000176e+06 5.769051288815362222e-01 4.893195334730121582e-03
2.459864256910999771e+06 5.748598801428504990e-01 4.892790835489826788e-03
2.459864760505000129e+06 5.677364789742318507e-01 4.892818541447935266e-03
2.459865253572000191e+06 5.709404329090193020e-01 4.893086096730024648e-03
2.459865746638999786e+06 5.728150236277724794e-01 4.892796708669566209e-03
2.459866250231999904e+06 5.682816071322873697e-01 4.892805858542820241e-03
2.459866743300000206e+06 5.698156854578024788e-01 4.892893515240692714e-03
2.459867236366999801e+06 5.680089776571348725e-01 4.893074344159567893e-03
2.459867739959999919e+06 5.747915831486369864e-01 4.892738943566050588e-03
2.459868233026999980e+06 5.732240457443585901e-01 4.893122687331052066e-03
2.459868726094000041e+06 5.739055174296211481e-01 4.893125375725594639e-03
2.459869229687999934e+06 5.786431282894809458e-01 4.893014101900747606e-03
2.459869722754999995e+06 5.739398765816235981e-01 4.892889704109070620e-03
2.459870215822000057e+06 5.637487604806818986e-01 4.893240453332287597e-03
2.459870719415999949e+06 5.677364789742318507e-01 4.892818541447935266e-03
2.459871212483000010e+06 5.636464810959621596e-01 4.892871823789724829e-03
2.459871705550000072e+06 5.764276436053319408e-01 4.892861765303459579e-03
2.459872209143999964e+06 5.741101168727567039e-01 4.892754693214851000e-03
2.459872702211000025e+06 5.788136974295372550e-01 4.892857115501395363e-03
2.459873195278000087e+06 5.694746547839638628e-01 4.893112186180711282e-03
2.459873698871000204e+06 5.678044606447930631e-01 4.892881448101040615e-03
2.459874191937999800e+06 5.698839160958590888e-01 4.892954515622015277e-03
2.459874685006000102e+06 5.745534013355280134e-01 4.892828226108314471e-03
2.459875188599000219e+06 5.755077813066076242e-01 4.893004678263233181e-03
2.459875681665999815e+06 5.686564899281391083e-01 4.892891022356689323e-03
2.459876174732999876e+06 5.707017443865834982e-01 4.893143026098326596e-03
2.459876678326999769e+06 5.722355042117598378e-01 4.893117129022588399e-03
2.459877171393999830e+06 5.799727650493250453e-01 4.893039860483697386e-03
2.459877664460999891e+06 5.754054883833860101e-01 4.893194913240757338e-03
2.459878168054999784e+06 5.715881282248465034e-01 4.892846015856273066e-03
2.459878661121999845e+06 5.713491689255854045e-01 4.892905430793424715e-03
2.459879154188999906e+06 5.683842041063130734e-01 4.893165699457559248e-03
2.459987411249999888e+06 5.753371265674583901e-01 4.893143475774041663e-03
2.459987904316999950e+06 5.792227350497622940e-01 4.893113909800879749e-03
2.459988407910000067e+06 5.667819355753852539e-01 4.892944583469559759e-03
2.459988900977000128e+06 5.742465570223874716e-01 4.892859679665509907e-03
2.459989394044000190e+06 5.641918392312332831e-01 4.892929180145327329e-03
2.459989897638000082e+06 5.750642901658015171e-01 4.892941664163380153e-03
2.459990390705000143e+06 5.723720260241604851e-01 4.893230162422174817e-03
2.459990883772000205e+06 5.802452581182422353e-01 4.893201092538077696e-03
2.459991387366000097e+06 5.717581975560924734e-01 4.893248607174101143e-03
2.459991880433000159e+06 5.667140763289475469e-01 4.892880727589809207e-03
2.459992373500000220e+06 5.740080723756818548e-01 4.892942398490243358e-03
2.459992877094000112e+06 5.786090204936930048e-01 4.893258604521366281e-03
2.459993370161000174e+06 5.777229231299285672e-01 4.893214371797012345e-03
2.459993863227999769e+06 5.661344720834818878e-01 4.893090847251325634e-03
2.459994366820999887e+06 5.722697633817335205e-01 4.892882995143444519e-03
2.459994859887999948e+06 5.668503250356007328e-01 4.893012891116702533e-03
2.459995352955999784e+06 5.839945578340807186e-01 4.893084037664678469e-03
2.459995856548999902e+06 5.736328315901183528e-01 4.892913794414305642e-03
2.459996349615999963e+06 5.707359117318832054e-01 4.892910306499191793e-03
2.459996842683000024e+06 5.746555427786599335e-01 4.893168773138798465e-03
2.459997346276999917e+06 5.670205514226962507e-01 4.892915537860961783e-03
2.459997839343999978e+06 5.672932289752027346e-01 4.893178532750770346e-03
2.459998332411000039e+06 5.787454637408157021e-01 4.892813363316345088e-03
2.459998836004999932e+06 5.710082723078324651e-01 4.893141577364624149e-03
2.459999329071999993e+06 5.758481819046573635e-01 4.893246907462112799e-03
2.459999822139000054e+06 5.742465570223874716e-01 4.892859679665509907e-03
2.460000325732000172e+06 5.714854792794190619e-01 4.893020046766293624e-03
2.460000818800000008e+06 5.625215956332884071e-01 4.892950908221980338e-03
2.460001311867000069e+06 5.707700811227478521e-01 4.893203240168323212e-03
2.460001815460000187e+06 5.769391362364629794e-01 4.892952397814543351e-03
2.460002308526999783e+06 5.788136974295372550e-01 4.892857115501395363e-03
2.460002801593999844e+06 5.716560445831082582e-01 4.892900871344041565e-03
2.460003305188000202e+06 5.687245817622759159e-01 4.892953090225891227e-03
2.460003798254999798e+06 5.708720757771027499e-01 4.893026053566296336e-03
2.460004291321999859e+06 5.783367631617815086e-01 4.893086813465540204e-03
2.460004794916000217e+06 5.696110425541218714e-01 4.893234812120707267e-03
2.460005287982999813e+06 5.732921564830750771e-01 4.893176068778301580e-03
2.460005781049999874e+06 5.709062533199732448e-01 4.892793170073732323e-03
2.460006284644000232e+06 5.741783328948428800e-01 4.892807214738236626e-03
2.460006777710999828e+06 5.764961349969840443e-01 4.892912164774554373e-03
2.460007270777999889e+06 5.667480049365304362e-01 4.893173659488081126e-03
2.460007774371000007e+06 5.755417062908092518e-01 4.892763017189415316e-03
2.460008267438000068e+06 5.690997567786846290e-01 4.893035901582099348e-03
2.460008760505999904e+06 5.736328315901183528e-01 4.892913794414305642e-03
2.460009264099000022e+06 5.626920768670349293e-01 4.892879020171497437e-03
2.460009757166000083e+06 5.727126818373377004e-01 4.892977514650173783e-03
2.460010250233000144e+06 5.751665224323839753e-01 4.892752012786486492e-03
2.460010753827000037e+06 5.635442202675093881e-01 4.893022210349234902e-03
2.460011246894000098e+06 5.764276436053319408e-01 4.892861765303459579e-03
2.460011739961000159e+06 5.637825115577569379e-01 4.893014143884259759e-03
2.460012243555000052e+06 5.740080723756818548e-01 4.892942398490243358e-03
2.460012736622000113e+06 5.710766457481404323e-01 4.893201508904709840e-03
2.460013229689000174e+06 5.707359117318832054e-01 4.892910306499191793e-03
2.460013733281999826e+06 5.717581975560924734e-01 4.893248607174101143e-03
2.460014226350000128e+06 5.764276436053319408e-01 4.892861765303459579e-03
2.460014719417000189e+06 5.598973345558497794e-01 4.892814559360973009e-03
2.460015223009999841e+06 5.772458243176227244e-01 4.892895067801970171e-03
2.460015716076999903e+06 5.721332659609534854e-01 4.892769856220158080e-03
2.460016209143999964e+06 5.693382996705179666e-01 4.892989338426891044e-03
2.460016712737999856e+06 5.780294954697755561e-01 4.893149062894348866e-03
2.460017205804999918e+06 5.755756332748159787e-01 4.893051435371483480e-03
2.460017698871999979e+06 5.684522633365136635e-01 4.893228051031589879e-03
2.460018202465999871e+06 5.705314638179274089e-01 4.893259493226604154e-03
2.460018695532999933e+06 5.713149648673839787e-01 4.893138715481363393e-03
2.460019188599999994e+06 5.779272866180249490e-01 4.892816132788271183e-03
2.460019692193999887e+06 5.741101168727567039e-01 4.892754693214851000e-03
2.460020185260999948e+06 5.761208595926974319e-01 4.892910840610416659e-03
2.460020678328000009e+06 5.709404329090193020e-01 4.893086096730024648e-03
2.460021181921000127e+06 5.750303933226265096e-01 4.893182875016371253e-03
2.460021674988000188e+06 5.743147892563515988e-01 4.892912087982460856e-03
2.460022168056000024e+06 5.634419779919571658e-01 4.893172381287292858e-03
2.460022671649000142e+06 5.724057661621220205e-01 4.892991402947758674e-03
2.460023164716000203e+06 5.790179134722706067e-01 4.892983519225604407e-03
2.460023657782999799e+06 5.618396695824510179e-01 4.893229029564493023e-03
2.460024161377000157e+06 5.759505535278832689e-01 4.893055866111309729e-03
2.460024654444000218e+06 5.743147892563515988e-01 4.892912087982460856e-03
2.460025147510999814e+06 5.724743069405706652e-01 4.893050029212188574e-03
2.460025651105000172e+06 5.764621537545177032e-01 4.893154696066478147e-03
2.460026144171999767e+06 5.770751857039826405e-01 4.893043205438974558e-03
2.460026637238999829e+06 5.697474629888131803e-01 4.892832459327564436e-03
2.460027140831999946e+06 5.653164199713707205e-01 4.892789220061416824e-03
2.460027633899999782e+06 5.784385116693636641e-01 4.892882145672649598e-03
2.460028126966999844e+06 5.666457033068906801e-01 4.892812310413400569e-03
2.460028630559999961e+06 5.653164199713707205e-01 4.892789220061416824e-03
2.460029123627000023e+06 5.781663345682727106e-01 4.893242414746028224e-03
2.460029616694000084e+06 5.739737091411095671e-01 4.893178129759084317e-03
2.460030120287999976e+06 5.731559430976310709e-01 4.893069249501016960e-03
2.460030613355000038e+06 5.716218221536685240e-01 4.893134438930957057e-03
2.460031106422000099e+06 5.726103583317622148e-01 4.893158099840283493e-03
2.460031610015999991e+06 5.720990149624552989e-01 4.893003871161167445e-03
2.460032103083000053e+06 5.660322812004352500e-01 4.893250283139281148e-03
2.460032596150000114e+06 5.791885930893797552e-01 4.892825487936290282e-03
2.460033099744000006e+06 5.683156295863789342e-01 4.893098785958756650e-03
2.460033592811000068e+06 5.749964984774840193e-01 4.892894449086665487e-03
2.460034085878000129e+06 5.769051288815362222e-01 4.893195334730121582e-03
2.460034589470999781e+06 5.709746145443650445e-01 4.892853153869184714e-03
2.460035082537999842e+06 5.670205514226962507e-01 4.892915537860961783e-03
2.460035575606000144e+06 5.677364789742318507e-01 4.892818541447935266e-03
2.460036079198999796e+06 5.750642901658015171e-01 4.892941664163380153e-03
2.460036572265999857e+06 5.682816071322873697e-01 4.892805858542820241e-03
2.460037065332999919e+06 5.760869004706281604e-01 4.893153026359328694e-03
2.460037568926999811e+06 5.754733282913296888e-01 4.893241787003951154e-03
2.460038061993999872e+06 5.674975618474383809e-01 4.892850264339584747e-03
2.460038555060999934e+06 5.713833750315476800e-01 4.893198364170652480e-03
2.460039058654999826e+06 5.725080531077790802e-01 4.892811164909536929e-03
2.460039551721999887e+06 5.699516299588697210e-01 4.893010953825657067e-03
2.460040044788999949e+06 5.742465570223874716e-01 4.892859679665509907e-03
2.460040548382000066e+06 5.755417062908092518e-01 4.892763017189415316e-03
2.460041041449999902e+06 5.746211407829997508e-01 4.892875841533050364e-03
2.460041534516999964e+06 5.714854792794190619e-01 4.893020046766293624e-03
2.460042038110000081e+06 5.718946054944513691e-01 4.892835816985022061e-03
2.460042531177000143e+06 5.779272866180249490e-01 4.892816132788271183e-03
2.460043024244000204e+06 5.739398765816235981e-01 4.892889704109070620e-03
2.460043527838000096e+06 5.727469695754606738e-01 4.892742932889309476e-03
2.460044020905000158e+06 5.762912160162717568e-01 4.892765301513925247e-03
2.460044513972000219e+06 5.681795519901341462e-01 4.892973806921378788e-03
2.460045017566000111e+06 5.706675790867262732e-01 4.892850096033935815e-03
2.460045510633000173e+06 5.773138811998964615e-01 4.892940211001718838e-03
2.460046003699999768e+06 5.734284022403135506e-01 4.892754515391404928e-03
2.460046507294000126e+06 5.755077813066076242e-01 4.893004678263233181e-03
2.460047000361000188e+06 5.863806087280916124e-01 4.893093084484555037e-03
2.460047493427999783e+06 5.767005956821464885e-01 4.893054007172412817e-03
2.460047997020999901e+06 5.750303933226265096e-01 4.893182875016371253e-03
2.460048490087999962e+06 5.709062533199732448e-01 4.892793170073732323e-03
2.460048983155999798e+06 5.742465570223874716e-01 4.892859679665509907e-03
2.460049486748999916e+06 5.670889696749531472e-01 4.892983622203544818e-03
2.460049979815999977e+06 5.754733282913296888e-01 4.893241787003951154e-03
2.460050472883000039e+06 5.702246666598252967e-01 4.893254177199633098e-03
2.460050976476999931e+06 5.746894175251747727e-01 4.892927906724978127e-03
2.460051469543999992e+06 5.738716888896594481e-01 4.892836953185153437e-03
2.460051962611000054e+06 5.653502649026606042e-01 4.893082146481239451e-03
2.460052466204999946e+06 5.692019772059648819e-01 4.892866268972499710e-03
2.460052959272000007e+06 5.705992546228475515e-01 4.892789829848340905e-03
2.460053452339000069e+06 5.700881319634013566e-01 4.893132676689584265e-03
2.460053955932000186e+06 5.713491689255854045e-01 4.892905430793424715e-03
2.460054449000000022e+06 5.712812890260952070e-01 4.892850292154617142e-03
2.460054942067000084e+06 5.698497997556363215e-01 4.893186447904549277e-03
2.460055445660000201e+06 5.736671744166910170e-01 4.893206728292253532e-03
2.460055938726999797e+06 5.710766457481404323e-01 4.893201508904709840e-03
2.460056431793999858e+06 5.672932289752027346e-01 4.893178532750770346e-03
2.460056935388000216e+06 5.714175831853955945e-01 4.892965020041942052e-03
2.460057428454999812e+06 5.691679016903005150e-01 4.893097578486628289e-03
2.460057921521999873e+06 5.668842618002579714e-01 4.892783711227202507e-03
2.460058425116000231e+06 5.739055174296211481e-01 4.893125375725594639e-03
2.460058918182999827e+06 5.631690768025912064e-01 4.892877181582322432e-03
