2.458346727899000049e+06 6.420848162118390157e+00 1.768232091791653929e-02
2.458347220966000110e+06 6.415563383355845417e+00 1.768549406590125272e-02
2.458347714033000171e+06 6.398974802004346429e+00 1.768102078744768213e-02
2.458348217627000064e+06 6.436698990404021714e+00 1.768447345149786951e-02
2.458348710694000125e+06 6.427244184752050060e+00 1.768217574003730710e-02
2.458349203761000186e+06 6.424397434551265107e+00 1.768617814135754404e-02
2.458349707355000079e+06 6.445033810584304135e+00 1.768362852559364831e-02
2.458350200422000140e+06 6.400955382779366154e+00 1.768059783659119491e-02
2.458350693489000201e+06 6.445983655851447836e+00 1.768623467342073097e-02
2.458351197081999853e+06 6.404877089677696311e+00 1.768553119137382043e-02
2.458351690150000155e+06 6.422995237572919791e+00 1.768231793410839428e-02
2.458352183217000216e+06 6.428688756467876075e+00 1.768614994269930227e-02
2.458352686809999868e+06 6.483131042244172804e+00 1.768067688261480697e-02
2.458353179876999930e+06 6.408051597197254701e+00 1.768249276487915411e-02
2.458353672943999991e+06 6.441526532784455306e+00 1.768587112604221717e-02
2.458354176537999883e+06 6.454407779674162349e+00 1.768556953372320620e-02
2.458354669604999945e+06 6.434221388281030407e+00 1.768359251399167706e-02
2.458355162672000006e+06 6.427327061235606820e+00 1.768240374390721639e-02
2.458355666265999898e+06 6.438305792435105701e+00 1.768295815217700226e-02
2.458356159332999960e+06 6.417466348148356481e+00 1.768482917813109234e-02
2.458356652400000021e+06 6.419854717269649846e+00 1.768549798303090115e-02
2.458357155993999913e+06 6.456554183747937437e+00 1.768550413840530230e-02
2.458357649060999975e+06 6.426587130456311137e+00 1.768628720461730419e-02
2.458358142128000036e+06 6.413336095072751597e+00 1.768526110163689755e-02
2.458358645721000154e+06 6.430631151351271946e+00 1.768557089077868114e-02
2.458359138788000215e+06 6.439586777988423272e+00 1.768647640910096797e-02
2.458359631856000051e+06 6.410861581127234921e+00 1.768434206332226977e-02
2.458360135449000169e+06 6.446233013429111480e+00 1.768098165084989667e-02
2.458360628516000230e+06 6.425592797664361200e+00 1.768355075135238930e-02
2.458361121582999825e+06 6.406192726268987059e+00 1.768326368457540446e-02
2.458361625177000184e+06 6.439711331843730235e+00 1.768088730586509991e-02
2.458362118243999779e+06 6.417584563335956283e+00 1.768515494772388008e-02
2.458362611310999840e+06 6.427700018636432588e+00 1.768342979770498244e-02
2.458363114905000199e+06 6.435667528176092667e+00 1.768163956623879096e-02
2.458363607971999794e+06 6.408671340695493157e+00 1.768420289622835845e-02
2.458364101038999856e+06 6.442974314565943494e+00 1.768391196062558263e-02
2.458364604631999973e+06 6.453248661562313693e+00 1.768239346170162596e-02
2.458365097699999809e+06 6.431122765046138667e+00 1.768099964755180664e-02
2.458365590766999871e+06 6.437191067977582115e+00 1.768582540733714195e-02
2.458366094359999988e+06 6.443092999631955031e+00 1.768423771332238575e-02
2.458366587427000050e+06 6.405166152580830996e+00 1.768632936921830934e-02
2.458367080494000111e+06 6.405166152580830996e+00 1.768632936921830934e-02
2.458367584088000003e+06 6.448174770227371511e+00 1.768630757782909887e-02
2.458368077155000065e+06 6.454817979026981511e+00 1.768074840416940588e-02
2.458368570222000126e+06 6.432899995457482589e+00 1.768588576330866816e-02
2.458369073816000018e+06 6.408753977690405002e+00 1.768443092623755639e-02
2.458369566883000080e+06 6.403473255414567689e+00 1.768165483991531936e-02
2.458370059950000141e+06 6.458493101030389205e+00 1.768486664183847173e-02
2.458370563544000033e+06 6.410406941376113110e+00 1.768308794095935915e-02
2.458371056611000095e+06 6.436076536522811864e+00 1.768276329398492039e-02
2.458371549678000156e+06 6.411109580036339572e+00 1.768502616755450799e-02
2.458372053270999808e+06 6.472362008537698053e+00 1.768111409861233482e-02
2.458372546337999869e+06 6.444665783170698603e+00 1.768261874655125548e-02
2.458373039406000171e+06 6.422871007032411761e+00 1.768197593106570972e-02
2.458373542998999823e+06 6.433806572070181140e+00 1.768245244740114866e-02
2.458374036065999884e+06 6.408795296587448398e+00 1.768454494234477856e-02
2.458374529132999945e+06 6.419736460264654276e+00 1.768517220711922702e-02
2.458375032726999838e+06 6.388569150485254866e+00 1.768168935794571517e-02
2.458375525793999899e+06 6.434719203037693624e+00 1.768496069092763759e-02
2.458376018860999960e+06 6.432651153636683716e+00 1.768520162582496932e-02
2.458376522454999853e+06 6.453908441733107182e+00 1.768420130968487158e-02
2.458377015521999914e+06 6.411558364353885153e+00 1.768626413772180980e-02
2.458377508588999975e+06 6.433065895352572561e+00 1.768634186966734981e-02
2.458378012182000093e+06 6.389687225342927768e+00 1.768478386187087234e-02
2.458378505249999929e+06 6.437440085421235025e+00 1.768058046752022522e-02
2.458378998316999990e+06 6.429269044689870150e+00 1.768182481463871289e-02
2.458379501910000108e+06 6.415894293215230526e+00 1.768640627017776037e-02
2.458379994977000169e+06 6.400171329598133063e+00 1.768432691536865262e-02
2.458380488044000231e+06 6.397525122536081632e+00 1.768290751343947267e-02
2.458380991638000123e+06 6.390263993075772753e+00 1.768638018612496074e-02
2.458381484705000184e+06 6.423941834876609747e+00 1.768492388878534910e-02
2.458381977771999780e+06 6.425468516883072745e+00 1.768320872446513953e-02
2.458382481366000138e+06 6.429884918050842835e+00 1.768351859425830105e-02
2.458382974433000199e+06 6.458903560019161105e+00 1.768599057467618030e-02
2.458383467499999795e+06 6.464229993744489811e+00 1.768271427008189650e-02
2.458383971094000153e+06 6.419405352239447637e+00 1.768426006649146884e-02
2.458384464161000215e+06 6.404588039819890888e+00 1.768473304955088185e-02
2.458384957227999810e+06 6.425143030990698279e+00 1.768231297111165154e-02
2.458385460820999928e+06 6.455810888265502534e+00 1.768346813669966280e-02
2.458385953887999989e+06 6.429020343323982090e+00 1.768114083424339456e-02
2.458386446955999825e+06 6.390428793418820419e+00 1.768095050280343167e-02
2.458386950548999943e+06 6.434470290845067275e+00 1.768427658922821707e-02
2.458387443616000004e+06 6.441360414701197357e+00 1.768541503182336286e-02
2.458387936683000065e+06 6.404753209569848948e+00 1.768518912618183628e-02
2.458388440276999958e+06 6.410530930837885499e+00 1.768342996551042212e-02
2.458388933344000019e+06 6.438928461914922963e+00 1.768466832853538354e-02
2.458389426411000080e+06 6.408258171703987038e+00 1.768306279028629760e-02
2.458389930004999973e+06 6.418246608630043148e+00 1.768106794475826637e-02
2.458390423072000034e+06 6.429103242710322519e+00 1.768136882476865207e-02
2.458390916139000095e+06 6.425717080849474350e+00 1.768389278485508684e-02
2.458391419732000213e+06 6.444291841357497219e+00 1.768159273981348076e-02
2.458391912800000049e+06 6.437896642420668947e+00 1.768183441204776787e-02
2.458392405867000110e+06 6.432568208502184248e+00 1.768497358587806795e-02
2.458392909460000228e+06 6.426379965103281577e+00 1.768571707526899947e-02
2.458393402526999824e+06 6.409787030038523348e+00 1.768137791743067122e-02
2.458393895593999885e+06 6.391829767942873275e+00 1.768482669985001546e-02
2.458394399187999777e+06 6.426669998467442468e+00 1.768651526150273948e-02
2.458394892254999839e+06 6.408258171703987038e+00 1.768306279028629760e-02
2.458395385321999900e+06 6.405455228529863376e+00 1.768122794079669824e-02
2.458395888915999793e+06 6.424894489230082328e+00 1.768162897183312918e-02
2.458396381982999854e+06 6.431164228160549001e+00 1.768111364153669360e-02
2.458396875049999915e+06 6.419653681657291777e+00 1.768494416755166457e-02
2.458397378643999808e+06 6.417915577446261288e+00 1.768606713450893153e-02
2.458397871710999869e+06 6.414866164879306609e+00 1.768357207519012306e-02
2.458398364777999930e+06 6.441651124158309649e+00 1.768621320442537517e-02
2.458398868371000048e+06 6.404464165302708345e+00 1.768439099979617415e-02
2.458399361438000109e+06 6.465754340063406325e+00 1.768092889554581312e-02
2.458399854505999945e+06 6.449451779176193611e+00 1.768387004363065895e-02
2.458400358099000063e+06 6.415935658147737364e+00 1.768652029902053821e-02
2.458400851166000124e+06 6.424356015063844794e+00 1.768606411472073078e-02
2.458401344233000185e+06 6.430216566604069151e+00 1.768443069664154058e-02
2.458401847827000078e+06 6.439669813624285588e+00 1.768077331333945540e-02
2.458402340894000139e+06 6.421220743569250544e+00 1.768334696690817068e-02
2.458402833961000200e+06 6.406523152797058529e+00 1.768417577381060576e-02
2.458403337555000093e+06 6.453706339739708753e+00 1.768364753481052945e-02
2.458403830622000154e+06 6.411723713863554330e+00 1.768081483806091883e-02
2.458404323689000215e+06 6.424853066538042334e+00 1.768151497452579574e-02
2.458404827281999867e+06 6.431620340062759844e+00 1.768236762387801267e-02
2.458405320350000169e+06 6.430921376578617732e+00 1.768636907041482020e-02
2.458405813417000230e+06 6.409125857354109002e+00 1.768545709766627949e-02
2.458406317009999882e+06 6.426711432873713825e+00 1.768071007107129694e-02
2.458406810076999944e+06 6.449000342465992297e+00 1.768263224104069109e-02
2.458407303144000005e+06 6.440868018410671247e+00 1.768406310735439607e-02
2.458407806737999897e+06 6.439794369085661607e+00 1.768111529312122246e-02
2.458408299804999959e+06 6.419978889469355465e+00 1.768584005419670743e-02
2.458408792872000020e+06 6.434428806415751545e+00 1.768416257485111789e-02
2.458409296465999912e+06 6.420972353533230148e+00 1.768266292763192443e-02
2.458409789532999974e+06 6.433356230464040593e+00 1.768121474403744689e-02
2.458410282600000035e+06 6.427285622860248182e+00 1.768228974160476405e-02
2.458410786193999927e+06 6.426954125475062618e+00 1.768137774964464656e-02
2.458411279260999989e+06 6.411558364353885153e+00 1.768626413772180980e-02
2.458411772328000050e+06 6.439462226542197243e+00 1.768613432562708351e-02
2.458412275921000168e+06 6.438886948742810645e+00 1.768455431163266228e-02
2.458412768988000229e+06 6.439213130876701996e+00 1.768545017852832246e-02
2.458413262056000065e+06 6.412591868752137714e+00 1.768320884106554247e-02
2.458413765649000183e+06 6.424894489230082328e+00 1.768162897183312918e-02
2.458414258715999778e+06 6.432283833303495513e+00 1.768419175695464668e-02
2.458414751782999840e+06 6.400377650070956825e+00 1.768489699990277372e-02
2.458415255377000198e+06 6.409663054964928719e+00 1.768103593256934933e-02
2.458415748443999793e+06 6.424894489230082328e+00 1.768162897183312918e-02
2.458416241510999855e+06 6.427327061235606820e+00 1.768240374390721639e-02
2.458416745105000213e+06 6.446316134765255335e+00 1.768120963932255998e-02
2.458417238171999808e+06 6.415894293215230526e+00 1.768640627017776037e-02
2.458417731238999870e+06 6.444416486217679818e+00 1.768193473544451763e-02
2.458418234831999987e+06 6.464849216089134210e+00 1.768440813490424965e-02
2.458526481366999913e+06 6.426835737695361317e+00 1.768697138409573363e-02
2.458526984960000031e+06 6.443092999631955031e+00 1.768423771332238575e-02
2.458527478027000092e+06 6.414493952143094369e+00 1.768254601313692942e-02
2.458527971094000153e+06 6.399758708604908364e+00 1.768318680143098759e-02
2.458528474688000046e+06 6.442102046415609351e+00 1.768151786243064155e-02
2.458528967755000107e+06 6.411723713863554330e+00 1.768672025383849142e-02
2.458529460822000168e+06 6.421386342264778335e+00 1.768380300779311132e-02
2.458529964416000061e+06 6.415356573360708303e+00 1.768492396212030526e-02
2.458530457483000122e+06 6.437564597755426554e+00 1.768685165968317957e-02
2.458530950550000183e+06 6.459974445389572217e+00 1.768297305327015331e-02
2.458531454144000076e+06 6.440452773689534283e+00 1.768292301042450818e-02
2.458531947211000137e+06 6.408795296587448398e+00 1.768454494234477856e-02
2.458532440278000198e+06 6.415480658557778604e+00 1.768526602218351701e-02
2.458532943870999850e+06 6.414411241134693853e+00 1.768231800743254312e-02
2.458533436937999912e+06 6.454324554001166447e+00 1.768534148903235306e-02
2.458533930006000213e+06 6.422581145115402457e+00 1.768709336553167533e-02
2.458534433598999865e+06 6.449903247487432267e+00 1.768510793286809032e-02
2.458534926665999927e+06 6.434920710436590419e+00 1.768551450692426238e-02
2.458535419732999988e+06 6.420848162118390157e+00 1.768232091791653929e-02
2.458535923326999880e+06 6.431993546588936184e+00 1.768339367557984765e-02
2.458536416393999942e+06 6.426172806428387396e+00 1.768514696429925037e-02
2.458536909461000003e+06 6.440120597187793727e+00 1.768201098580255218e-02
2.458537413054999895e+06 6.461670377024312906e+00 1.768166393089554145e-02
2.458537906121999957e+06 6.438305792435105701e+00 1.768295815217700226e-02
2.458538399189000018e+06 6.432325303903613900e+00 1.768430577151988703e-02
2.458538902782000136e+06 6.424604535994030918e+00 1.768674828556910869e-02
2.458539395849999972e+06 6.424273176890125114e+00 1.768583606365255537e-02
2.458539888917000033e+06 6.420351420479082805e+00 1.768686630739265894e-02
2.458540392510000151e+06 6.407597156722060205e+00 1.768714038874112660e-02
2.458540885577000212e+06 6.421835845966334944e+00 1.768504089233796303e-02
2.458541378643999808e+06 6.421013751205307152e+00 1.768277693234040701e-02
2.458541882238000166e+06 6.420889558989774315e+00 1.768243492041999751e-02
2.458542375305000227e+06 6.424521694615784817e+00 1.768652022567896928e-02
2.458542868371999823e+06 6.436740489469801929e+00 1.768458746787927166e-02
2.458543371966000181e+06 6.431371547742483763e+00 1.768168362248543832e-02
2.458543865032999776e+06 6.409704379723027756e+00 1.768705348269027089e-02
2.458544358099999838e+06 6.408299487404440775e+00 1.768317679757280131e-02
2.458544861694000196e+06 6.424604535994030918e+00 1.768674828556910869e-02
2.458545354760999791e+06 6.422415515607557523e+00 1.768663723979295097e-02
2.458545847827999853e+06 6.419978889469355465e+00 1.768584005419670743e-02
2.458546351420999970e+06 6.432283833303495513e+00 1.768419175695464668e-02
2.458546844488000032e+06 6.417915577446261288e+00 1.768606713450893153e-02
2.458547337555999868e+06 6.452880165060343565e+00 1.768732707545441624e-02
2.458547841148999985e+06 6.409993660489882394e+00 1.768194790689875048e-02
2.458548334216000047e+06 6.433107370994846086e+00 1.768645589809491811e-02
2.458548827283000108e+06 6.430050740189239278e+00 1.768397463956937823e-02
2.458549330877000000e+06 6.423983251693702989e+00 1.768503790807083448e-02
2.458549823944000062e+06 6.432609680935740926e+00 1.768508760548395328e-02
2.458550317011000123e+06 6.405248744377887604e+00 1.768655742664744512e-02
2.458550820605000015e+06 6.400006278008517846e+00 1.768387086097286329e-02
2.458551313672000077e+06 6.444665783170698603e+00 1.768261874655125548e-02
2.458551806739000138e+06 6.458736993806342142e+00 1.768553447737691159e-02
2.458552310331999790e+06 6.417915577446261288e+00 1.768606713450893153e-02
2.458552803400000092e+06 6.427782900997767612e+00 1.768365781774541498e-02
2.458553296467000153e+06 6.428937445006577711e+00 1.768683411686780213e-02
2.458553800059999805e+06 6.417218103342438695e+00 1.768414508151899475e-02
2.458554293126999866e+06 6.448376698996067802e+00 1.768686143600435925e-02
2.458554786193999927e+06 6.415439296558751892e+00 1.768515200142732960e-02
2.458555289787999820e+06 6.437440085421235025e+00 1.768650956895131965e-02
2.458555782854999881e+06 6.449784436973152957e+00 1.768478216414134246e-02
2.458556275921999943e+06 6.419198418395863470e+00 1.768369000248931622e-02
2.458556779515999835e+06 6.433522142125084109e+00 1.768759622280578064e-02
2.458557272582999896e+06 6.435418579299705399e+00 1.768688283256452526e-02
2.458557765649999958e+06 6.440043487235876718e+00 1.768179927252850475e-02
2.458558269243999850e+06 6.440411250689850320e+00 1.768280900477422687e-02
2.458558762310999911e+06 6.433148846904525264e+00 1.768656992725766916e-02
2.458559255377999973e+06 6.440618868365376670e+00 1.768337904037590655e-02
2.458559758971000090e+06 6.414942973370196810e+00 1.768378380969085062e-02
2.458560252038000152e+06 6.414328531192800220e+00 1.768209000466814881e-02
2.458560745105999988e+06 6.448875608947027160e+00 1.768229023191883464e-02
2.458561248699000105e+06 6.396164137153591334e+00 1.768503680321922497e-02
2.458561741766000167e+06 6.448792454608017977e+00 1.768206222951259135e-02
2.458562234833000228e+06 6.452380945301440462e+00 1.768595871544580145e-02
2.458562738427000120e+06 6.423243705862545561e+00 1.768300196003885424e-02
2.458563231494000182e+06 6.434345838359497805e+00 1.768393454830215206e-02
2.458563724560999777e+06 6.467821117714366963e+00 1.768658060248789327e-02
2.458564228155000135e+06 6.416638902805396505e+00 1.768254895899932719e-02
2.458564721222000197e+06 6.433231799526100581e+00 1.768679798778868481e-02
2.458565214288999792e+06 6.406977517101577924e+00 1.768542997332488848e-02
2.458565717881999910e+06 6.441235828950106601e+00 1.768507296887807806e-02
2.458566210950000212e+06 6.416266587208792949e+00 1.768743255622942656e-02
2.458566704016999807e+06 6.430714071508274010e+00 1.768579893842757086e-02
2.458567207609999925e+06 6.437564597755426554e+00 1.768685165968317957e-02
2.458567700676999986e+06 6.412963971116483641e+00 1.768423494158053930e-02
2.458568193744000047e+06 6.415232490563636425e+00 1.768458190867306171e-02
2.458568697337999940e+06 6.418908722221491558e+00 1.768289194375852191e-02
2.458569190405000001e+06 6.403720968512365275e+00 1.768233884019452737e-02
2.458569683472000062e+06 6.459897097720171288e+00 1.768276132847691751e-02
2.458570187065999955e+06 6.441318885849756981e+00 1.768530101010648559e-02
2.458570680133000016e+06 6.405042266882066571e+00 1.768598728858834790e-02
2.458571173200000077e+06 6.436823488404026961e+00 1.768481550284735013e-02
2.458571676793999970e+06 6.423119470516282625e+00 1.768265994376606864e-02
2.458572169861000031e+06 6.396494046414695767e+00 1.768594898391053286e-02
2.458572662928000093e+06 6.437689112497924526e+00 1.768719375703172933e-02
2.458573166521000210e+06 6.420889558989774315e+00 1.768243492041999751e-02
2.458573659587999806e+06 6.480158074299210647e+00 1.768450595089616703e-02
2.458574152656000108e+06 6.434345838359497805e+00 1.768393454830215206e-02
2.458574656249000225e+06 6.436408504434991684e+00 1.768367535741035765e-02
2.458575149315999821e+06 6.434179905456445248e+00 1.768347850402496660e-02
2.458575642382999882e+06 6.403473255414567689e+00 1.768755265673984528e-02
2.458576145976999775e+06 6.423734754796459612e+00 1.768435380338444218e-02
2.458576639043999836e+06 6.426504263513711734e+00 1.768605915067252357e-02
2.458577132110999897e+06 6.461545398447523070e+00 1.768727324374714735e-02
2.458577635704999790e+06 6.416432058140167705e+00 1.768788870247879619e-02
2.458578128771999851e+06 6.425509943543078251e+00 1.768332273269250868e-02
2.458578621838999912e+06 6.407762404075016072e+00 1.768759652745570052e-02
2.458579125432000030e+06 6.401822079623326722e+00 1.768299181021356151e-02
2.458579618499999866e+06 6.435667528176092667e+00 1.768756703508433253e-02
2.458580111566999927e+06 6.439711331843730235e+00 1.768681849919145552e-02
2.458580615160000045e+06 6.443508414580236376e+00 1.768537789501702789e-02
2.458581108227000106e+06 6.420268633942181502e+00 1.768663824598070214e-02
2.458581601294000167e+06 6.420227241074036861e+00 1.768652421637749092e-02
2.458582104888000060e+06 6.390758406855274742e+00 1.768774857874270620e-02
2.458582597955000121e+06 6.440328205493607072e+00 1.768851275716670779e-02
2.458583091022000182e+06 6.431247155191339715e+00 1.768726502924287264e-02
2.458583594616000075e+06 6.430714071508274010e+00 1.768579893842757086e-02
2.458584087683000136e+06 6.457499779265271300e+00 1.768809427130887957e-02
2.458584580750000197e+06 6.456387678122293750e+00 1.768504805365056151e-02
2.458585084344000090e+06 6.432159423107355778e+00 1.768384971766936639e-02
2.458585577411000151e+06 6.438679386896876800e+00 1.768398423814532272e-02
2.458586070478000212e+06 6.420806765513900949e+00 1.768812069772538603e-02
2.458586574070999864e+06 6.424356015063844794e+00 1.768606411472073078e-02
2.458587067137999926e+06 6.441485002862013864e+00 1.768575710138479626e-02
2.458587560206000227e+06 6.414204468279635307e+00 1.768765570667080178e-02
2.458588063798999880e+06 6.441775717941998991e+00 1.768655528942498362e-02
2.458588556865999941e+06 6.431045762828582646e+00 1.768671115842917335e-02
2.458589049933000002e+06 6.429926373184531307e+00 1.768363260448347837e-02
2.458589553526999895e+06 6.432325303903613900e+00 1.768430577151988703e-02
2.458590046593999956e+06 6.425799937641701653e+00 1.768412081086554247e-02
2.458590539661000017e+06 6.416349322141064349e+00 1.768766062788366608e-02
2.458591043254999910e+06 6.436242518338624485e+00 1.768914731824839867e-02
2.458591536321999971e+06 6.399882492109608911e+00 1.768352882789420502e-02
2.458592029389000032e+06 6.424521694615784817e+00 1.768652022567896928e-02
2.458592532982000150e+06 6.451269725716542780e+00 1.768885470457030526e-02
2.458593026049999986e+06 6.427990111576836085e+00 1.768422788071003643e-02
2.458593519117000047e+06 6.465921087248571730e+00 1.768734020747360358e-02
2.458594022710000165e+06 6.457624679592090189e+00 1.768843639269189472e-02
2.458594515777000226e+06 6.458986844736400279e+00 1.768621862773664399e-02
2.458595008843999822e+06 6.424894489230082328e+00 1.768754651834311339e-02
2.458595512438000180e+06 6.406151424151280693e+00 1.768904996023780776e-02
2.458596005504999775e+06 6.409208500209812698e+00 1.768568514384785337e-02
2.458596498571999837e+06 6.443425329447943994e+00 1.768514985279724325e-02
2.458597002166000195e+06 6.463360800912512971e+00 1.768628959351030427e-02
2.458597495232999790e+06 6.459028487497749715e+00 1.768633265536964649e-02
2.458597988299999852e+06 6.463033395564171002e+00 1.768539368409357757e-02
2.458712204272000119e+06 6.664126003507939267e+00 1.802083587205974974e-02
2.458712697339000180e+06 6.648811186572951115e+00 1.802841247025681326e-02
2.458713200931999832e+06 6.680263602064615114e+00 1.803371070416981067e-02
2.458713694000000134e+06 6.660536306844591969e+00 1.804180167575209978e-02
2.458714187067000195e+06 6.689264981842950597e+00 1.805184934508659647e-02
2.458714690659999847e+06 6.635560297928781104e+00 1.805970971074660064e-02
2.458715183726999909e+06 6.678737894281196574e+00 1.806650004811585775e-02
2.458715676793999970e+06 6.663094918286425639e+00 1.807328009175573208e-02
2.458716180387999862e+06 6.697599897312559669e+00 1.808051091323445089e-02
2.458716673454999924e+06 6.719021023827695061e+00 1.808883075518652808e-02
2.458717166521999985e+06 6.670070127385889336e+00 1.809219996447241491e-02
2.458717670115999877e+06 6.699827174577157152e+00 1.809886509901581855e-02
2.458718163182999939e+06 6.705648737372469803e+00 1.810841529628827093e-02
2.458718656250000000e+06 6.725627342466331982e+00 1.811281070225756115e-02
2.458719159843999892e+06 6.683568446110593975e+00 1.812265762081032017e-02
2.458719652910999954e+06 6.715840914848537402e+00 1.812975346604207491e-02
2.458720145978000015e+06 6.735738216084159014e+00 1.813383648747352722e-02
2.458720649571000133e+06 6.737804413029917505e+00 1.813939906671329511e-02
2.458721142638000194e+06 6.730621988686707802e+00 1.815105832937097957e-02
2.458721635706000030e+06 6.742671475853898144e+00 1.815250208802928963e-02
2.458722139299000148e+06 6.768592992733415414e+00 1.815994649660300497e-02
2.458722632366000209e+06 6.727690437887726027e+00 1.816793828688903836e-02
2.458723125432999805e+06 6.731775125998618492e+00 1.817276867791049744e-02
2.458723629027000163e+06 6.759304322226517669e+00 1.817237854841044845e-02
2.458724122094000224e+06 6.742510011808993120e+00 1.817690772222280496e-02
2.458724615160999820e+06 6.771274188582978582e+00 1.818584979240568666e-02
2.458725118755000178e+06 6.768181554339851580e+00 1.819001124675889008e-02
2.458725611821999773e+06 6.760916931842392508e+00 1.818916811594309402e-02
2.458726104888999835e+06 6.774948527224809780e+00 1.819571809322555883e-02
2.458726608481999952e+06 6.750059483842150598e+00 1.819726009192753832e-02
2.458727101549999788e+06 6.754929177611805891e+00 1.819794509746138628e-02
2.458727594616999850e+06 6.756746105674843683e+00 1.819661675314075688e-02
2.458728098209999967e+06 6.768798721309357447e+00 1.819790422472238739e-02
2.458728591277000029e+06 6.740113346514641002e+00 1.820148600127351537e-02
2.458729084344000090e+06 6.785021059956712897e+00 1.819777330810798052e-02
2.458729587937999982e+06 6.769048097663554309e+00 1.819857467264031706e-02
2.458730081005000044e+06 6.748200846451439361e+00 1.819846477608388219e-02
2.458730574072000105e+06 6.767109438463233317e+00 1.819959532869642668e-02
2.458731077665999997e+06 6.771236769242361397e+00 1.819822237304025841e-02
2.458731570733000059e+06 6.793193728652784813e+00 1.819466577272612143e-02
2.458732063800000120e+06 6.767975844521852302e+00 1.818945838571741844e-02
2.458732567394000012e+06 6.778955765016061008e+00 1.818774952603783440e-02
2.458733060461000074e+06 6.769958399326556631e+00 1.818855129293108636e-02
2.458733553528000135e+06 6.742174675762440117e+00 1.818221347332722379e-02
2.458734057120999787e+06 6.755346032292909975e+00 1.818040240332336605e-02
2.458734550187999848e+06 6.745435594585504901e+00 1.817236915163749494e-02
2.458735043256000150e+06 6.752951024053625240e+00 1.816773711221583362e-02
2.458735546848999802e+06 6.749071047727892569e+00 1.816351477922219931e-02
2.458736039915999863e+06 6.761745178174479065e+00 1.816025739323044383e-02
2.458736532982999925e+06 6.745398318033839047e+00 1.815363050335574643e-02
2.458737036576999817e+06 6.751091590473648374e+00 1.814408064746319063e-02
2.458737529643999878e+06 6.706723470235236739e+00 1.814220318504434007e-02
2.458738022710999940e+06 6.722902300722282121e+00 1.813023997012240540e-02
2.458738526304999832e+06 6.701894701096514417e+00 1.812914099286701969e-02
2.458739019371999893e+06 6.665365972000980577e+00 1.812241340310667345e-02
2.458739512438999955e+06 6.718649727263509952e+00 1.811258357740883757e-02
2.458740016032000072e+06 6.695743370708679087e+00 1.810633416316817859e-02
2.458740509099999908e+06 6.679974429066333208e+00 1.810060738896623542e-02
2.458741002166999970e+06 6.704907642640205445e+00 1.808788764639942051e-02
2.458741505760000087e+06 6.682201999539316262e+00 1.808202525494672849e-02
2.458741998827000149e+06 6.694873879104140890e+00 1.807315188869989056e-02
2.458742491894000210e+06 6.682121991057005772e+00 1.806949982856457040e-02
2.458742995488000102e+06 6.655005212962194605e+00 1.805746669537854759e-02
2.458743488555000164e+06 6.674937444825528310e+00 1.805007169524528235e-02
2.458743981622000225e+06 6.637999265231733226e+00 1.804800626992940707e-02
2.458744485216000117e+06 6.643406085797472826e+00 1.803823162118266960e-02
2.458744978283000179e+06 6.653185004493225030e+00 1.802801656372830796e-02
2.458745471349999774e+06 6.651781884014794421e+00 1.802421455323123534e-02
2.458745974944000132e+06 6.664948531106047902e+00 1.801692147049109224e-02
2.458746468011000194e+06 6.640225069985954853e+00 1.801124688060395593e-02
2.458746961077999789e+06 6.604646836676181465e+00 1.799990633459484443e-02
2.458747464670999907e+06 6.615709091489953231e+00 1.799349497746732113e-02
2.458747957737999968e+06 6.656077959518846399e+00 1.798681175744597932e-02
2.458748450805999804e+06 6.607950788561307576e+00 1.798456613551779187e-02
2.458748954398999922e+06 6.627265964720722380e+00 1.798219995474555424e-02
2.458749447465999983e+06 6.642372088544232334e+00 1.798036344618389112e-02
2.458749940533000045e+06 6.594945334037340068e+00 1.797954061327378117e-02
2.458750444126999937e+06 6.648811186572951115e+00 1.798554600038867676e-02
2.458750937193999998e+06 6.641919383014022848e+00 1.799137287661492848e-02
2.458751430261000060e+06 6.666931608226620121e+00 1.799772031003179368e-02
2.458751933854999952e+06 6.620701381337018354e+00 1.798877940088141475e-02
2.458752426922000013e+06 6.637253420698367101e+00 1.796650762675642068e-02
2.458752919989000075e+06 6.579837982943647745e+00 1.793835403494899172e-02
2.458753423582000192e+06 6.550245840234810935e+00 1.791197513210820297e-02
2.458753916650000028e+06 6.569150322742705050e+00 1.789106545330456516e-02
2.458754409717000090e+06 6.523910583749302106e+00 1.788202126092226438e-02
2.458754913310000207e+06 6.559658042089809626e+00 1.787729658593059309e-02
2.458755406376999803e+06 6.553178534250053033e+00 1.787774482731996004e-02
2.458755899443999864e+06 6.553383751279619140e+00 1.787226879098291824e-02
2.458756403038000222e+06 6.552931075202651279e+00 1.787103426103169024e-02
2.458756896104999818e+06 6.551814607899238752e+00 1.786798945173923361e-02
2.458757389171999879e+06 6.503482860087870243e+00 1.786196850007623627e-02
2.458757892765999772e+06 6.532292151957872939e+00 1.786287987281719863e-02
2.458758385832999833e+06 6.518132732373301153e+00 1.785417734172049450e-02
2.458758878899999894e+06 6.527504802201857359e+00 1.785580067937249035e-02
2.458759382493999787e+06 6.541039925399604549e+00 1.785065397471624279e-02
2.458759875560999848e+06 6.530313035366329011e+00 1.784543859827183651e-02
2.458760368627999909e+06 6.525028305815180119e+00 1.784301652193772889e-02
2.458760872221000027e+06 6.498860278453364892e+00 1.783730112795247832e-02
2.458761365288000088e+06 6.527793387177786677e+00 1.783254081564175295e-02
2.458761858355999924e+06 6.543600847764178496e+00 1.782750839739970922e-02
2.458762361949000042e+06 6.522757006959706061e+00 1.782479017908474364e-02
2.458762855016000103e+06 6.493660810951747742e+00 1.782303024605048913e-02
2.458763348083000164e+06 6.491591755259306318e+00 1.781735134731205275e-02
2.458763851677000057e+06 6.497705146521033370e+00 1.781617683597676999e-02
2.458764344744000118e+06 6.507071817525244661e+00 1.781189330975031446e-02
2.458764837811000179e+06 6.519207433518096728e+00 1.780908581944374430e-02
2.458765341405000072e+06 6.517640470349883586e+00 1.780480520990290749e-02
2.458765834472000133e+06 6.495724543325169797e+00 1.780476340037141086e-02
2.458766327539000195e+06 6.490563452674689593e+00 1.780257292458175752e-02
2.458766831131999847e+06 6.502943788814111059e+00 1.779460416986897511e-02
2.458767324200000148e+06 6.505915226042993993e+00 1.779674301793426894e-02
2.458767817267000210e+06 6.509877255920580197e+00 1.778959358053196563e-02
2.458768320859999862e+06 6.496257032872150283e+00 1.778827313125416407e-02
2.458768813926999923e+06 6.488083044354928219e+00 1.778381807236652928e-02
2.458769306993999984e+06 6.483172840669418235e+00 1.778230166305870205e-02
2.458769810587999877e+06 6.484414974000419996e+00 1.777973626835041912e-02
2.458770303654999938e+06 6.535927106836481926e+00 1.777650285760503171e-02
2.458770796721999999e+06 6.466457089469985320e+00 1.777814383224690653e-02
2.458771300315999892e+06 6.471533445642862148e+00 1.777421868252617929e-02
2.458771793382999953e+06 6.492996966914045487e+00 1.777336603596763737e-02
2.458772286450000014e+06 6.477645845565382032e+00 1.776714200332948912e-02
2.458772790043999907e+06 6.495927961145803842e+00 1.776942314353507218e-02
2.458773283110999968e+06 6.468559838238634896e+00 1.776605159991389779e-02
2.458773776178000029e+06 6.492996966914045487e+00 1.776140549354774181e-02
2.458774279771000147e+06 6.459522272133385812e+00 1.775907803186277042e-02
2.458774772838000208e+06 6.477848697239886988e+00 1.776173207374915144e-02
2.458775265906000044e+06 6.462456012003502615e+00 1.775523943967671076e-02
2.458775769499000162e+06 6.503854246294225483e+00 1.775516364061059671e-02
2.458776262566000223e+06 6.505088359220059679e+00 1.775254129308772091e-02
2.458776755632999819e+06 6.490647145632324033e+00 1.774899951841923604e-02
2.458777259227000177e+06 6.487013474112471201e+00 1.775101258217837499e-02
2.458777752293999773e+06 6.467368395221429367e+00 1.775086594082332658e-02
2.458778245360999834e+06 6.479048038398917519e+00 1.774711829793949522e-02
2.458778748955000192e+06 6.456304426919707851e+00 1.774428477700090018e-02
2.458779242021999788e+06 6.437025061699980455e+00 1.774465650609850439e-02
2.458779735088999849e+06 6.501787931063249815e+00 1.774353434592526244e-02
2.458780238681999967e+06 6.450568626813590001e+00 1.774040308801921179e-02
2.458780731749999803e+06 6.474591905954254045e+00 1.774087557898550854e-02
2.458781224816999864e+06 6.467487529647153011e+00 1.773927937456946935e-02
2.458781728409999982e+06 6.467326698690881948e+00 1.773883824109185811e-02
2.458782221477000043e+06 6.487921701237433503e+00 1.773557105757785426e-02
2.458782714544000104e+06 6.435377088756568220e+00 1.773418641211197896e-02
2.458783218137999997e+06 6.457874487493208804e+00 1.773075611078641853e-02
2.458783711205000058e+06 6.447717484332859073e+00 1.773256185420002753e-02
2.459622427943999879e+06 6.437606102402001262e+00 1.768103643705911873e-02
2.459622921010999940e+06 6.441075650810886621e+00 1.768463318338421228e-02
2.459623424604999833e+06 6.430382397295446140e+00 1.768488676547509686e-02
2.459623917671999894e+06 6.427078434990846745e+00 1.768171974111736044e-02
2.459624410738999955e+06 6.447800624810598791e+00 1.768528135705257562e-02
2.459624914332000073e+06 6.422995237572919791e+00 1.768231793410839428e-02
2.459625407399999909e+06 6.414452596505578974e+00 1.768243200991722816e-02
2.459625900466999970e+06 6.444748884298095781e+00 1.768284675613353632e-02
2.459626404060000088e+06 6.458618020569940832e+00 1.768520870079299395e-02
2.459626897127000149e+06 6.436740489469801929e+00 1.768458746787927166e-02
2.459627390194000211e+06 6.397607615805418924e+00 1.768313552674527847e-02
2.459627893788000103e+06 6.450194342496971878e+00 1.768590609161014779e-02
2.459628386855000164e+06 6.438720898730784015e+00 1.768409825137263677e-02
2.459628879922000226e+06 6.446642693248004541e+00 1.768210533678329227e-02
2.459629383516000118e+06 6.444867602053191646e+00 1.768317248920836526e-02
2.459629876583000179e+06 6.440452773689534283e+00 1.768292301042450818e-02
2.459630369649999775e+06 6.425344238505564576e+00 1.768286670419320916e-02
2.459630873244000133e+06 6.449944831684476299e+00 1.768522195334014738e-02
2.459631366311000194e+06 6.412798589622290990e+00 1.768377888955662697e-02
2.459631859377999790e+06 6.437315575495302866e+00 1.768616748483601772e-02
2.459632362970999908e+06 6.451430157364345774e+00 1.768335260828239261e-02
2.459632856037999969e+06 6.438596364031965891e+00 1.768375621389589591e-02
2.459633349105999805e+06 6.419198418395863470e+00 1.768369000248931622e-02
2.459633852698999923e+06 6.424935912189185139e+00 1.768174296987543026e-02
2.459634345765999984e+06 6.462289354177847223e+00 1.768335769510372829e-02
2.459634838833000045e+06 6.414411241134693853e+00 1.768231800743254312e-02
2.459635342426999938e+06 6.446191453162967377e+00 1.768086765771599220e-02
2.459635835493999999e+06 6.473971750425987715e+00 1.768551157050260100e-02
2.459636328561000060e+06 6.435211129258989970e+00 1.768631268401574946e-02
2.459636832154999953e+06 6.448750877840597973e+00 1.768194822941195413e-02
2.459637325222000014e+06 6.439094517279833951e+00 1.768512440349723561e-02
2.459637818289000075e+06 6.410944246364333132e+00 1.768457009512596281e-02
2.459638321882000193e+06 6.409580406248015727e+00 1.768080794633653668e-02
2.459638814950000029e+06 6.404381583622325458e+00 1.768416297030180398e-02
2.459639308017000090e+06 6.411109580036339572e+00 1.768502616755450799e-02
2.459639811610000208e+06 6.408051597197254701e+00 1.768249276487915411e-02
2.459640304676999804e+06 6.432366774771102413e+00 1.768441978682020604e-02
2.459640797743999865e+06 6.401244268689255890e+00 1.768139579178506712e-02
2.459641301338000223e+06 6.424356015063844794e+00 1.768606411472073078e-02
2.459641794404999819e+06 6.436242518338624485e+00 1.768321931981734624e-02
2.459642287471999880e+06 6.421676150258298854e+00 1.768460110764170576e-02
2.459642791065999772e+06 6.443383787283548436e+00 1.768503583279002964e-02
2.459643284132999834e+06 6.429926373184531307e+00 1.768363260448347837e-02
2.459643777199999895e+06 6.446025214777869827e+00 1.768634870115718544e-02
2.459644280793999787e+06 6.422125674246715654e+00 1.768583904805437132e-02
2.459644773860999849e+06 6.424811644113065157e+00 1.768140097795343688e-02
2.459645266927999910e+06 6.431910609933880529e+00 1.768316565894537118e-02
2.459645770521000028e+06 6.417625939166071269e+00 1.768526896849905578e-02
2.459646263588000089e+06 6.425101606696255629e+00 1.768219896939442898e-02
2.459646756655999925e+06 6.391129242293065005e+00 1.768288849511593860e-02
2.459647260249000043e+06 6.449576523839386510e+00 1.768421208330908309e-02
2.459647753316000104e+06 6.413501490428825669e+00 1.768571719188599678e-02
2.459648246383000165e+06 6.447592775626329598e+00 1.768471126012843841e-02
2.459648749977000058e+06 6.415067050567456519e+00 1.768412584770134507e-02
2.459649243044000119e+06 6.423036648287054007e+00 1.768243193659261442e-02
2.459649736111000180e+06 6.410200297602347774e+00 1.768251791474146489e-02
2.459650239705000073e+06 6.403308118672839555e+00 1.768119885442867231e-02
2.459650732772000134e+06 6.440494296956924991e+00 1.768303701680980569e-02
2.459651225839000195e+06 6.429725022181644434e+00 1.768307884741801214e-02
2.459651729431999847e+06 6.410696253850780124e+00 1.768388600853583806e-02
2.459652222500000149e+06 6.442066446142447056e+00 1.768142015102195860e-02
2.459652715567000210e+06 6.432858521152205356e+00 1.768577173855688175e-02
2.459653219159999862e+06 6.414287176621790820e+00 1.768197600438844302e-02
2.459653712226999924e+06 6.443882310933666702e+00 1.768640412139535142e-02
2.459654205293999985e+06 6.430548232263476827e+00 1.768534284607033505e-02
2.459654708887999877e+06 6.413212051354816090e+00 1.768491904166885620e-02
2.459655201954999939e+06 6.457993447033077317e+00 1.768349847217856596e-02
2.459655695022000000e+06 6.421179344562649050e+00 1.768323295852455498e-02
2.459656198615999892e+06 6.442351253836426928e+00 1.768220185741098752e-02
2.459656691682999954e+06 6.429802008585271622e+00 1.768329057601306445e-02
2.459657184750000015e+06 6.447759054437721460e+00 1.768516733619752285e-02
2.459657688343999907e+06 6.430258023875984108e+00 1.768454471274729170e-02
2.459658181410999969e+06 6.439136031790196668e+00 1.768523842407549243e-02
2.459658674478000030e+06 6.447468069331856455e+00 1.768436921079517485e-02
2.459659178071000148e+06 6.444333389376354582e+00 1.768170673762218745e-02
2.459659671138000209e+06 6.420682577301787930e+00 1.768186491525266038e-02
2.459660164206000045e+06 6.389275280263115420e+00 1.768364371847378283e-02
2.459660667799000163e+06 6.446565505204613800e+00 1.768189362237954781e-02
2.459661160866000224e+06 6.423817586027463555e+00 1.768458183533952108e-02
2.459661653932999820e+06 6.439669813624285588e+00 1.768077331333945540e-02
2.459662157527000178e+06 6.422374108898001310e+00 1.768060798504232298e-02
2.459662650593999773e+06 6.429393398980594476e+00 1.768216681475852023e-02
2.459663143660999835e+06 6.427617137343816012e+00 1.768320178060473272e-02
2.459663647255000193e+06 6.440951070567564329e+00 1.768429113556107407e-02
2.459664140321999788e+06 6.433314753217314497e+00 1.768110074940073065e-02
2.459664633388999850e+06 6.414700734330160969e+00 1.768311604026062342e-02
2.459665136981999967e+06 6.398226349232291277e+00 1.768484572025812510e-02
2.459665630049999803e+06 6.414287176621790820e+00 1.768197600438844302e-02
2.459666123116999865e+06 6.428813099534720799e+00 1.768057087079184797e-02
2.459666626709999982e+06 6.419405352239447637e+00 1.768426006649146884e-02
2.459667119777000044e+06 6.369503784664569679e+00 1.768172077420564550e-02
2.459667612844000105e+06 6.425592797664361200e+00 1.768355075135238930e-02
2.459668116437999997e+06 6.456179552128592292e+00 1.768447796424711671e-02
2.459668609505000059e+06 6.426628564328310311e+00 1.768640123269243913e-02
2.459669102572000120e+06 6.425344238505564576e+00 1.768286670419320916e-02
2.459669606166000012e+06 6.402441220644693232e+00 1.768470198982711669e-02
2.459670099233000074e+06 6.386633578268362754e+00 1.768221456753530860e-02
2.459670592300000135e+06 6.447141469039195272e+00 1.768347339865656773e-02
2.459671095894000027e+06 6.422456922584075301e+00 1.768083596869672244e-02
2.459671588961000089e+06 6.433356230464040593e+00 1.768121474403744689e-02
2.459672082028000150e+06 6.448917186518620781e+00 1.768240423422445459e-02
2.459672585620999802e+06 6.431454477446548523e+00 1.768191162000964933e-02
2.459673078687999863e+06 6.416390690007260922e+00 1.768186495059216254e-02
2.459673571756000165e+06 6.414163114508485641e+00 1.768163400795920090e-02
2.459674075348999817e+06 6.447717484332859073e+00 1.768505331607759037e-02
2.459674568415999878e+06 6.450812220336742620e+00 1.768165884456143408e-02
2.459675061482999939e+06 6.443882310933666702e+00 1.768640412139535142e-02
2.459675565076999832e+06 6.419653681657291777e+00 1.768494416755166457e-02
2.459676058143999893e+06 6.434553260506080896e+00 1.768450462018765143e-02
2.459676551210999954e+06 6.431661806385164937e+00 1.768248162668259460e-02
2.459677054804999847e+06 6.437979656262977635e+00 1.768206241151640268e-02
2.459677547871999908e+06 6.406316634219826334e+00 1.768360571252568930e-02
2.459678040938999970e+06 6.443217621304259346e+00 1.768457976011223939e-02
2.459678544532000087e+06 6.408506069902316860e+00 1.768374684503085104e-02
2.459679037599999923e+06 6.387374791947067365e+00 1.768426671271424236e-02
2.459679530666999985e+06 6.454158105874598483e+00 1.768488540847211118e-02
2.459680034260000102e+06 6.437564597755426554e+00 1.768092244357198639e-02
2.459680527327000163e+06 6.451103356369781494e+00 1.768245684764038414e-02
2.459681020394000225e+06 6.478218619588383298e+00 1.768517979257907755e-02
2.459681523988000117e+06 6.428813099534720799e+00 1.768057087079184797e-02
2.459682017055000179e+06 6.430838453748563666e+00 1.768614101541448463e-02
2.459682510121999774e+06 6.472856812504311996e+00 1.768246579763328025e-02
2.459683013716000132e+06 6.396040425567556476e+00 1.768469474758945642e-02
2.459683506783000194e+06 6.460016094518239882e+00 1.768308705997809552e-02
2.459683999849999789e+06 6.418619039121006509e+00 1.768209392104384478e-02
2.459684503444000147e+06 6.439711331843730235e+00 1.768088730586509991e-02
2.459684996511000209e+06 6.383616667611094364e+00 1.768562091972589526e-02
2.459685489577999804e+06 6.432982944870230924e+00 1.768611381501769900e-02
2.459685993170999922e+06 6.458368183906991966e+00 1.768452458949994546e-02
2.459686486237999983e+06 6.436574494811998726e+00 1.768413140676419054e-02
2.459686979305999819e+06 6.415232490563636425e+00 1.768458190867306171e-02
2.459687482898999937e+06 6.451394505542279667e+00 1.768325488673455625e-02
2.459687975965999998e+06 6.434470290845067275e+00 1.768427658922821707e-02
2.459688469033000059e+06 6.445698687573833574e+00 1.768545278874626703e-02
2.459688972626999952e+06 6.430340939221669494e+00 1.768477274716406117e-02
2.459689465694000013e+06 6.421551945230976166e+00 1.768425906043901569e-02
2.459689958761000074e+06 6.409621730473258339e+00 1.768092193908547480e-02
2.459690462354999967e+06 6.399469889737845918e+00 1.768238876540953811e-02
2.459690955422000028e+06 6.418246608630043148e+00 1.768106794475826637e-02
2.459691448489000089e+06 6.418536274922112206e+00 1.768186592116890998e-02
2.459691952082000207e+06 6.418619039121006509e+00 1.768209392104384478e-02
2.459692445150000043e+06 6.451596535139071165e+00 1.768380864931281410e-02
2.459692938217000104e+06 6.437357078536365407e+00 1.768628151213928398e-02
2.459693441810000222e+06 6.410530930837885499e+00 1.768342996551042212e-02
2.459693934876999818e+06 6.424190339784553672e+00 1.768560801552496869e-02
2.459807647255999967e+06 6.426954125475062618e+00 1.768137774964464656e-02
2.459808150849000085e+06 6.447717484332859073e+00 1.768505331607759037e-02
2.459808643916000146e+06 6.424770221955145466e+00 1.768128698211602831e-02
2.459809136983000208e+06 6.427078434990846745e+00 1.768171974111736044e-02
2.459809640577000100e+06 6.428363107452347514e+00 1.768525404035661136e-02
2.459810133644000161e+06 6.443674588058876829e+00 1.768583398827815178e-02
2.459810626711000223e+06 6.418743187420369090e+00 1.768243592636867603e-02
2.459811130305000115e+06 6.400583977194874485e+00 1.768546710281455533e-02
2.459811623372000176e+06 6.418081090903914543e+00 1.768061197440683185e-02
2.459812116438999772e+06 6.411641038575695895e+00 1.768058685467898544e-02
2.459812620031999890e+06 6.397937599520049368e+00 1.768404760937019801e-02
2.459813113100000191e+06 6.444250293606511804e+00 1.768147874273974865e-02
2.459813606166999787e+06 6.438554853000959532e+00 1.768364220287377622e-02
2.459814109759999905e+06 6.417874199748804465e+00 1.768595310858785824e-02
2.459814602826999966e+06 6.464890896646711127e+00 1.768452215086453380e-02
2.459815095894000027e+06 6.456922890057466446e+00 1.768056703646283742e-02
2.459815599487999920e+06 6.434221388281030407e+00 1.768359251399167706e-02
2.459816092554999981e+06 6.447509637828678031e+00 1.768448322650450696e-02
2.459816585622000042e+06 6.436325510851732545e+00 1.768344733714375880e-02
2.459817089215999935e+06 6.442600470897606790e+00 1.768288587885105678e-02
2.459817582282999996e+06 6.406110122299859100e+00 1.768303566961708026e-02
2.459818075350000057e+06 6.413997702090038722e+00 1.768117802300978036e-02
2.459818578943999950e+06 6.433599173993601816e+00 1.768188244166881556e-02
2.459819072011000011e+06 6.425758509112038830e+00 1.768400679749277879e-02
2.459819565078000072e+06 6.415770200017856695e+00 1.768606418806047478e-02
2.459820068671000190e+06 6.416390690007260922e+00 1.768186495059216254e-02
2.459820561737999786e+06 6.414121761003952038e+00 1.768152001061940037e-02
2.459821054806000087e+06 6.436532996816423768e+00 1.768401739332312039e-02
2.459821558399000205e+06 6.407555845549686602e+00 1.768112477887149800e-02
2.459822051465999801e+06 6.434470290845067275e+00 1.768427658922821707e-02
2.459822544532999862e+06 6.419322577901522386e+00 1.768403203868540094e-02
2.459823048127000220e+06 6.428114441130561296e+00 1.768456992730970539e-02
2.459823541193999816e+06 6.443300703758247039e+00 1.768480779498092861e-02
2.459824034260999877e+06 6.432283833303495513e+00 1.768419175695464668e-02
2.459824537854999769e+06 6.431454477446548523e+00 1.768191162000964933e-02
2.459825030921999831e+06 6.451762917204562520e+00 1.768426470210420973e-02
2.459825523988999892e+06 6.422374108898001310e+00 1.768060798504232298e-02
2.459826027582000010e+06 6.444458035040154797e+00 1.768204873545815500e-02
2.459826520649999846e+06 6.392824764057984943e+00 1.768169163221632728e-02
2.459827013716999907e+06 6.454776363411695250e+00 1.768063441253928461e-02
2.459827517310000025e+06 6.434879223103321166e+00 1.768540048456603356e-02
2.459828010377000086e+06 6.424024668777819969e+00 1.768515192809142975e-02
2.459828503444000147e+06 6.446808947557451042e+00 1.768256134564747534e-02
2.459829007038000040e+06 6.431247155191339715e+00 1.768134163171130799e-02
2.459829500105000101e+06 6.421717552467936407e+00 1.768471512484613359e-02
2.459829993172000162e+06 6.420930956128052536e+00 1.768254892365845807e-02
2.459830496766000055e+06 6.436035041737681262e+00 1.768264928936436747e-02
2.459830989833000116e+06 6.429884918050842835e+00 1.768351859425830105e-02
2.459831482900000177e+06 6.419115646726224256e+00 1.768346198203388231e-02
2.459831986494000070e+06 6.422456922584075301e+00 1.768083596869672244e-02
2.459832479561000131e+06 6.446357695835254198e+00 1.768132363466131188e-02
2.459832972628000192e+06 6.420144456138353384e+00 1.768629615937658897e-02
2.459833476220999844e+06 6.410365612088445353e+00 1.768297393424573746e-02
2.459833969287999906e+06 6.425060182668884678e+00 1.768208496841219834e-02
2.459834462356000207e+06 6.454817979026981511e+00 1.768074840416940588e-02
2.459834965948999859e+06 6.420434208083480421e+00 1.768118093330613844e-02
2.459835459015999921e+06 6.429434850945333402e+00 1.768228081626843293e-02
2.459835952082999982e+06 6.407597156722060205e+00 1.768123877366313199e-02
2.459836455676999874e+06 6.441941846735630861e+00 1.768107816534377277e-02
2.459836948743999936e+06 6.404546748047946103e+00 1.768461903223088327e-02
2.459837441810999997e+06 6.422746778894712349e+00 1.768163393463789007e-02
2.459837945404999889e+06 6.460141043515383430e+00 1.768342908451212697e-02
2.459838438471999951e+06 6.428854547758098725e+00 1.768068486201224143e-02
2.459838931539000012e+06 6.398521005229199865e+00 1.768566015625358187e-02
2.459839435132000130e+06 6.423734754796459612e+00 1.768435380338444218e-02
2.459839928199999966e+06 6.449451779176193611e+00 1.768387004363065895e-02
2.459840421267000027e+06 6.452297745763246439e+00 1.768573066573669167e-02
2.459840924860000145e+06 6.471944733389434212e+00 1.768593507319225766e-02
2.459841417927000206e+06 6.442351253836426928e+00 1.768220185741098752e-02
2.459841910993999802e+06 6.400955382779366154e+00 1.768059783659119491e-02
2.459842414588000160e+06 6.449119138536563156e+00 1.768295797016397261e-02
2.459842907655000221e+06 6.443383787283548436e+00 1.768503583279002964e-02
2.459843400721999817e+06 6.443923856312173015e+00 1.768058307701950160e-02
2.459843904316000175e+06 6.419074261291640049e+00 1.768334797290873825e-02
2.459844397382999770e+06 6.416473426539783809e+00 1.768209295045457957e-02
2.459844890449999832e+06 6.429642114777834649e+00 1.768285083484305228e-02
2.459845394044000190e+06 6.397483876300301020e+00 1.768279350788910451e-02
2.459845887110999785e+06 6.420227241074036861e+00 1.768061096856191755e-02
2.459846380177999847e+06 6.386339469695092141e+00 1.768140029021143464e-02
2.459846883770999964e+06 6.434837736037532174e+00 1.768528646294294585e-02
2.459847376838000026e+06 6.425143030990698279e+00 1.768231297111165154e-02
2.459847869905999862e+06 6.421137945822954940e+00 1.768311895087597285e-02
2.459848373498999979e+06 6.428771651578550461e+00 1.768637799781480266e-02
2.459848866566000041e+06 6.445366240505839173e+00 1.768454063364707091e-02
2.459849359633000102e+06 6.426995561713173544e+00 1.768149174606725368e-02
2.459849863226999994e+06 6.435626036027927377e+00 1.768152556886315452e-02
2.459850356294000056e+06 6.451186540506850697e+00 1.768268485513505364e-02
2.459850849361000117e+06 6.441651124158309649e+00 1.768621320442537517e-02
2.459851352955000009e+06 6.411930406747250011e+00 1.768138480937722287e-02
2.459851846022000071e+06 6.446399257173210273e+00 1.768143763073502794e-02
2.459852339089000132e+06 6.428363107452347514e+00 1.768525404035661136e-02
2.459852842681999784e+06 6.432200892905369116e+00 1.768396373002939156e-02
2.459853335750000086e+06 6.440245161368181037e+00 1.768235298952326381e-02
2.459853828817000147e+06 6.407514534643652837e+00 1.768101078481480390e-02
2.459854332409999799e+06 6.433148846904525264e+00 1.768064477820331312e-02
2.459854825476999860e+06 6.430962838394622239e+00 1.768055996335164345e-02
2.459855318543999922e+06 6.422001460524912275e+00 1.768549697690802516e-02
2.459855822137999814e+06 6.427824342579208761e+00 1.768377182886820762e-02
2.459856315204999875e+06 6.406440544567279183e+00 1.768394774709144274e-02
2.459856808271999937e+06 6.407803716579126174e+00 1.768180875864572288e-02
2.459857311865999829e+06 6.432775573343826991e+00 1.768554369125871842e-02
2.459857804932999890e+06 6.446482380652991395e+00 1.768166562508734219e-02
2.459858297999999952e+06 6.429559208443064833e+00 1.768262282520817116e-02
2.459858801593999844e+06 6.417998333641535602e+00 1.768629518855665758e-02
2.459859294660999905e+06 6.409869681419759324e+00 1.768160591101301457e-02
2.459859787727999967e+06 6.430589691673725738e+00 1.768545686805694794e-02
2.459860291321000084e+06 6.422746778894712349e+00 1.768163393463789007e-02
2.459860784388000146e+06 6.461628717230126995e+00 1.768154993336282232e-02
2.459861277455999982e+06 6.459522272133385812e+00 1.768173531346604876e-02
2.459861781049000099e+06 6.420972353533230148e+00 1.768266292763192443e-02
2.459862274116000161e+06 6.437772123664225354e+00 1.768149241835714064e-02
2.459862767183000222e+06 6.446684256423410808e+00 1.768221933789684147e-02
2.459863270777000114e+06 6.425924224833296172e+00 1.768446285539427079e-02
2.459863763844000176e+06 6.464432425292906181e+00 1.768326801573038773e-02
2.459864256910999771e+06 6.383987088636434493e+00 1.768076729080450896e-02
2.459864760505000129e+06 6.400295121083708239e+00 1.768466896388384488e-02
2.459865253572000191e+06 6.420599786494817884e+00 1.768163691833061005e-02
2.459865746638999786e+06 6.446149893164768940e+00 1.768075366531701373e-02
2.459866250231999904e+06 6.414535308047239148e+00 1.768266001709162955e-02
2.459866743300000206e+06 6.429760554253388882e+00 1.768317656799301557e-02
2.459867236366999801e+06 6.429967828585493095e+00 1.768374661544372048e-02
2.459867739959999919e+06 6.432609680935740926e+00 1.768508760548395328e-02
2.459868233026999980e+06 6.418246608630043148e+00 1.768106794475826637e-02
2.459868726094000041e+06 6.454116494513657543e+00 1.768477139016982544e-02
2.459869229687999934e+06 6.456429304126142021e+00 1.768516207373656279e-02
2.459869722754999995e+06 6.412013085766383291e+00 1.768161280304842917e-02
2.459870215822000057e+06 6.410654922697851532e+00 1.768377199667690164e-02
2.459870719415999949e+06 6.458820276375806024e+00 1.768576252455626371e-02
2.459871212483000010e+06 6.442974314565943494e+00 1.768391196062558263e-02
2.459871705550000072e+06 6.450853810394169940e+00 1.768177284279633110e-02
2.459872209143999964e+06 6.416101120544687397e+00 1.768106697422532070e-02
2.459872702211000025e+06 6.432609680935740926e+00 1.768508760548395328e-02
2.459873195278000087e+06 6.412674556300531847e+00 1.768343685825683395e-02
2.459873698871000204e+06 6.422705370049429874e+00 1.768151993729856833e-02
2.459874191937999800e+06 6.437232570215911664e+00 1.768593943243494671e-02
2.459874685006000102e+06 6.401368080927513304e+00 1.768173778360674839e-02
2.459875188599000219e+06 6.437689112497924526e+00 1.768126442623822042e-02
2.459875681665999815e+06 6.401244268689255890e+00 1.768139579178506712e-02
2.459876174732999876e+06 6.458243269199661185e+00 1.768418254377717228e-02
2.459876678326999769e+06 6.426877173170193913e+00 1.768116604395256891e-02
2.459877171393999830e+06 6.413584189706391214e+00 1.768594524142136706e-02
2.459877664460999891e+06 6.430631151351271946e+00 1.768557089077868114e-02
2.459878168054999784e+06 6.441526532784455306e+00 1.768587112604221717e-02
2.459878661121999845e+06 6.412674556300531847e+00 1.768343685825683395e-02
2.459879154188999906e+06 6.436408504434991684e+00 1.768367535741035765e-02
2.459987411249999888e+06 6.393731581784661167e+00 1.768419976782171013e-02
2.459987904316999950e+06 6.454324554001166447e+00 1.768534148903235306e-02
2.459988407910000067e+06 6.416101120544687397e+00 1.768106697422532070e-02
2.459988900977000128e+06 6.441941846735630861e+00 1.768107816534377277e-02
2.459989394044000190e+06 6.425965654431371021e+00 1.768457687170735607e-02
2.459989897638000082e+06 6.436657491605797254e+00 1.768435943585156336e-02
2.459990390705000143e+06 6.394885899476458135e+00 1.768150254739360092e-02
2.459990883772000205e+06 6.440909544355252869e+00 1.768417712109019227e-02
2.459991387366000097e+06 6.442226648920993171e+00 1.768185985661340290e-02
2.459991880433000159e+06 6.431413012460837741e+00 1.768179762088002357e-02
2.459992373500000220e+06 6.411641038575695895e+00 1.768058685467898544e-02
2.459992877094000112e+06 6.430962838394622239e+00 1.768055996335164345e-02
2.459993370161000174e+06 6.433273276238002936e+00 1.768098675549896817e-02
2.459993863227999769e+06 6.433682132421947308e+00 1.768211044175677440e-02
2.459994366820999887e+06 6.417915577446261288e+00 1.768606713450893153e-02
2.459994859887999948e+06 6.445241577275957034e+00 1.768419858761397997e-02
2.459995352955999784e+06 6.419896107736036583e+00 1.768561200601771743e-02
2.459995856548999902e+06 6.404381583622325458e+00 1.768416297030180398e-02
2.459996349615999963e+06 6.438596364031965891e+00 1.768375621389589591e-02
2.459996842683000024e+06 6.448875608947027160e+00 1.768229023191883464e-02
2.459997346276999917e+06 6.441443473207324466e+00 1.768564307746251299e-02
2.459997839343999978e+06 6.410489600750832295e+00 1.768331595659169628e-02
2.459998332411000039e+06 6.406936209924155357e+00 1.768531595151167854e-02
2.459998836004999932e+06 6.447224602089471901e+00 1.768370141925921721e-02
2.459999329071999993e+06 6.445615574199321074e+00 1.768522474556083468e-02
2.459999822139000054e+06 6.394679756033903040e+00 1.768093257228193355e-02
2.460000325732000172e+06 6.442434325118987282e+00 1.768242986161766908e-02
2.460000818800000008e+06 6.425841366438462821e+00 1.768423482497336746e-02
2.460001311867000069e+06 6.453123845874366715e+00 1.768205145719812382e-02
2.460001815460000187e+06 6.428440077549091747e+00 1.768546579499643071e-02
2.460002308526999783e+06 6.423941834876609747e+00 1.768492388878534910e-02
2.460002801593999844e+06 6.456221176790598371e+00 1.768459198065760671e-02
2.460003305188000202e+06 6.413294746900192855e+00 1.768514708091243476e-02
2.460003798254999798e+06 6.405697118430861536e+00 1.768189563892642174e-02
2.460004291321999859e+06 6.425427090490151372e+00 1.768309471697279700e-02
2.460004794916000217e+06 6.411723713863554330e+00 1.768081483806091883e-02
2.460005287982999813e+06 6.458076720014831906e+00 1.768372649310452627e-02
2.460005781049999874e+06 6.434096940609617121e+00 1.768325048629667412e-02
2.460006284644000232e+06 6.418825954287308733e+00 1.768266393359357175e-02
2.460006777710999828e+06 6.427492817408705150e+00 1.768285976046710811e-02
2.460007270777999889e+06 6.442766620961026369e+00 1.768334190784486004e-02
2.460007774371000007e+06 6.426462830443107066e+00 1.768594512480286748e-02
2.460008267438000068e+06 6.420475602285995009e+00 1.768129492845981962e-02
2.460008760505999904e+06 6.426297100831954268e+00 1.768548902867568898e-02
2.460009264099000022e+06 6.401037920280398197e+00 1.768082582011473725e-02
2.460009757166000083e+06 6.415977023346934871e+00 1.768072499537811162e-02
2.460010250233000144e+06 6.432858521152205356e+00 1.768577173855688175e-02
2.460010753827000037e+06 6.412550525377767485e+00 1.768309483357244707e-02
2.460011246894000098e+06 6.435543052534124620e+00 1.768129757631678109e-02
2.460011739961000159e+06 6.451103356369781494e+00 1.768245684764038414e-02
2.460012243555000052e+06 6.452630550353010364e+00 1.768069978985056454e-02
2.460012736622000113e+06 6.459278349704021593e+00 1.768106762139048244e-02
2.460013229689000174e+06 6.448584573451449309e+00 1.768149223635919962e-02
2.460013733281999826e+06 6.404753209569848948e+00 1.768518912618183628e-02
2.460014226350000128e+06 6.456512556938961644e+00 1.768539011611392972e-02
2.460014719417000189e+06 6.414618020655429298e+00 1.768288802720608538e-02
2.460015223009999841e+06 6.434677717003588704e+00 1.768484667213999356e-02
2.460015716076999903e+06 6.456137927734948434e+00 1.768436394857171232e-02
2.460016209143999964e+06 6.414942973370196810e+00 1.768378380969085062e-02
2.460016712737999856e+06 6.434796249239218113e+00 1.768517244205497496e-02
2.460017205804999918e+06 6.414369886030434564e+00 1.768220400568284653e-02
2.460017698871999979e+06 6.438181265765077654e+00 1.768261613675152846e-02
2.460018202465999871e+06 6.425799937641701653e+00 1.768412081086554247e-02
2.460018695532999933e+06 6.404794502672904066e+00 1.768530314717737736e-02
2.460019188599999994e+06 6.431087225446538547e+00 1.768090193900681908e-02
2.460019692193999887e+06 6.399428630963727826e+00 1.768227476320365088e-02
2.460020185260999948e+06 6.414245822317402812e+00 1.768186200484371529e-02
2.460020678328000009e+06 6.445900538802418644e+00 1.768600662015330782e-02
2.460021181921000127e+06 6.413790942565689157e+00 1.768060805835937332e-02
2.460021674988000188e+06 6.432651153636683716e+00 1.768520162582496932e-02
2.460022168056000024e+06 6.432283833303495513e+00 1.768419175695464668e-02
2.460022671649000142e+06 6.412757244915146870e+00 1.768366487838830825e-02
2.460023164716000203e+06 6.445817422825134813e+00 1.768577856982649424e-02
2.460023657782999799e+06 6.431744739832008229e+00 1.768270963449677588e-02
2.460024161377000157e+06 6.422953827125768456e+00 1.768220393235917301e-02
2.460024654444000218e+06 6.458945202243550732e+00 1.768610460083886241e-02
2.460025147510999814e+06 6.452422545472845883e+00 1.768607274140308536e-02
2.460025651105000172e+06 6.432609680935740926e+00 1.768508760548395328e-02
2.460026144171999767e+06 6.424148921632339970e+00 1.768549399256393387e-02
2.460026637238999829e+06 6.456470930398364949e+00 1.768527609455768784e-02
2.460027140831999946e+06 6.424645957083727765e+00 1.768094499901352867e-02
2.460027633899999782e+06 6.439835888108147444e+00 1.768122928785170050e-02
2.460028126966999844e+06 6.447800624810598791e+00 1.768528135705257562e-02
2.460028630559999961e+06 6.453783613284003629e+00 1.768385927021482937e-02
2.460029123627000023e+06 6.408506069902316860e+00 1.768374684503085104e-02
2.460029616694000084e+06 6.415149770032230414e+00 1.768435387671703565e-02
2.460030120287999976e+06 6.444084105281219443e+00 1.768102276179439949e-02
2.460030613355000038e+06 6.426794302487669697e+00 1.768093805604204621e-02
2.460031106422000099e+06 6.409828355595922567e+00 1.768149191385435734e-02
2.460031610015999991e+06 6.415604746154889959e+00 1.768560808886281491e-02
2.460032103083000053e+06 6.452380945301440462e+00 1.768595871544580145e-02
2.460032596150000114e+06 6.457624679592090189e+00 1.768248870056254515e-02
2.460033099744000006e+06 6.395586836889894933e+00 1.768344060021519171e-02
2.460033592811000068e+06 6.428813099534720799e+00 1.768057087079184797e-02
2.460034085878000129e+06 6.433848052487791236e+00 1.768256645075261257e-02
2.460034589470999781e+06 6.432526736336007467e+00 1.768485956700728209e-02
2.460035082537999842e+06 6.445532461896482879e+00 1.768499670531582108e-02
2.460035575606000144e+06 6.439628295672515712e+00 1.768065932154873690e-02
2.460036079198999796e+06 6.416556164139156415e+00 1.768232095325695738e-02
2.460036572265999857e+06 6.445366240505839173e+00 1.768454063364707091e-02
2.460037065332999919e+06 6.441941846735630861e+00 1.768107816534377277e-02
2.460037568926999811e+06 6.448418273351058438e+00 1.768103625506586493e-02
2.460038061993999872e+06 6.423202293813466746e+00 1.768288795387957038e-02
2.460038555060999934e+06 6.428854547758098725e+00 1.768068486201224143e-02
2.460039058654999826e+06 6.441277357266059767e+00 1.768518698912472167e-02
2.460039551721999887e+06 6.420765369176306692e+00 1.768209291511461945e-02
2.460040044788999949e+06 6.415191130164602740e+00 1.768446789232749894e-02
2.460040548382000066e+06 6.427202746911013342e+00 1.768206173920484556e-02
2.460041041449999902e+06 6.423616426319211925e+00 1.768402804854920726e-02
2.460041534516999964e+06 6.421918652711745779e+00 1.768526893315275003e-02
2.460042038110000081e+06 6.426048514428843283e+00 1.768480490653880424e-02
2.460042531177000143e+06 6.432449717308202253e+00 1.768464781962611129e-02
2.460043024244000204e+06 6.394143814182132957e+00 1.768533994706984053e-02
2.460043527838000096e+06 6.406481848549019809e+00 1.768406176008349012e-02
2.460044020905000158e+06 6.417011240006290862e+00 1.768357502122346395e-02
2.460044513972000219e+06 6.437523093376443128e+00 1.768080845081980088e-02
2.460045017566000111e+06 6.421179344562649050e+00 1.768323295852455498e-02
2.460045510633000173e+06 6.444909153784126765e+00 1.768328649720212614e-02
2.460046003699999768e+06 6.422746778894712349e+00 1.768163393463789007e-02
2.460046507294000126e+06 6.424024668777819969e+00 1.768515192809142975e-02
2.460047000361000188e+06 6.396947699433591872e+00 1.768131150261936790e-02
2.460047493427999783e+06 6.428031554494217481e+00 1.768434189550817034e-02
2.460047997020999901e+06 6.450028000882880974e+00 1.768544999648964319e-02
2.460048490087999962e+06 6.420806765513900949e+00 1.768220691614807993e-02
2.460048983155999798e+06 6.440909544355252869e+00 1.768417712109019227e-02
2.460049486748999916e+06 6.404257713098321148e+00 1.768382093157330401e-02
2.460049979815999977e+06 6.388486773761445470e+00 1.768146136328738183e-02
2.460050472883000039e+06 6.401574439979643039e+00 1.768230778467572498e-02
2.460050976476999931e+06 6.445200023401817191e+00 1.768408457373977713e-02
2.460051469543999992e+06 6.428114441130561296e+00 1.768456992730970539e-02
2.460051962611000054e+06 6.398061347801037080e+00 1.768438965248307973e-02
2.460052466204999946e+06 6.423734754796459612e+00 1.768435380338444218e-02
2.460052959272000007e+06 6.423651924633515087e+00 1.768412577436970223e-02
2.460053452339000069e+06 6.399263598527285879e+00 1.768181876173003514e-02
2.460053955932000186e+06 6.410365612088445353e+00 1.768297393424573746e-02
2.460054449000000022e+06 6.408092911565869798e+00 1.768260676849055246e-02
2.460054942067000084e+06 6.462456012003502615e+00 1.768381373626534345e-02
2.460055445660000201e+06 6.436242518338624485e+00 1.768321931981734624e-02
2.460055938726999797e+06 6.446316134765255335e+00 1.768120963932255998e-02
2.460056431793999858e+06 6.426912689504099774e+00 1.768126375395699668e-02
2.460056935388000216e+06 6.424397434551265107e+00 1.768617814135754404e-02
2.460057428454999812e+06 6.400295121083708239e+00 1.768466896388384488e-02
2.460057921521999873e+06 6.426995561713173544e+00 1.768149174606725368e-02
2.460058425116000231e+06 6.433640653074062854e+00 1.768199644134530943e-02
2.460058918182999827e+06 6.405697118430861536e+00 1.768189563892642174e-02
