2.458346727899000049e+06 5.358983254713895583e+00 1.607592008455815610e-02
2.458347220966000110e+06 5.405705725645704618e+00 1.608662870688019192e-02
2.458347714033000171e+06 5.367588330058323365e+00 1.610173365720496755e-02
2.458348217627000064e+06 5.395851638111541781e+00 1.611197170555312905e-02
2.458348710694000125e+06 5.407244405830362588e+00 1.612606939820997870e-02
2.458349203761000186e+06 5.405372153727163287e+00 1.614039989233605199e-02
2.458349707355000079e+06 5.386834091936470337e+00 1.615450578739100612e-02
2.458350200422000140e+06 5.443908286053535939e+00 1.617023006655079337e-02
2.458350693489000201e+06 5.410318097144828364e+00 1.619005005137453754e-02
2.458351197081999853e+06 5.487301207129925196e+00 1.620309573629590341e-02
2.458351690150000155e+06 5.456874930089075093e+00 1.622382324282130653e-02
2.458352183217000216e+06 5.480820766120186427e+00 1.624453633219667334e-02
2.458352686809999868e+06 5.498319847997586329e+00 1.626601680442489942e-02
2.458353179876999930e+06 5.518273227555605231e+00 1.628438597110876823e-02
2.458353672943999991e+06 5.542794789038389069e+00 1.630569790212759926e-02
2.458354176537999883e+06 5.553981131612064637e+00 1.633349028568860731e-02
2.458354669604999945e+06 5.524049988970884506e+00 1.635739937261995389e-02
2.458355162672000006e+06 5.558300212499788451e+00 1.638714717464486575e-02
2.458355666265999898e+06 5.579586309707124769e+00 1.641393056168242992e-02
2.458356159332999960e+06 5.597710061065010123e+00 1.644662397416814248e-02
2.458356652400000021e+06 5.625143422585454189e+00 1.648059735765236219e-02
2.458357155993999913e+06 5.663801184759719831e+00 1.651560892265162631e-02
2.458357649060999975e+06 5.656778843938836232e+00 1.655244276504276232e-02
2.458358142128000036e+06 5.687203912601329847e+00 1.658908923942609484e-02
2.458358645721000154e+06 5.716844770825888489e+00 1.663342582838721675e-02
2.458359138788000215e+06 5.718672159616883910e+00 1.667561234303722648e-02
2.458359631856000051e+06 5.793497181242616811e+00 1.672304938017533937e-02
2.458360135449000169e+06 5.824754157046664993e+00 1.677571970913733709e-02
2.458360628516000230e+06 5.841839218892988406e+00 1.683030647464503135e-02
2.458361121582999825e+06 5.888604682921344313e+00 1.688910704299673160e-02
2.458361625177000184e+06 5.915790695812162880e+00 1.695073331258353452e-02
2.458362118243999779e+06 5.972074269090357213e+00 1.701849648891632857e-02
2.458362611310999840e+06 6.007237466822500593e+00 1.708550310494653252e-02
2.458363114905000199e+06 6.043860058669392465e+00 1.716739696000898693e-02
2.458363607971999794e+06 6.123712599158258385e+00 1.724757178231671462e-02
2.458364101038999856e+06 6.184525720138832838e+00 1.733341090027932727e-02
2.458364604631999973e+06 6.249706177706076282e+00 1.742974971559481390e-02
2.458365097699999809e+06 6.304206058365697807e+00 1.752948645057471333e-02
2.458365590766999871e+06 6.359280769445951442e+00 1.763577037671626088e-02
2.458366094359999988e+06 6.447693730107550536e+00 1.775625070669564071e-02
2.458366587427000050e+06 6.527132065490111046e+00 1.788483962286115114e-02
2.458367080494000111e+06 6.578347329155576517e+00 1.801911446921582172e-02
2.458367584088000003e+06 6.709701503344358109e+00 1.816879858420757804e-02
2.458368077155000065e+06 6.811670002309953453e+00 1.833198493291807521e-02
2.458368570222000126e+06 6.951216258401614390e+00 1.850266657659805844e-02
2.458369073816000018e+06 7.058291657668386065e+00 1.869666565275536138e-02
2.458369566883000080e+06 7.220412343854661685e+00 1.889999779993180307e-02
2.458370059950000141e+06 7.338714625851655349e+00 1.912855286592088713e-02
2.458370563544000033e+06 7.535332144023255019e+00 1.937731030236735166e-02
2.458371056611000095e+06 7.712159448434717568e+00 1.964734430047171757e-02
2.458371549678000156e+06 7.878972778250031617e+00 1.993443538771407994e-02
2.458372053270999808e+06 8.150833092003134439e+00 2.026942571497930556e-02
2.458372546337999869e+06 8.382616540834614938e+00 2.062964401385122479e-02
2.458373039406000171e+06 8.672805363645489152e+00 2.102428160457270670e-02
2.458373542998999823e+06 9.020811337082434989e+00 2.146909755138335166e-02
2.458374036065999884e+06 9.363210777434309406e+00 2.196490984238464242e-02
2.458374529132999945e+06 9.724811679771224959e+00 2.251760276188929932e-02
2.458375032726999838e+06 1.023336347632269927e+01 2.314847804439521678e-02
2.458375525793999899e+06 1.073491969633208321e+01 2.385787736812169935e-02
2.458376018860999960e+06 1.139274560806660830e+01 2.465880023308310645e-02
2.458376522454999853e+06 1.209928202730921853e+01 2.560856861630633752e-02
2.458377015521999914e+06 1.294573760116726646e+01 2.668471459682657601e-02
2.458377508588999975e+06 1.390574944613868169e+01 2.795914045040363838e-02
2.458378012182000093e+06 1.521315184308535073e+01 2.950891537109153265e-02
2.458378505249999929e+06 1.674495558742527379e+01 3.135429633832581553e-02
2.458378998316999990e+06 1.861701291376675726e+01 3.362507592903703907e-02
2.458379501910000108e+06 2.119461831757084980e+01 3.660180914230289073e-02
2.458379994977000169e+06 2.453409259344792659e+01 4.044815448707912015e-02
2.458380488044000231e+06 2.937606361475405237e+01 4.572523905103997865e-02
2.458380991638000123e+06 3.676617076488886937e+01 5.374041387601775910e-02
2.458381484705000184e+06 4.885772041918521325e+01 6.641944426526909251e-02
2.458381977771999780e+06 7.152996293431174024e+01 8.986240765926772900e-02
2.458383971094000153e+06 5.409411251297669310e+01 7.199353971866899460e-02
2.458384464161000215e+06 3.960645752157134325e+01 5.690707693349458807e-02
2.458384957227999810e+06 3.142620940129008389e+01 4.793227170694725620e-02
2.458385460820999928e+06 2.592504984132484935e+01 4.185787686979329514e-02
2.458385953887999989e+06 2.214995253943444453e+01 3.763958708953660248e-02
2.458386446955999825e+06 1.943927215295126487e+01 3.448354950540191005e-02
2.458386950548999943e+06 1.724563539246923227e+01 3.197412400259247445e-02
2.458387443616000004e+06 1.567186926103648936e+01 3.002339603312544417e-02
2.458387936683000065e+06 1.434276226725994086e+01 2.841508047873277445e-02
2.458388440276999958e+06 1.320677563998662407e+01 2.704032721671147457e-02
2.458388933344000019e+06 1.231967355199405389e+01 2.590483268029920849e-02
2.458389426411000080e+06 1.156442383125891205e+01 2.493452467582403520e-02
2.458389930004999973e+06 1.094496557682437121e+01 2.407267776732108927e-02
2.458390423072000034e+06 1.036650591911089059e+01 2.333507932707382104e-02
2.458390916139000095e+06 9.908301197145558348e+00 2.269607015894852323e-02
2.458391419732000213e+06 9.422739829191197458e+00 2.210455747885502198e-02
2.458391912800000049e+06 9.094306774649872693e+00 2.160213233107294295e-02
2.458392405867000110e+06 8.746961198493718115e+00 2.114765358788142299e-02
2.458392909460000228e+06 8.465667363597376038e+00 2.072487198440118791e-02
2.458393402526999824e+06 8.223365621797066538e+00 2.035891102693285909e-02
2.458393895593999885e+06 7.949598593983986383e+00 2.002526217626658667e-02
2.458394399187999777e+06 7.777549789314397444e+00 1.971364400154766369e-02
2.458394892254999839e+06 7.568586870081462692e+00 1.944191295100049233e-02
2.458395385321999900e+06 7.383481652124468830e+00 1.919083579508795018e-02
2.458395888915999793e+06 7.254368288660797859e+00 1.895547255837844516e-02
2.458396381982999854e+06 7.107845840838413309e+00 1.874282404246961284e-02
2.458396875049999915e+06 6.960236553906571366e+00 1.855231915333695192e-02
2.458397378643999808e+06 6.879549502324536547e+00 1.836893153220559363e-02
2.458397871710999869e+06 6.728781098296211738e+00 1.820806820308462290e-02
2.458398364777999930e+06 6.625526570826325568e+00 1.805681070333517088e-02
2.458398868371000048e+06 6.525719466331787899e+00 1.791102104217006871e-02
2.458399361438000109e+06 6.478331987117467605e+00 1.778095750791578930e-02
2.458399854505999945e+06 6.376242122611778029e+00 1.766518996121061932e-02
2.458400358099000063e+06 6.279721737214729593e+00 1.754816286609312687e-02
2.458400851166000124e+06 6.251496609867827736e+00 1.744625871817478621e-02
2.458401344233000185e+06 6.165739897351084409e+00 1.734890602695131692e-02
2.458401847827000078e+06 6.120926999934851231e+00 1.726227640900650576e-02
2.458402340894000139e+06 6.073289731390433488e+00 1.717827284690661913e-02
2.458402833961000200e+06 6.007154474343139761e+00 1.710186544284122978e-02
2.458403337555000093e+06 5.945593319469420379e+00 1.702517568192203276e-02
2.458403830622000154e+06 5.931170382135186436e+00 1.696202443634304766e-02
2.458404323689000215e+06 5.880956946275579966e+00 1.689425537717953799e-02
2.458404827281999867e+06 5.839886411965339086e+00 1.683543791700628511e-02
2.458405320350000169e+06 5.804221799696769324e+00 1.678073564223358030e-02
2.458405813417000230e+06 5.802725144656546874e+00 1.672830805786850936e-02
2.458406317009999882e+06 5.742698291214299644e+00 1.668220174579591875e-02
2.458406810076999944e+06 5.733138057770013951e+00 1.663858858244272876e-02
2.458407303144000005e+06 5.697889202847216339e+00 1.659401757116177323e-02
2.458407806737999897e+06 5.661057942083408179e+00 1.655453588758134392e-02
2.458408299804999959e+06 5.630840167731902213e+00 1.651803251621450017e-02
2.458408792872000020e+06 5.644595172524431881e+00 1.648039976790547853e-02
2.458409296465999912e+06 5.592927632744897792e+00 1.644802655847029879e-02
2.458409789532999974e+06 5.591475161345120348e+00 1.641800534627955652e-02
2.458410282600000035e+06 5.575178798967757920e+00 1.638555983446209063e-02
2.458410786193999927e+06 5.585571300424228447e+00 1.635951408593391485e-02
2.458411279260999989e+06 5.545210028657753476e+00 1.633323232101118599e-02
2.458411772328000050e+06 5.529827704582021219e+00 1.630829683349845419e-02
2.458412275921000168e+06 5.504222737127414611e+00 1.628347968334697971e-02
2.458412768988000229e+06 5.514112215327368283e+00 1.626194948285022979e-02
2.458413262056000065e+06 5.483148398599800188e+00 1.624133484046915571e-02
2.458413765649000183e+06 5.472381927845776595e+00 1.622456481467319384e-02
2.458414258715999778e+06 5.442825364414532352e+00 1.620210461868735671e-02
2.458414751782999840e+06 5.429607048904995459e+00 1.618776083940280316e-02
2.458415255377000198e+06 5.424453616765407382e+00 1.616740035648279658e-02
2.458415748443999793e+06 5.410442675757081155e+00 1.615554043232076548e-02
2.458416241510999855e+06 5.405247691866670756e+00 1.614002825017292822e-02
2.458416745105000213e+06 5.387623021452894179e+00 1.612709859262966700e-02
2.458417238171999808e+06 5.402714271449042371e+00 1.611255914124108332e-02
2.458417731238999870e+06 5.391196978958342712e+00 1.609807292893635985e-02
2.458418234831999987e+06 5.391902122649571361e+00 1.608528010646243303e-02
2.458526481366999913e+06 5.213824397908371822e+00 1.581814946526179794e-02
2.458526984960000031e+06 5.201938339054805738e+00 1.582041781445932271e-02
2.458527478027000092e+06 5.226045661901060235e+00 1.581672046096361042e-02
2.458527971094000153e+06 5.199859390165284090e+00 1.581888444950774880e-02
2.458528474688000046e+06 5.249326668563315756e+00 1.581949352362753761e-02
2.458528967755000107e+06 5.215735987928534101e+00 1.581914514131436619e-02
2.458529460822000168e+06 5.222056904517450526e+00 1.581907749201755947e-02
2.458529964416000061e+06 5.210871936690693929e+00 1.581879081499232634e-02
2.458530457483000122e+06 5.244711456452238352e+00 1.582007668585344237e-02
2.458530950550000183e+06 5.219479545763473283e+00 1.581607726656519483e-02
2.458531454144000076e+06 5.210291242808565926e+00 1.581702798620656519e-02
2.458531947211000137e+06 5.234856727545668775e+00 1.581927990225172678e-02
2.458532440278000198e+06 5.244793576577170491e+00 1.581549375848524674e-02
2.458532943870999850e+06 5.213992474458139625e+00 1.581865939037298621e-02
2.458533436937999912e+06 5.231742977087642466e+00 1.581950764698410866e-02
2.458533930006000213e+06 5.223384548291698515e+00 1.581828838305072635e-02
2.458534433598999865e+06 5.195038853770084231e+00 1.581857395497826557e-02
2.458534926665999927e+06 5.192374399444164013e+00 1.582002556245943117e-02
2.458535419732999988e+06 5.234278181770772420e+00 1.581753158744089380e-02
2.458535923326999880e+06 5.220561304469043762e+00 1.581935521393927277e-02
2.458536416393999942e+06 5.218647945949294709e+00 1.581836390354609753e-02
2.458536909461000003e+06 5.218979608602645648e+00 1.581936921384835548e-02
2.458537413054999895e+06 5.216235614376018681e+00 1.581585616033799255e-02
2.458537906121999957e+06 5.219642997145524710e+00 1.581657255726711536e-02
2.458538399189000018e+06 5.227624684426277923e+00 1.581668458054773241e-02
2.458538902782000136e+06 5.219436280077938584e+00 1.581594616279912227e-02
2.458539395849999972e+06 5.209916945518488163e+00 1.581589172137290444e-02
2.458539888917000033e+06 5.232489915473080622e+00 1.581694690415920077e-02
2.458540392510000151e+06 5.221224894062510558e+00 1.581655709859758688e-02
2.458540885577000212e+06 5.219397821991867303e+00 1.581582962703046921e-02
2.458541378643999808e+06 5.212537591321882324e+00 1.581904636516359361e-02
2.458541882238000166e+06 5.193833222171953423e+00 1.581968657805692818e-02
2.458542375305000227e+06 5.224924267968710900e+00 1.581813887530728047e-02
2.458542868371999823e+06 5.218148088441552979e+00 1.581684877394945107e-02
2.458543371966000181e+06 5.218691205100076225e+00 1.581849502735370103e-02
2.458543865032999776e+06 5.231824894155998606e+00 1.581975534410817383e-02
2.458544358099999838e+06 5.216360528465892266e+00 1.581623490536101032e-02
2.458544861694000196e+06 5.235690910254862551e+00 1.581697848001818382e-02
2.458545354760999791e+06 5.210334432687770523e+00 1.581715909894023872e-02
2.458545847827999853e+06 5.220186269397527390e+00 1.581821878192210193e-02
2.458546351420999970e+06 5.216278853530162074e+00 1.581598726335805769e-02
2.458546844488000032e+06 5.214160556426125304e+00 1.581916933192243496e-02
2.458547337555999868e+06 5.239680429827593855e+00 1.581937893726321695e-02
2.458547841148999985e+06 5.206923535032385253e+00 1.581639604839587057e-02
2.458548334216000047e+06 5.204641256547205330e+00 1.581905077065376072e-02
2.458548827283000108e+06 5.224880957150377370e+00 1.581800775445192306e-02
2.458549330877000000e+06 5.212412768778366789e+00 1.581866755281572876e-02
2.458549823944000062e+06 5.247040302189566852e+00 1.581743597920474628e-02
2.458550317011000123e+06 5.216197179873252487e+00 1.581573962523254856e-02
2.458550820605000015e+06 5.194785265156296461e+00 1.581780179323814470e-02
2.458551313672000077e+06 5.231950181565014901e+00 1.581531537830742004e-02
2.458551806739000138e+06 5.220561304469043762e+00 1.581935521393927277e-02
2.458552310331999790e+06 5.247078963953693886e+00 1.581755252680943843e-02
2.458552803400000092e+06 5.249118775913105495e+00 1.581886701347847216e-02
2.458553296467000153e+06 5.233569550333621478e+00 1.581539016511832041e-02
2.458553800059999805e+06 5.178285605104256284e+00 1.581525511563000239e-02
2.458554293126999866e+06 5.222263725375536403e+00 1.581489412786038842e-02
2.458554786193999927e+06 5.208045862361466938e+00 1.581500840900017940e-02
2.458555289787999820e+06 5.240597435625423017e+00 1.581732074631356233e-02
2.458555782854999881e+06 5.227085452369204077e+00 1.581505308175481725e-02
2.458556275921999943e+06 5.224510423713048191e+00 1.581688598711731078e-02
2.458556779515999835e+06 5.222845753606753405e+00 1.581665671882480015e-02
2.458557272582999896e+06 5.213493062865202532e+00 1.581714423247374338e-02
2.458557765649999958e+06 5.207297617266152479e+00 1.581753234946196504e-02
2.458558269243999850e+06 5.210915131383468513e+00 1.581892194233869287e-02
2.458558762310999911e+06 5.233111642276266018e+00 1.581882628089832654e-02
2.458559255377999973e+06 5.217359948879039422e+00 1.581926519207859858e-02
2.458559758971000090e+06 5.204056463889926931e+00 1.581727334464497550e-02
2.458560252038000152e+06 5.194373808084169042e+00 1.581654893174702647e-02
2.458560745105999988e+06 5.232779081541652388e+00 1.581782100509908709e-02
2.458561248699000105e+06 5.228168787430350406e+00 1.581833081686236098e-02
2.458561741766000167e+06 5.204722749264918846e+00 1.581929846062419404e-02
2.458562234833000228e+06 5.197489252987104180e+00 1.581646114094070396e-02
2.458562738427000120e+06 5.211207904850099659e+00 1.581501102314835858e-02
2.458563231494000182e+06 5.238348644078833161e+00 1.581535807688727244e-02
2.458563724560999777e+06 5.194330750506922278e+00 1.581641782407118904e-02
2.458564228155000135e+06 5.198485057787810781e+00 1.581949147100348771e-02
2.458564721222000197e+06 5.239762471178213588e+00 1.581480063278919643e-02
2.458565214288999792e+06 5.217028389153976597e+00 1.581825988838684791e-02
2.458565717881999910e+06 5.217898177642153357e+00 1.581609126357334111e-02
2.458566210950000212e+06 5.213910836600111232e+00 1.581841171040876751e-02
2.458566704016999807e+06 5.224053308278573837e+00 1.581550209807821433e-02
2.458567207609999925e+06 5.189008713827510277e+00 1.581932956412307120e-02
2.458567700676999986e+06 5.204598113860268604e+00 1.581891964223944985e-02
2.458568193744000047e+06 5.229122308010238029e+00 1.581639958605888727e-02
2.458568697337999940e+06 5.226170810913825626e+00 1.581709922668418297e-02
2.458569190405000001e+06 5.220643046458110170e+00 1.581479451873473926e-02
2.458569683472000062e+06 5.211164707730446821e+00 1.581487992822066396e-02
2.458570187065999955e+06 5.232697149533149350e+00 1.581757333826185052e-02
2.458570680133000016e+06 5.218104833792830632e+00 1.581671766378814348e-02
2.458571173200000077e+06 5.236438412288560329e+00 1.581923667741436806e-02
2.458571676793999970e+06 5.211246302590409663e+00 1.581512755288529484e-02
2.458572169861000031e+06 5.224385314460906926e+00 1.581650722650309801e-02
2.458572662928000093e+06 5.218897892658783455e+00 1.581912152277010694e-02
2.458573166521000210e+06 5.197656802945510357e+00 1.581697101162581748e-02
2.458573659587999806e+06 5.212993699107382639e+00 1.581562921970079347e-02
2.458574152656000108e+06 5.233530988110167037e+00 1.581527363344644929e-02
2.458574656249000225e+06 5.198360571754669479e+00 1.581911264799685385e-02
2.458575149315999821e+06 5.229868872241528521e+00 1.581865770080610398e-02
2.458575642382999882e+06 5.217066829781341397e+00 1.581837644206234711e-02
2.458576145976999775e+06 5.214573580847452483e+00 1.581561960122348023e-02
2.458576639043999836e+06 5.210084896104842045e+00 1.581640157370185415e-02
2.458577132110999897e+06 5.213785981172024186e+00 1.581803291325867278e-02
2.458577635704999790e+06 5.209211612174664552e+00 1.581854838226188706e-02
2.458578128771999851e+06 5.203227321376692416e+00 1.581475323867293295e-02
2.458578621838999912e+06 5.210958326434298016e+00 1.581905307077201978e-02
2.458579125432000030e+06 5.229497985075695965e+00 1.581753588737918464e-02
2.458579618499999866e+06 5.204972029028271940e+00 1.581526216820734396e-02
2.458580111566999927e+06 5.208712658506832405e+00 1.581703323499532993e-02
2.458580615160000045e+06 5.207839604583087478e+00 1.581917867401429895e-02
2.458581108227000106e+06 5.207839604583087478e+00 1.581917867401429895e-02
2.458581601294000167e+06 5.219729532302366692e+00 1.581683477627092091e-02
2.458582104888000060e+06 5.241466325998842102e+00 1.581511568714558807e-02
2.458582597955000121e+06 5.219686264544625587e+00 1.581670366622564203e-02
2.458583091022000182e+06 5.200027016529133128e+00 1.581460499643583609e-02
2.458583594616000075e+06 5.195574779863739501e+00 1.581542051577338945e-02
2.458584087683000136e+06 5.242963086022774277e+00 1.581480292494227141e-02
2.458584580750000197e+06 5.184771246994785976e+00 1.581596182828972491e-02
2.458585084344000090e+06 5.226464441515542347e+00 1.581798790494047882e-02
2.458585577411000151e+06 5.191336732422362488e+00 1.581686401871328432e-02
2.458586070478000212e+06 5.216985143786727619e+00 1.581812876652837277e-02
2.458586574070999864e+06 5.231868262534976388e+00 1.581506775070192633e-02
2.458587067137999926e+06 5.196575004084244220e+00 1.581846521579747047e-02
2.458587560206000227e+06 5.214198975922456292e+00 1.581448343756548455e-02
2.458588063798999880e+06 5.221181613909308794e+00 1.581642599085405360e-02
2.458588556865999941e+06 5.208295301285045475e+00 1.581576586751306038e-02
2.458589049933000002e+06 5.232200765383973717e+00 1.581607285152257167e-02
2.458589553526999895e+06 5.218273048329772124e+00 1.581722754274276360e-02
2.458590046593999956e+06 5.182689612038711147e+00 1.581915874134682404e-02
2.458590539661000017e+06 5.209835371472874677e+00 1.581564408474334105e-02
2.458591043254999910e+06 5.228250648535112788e+00 1.581857849555997481e-02
2.458591536321999971e+06 5.199399642732102755e+00 1.581748581716488009e-02
2.458592029389000032e+06 5.228664789061705953e+00 1.581501573957721368e-02
2.458592532982000150e+06 5.219479545763473283e+00 1.581607726656519483e-02
2.458593026049999986e+06 5.207383947752026288e+00 1.581779458437792760e-02
2.458593519117000047e+06 5.204598113860268604e+00 1.581891964223944985e-02
2.458594022710000165e+06 5.185602224617299250e+00 1.581849669621961454e-02
2.458594515777000226e+06 5.205552130076954498e+00 1.581702480019034351e-02
2.458595008843999822e+06 5.214405485565330345e+00 1.581510977410193614e-02
2.458595512438000180e+06 5.231078050702411275e+00 1.581749707267227079e-02
2.458596005504999775e+06 5.225092702341780360e+00 1.581864880007708557e-02
2.458596498571999837e+06 5.225381459613936741e+00 1.581471024088812460e-02
2.458597002166000195e+06 5.212787245376445000e+00 1.581500286259238455e-02
2.458597495232999790e+06 5.209916945518488163e+00 1.581589172137290444e-02
2.458597988299999852e+06 5.214448709548896055e+00 1.581524087093490183e-02
2.458712204272000119e+06 5.195617847753187135e+00 1.581555161518225297e-02
2.458712697339000180e+06 5.215947362507982632e+00 1.581498216797648168e-02
2.458713200931999832e+06 5.197029715110434545e+00 1.581506272285548159e-02
2.458713694000000134e+06 5.221474964194714907e+00 1.581731463128482548e-02
2.458714187067000195e+06 5.226252640734869281e+00 1.581734688609792369e-02
2.458714690659999847e+06 5.225131202389419194e+00 1.581876535661819877e-02
2.458715183726999909e+06 5.221806806514597277e+00 1.581831987490229727e-02
2.458715676793999970e+06 5.215447763670097103e+00 1.581827096720202219e-02
2.458716180387999862e+06 5.228250648535112788e+00 1.581857849555997481e-02
2.458716673454999924e+06 5.204137947451132007e+00 1.581752100678500417e-02
2.458717166521999985e+06 5.230870880764612707e+00 1.581687064159001399e-02
2.458717670115999877e+06 5.227836540810846699e+00 1.581732557254952529e-02
2.458718163182999939e+06 5.205969267479716223e+00 1.581829226855482884e-02
2.458718656250000000e+06 5.251942951746158883e+00 1.581770357932917731e-02
2.458719159843999892e+06 5.207091389121031533e+00 1.581690591698266951e-02
2.458719652910999954e+06 5.213824397908371822e+00 1.581814946526179794e-02
2.458720145978000015e+06 5.229868872241528521e+00 1.581865770080610398e-02
2.458720649571000133e+06 5.240804990785820294e+00 1.581794719522227818e-02
2.458721142638000194e+06 5.203308791955431722e+00 1.581500086135389713e-02
2.458721635706000030e+06 5.217609833900016092e+00 1.581521725821990673e-02
2.458722139299000148e+06 5.243088640159982994e+00 1.581518164474322863e-02
2.458722632366000209e+06 5.219104588403419953e+00 1.581494107002945695e-02
2.458723125432999805e+06 5.192001389265613831e+00 1.581888908228567051e-02
2.458723629027000163e+06 5.199026127873617398e+00 1.581634951944157347e-02
2.458724122094000224e+06 5.238020574929272755e+00 1.581436758705415460e-02
2.458724615160999820e+06 5.207134552475559452e+00 1.581703702870447537e-02
2.458725118755000178e+06 5.207796435384174139e+00 1.581425098676397453e-02
2.458725611821999773e+06 5.210128084273586424e+00 1.581653268124303888e-02
2.458726104888999835e+06 5.213243375007189151e+00 1.581638670794735177e-02
2.458726608481999952e+06 5.208837392443173009e+00 1.581741200820590762e-02
2.458727101549999788e+06 5.192211801969166096e+00 1.581474795982985154e-02
2.458727594616999850e+06 5.222181958010758684e+00 1.581464650685059439e-02
2.458728098209999967e+06 5.213785981172024186e+00 1.581803291325867278e-02
2.458728591277000029e+06 5.208631103317290290e+00 1.581678558049256708e-02
2.458729084344000090e+06 5.221600003752198127e+00 1.581769341123409611e-02
2.458729587937999982e+06 5.220224733293099995e+00 1.581833533529471494e-02
2.458730081005000044e+06 5.210790347692348057e+00 1.581854313297033354e-02
2.458730574072000105e+06 5.217359948879039422e+00 1.581445982598136610e-02
2.458731077665999997e+06 5.234442096581694237e+00 1.581802692368580732e-02
2.458731570733000059e+06 5.210915131383468513e+00 1.581412251213774531e-02
2.458732063800000120e+06 5.172798960573524063e+00 1.581755538209200784e-02
2.458732567394000012e+06 5.207009859316443112e+00 1.581665826447338150e-02
2.458733060461000074e+06 5.190629133772196369e+00 1.581470812087687472e-02
2.458733553528000135e+06 5.237393441093965762e+00 1.581729799382793067e-02
2.458734057120999787e+06 5.239265416798468245e+00 1.581812595085315548e-02
2.458734550187999848e+06 5.194660867720602759e+00 1.581742301069354387e-02
2.458735043256000150e+06 5.215611088794281258e+00 1.581876632660109139e-02
2.458735546848999802e+06 5.213661128733817485e+00 1.581765412517953384e-02
2.458736039915999863e+06 5.213949254256415422e+00 1.581852826520293784e-02
2.458736532982999925e+06 5.209585858791296431e+00 1.581488663206296122e-02
2.458737036576999817e+06 5.236274434963675617e+00 1.581874130328641062e-02
2.458737529643999878e+06 5.208918950862728714e+00 1.581765967251708496e-02
2.458738022710999940e+06 5.212081523443281128e+00 1.581766228710355937e-02
2.458738526304999832e+06 5.220436289784891493e+00 1.581416819468361296e-02
2.458739019371999893e+06 5.220561304469043762e+00 1.581454689928457960e-02
2.458739512438999955e+06 5.225882010021692281e+00 1.581622516563013434e-02
2.458740016032000072e+06 5.201646086366248589e+00 1.581473810659202173e-02
2.458740509099999908e+06 5.196531928260668565e+00 1.581833409223698181e-02
2.458741002166999970e+06 5.225838691264390157e+00 1.581609406063808412e-02
2.458741505760000087e+06 5.235150846162610172e+00 1.581534695090934181e-02
2.458741998827000149e+06 5.252731477504650748e+00 1.581524050198541975e-02
2.458742491894000210e+06 5.202187485459061733e+00 1.581638414031323603e-02
2.458742995488000102e+06 5.220017993186620409e+00 1.581770887101422579e-02
2.458743488555000164e+06 5.222220436611161531e+00 1.581476303390161667e-02
2.458743981622000225e+06 5.209417924291745550e+00 1.581437682856916965e-02
2.458744485216000117e+06 5.194455140037242735e+00 1.581679658254441651e-02
2.458744978283000179e+06 5.188387448047873995e+00 1.581743555918745103e-02
2.458745471349999774e+06 5.177327048998097148e+00 1.581709603701792616e-02
2.458745974944000132e+06 5.204679605902468253e+00 1.581437364308697566e-02
2.458746468011000194e+06 5.227460983100345793e+00 1.581618928633784366e-02
2.458746961077999789e+06 5.175539172358532447e+00 1.581640079664759294e-02
2.458747464670999907e+06 5.177660854368950183e+00 1.581811583575933738e-02
2.458747957737999968e+06 5.211831903187592374e+00 1.581690473776617076e-02
2.458748450805999804e+06 5.219854530061692088e+00 1.581721354472902241e-02
2.458748954398999922e+06 5.208631103317290290e+00 1.581678558049256708e-02
2.458749447465999983e+06 5.259634918810449200e+00 1.581664858798892057e-02
2.458749940533000045e+06 5.173961586242519672e+00 1.581634510250529146e-02
2.458750444126999937e+06 5.212244743151472903e+00 1.581815762744142109e-02
2.458750937193999998e+06 5.205178173235609940e+00 1.581588853558555871e-02
2.458751430261000060e+06 5.216528686772166523e+00 1.581674476875308613e-02
2.458751933854999952e+06 5.223966701440120097e+00 1.581523990116818004e-02
2.458752426922000013e+06 5.229705100639604254e+00 1.581816234480861935e-02
2.458752919989000075e+06 5.203016462272795906e+00 1.581411235091418482e-02
2.458753423582000192e+06 5.205638431624815432e+00 1.581728702669172107e-02
2.458753916650000028e+06 5.221268174574491994e+00 1.581668820742796952e-02
2.458754409717000090e+06 5.197819570934255395e+00 1.581746633031598862e-02
2.458754913310000207e+06 5.206885169143286696e+00 1.581627950931234830e-02
2.458755406376999803e+06 5.214530355828777886e+00 1.581548850125106404e-02
2.458755899443999864e+06 5.214991441167676989e+00 1.581688695698491715e-02
2.458756403038000222e+06 5.198322268959583603e+00 1.581420825715073100e-02
2.458756896104999818e+06 5.210502396732538344e+00 1.581766899212527777e-02
2.458757389171999879e+06 5.236395006026368648e+00 1.581428264942631376e-02
2.458757892765999772e+06 5.201852098848821271e+00 1.581536445321470377e-02
2.458758385832999833e+06 5.207340782330192930e+00 1.581766346637653378e-02
2.458758878899999894e+06 5.208794214973341496e+00 1.581728089337578955e-02
2.458759382493999787e+06 5.202853531545128973e+00 1.581840914244586616e-02
2.458759875560999848e+06 5.210209662902409278e+00 1.581678033178598661e-02
2.458760368627999909e+06 5.215241212749174515e+00 1.581764450547069531e-02
2.458760872221000027e+06 5.207465483413979079e+00 1.581804225467936878e-02
2.458761365288000088e+06 5.209336358059534433e+00 1.581412921565896954e-02
2.458761858355999924e+06 5.202685814066685843e+00 1.581789922540163817e-02
2.458762361949000042e+06 5.238266624865131504e+00 1.581511044861317120e-02
2.458762855016000103e+06 5.216735288683799432e+00 1.581737119485006338e-02
2.458763348083000164e+06 5.241591844292881497e+00 1.581549441443631451e-02
2.458763851677000057e+06 5.215361299498450620e+00 1.581800872438835978e-02
2.458764344744000118e+06 5.217191763776472868e+00 1.581875524743898628e-02
2.458764837811000179e+06 5.191461050254417842e+00 1.581724278787160695e-02
2.458765341405000072e+06 5.246247798799810624e+00 1.581504694254621049e-02
2.458765834472000133e+06 5.232571844236774794e+00 1.581719456118791875e-02
2.458766327539000195e+06 5.210209662902409278e+00 1.581678033178598661e-02
2.458766831131999847e+06 5.208962129366555338e+00 1.581779079048708028e-02
2.458767324200000148e+06 5.222263725375536403e+00 1.581489412786038842e-02
2.458767817267000210e+06 5.242093947527876274e+00 1.581700941429597940e-02
2.458768320859999862e+06 5.211913508494303571e+00 1.581715239413466340e-02
2.458768813926999923e+06 5.221931854018765584e+00 1.581869867892431170e-02
2.458769306993999984e+06 5.220931557826417269e+00 1.581566850072613217e-02
2.458769810587999877e+06 5.225131202389419194e+00 1.581876535661819877e-02
2.458770303654999938e+06 5.228708131245495494e+00 1.581514683563068832e-02
2.458770796721999999e+06 5.207758063063331555e+00 1.581413446348579541e-02
2.458771300315999892e+06 5.201689204582824466e+00 1.581486920034416363e-02
2.458771793382999953e+06 5.207882774139828364e+00 1.581451316727904358e-02
2.458772286450000014e+06 5.233694879522235333e+00 1.581576889898207369e-02
2.458772790043999907e+06 5.200232964888043874e+00 1.581523133778665532e-02
2.458773283110999968e+06 5.199524153648072300e+00 1.581786460121356944e-02
2.458773776178000029e+06 5.228833344016872609e+00 1.581552556366739096e-02
2.458774279771000147e+06 5.209504289929657972e+00 1.581463901117053511e-02
2.458774772838000208e+06 5.234528877089107191e+00 1.581828916680119365e-02
2.458775265906000044e+06 5.201602968507109459e+00 1.581460701392660775e-02
2.458775769499000162e+06 5.210416014547535113e+00 1.581740675929144135e-02
2.458776262566000223e+06 5.198111608631348801e+00 1.581835502919788292e-02
2.458776755632999819e+06 5.230620360637318278e+00 1.581611313016661330e-02
2.458777259227000177e+06 5.189300256489638663e+00 1.581543884552464099e-02
2.458777752293999773e+06 5.215322871437835239e+00 1.581789217342224885e-02
2.458778245360999834e+06 5.247494595910034754e+00 1.581880546779744490e-02
2.458778748955000192e+06 5.198652639847704648e+00 1.581521330334766107e-02
2.458779242021999788e+06 5.206798846926402824e+00 1.581601729951402288e-02
2.458779735088999849e+06 5.207590187484020916e+00 1.581842105205316304e-02
2.458780238681999967e+06 5.245001297926787487e+00 1.581612013503570432e-02
2.458780731749999803e+06 5.237644285617387041e+00 1.581805556200028759e-02
2.458781224816999864e+06 5.234774763006514675e+00 1.581421080683807420e-02
2.458781728409999982e+06 5.203682614494360870e+00 1.581613706218523707e-02
2.458782221477000043e+06 5.220561304469043762e+00 1.581454689928457960e-02
2.458782714544000104e+06 5.198360571754669479e+00 1.581432478097264185e-02
2.458783218137999997e+06 5.202685814066685843e+00 1.581789922540163817e-02
2.458783711205000058e+06 5.230909423387616997e+00 1.581698718502917364e-02
2.459622427943999879e+06 5.205595280672040026e+00 1.581715591289761455e-02
2.459622921010999940e+06 5.227210626281993733e+00 1.581543180754632280e-02
2.459623424604999833e+06 5.221556720489592962e+00 1.581756229407130579e-02
2.459623917671999894e+06 5.221393209179931993e+00 1.581706697237611134e-02
2.459624410738999955e+06 5.182317297596656047e+00 1.581802232344387341e-02
2.459624914332000073e+06 5.217191763776472868e+00 1.581875524743898628e-02
2.459625407399999909e+06 5.219147851339449140e+00 1.581507216546397185e-02
2.459625900466999970e+06 5.229912224406391807e+00 1.581878882704909964e-02
2.459626404060000088e+06 5.242422271802016809e+00 1.581800006959270186e-02
2.459626897127000149e+06 5.218066385517180272e+00 1.581660112233487445e-02
2.459627390194000211e+06 5.182689612038711147e+00 1.581438530780990281e-02
2.459627893788000103e+06 5.220393016168628719e+00 1.581884526639774566e-02
2.459628386855000164e+06 5.213286589357624123e+00 1.581651781536526011e-02
2.459628879922000226e+06 5.228207310143504039e+00 1.581844737106047338e-02
2.459629383516000118e+06 5.202728940901900856e+00 1.581803034535731595e-02
2.459629876583000179e+06 5.225174515282122734e+00 1.581408392017471728e-02
2.459630369649999775e+06 5.229661750191663572e+00 1.581803122375875434e-02
2.459630873244000133e+06 5.202393519383863740e+00 1.581701055212744386e-02
2.459631366311000194e+06 5.211083114148051365e+00 1.581463230743320944e-02
2.459631859377999790e+06 5.228000253897612026e+00 1.581782090234296057e-02
2.459632362970999908e+06 5.238435489351902952e+00 1.581562027575645832e-02
2.459632856037999969e+06 5.244629337613099018e+00 1.581499850156554976e-02
2.459633349105999805e+06 5.212163132658470310e+00 1.581790995533353256e-02
2.459633852698999923e+06 5.213161748878152757e+00 1.581613906356755736e-02
2.459634345765999984e+06 5.213867617075103489e+00 1.581828058729179906e-02
2.459634838833000045e+06 5.237644285617387041e+00 1.581805556200028759e-02
2.459635342426999938e+06 5.218191343448844499e+00 1.581697988519762885e-02
2.459635835493999999e+06 5.200314388582043534e+00 1.581547896795355151e-02
2.459636328561000060e+06 5.207758063063331555e+00 1.581413446348579541e-02
2.459636832154999953e+06 5.229416104440816504e+00 1.581728822500616180e-02
2.459637325222000014e+06 5.178619472277515179e+00 1.581627479567905906e-02
2.459637818289000075e+06 5.202436643796165328e+00 1.581714166471665656e-02
2.459638321882000193e+06 5.202978125171966894e+00 1.581878794860558379e-02
2.459638814950000029e+06 5.214367064547386299e+00 1.581499324449599925e-02
2.459639308017000090e+06 5.216110703277429650e+00 1.581547742438467810e-02
2.459639811610000208e+06 5.221850091850249953e+00 1.581845099834493229e-02
2.459640304676999804e+06 5.201315525246609006e+00 1.581852367923047842e-02
2.459640797743999865e+06 5.218441268289396362e+00 1.581773743813420091e-02
2.459641301338000223e+06 5.219397821991867303e+00 1.581582962703046921e-02
2.459641794404999819e+06 5.202934996271195267e+00 1.581865682236992601e-02
2.459642287471999880e+06 5.194330750506922278e+00 1.581641782407118904e-02
2.459642791065999772e+06 5.256472540171117203e+00 1.581682153867629628e-02
2.459643284132999834e+06 5.204928883599471590e+00 1.581513107119779035e-02
2.459643777199999895e+06 5.215904126101658100e+00 1.581485107328792217e-02
2.459644280793999787e+06 5.231410503330785389e+00 1.581850232788451285e-02
2.459644773860999849e+06 5.197407873527523314e+00 1.581621349539542518e-02
2.459645266927999910e+06 5.225049390127248117e+00 1.581851767499481767e-02
2.459645770521000028e+06 5.223678022348229533e+00 1.581436594286146982e-02
2.459646263588000089e+06 5.204847387654218949e+00 1.581488344647807159e-02
2.459646756655999925e+06 5.209960132295032409e+00 1.581602282468774767e-02
2.459647260249000043e+06 5.238560935065994073e+00 1.581599901513070991e-02
2.459647753316000104e+06 5.222307014498728250e+00 1.581502522290578749e-02
2.459648246383000165e+06 5.203682614494360870e+00 1.581613706218523707e-02
2.459648749977000058e+06 5.224216902890961300e+00 1.581599737076835877e-02
2.459649243044000119e+06 5.220224733293099995e+00 1.581833533529471494e-02
2.459649736111000180e+06 5.205926113784553166e+00 1.581816114642800239e-02
2.459650239705000073e+06 5.216029032253325148e+00 1.581522979424194661e-02
2.459650732772000134e+06 5.209792185730523606e+00 1.581551298456802812e-02
2.459651225839000195e+06 5.233073083426773131e+00 1.581870972390825997e-02
2.459651729431999847e+06 5.227379134359734891e+00 1.581594164504916689e-02
2.459652222500000149e+06 5.208794214973341496e+00 1.581728089337578955e-02
2.459652715567000210e+06 5.202518101994711763e+00 1.581738932479487963e-02
2.459653219159999862e+06 5.201353850096903209e+00 1.581864023484971446e-02
2.459653712226999924e+06 5.227542833122519106e+00 1.581643693150400903e-02
2.459654205293999985e+06 5.194373808084169042e+00 1.581654893174702647e-02
2.459654708887999877e+06 5.240718106230012552e+00 1.581768495777625960e-02
2.459655201954999939e+06 5.217398391949434888e+00 1.581457635165686368e-02
2.459655695022000000e+06 5.217648278811639173e+00 1.581533378947639484e-02
2.459656198615999892e+06 5.234567446665307600e+00 1.581840572069242654e-02
2.459656691682999954e+06 5.234774763006514675e+00 1.581421080683807420e-02
2.459657184750000015e+06 5.185807601678732226e+00 1.581434688639061364e-02
2.459657688343999907e+06 5.220518029816516581e+00 1.581441580820413390e-02
2.459658181410999969e+06 5.204262571836080653e+00 1.581789979167632851e-02
2.459658674478000030e+06 5.216610365619710699e+00 1.581699242261682889e-02
2.459659178071000148e+06 5.261752305213636127e+00 1.581816968887323621e-02
2.459659671138000209e+06 5.226007155115458325e+00 1.581660391948978839e-02
2.459660164206000045e+06 5.194952727947045545e+00 1.581831170714152746e-02
2.459660667799000163e+06 5.220599771128002331e+00 1.581466342560170976e-02
2.459661160866000224e+06 5.218647945949294709e+00 1.581836390354609753e-02
2.459661653932999820e+06 5.218772917807686262e+00 1.581874270862247342e-02
2.459662157527000178e+06 5.204554971530970242e+00 1.581878851491215141e-02
2.459662650593999773e+06 5.204348852004694770e+00 1.581816203268402929e-02
2.459663143660999835e+06 5.219186307583663975e+00 1.581518869565142968e-02
2.459663647255000193e+06 5.222345494020601109e+00 1.581514175274735187e-02
2.459664140321999788e+06 5.210790347692348057e+00 1.581854313297033354e-02
2.459664633388999850e+06 5.229290877714309893e+00 1.581690945475971999e-02
2.459665136981999967e+06 5.212912076887634250e+00 1.581538158718134163e-02
2.459665630049999803e+06 5.191336732422362488e+00 1.581686401871328432e-02
2.459666123116999865e+06 5.219354556983763160e+00 1.581569852531714351e-02
2.459666626709999982e+06 5.215029866786216495e+00 1.581700350054429313e-02
2.459667119777000044e+06 5.210209662902409278e+00 1.581678033178598661e-02
2.459667612844000105e+06 5.233776827152897937e+00 1.581601653756594533e-02
2.459668116437999997e+06 5.211371097200377278e+00 1.581550628046022797e-02
2.459668609505000059e+06 5.226753274594917897e+00 1.581404804573985703e-02
2.459669102572000120e+06 5.226796600933512948e+00 1.581417913377179338e-02
2.459669606166000012e+06 5.209835371472874677e+00 1.581564408474334105e-02
2.459670099233000074e+06 5.201770651078190255e+00 1.581511682484081777e-02
2.459670592300000135e+06 5.208794214973341496e+00 1.581728089337578955e-02
2.459671095894000027e+06 5.236896611445167160e+00 1.581579753320842482e-02
2.459671588961000089e+06 5.208837392443173009e+00 1.581741200820590762e-02
2.459672082028000150e+06 5.231203320226638809e+00 1.581787585699044943e-02
2.459672585620999802e+06 5.224880957150377370e+00 1.581800775445192306e-02
2.459673078687999863e+06 5.226502951670582320e+00 1.581810445661196649e-02
2.459673571756000165e+06 5.211414296030863369e+00 1.581563738057996729e-02
2.459674075348999817e+06 5.231617694640451788e+00 1.581431032562368930e-02
2.459674568415999878e+06 5.203265660313673990e+00 1.581486976651043722e-02
2.459675061482999939e+06 5.198111608631348801e+00 1.581835502919788292e-02
2.459675565076999832e+06 5.254894483913499670e+00 1.581691307535881830e-02
2.459676058143999893e+06 5.222720684217798670e+00 1.581627796370078248e-02
2.459676551210999954e+06 5.221850091850249953e+00 1.581845099834493229e-02
2.459677054804999847e+06 5.201646086366248589e+00 1.581473810659202173e-02
2.459677547871999908e+06 5.187971719419162575e+00 1.581616815946825308e-02
2.459678040938999970e+06 5.240428501446862342e+00 1.581681086435447053e-02
2.459678544532000087e+06 5.230952784177945958e+00 1.581711829742464201e-02
2.459679037599999923e+06 5.217691529675839490e+00 1.581546488816635079e-02
2.459679530666999985e+06 5.187971719419162575e+00 1.581616815946825308e-02
2.459680034260000102e+06 5.230577002602538883e+00 1.581598202610325077e-02
2.459680527327000163e+06 5.216447009203505125e+00 1.581649711876697076e-02
2.459681020394000225e+06 5.190672160665497969e+00 1.581483921438045157e-02
2.459681523988000117e+06 5.219397821991867303e+00 1.581582962703046921e-02
2.459682017055000179e+06 5.206093935719618315e+00 1.581867107191575056e-02
2.459682510121999774e+06 5.196158619413269619e+00 1.581719773357522993e-02
2.459683013716000132e+06 5.212038319081948146e+00 1.581753117019876406e-02
2.459683506783000194e+06 5.228207310143504039e+00 1.581844737106047338e-02
2.459683999849999789e+06 5.227253956411749947e+00 1.581556290704878853e-02
2.459684503444000147e+06 5.195325950159300099e+00 1.581466307380031619e-02
2.459684996511000209e+06 5.174790831370818189e+00 1.581411387337253172e-02
2.459685489577999804e+06 5.196407488998334046e+00 1.581795529694562594e-02
2.459685993170999922e+06 5.217148517054985390e+00 1.581862412147439986e-02
2.459686486237999983e+06 5.195991117749799493e+00 1.581668785558152865e-02
2.459686979305999819e+06 5.213200161014952982e+00 1.581625560161618177e-02
2.459687482898999937e+06 5.227460983100345793e+00 1.581618928633784366e-02
2.459687975965999998e+06 5.198322268959583603e+00 1.581420825715073100e-02
2.459688469033000059e+06 5.211995115078765117e+00 1.581740005438088403e-02
2.459688972626999952e+06 5.209043689739204730e+00 1.581803846072912106e-02
2.459689465694000013e+06 5.177203069627274168e+00 1.581671727137373001e-02
2.459689958761000074e+06 5.216447009203505125e+00 1.581649711876697076e-02
2.459690462354999967e+06 5.227253956411749947e+00 1.581556290704878853e-02
2.459690955422000028e+06 5.227085452369204077e+00 1.581505308175481725e-02
2.459691448489000089e+06 5.214367064547386299e+00 1.581499324449599925e-02
2.459691952082000207e+06 5.200108436998455375e+00 1.581485261679566393e-02
2.459692445150000043e+06 5.227460983100345793e+00 1.581618928633784366e-02
2.459692938217000104e+06 5.194952727947045545e+00 1.581831170714152746e-02
2.459693441810000222e+06 5.206549479671950031e+00 1.581525982895940971e-02
2.459693934876999818e+06 5.193206595644940471e+00 1.581777796165844199e-02
2.459807647255999967e+06 5.202853531545128973e+00 1.581840914244586616e-02
2.459808150849000085e+06 5.205053526925121687e+00 1.581550979885697206e-02
2.459808643916000146e+06 5.242798904379905700e+00 1.581430768965580089e-02
2.459809136983000208e+06 5.221518246779614181e+00 1.581744574639465731e-02
2.459809640577000100e+06 5.226007155115458325e+00 1.581660391948978839e-02
2.459810133644000161e+06 5.243672989355625091e+00 1.581694426775178547e-02
2.459810626711000223e+06 5.242214652591339785e+00 1.581737361858996313e-02
2.459811130305000115e+06 5.214655229082532095e+00 1.581586723746968709e-02
2.459811623372000176e+06 5.219979530814343960e+00 1.581759232225750378e-02
2.459812116438999772e+06 5.247997264582148880e+00 1.581548720072210520e-02
2.459812620031999890e+06 5.225963835320778905e+00 1.581647281135809338e-02
2.459813113100000191e+06 5.215904126101658100e+00 1.581485107328792217e-02
2.459813606166999787e+06 5.205427474811455291e+00 1.581664603625202933e-02
2.459814109759999905e+06 5.214405485565330345e+00 1.581510977410193614e-02
2.459814602826999966e+06 5.205887755244697601e+00 1.581804459433880025e-02
2.459815095894000027e+06 5.213661128733817485e+00 1.581765412517953384e-02
2.459815599487999920e+06 5.214367064547386299e+00 1.581499324449599925e-02
2.459816092554999981e+06 5.214074113594429960e+00 1.581410473448421547e-02
2.459816585622000042e+06 5.208089033627965492e+00 1.581513950499294566e-02
2.459817089215999935e+06 5.203682614494360870e+00 1.581613706218523707e-02
2.459817582282999996e+06 5.221725046304007911e+00 1.581807220025402763e-02
2.459818075350000057e+06 5.219979530814343960e+00 1.581759232225750378e-02
2.459818578943999950e+06 5.194579532546340417e+00 1.581717535008783301e-02
2.459819072011000011e+06 5.229165653986575180e+00 1.581653069358359212e-02
2.459819565078000072e+06 5.236645802729824162e+00 1.581504007317899654e-02
2.459820068671000190e+06 5.218479719327276278e+00 1.581785398796012321e-02
2.459820561737999786e+06 5.198695733250582762e+00 1.581534440103887079e-02
2.459821054806000087e+06 5.199610355259618011e+00 1.581812684163779945e-02
2.459821558399000205e+06 5.189591815531991337e+00 1.581632743049299003e-02
2.459822051465999801e+06 5.229994112809369433e+00 1.581421951032585538e-02
2.459822544532999862e+06 5.194995790680075665e+00 1.581844283051641112e-02
2.459823048127000220e+06 5.228746657932713759e+00 1.581526336636833452e-02
2.459823541193999816e+06 5.219767992832578862e+00 1.581695131944581278e-02
2.459824034260999877e+06 5.184642314126515217e+00 1.581556852312237041e-02
2.459824537854999769e+06 5.186762950729245425e+00 1.581726026506619087e-02
2.459825030921999831e+06 5.195617847753187135e+00 1.581555161518225297e-02
2.459825523988999892e+06 5.215985795170035466e+00 1.581509869750080330e-02
2.459826027582000010e+06 5.202767276166665233e+00 1.581814689734152221e-02
2.459826520649999846e+06 5.213286589357624123e+00 1.581651781536526011e-02
2.459827013716999907e+06 5.181777966422733250e+00 1.581637611923464998e-02
2.459827517310000025e+06 5.224467116325180349e+00 1.581675487664747914e-02
2.459828010377000086e+06 5.195163260257474214e+00 1.581416784289323141e-02
2.459828503444000147e+06 5.220974835906818434e+00 1.581579960219057363e-02
2.459829007038000040e+06 5.238310046641826645e+00 1.581524154545178168e-02
2.459829500105000101e+06 5.212494383180096058e+00 1.581411435204024135e-02
2.459829993172000162e+06 5.212331155654510439e+00 1.581841987272370950e-02
2.459830496766000055e+06 5.220893088722772468e+00 1.581555196700335994e-02
2.459830989833000116e+06 5.231159957359548862e+00 1.581774473831536881e-02
2.459831482900000177e+06 5.209960132295032409e+00 1.581602282468774767e-02
2.459831986494000070e+06 5.219397821991867303e+00 1.581582962703046921e-02
2.459832479561000131e+06 5.211707097542888967e+00 1.581652597670294563e-02
2.459832972628000192e+06 5.213075322605146056e+00 1.581587685609760555e-02
2.459833476220999844e+06 5.235314788301600686e+00 1.581584221874100457e-02
2.459833969287999906e+06 5.209835371472874677e+00 1.581564408474334105e-02
2.459834462356000207e+06 5.213325002414303633e+00 1.581663435620468336e-02
2.459834965948999859e+06 5.236607217839770456e+00 1.581492354408663148e-02
2.459835459015999921e+06 5.206842007855965626e+00 1.581614840386982856e-02
2.459835952082999982e+06 5.239516350980009562e+00 1.581405778578273344e-02
2.459836455676999874e+06 5.217028389153976597e+00 1.581825988838684791e-02
2.459836948743999936e+06 5.258176985774260181e+00 1.581710728653874451e-02
2.459837441810999997e+06 5.203558003997417636e+00 1.581575831950528255e-02
2.459837945404999889e+06 5.242673357180866134e+00 1.581875767139091435e-02
2.459838438471999951e+06 5.226088982374029079e+00 1.581685157114815984e-02
2.459838931539000012e+06 5.186017763370876388e+00 1.581498778365427599e-02
2.459839435132000130e+06 5.218854631794729748e+00 1.581418365101829385e-02
2.459839928199999966e+06 5.177908838005095937e+00 1.581410441282084939e-02
2.459840421267000027e+06 5.227668017988301941e+00 1.581681569043485655e-02
2.459840924860000145e+06 5.245460246353524703e+00 1.581750407815426043e-02
2.459841417927000206e+06 5.212787245376445000e+00 1.581500286259238455e-02
2.459841910993999802e+06 5.240636049916578720e+00 1.581743729306917673e-02
2.459842414588000160e+06 5.209542675117224242e+00 1.581475553816637583e-02
2.459842907655000221e+06 5.237104020033506835e+00 1.581642392178991482e-02
2.459843400721999817e+06 5.215447763670097103e+00 1.581827096720202219e-02
2.459843904316000175e+06 5.215985795170035466e+00 1.581509869750080330e-02
2.459844397382999770e+06 5.192833525683017371e+00 1.581664164294798933e-02
2.459844890449999832e+06 5.214823332415564394e+00 1.581637708900935843e-02
2.459845394044000190e+06 5.216985143786727619e+00 1.581812876652837277e-02
2.459845887110999785e+06 5.223259466000461870e+00 1.581790958885396017e-02
2.459846380177999847e+06 5.219522811807669527e+00 1.581620837141808900e-02
2.459846883770999964e+06 5.209504289929657972e+00 1.581463901117053511e-02
2.459847376838000026e+06 5.228125449717310858e+00 1.581819969441594295e-02
2.459847869905999862e+06 5.231078050702411275e+00 1.581749707267227079e-02
2.459848373498999979e+06 5.208256925288435646e+00 1.581564933307286550e-02
2.459848866566000041e+06 5.185267907263871656e+00 1.581747687292395926e-02
2.459849359633000102e+06 5.210627173528046718e+00 1.581804778056043748e-02
2.459849863226999994e+06 5.198446754075498610e+00 1.581458696271112463e-02
2.459850356294000056e+06 5.211289500386447671e+00 1.581525864986568428e-02
2.459850849361000117e+06 5.200812537761732912e+00 1.581699396633356666e-02
2.459851352955000009e+06 5.245498896475344175e+00 1.581762062626077339e-02
2.459851846022000071e+06 5.205264468583751025e+00 1.581615074324914383e-02
2.459852339089000132e+06 5.199524153648072300e+00 1.581786460121356944e-02
2.459852842681999784e+06 5.251778488901784669e+00 1.581720825320967472e-02
2.459853335750000086e+06 5.207009859316443112e+00 1.581665826447338150e-02
2.459853828817000147e+06 5.202604353242195501e+00 1.581765155733966949e-02
2.459854332409999799e+06 5.174419084361939092e+00 1.581774363398254918e-02
2.459854825476999860e+06 5.228833344016872609e+00 1.581552556366739096e-02
2.459855318543999922e+06 5.197948831497555489e+00 1.581785968267844511e-02
2.459855822137999814e+06 5.217898177642153357e+00 1.581609126357334111e-02
2.459856315204999875e+06 5.231656242766204556e+00 1.581442685019767910e-02
2.459856808271999937e+06 5.236274434963675617e+00 1.581874130328641062e-02
2.459857311865999829e+06 5.219936260984296972e+00 1.581746120593271673e-02
2.459857804932999890e+06 5.223095901369890548e+00 1.581741425628333669e-02
2.459858297999999952e+06 5.189921631570393323e+00 1.581733261137053051e-02
2.459858801593999844e+06 5.219979530814343960e+00 1.581759232225750378e-02
2.459859294660999905e+06 5.215322871437835239e+00 1.581789217342224885e-02
2.459859787727999967e+06 5.199026127873617398e+00 1.581634951944157347e-02
2.459860291321000084e+06 5.223803114662707081e+00 1.581474465219794359e-02
2.459860784388000146e+06 5.222595617823847292e+00 1.581589921764671447e-02
2.459861277455999982e+06 5.238850436640761998e+00 1.581687306368682530e-02
2.459861781049000099e+06 5.191834021613265904e+00 1.581837914977025569e-02
2.459862274116000161e+06 5.230287958221981448e+00 1.581510802678628286e-02
2.459862767183000222e+06 5.213449846803235310e+00 1.581701311986324562e-02
2.459863270777000114e+06 5.221224894062510558e+00 1.581655709859758688e-02
2.459863763844000176e+06 5.212950487184778048e+00 1.581549811964865285e-02
2.459864256910999771e+06 5.185186719159490032e+00 1.581722921147494729e-02
2.459864760505000129e+06 5.224423809296316890e+00 1.581662376726450728e-02
2.459865253572000191e+06 5.189797350602178838e+00 1.581695384006123750e-02
2.459865746638999786e+06 5.223759813137934138e+00 1.581461355947827094e-02
2.459866250231999904e+06 5.206966696995513288e+00 1.581652715589120309e-02
2.459866743300000206e+06 5.223841605208294325e+00 1.581486117997217902e-02
2.459867236366999801e+06 5.237354850695130182e+00 1.581718144809865847e-02
2.459867739959999919e+06 5.236149044003483688e+00 1.581836249824369184e-02
2.459868233026999980e+06 5.206300124360349280e+00 1.581450239468204164e-02
2.459868726094000041e+06 5.203308791955431722e+00 1.581500086135389713e-02
2.459869229687999934e+06 5.228582921472555434e+00 1.581476811666329349e-02
2.459869722754999995e+06 5.214035695018114147e+00 1.581879051662992905e-02
2.459870215822000057e+06 5.249950395917068136e+00 1.581653781994889207e-02
2.459870719415999949e+06 5.197905744285949758e+00 1.581772856413738229e-02
2.459871212483000010e+06 5.228539580326647673e+00 1.581463702374906466e-02
2.459871705550000072e+06 5.245957888442997152e+00 1.581417299490249159e-02
2.459872209143999964e+06 5.219397821991867303e+00 1.581582962703046921e-02
2.459872702211000025e+06 5.222220436611161531e+00 1.581476303390161667e-02
2.459873195278000087e+06 5.222802460017788917e+00 1.581652561025543441e-02
2.459873698871000204e+06 5.187928714910570172e+00 1.581603705494874154e-02
2.459874191937999800e+06 5.202810403677148088e+00 1.581827801935023481e-02
2.459874685006000102e+06 5.222557136459000660e+00 1.581578268222396527e-02
2.459875188599000219e+06 5.239183383230438196e+00 1.581787827924118622e-02
2.459875681665999815e+06 5.225756867924742366e+00 1.581584642084039871e-02
2.459876174732999876e+06 5.216029032253325148e+00 1.581522979424194661e-02
2.459876678326999769e+06 5.217773226730830771e+00 1.581571252199010999e-02
2.459877171393999830e+06 5.264495999482749156e+00 1.581672037374707088e-02
2.459877664460999891e+06 5.217398391949434888e+00 1.581457635165686368e-02
2.459878168054999784e+06 5.238184606935660348e+00 1.581486282421635386e-02
2.459878661121999845e+06 5.215529425592870361e+00 1.581851864496252799e-02
2.459879154188999906e+06 5.233530988110167037e+00 1.581527363344644929e-02
2.459987411249999888e+06 5.241345638166037268e+00 1.581475153484179774e-02
2.459987904316999950e+06 5.188884454720552597e+00 1.581417160579562040e-02
2.459988407910000067e+06 5.215697557107121796e+00 1.581422474699702846e-02
2.459988900977000128e+06 5.240679491334245377e+00 1.581756840919579243e-02
2.459989394044000190e+06 5.220561304469043762e+00 1.581454689928457960e-02
2.459989897638000082e+06 5.227836540810846699e+00 1.581732557254952529e-02
2.459990390705000143e+06 5.187016147725751480e+00 1.581803240037102723e-02
2.459990883772000205e+06 5.192044427534007411e+00 1.581423816080625502e-02
2.459991387366000097e+06 5.198279178652470023e+00 1.581407716887737666e-02
2.459991880433000159e+06 5.190796462582939697e+00 1.581521793505043932e-02
2.459992373500000220e+06 5.213699544550197906e+00 1.581777067439158260e-02
2.459992877094000112e+06 5.204679605902468253e+00 1.581437364308697566e-02
2.459993370161000174e+06 5.204765892984983822e+00 1.581463582563552225e-02
2.459993863227999769e+06 5.189343272367406890e+00 1.581556994508538996e-02
2.459994366820999887e+06 5.241051171516400764e+00 1.581869022492928684e-02
2.459994859887999948e+06 5.208506374320855059e+00 1.581640682228274697e-02
2.459995352955999784e+06 5.214823332415564394e+00 1.581637708900935843e-02
2.459995856548999902e+06 5.265659835310918524e+00 1.581536716533660930e-02
2.459996349615999963e+06 5.220474755522687360e+00 1.581428471821028081e-02
2.459996842683000024e+06 5.207714894540354855e+00 1.581879985849803452e-02
2.459997346276999917e+06 5.205844602225210949e+00 1.581791347426501210e-02
2.459997839343999978e+06 5.210665566989355568e+00 1.581816433267311736e-02
2.459998332411000039e+06 5.233530988110167037e+00 1.581527363344644929e-02
2.459998836004999932e+06 5.243798560493027949e+00 1.581732303883190069e-02
2.459999329071999993e+06 5.210416014547535113e+00 1.581740675929144135e-02
2.459999822139000054e+06 5.202479768565923202e+00 1.581727277839265269e-02
2.460000325732000172e+06 5.220393016168628719e+00 1.581884526639774566e-02
2.460000818800000008e+06 5.224385314460906926e+00 1.581650722650309801e-02
2.460001311867000069e+06 5.173918697867715188e+00 1.581621399651899837e-02
2.460001815460000187e+06 5.205053526925121687e+00 1.581550979885697206e-02
2.460002308526999783e+06 5.229536517582777044e+00 1.581765243572002405e-02
2.460002801593999844e+06 5.197695100837242954e+00 1.581708755580453138e-02
2.460003305188000202e+06 5.245170379517267278e+00 1.581662999472796191e-02
2.460003798254999798e+06 5.215822458312028509e+00 1.581460345295226250e-02
2.460004291321999859e+06 5.212912076887634250e+00 1.581538158718134163e-02
2.460004794916000217e+06 5.230620360637318278e+00 1.581611313016661330e-02
2.460005287982999813e+06 5.227918396713392646e+00 1.581757323550733035e-02
2.460005781049999874e+06 5.220186269397527390e+00 1.581821878192210193e-02
2.460006284644000232e+06 5.231159957359548862e+00 1.581774473831536881e-02
2.460006777710999828e+06 5.216360528465892266e+00 1.581623490536101032e-02
2.460007270777999889e+06 5.174919519250167355e+00 1.581450714236532287e-02
2.460007774371000007e+06 5.226584786692186846e+00 1.581835213176530433e-02
2.460008267438000068e+06 5.199026127873617398e+00 1.581634951944157347e-02
2.460008760505999904e+06 5.227042123636223891e+00 1.581492198647843975e-02
2.460009264099000022e+06 5.245793613018871149e+00 1.581850933381171928e-02
2.460009757166000083e+06 5.218729657979565673e+00 1.581861158276176918e-02
2.460010250233000144e+06 5.206093935719618315e+00 1.581867107191575056e-02
2.460010753827000037e+06 5.208132205252308466e+00 1.581527060207236351e-02
2.460011246894000098e+06 5.215529425592870361e+00 1.581851864496252799e-02
2.460011739961000159e+06 5.183396128354788246e+00 1.581654116163968768e-02
2.460012243555000052e+06 5.227379134359734891e+00 1.581594164504916689e-02
2.460012736622000113e+06 5.211039918062821741e+00 1.581450121564479186e-02
2.460013229689000174e+06 5.246537725178120226e+00 1.581592093848744121e-02
2.460013733281999826e+06 5.245291155418993156e+00 1.581699419028533699e-02
2.460014226350000128e+06 5.257097116600546904e+00 1.581870090051944525e-02
2.460014719417000189e+06 5.214198975922456292e+00 1.581448343756548455e-02
2.460015223009999841e+06 5.228414374589927860e+00 1.581425831698992507e-02
2.460015716076999903e+06 5.206923535032385253e+00 1.581639604839587057e-02
2.460016209143999964e+06 5.223803114662707081e+00 1.581474465219794359e-02
2.460016712737999856e+06 5.214823332415564394e+00 1.581637708900935843e-02
2.460017205804999918e+06 5.191709694849797607e+00 1.581800035339987753e-02
2.460017698871999979e+06 5.206842007855965626e+00 1.581614840386982856e-02
2.460018202465999871e+06 5.200563457207326934e+00 1.581623644900381070e-02
2.460018695532999933e+06 5.220142997853752576e+00 1.581808766040437506e-02
2.460019188599999994e+06 5.226835113536004052e+00 1.581429565737912241e-02
2.460019692193999887e+06 5.205719939955997688e+00 1.581753468904597421e-02
2.460020185260999948e+06 5.195909761747222078e+00 1.581644020648653032e-02
2.460020678328000009e+06 5.221888568005363496e+00 1.581856755342858287e-02
2.460021181921000127e+06 5.221850091850249953e+00 1.581845099834493229e-02
2.460021674988000188e+06 5.219854530061692088e+00 1.581721354472902241e-02
2.460022168056000024e+06 5.226584786692186846e+00 1.581835213176530433e-02
2.460022671649000142e+06 5.237311436836330714e+00 1.581705033517971995e-02
2.460023164716000203e+06 5.226252640734869281e+00 1.581734688609792369e-02
2.460023657782999799e+06 5.208755835300614478e+00 1.581716434777251379e-02
2.460024161377000157e+06 5.206467958352285486e+00 1.581501220222367513e-02
2.460024654444000218e+06 5.196369200594040727e+00 1.581783874637318274e-02
2.460025147510999814e+06 5.227085452369204077e+00 1.581505308175481725e-02
2.460025651105000172e+06 5.218273048329772124e+00 1.581722754274276360e-02
2.460026144171999767e+06 5.209043689739204730e+00 1.581803846072912106e-02
2.460026637238999829e+06 5.221806806514597277e+00 1.581831987490229727e-02
2.460027140831999946e+06 5.231950181565014901e+00 1.581531537830742004e-02
2.460027633899999782e+06 5.209293176453640761e+00 1.581879606436607452e-02
2.460028126966999844e+06 5.194871388203011087e+00 1.581806403262114510e-02
2.460028630559999961e+06 5.237518861853931007e+00 1.581767677337873185e-02
2.460029123627000023e+06 5.223509633578320432e+00 1.581866718631860444e-02
2.460029616694000084e+06 5.204890532407469905e+00 1.581501454143497895e-02
2.460030120287999976e+06 5.233318900959961439e+00 1.581463272459881358e-02
2.460030613355000038e+06 5.217734780898543256e+00 1.581559598794297569e-02
2.460031106422000099e+06 5.193206595644940471e+00 1.581777796165844199e-02
2.460031610015999991e+06 5.217066829781341397e+00 1.581837644206234711e-02
2.460032103083000053e+06 5.210790347692348057e+00 1.581854313297033354e-02
2.460032596150000114e+06 5.214035695018114147e+00 1.581879051662992905e-02
2.460033099744000006e+06 5.219729532302366692e+00 1.581683477627092091e-02
2.460033592811000068e+06 5.188592935418789409e+00 1.581806201264340794e-02
2.460034085878000129e+06 5.192460482521738641e+00 1.581550540586854070e-02
2.460034589470999781e+06 5.211995115078765117e+00 1.581740005438088403e-02
2.460035082537999842e+06 5.212494383180096058e+00 1.581411435204024135e-02
2.460035575606000144e+06 5.198360571754669479e+00 1.581432478097264185e-02
2.460036079198999796e+06 5.223928209972809711e+00 1.581512337060348924e-02
2.460036572265999857e+06 5.227003609508449777e+00 1.581480545825622239e-02
2.460037065332999919e+06 5.217110075825710958e+00 1.581850756597388483e-02
2.460037568926999811e+06 5.242340188805684420e+00 1.581775239995176358e-02
2.460038061993999872e+06 5.215779222941086424e+00 1.581447236140302512e-02
2.460038555060999934e+06 5.223884907411069811e+00 1.581499227474445976e-02
2.460039058654999826e+06 5.200400603294713875e+00 1.581574116882701608e-02
2.460039551721999887e+06 5.230287958221981448e+00 1.581510802678628286e-02
2.460040044788999949e+06 5.223384548291698515e+00 1.581828838305072635e-02
2.460040548382000066e+06 5.217773226730830771e+00 1.581571252199010999e-02
2.460041041449999902e+06 5.193833222171953423e+00 1.581490288087577731e-02
2.460041534516999964e+06 5.246165655905457470e+00 1.581479931914372972e-02
2.460042038110000081e+06 5.216903459071111193e+00 1.581788109487237623e-02
2.460042531177000143e+06 5.231367138746298551e+00 1.581837120401644384e-02
2.460043024244000204e+06 5.198609546802058112e+00 1.581508220674321397e-02
2.460043527838000096e+06 5.215654322771519524e+00 1.581409365858698832e-02
2.460044020905000158e+06 5.204137947451132007e+00 1.581752100678500417e-02
2.460044513972000219e+06 5.221556720489592962e+00 1.581756229407130579e-02
2.460045017566000111e+06 5.215322871437835239e+00 1.581789217342224885e-02
2.460045510633000173e+06 5.204099602086925458e+00 1.581740445941251169e-02
2.460046003699999768e+06 5.216528686772166523e+00 1.581674476875308613e-02
2.460046507294000126e+06 5.211039918062821741e+00 1.581450121564479186e-02
2.460047000361000188e+06 5.204262571836080653e+00 1.581789979167632851e-02
2.460047493427999783e+06 5.214405485565330345e+00 1.581510977410193614e-02
2.460047997020999901e+06 5.256225635073691116e+00 1.581607859674458508e-02
2.460048490087999962e+06 5.186514543046416570e+00 1.581650273498269241e-02
2.460048983155999798e+06 5.245957888442997152e+00 1.581417299490249159e-02
2.460049486748999916e+06 5.234943514927143937e+00 1.581472060497986915e-02
2.460049979815999977e+06 5.198403662736477138e+00 1.581445587129853142e-02
2.460050472883000039e+06 5.199485842279428560e+00 1.581774805130938683e-02
2.460050976476999931e+06 5.197407873527523314e+00 1.581621349539542518e-02
2.460051469543999992e+06 5.193125283240878964e+00 1.581753029549510386e-02
2.460051962611000054e+06 5.216153941396125759e+00 1.581560852426522334e-02
2.460052466204999946e+06 5.215029866786216495e+00 1.581700350054429313e-02
2.460052959272000007e+06 5.205345971059531784e+00 1.581639838781181626e-02
2.460053452339000069e+06 5.221681762004908300e+00 1.581794107995140516e-02
2.460053955932000186e+06 5.212081523443281128e+00 1.581766228710355937e-02
2.460054449000000022e+06 5.217816478630749266e+00 1.581584362381945746e-02
2.460054942067000084e+06 5.224799148806408056e+00 1.581776008469065742e-02
2.460055445660000201e+06 5.244252573540428841e+00 1.581869251764610879e-02
2.460055938726999797e+06 5.230119356376349948e+00 1.581459821615568626e-02
2.460056431793999858e+06 5.203390263809814620e+00 1.581524848791206195e-02
2.460056935388000216e+06 5.232446541941052409e+00 1.581681579318445705e-02
2.460057428454999812e+06 5.211663896285291031e+00 1.581639486921738655e-02
2.460057921521999873e+06 5.230620360637318278e+00 1.581611313016661330e-02
2.460058425116000231e+06 5.226546275934165209e+00 1.581823557826887716e-02
2.460058918182999827e+06 5.218936347061226222e+00 1.581443126478082259e-02
