2.458346727899000049e+06 1.342616561470905412e-01 2.111363245518832477e-03
2.458347220966000110e+06 1.316931543104517544e-01 2.111605114891963904e-03
2.458347714033000171e+06 1.351319363629668591e-01 2.111731702620365473e-03
2.458348217627000064e+06 1.339220226710939321e-01 2.111819556263748628e-03
2.458348710694000125e+06 1.333489498861341604e-01 2.111994177031972699e-03
2.458349203761000186e+06 1.323088211613636933e-01 2.112215460016643453e-03
2.458349707355000079e+06 1.349621536925771081e-01 2.112434705410409612e-03
2.458350200422000140e+06 1.311624740659828314e-01 2.112639641575637592e-03
2.458350693489000201e+06 1.329031272068747493e-01 2.112889732021886856e-03
2.458351197081999853e+06 1.375518386621287503e-01 2.113061263860803712e-03
2.458351690150000155e+06 1.360023460358827652e-01 2.113308527353129421e-03
2.458352183217000216e+06 1.324785603590497018e-01 2.113583034702865623e-03
2.458352686809999868e+06 1.350470805376473848e-01 2.113888367799805334e-03
2.458353179876999930e+06 1.336461338835633339e-01 2.114116061885900136e-03
2.458353672943999991e+06 1.362782035607280340e-01 2.114457091071628679e-03
2.458354176537999883e+06 1.383161207180394481e-01 2.114865388090928378e-03
2.458354669604999945e+06 1.321389343294868401e-01 2.115101743543435463e-03
2.458355162672000006e+06 1.343040780750264229e-01 2.115493923084914903e-03
2.458355666265999898e+06 1.330942214112670885e-01 2.115927741666919805e-03
2.458356159332999960e+06 1.327333330363441033e-01 2.116425197442034414e-03
2.458356652400000021e+06 1.338371869949514237e-01 2.116891747914324308e-03
2.458357155993999913e+06 1.342403883882362925e-01 2.117334432686314959e-03
2.458357649060999975e+06 1.330516914529896733e-01 2.117825049596469122e-03
2.458358142128000036e+06 1.361084850138409574e-01 2.118467891343176965e-03
2.458358645721000154e+06 1.337309716271641857e-01 2.119030042280172464e-03
2.458359138788000215e+06 1.398868207678657105e-01 2.119684289044792593e-03
2.458359631856000051e+06 1.359810530286384433e-01 2.120367007829220950e-03
2.458360135449000169e+06 1.342616561470905412e-01 2.121132350379790251e-03
2.458360628516000230e+06 1.347286629945285141e-01 2.121933603309904531e-03
2.458361121582999825e+06 1.411179958482960684e-01 2.122873139984938085e-03
2.458361625177000184e+06 1.369362403713836052e-01 2.123784158167046823e-03
2.458362118243999779e+06 1.396320776063558478e-01 2.124826616356727173e-03
2.458362611310999840e+06 1.362995430981932543e-01 2.125960939915520070e-03
2.458363114905000199e+06 1.387830411676353182e-01 2.127117598132509651e-03
2.458363607971999794e+06 1.364268965881706985e-01 2.128449978161898407e-03
2.458364101038999856e+06 1.376792209829821312e-01 2.129854549840047660e-03
2.458364604631999973e+06 1.347498840016380650e-01 2.131451910420236514e-03
2.458365097699999809e+06 1.379976211660306484e-01 2.133127794651955202e-03
2.458365590766999871e+06 1.400141731402404499e-01 2.135025653884519044e-03
2.458366094359999988e+06 1.402477814597018757e-01 2.137037787172432323e-03
2.458366587427000050e+06 1.382099150386718600e-01 2.139337181500143743e-03
2.458367080494000111e+06 1.403538725829336364e-01 2.141756856558055689e-03
2.458367584088000003e+06 1.372334558502720514e-01 2.144572535398020161e-03
2.458368077155000065e+06 1.384009910529577503e-01 2.147648652629838891e-03
2.458368570222000126e+06 1.446842308847606229e-01 2.151201672134534382e-03
2.458369073816000018e+06 1.403538725829336364e-01 2.155071738029896902e-03
2.458369566883000080e+06 1.461276499671469165e-01 2.159473114599862881e-03
2.458370059950000141e+06 1.465308942387716917e-01 2.164352575339121426e-03
2.458370563544000033e+06 1.460427492721519116e-01 2.170189873406500221e-03
2.458371056611000095e+06 1.484414541166498569e-01 2.176713257450658273e-03
2.458371549678000156e+06 1.454271857821472780e-01 2.184348772143586501e-03
2.458372053270999808e+06 1.517740768492630010e-01 2.193430622839285474e-03
2.458372546337999869e+06 1.531963436226957409e-01 2.203967111808325871e-03
2.458373039406000171e+06 1.578449892948720901e-01 2.216763506844997896e-03
2.458373542998999823e+06 1.589063308852235179e-01 2.232693417637396892e-03
2.458374036065999884e+06 1.632367727397678325e-01 2.252192424757964995e-03
2.458374529132999945e+06 1.673972811705361219e-01 2.277217828836803661e-03
2.458375032726999838e+06 1.763550904512496409e-01 2.311202823516273017e-03
2.458375525793999899e+06 1.870111926891641629e-01 2.357326919676652841e-03
2.458376018860999960e+06 2.005964301634947100e-01 2.425663361021675440e-03
2.458376522454999853e+06 2.235430643567563325e-01 2.539456770155741963e-03
2.458377015521999914e+06 2.793917641962975207e-01 2.753938431200120794e-03
2.458377508588999975e+06 4.444114093186616321e-01 3.342491069738842257e-03
2.458378012182000093e+06 2.716351702594562045e+00 8.151035038040920291e-03
2.458378505249999929e+06 4.008958864278892587e-01 3.200561543704869092e-03
2.458378998316999990e+06 2.706459919986941021e-01 2.711355154289611831e-03
2.458379501910000108e+06 2.224391362469819722e-01 2.516057786668121632e-03
2.458379994977000169e+06 1.965421035925240256e-01 2.413565888026082251e-03
2.458380488044000231e+06 1.869898356932080397e-01 2.349307628789333233e-03
2.458380991638000123e+06 1.742323522820102832e-01 2.304566063244944951e-03
2.458381484705000184e+06 1.682463301459292959e-01 2.272807071769398970e-03
2.458381977771999780e+06 1.641706811146491640e-01 2.248747309739908794e-03
2.458382481366000138e+06 1.567412117751425527e-01 2.229557478185565430e-03
2.458382974433000199e+06 1.560194706235405460e-01 2.214405333240553660e-03
2.458383467499999795e+06 1.513282465828384438e-01 2.202040382631316115e-03
2.458383971094000153e+06 1.475498594007703668e-01 2.191498286848490764e-03
2.458384464161000215e+06 1.474012613815550432e-01 2.182774664883346035e-03
2.458384957227999810e+06 1.462974647096879077e-01 2.175457129813673698e-03
2.458385460820999928e+06 1.458305118078412621e-01 2.168916440617007623e-03
2.458385953887999989e+06 1.439624403838885291e-01 2.163276129662061037e-03
2.458386446955999825e+06 1.440260997223141715e-01 2.158528641129343895e-03
2.458386950548999943e+06 1.399930256550988572e-01 2.154043934746636881e-03
2.458387443616000004e+06 1.378277923762710189e-01 2.150305907484913095e-03
2.458387936683000065e+06 1.412878446484013006e-01 2.146899818569278189e-03
2.458388440276999958e+06 1.405024832313115091e-01 2.143895201700198472e-03
2.458388933344000019e+06 1.409695131912560295e-01 2.141153838150663263e-03
2.458389426411000080e+06 1.378703252071063756e-01 2.138652102566076293e-03
2.458389930004999973e+06 1.414576373026983913e-01 2.136451125350832727e-03
2.458390423072000034e+06 1.416062428259765860e-01 2.134391534234002762e-03
2.458390916139000095e+06 1.357051720559938057e-01 2.132563725398814447e-03
2.458391419732000213e+06 1.385707603548100297e-01 2.130883546799755297e-03
2.458391912800000049e+06 1.380825504278528348e-01 2.129353457756866762e-03
2.458392405867000110e+06 1.401839845220120839e-01 2.127931479840413937e-03
2.458392909460000228e+06 1.381250346575798038e-01 2.126700937347067617e-03
2.458393402526999824e+06 1.373395436523134061e-01 2.125485308380145513e-03
2.458393895593999885e+06 1.354716436363989363e-01 2.124402036558372710e-03
2.458394399187999777e+06 1.364056627459942217e-01 2.123344598777216711e-03
2.458394892254999839e+06 1.365753744822167937e-01 2.122464262994532523e-03
2.458395385321999900e+06 1.363632049758000397e-01 2.121553327923108353e-03
2.458395888915999793e+06 1.369999472698266718e-01 2.120734395402168460e-03
2.458396381982999854e+06 1.331578578755910902e-01 2.120005505158810075e-03
2.458396875049999915e+06 1.352806246741438123e-01 2.119412998869103955e-03
2.458397378643999808e+06 1.372546921361061656e-01 2.118736236407995147e-03
2.458397871710999869e+06 1.384009910529577503e-01 2.118075143168174877e-03
2.458398364777999930e+06 1.377640811739317406e-01 2.117590571849751937e-03
2.458398868371000048e+06 1.376792209829821312e-01 2.117047017717290248e-03
2.458399361438000109e+06 1.369787503985634702e-01 2.116621408925612510e-03
2.458399854505999945e+06 1.365542433015972945e-01 2.116098858526318030e-03
2.458400358099000063e+06 1.363419810467541848e-01 2.115697797134286247e-03
2.458400851166000124e+06 1.307592437016882603e-01 2.115297754934939139e-03
2.458401344233000185e+06 1.351532208893515830e-01 2.114927376324916928e-03
2.458401847827000078e+06 1.350046726089709215e-01 2.114592340502836204e-03
2.458402340894000139e+06 1.352806246741438123e-01 2.114304478413276019e-03
2.458402833961000200e+06 1.322239113520461418e-01 2.113904503866211124e-03
2.458403337555000093e+06 1.341767289043726830e-01 2.113611560888039621e-03
2.458403830622000154e+06 1.330942214112670885e-01 2.113353471197363786e-03
2.458404323689000215e+06 1.362569928615267045e-01 2.113124012764673945e-03
2.458404827281999867e+06 1.379763970138182805e-01 2.112848007369136621e-03
2.458405320350000169e+06 1.342403883882362925e-01 2.112636113945171642e-03
2.458405813417000230e+06 1.369787503985634702e-01 2.112458059906446774e-03
2.458406317009999882e+06 1.285515152254304572e-01 2.112261727638136202e-03
2.458406810076999944e+06 1.351956754803014249e-01 2.112105166473405779e-03
2.458407303144000005e+06 1.341130996091127459e-01 2.111868107527831509e-03
2.458407806737999897e+06 1.317993292310309927e-01 2.111729461774538436e-03
2.458408299804999959e+06 1.344738998673963570e-01 2.111604558079534406e-03
2.458408792872000020e+06 1.359174443760226281e-01 2.111363337429347699e-03
2.458409296465999912e+06 1.337097879315546634e-01 2.111305300728399167e-03
2.458409789532999974e+06 1.319691440871331722e-01 2.111168489734617949e-03
2.458410282600000035e+06 1.387193994596385149e-01 2.111065862248014385e-03
2.458410786193999927e+06 1.324785603590497018e-01 2.110898654910493399e-03
2.458411279260999989e+06 1.364056627459942217e-01 2.110781172951660747e-03
2.458411772328000050e+06 1.371061071174967672e-01 2.110633747239128860e-03
2.458412275921000168e+06 1.336248405536194506e-01 2.110579329133182094e-03
2.458412768988000229e+06 1.336036736697352179e-01 2.110491109228593981e-03
2.458413262056000065e+06 1.343253559242634232e-01 2.110385479745999215e-03
2.458413765649000183e+06 1.295279821716101565e-01 2.110292045703707469e-03
2.458414258715999778e+06 1.291884239387697253e-01 2.110233303921632206e-03
2.458414751782999840e+06 1.342616561470905412e-01 2.110126649966812939e-03
2.458415255377000198e+06 1.296342024166184381e-01 2.109992846390184272e-03
2.458415748443999793e+06 1.329667947700355624e-01 2.109982974734904166e-03
2.458416241510999855e+06 1.335399471437383745e-01 2.109853427807539469e-03
2.458416745105000213e+06 1.327757612313897051e-01 2.109886543790336598e-03
2.458417238171999808e+06 1.362995430981932543e-01 2.109766729035738794e-03
2.458417731238999870e+06 1.334338447731606980e-01 2.109651837470354497e-03
2.458418234831999987e+06 1.326483951416798091e-01 2.109695225477720669e-03
2.458526481366999913e+06 1.374245741967916601e-01 2.108195064133163397e-03
2.458526984960000031e+06 1.287214134587608971e-01 2.108295629735474751e-03
2.458527478027000092e+06 1.313536060589671206e-01 2.108217382042147821e-03
2.458527971094000153e+06 1.344952046215683872e-01 2.108222860602119823e-03
2.458528474688000046e+06 1.333277039053857305e-01 2.108219299141431829e-03
2.458528967755000107e+06 1.307592437016882603e-01 2.108312599515545487e-03
2.458529460822000168e+06 1.348772802553178107e-01 2.108249050903595982e-03
2.458529964416000061e+06 1.324573310563857964e-01 2.108242433064415680e-03
2.458530457483000122e+06 1.315233311787431525e-01 2.108276435660332102e-03
2.458530950550000183e+06 1.346650200229614902e-01 2.108280077903665426e-03
2.458531454144000076e+06 1.342616561470905412e-01 2.108271756638782982e-03
2.458531947211000137e+06 1.323724478596174647e-01 2.108232513899105376e-03
2.458532440278000198e+06 1.334762510141371261e-01 2.108232385187299839e-03
2.458532943870999850e+06 1.298888883737188138e-01 2.108276273535501181e-03
2.458533436937999912e+06 1.333700764140267059e-01 2.108275114583537703e-03
2.458533930006000213e+06 1.365966347428875793e-01 2.108200682960995661e-03
2.458534433598999865e+06 1.343890859234798396e-01 2.108292318615796399e-03
2.458534926665999927e+06 1.329879832393417449e-01 2.108236934058463265e-03
2.458535419732999988e+06 1.324573310563857964e-01 2.108242433064415680e-03
2.458535923326999880e+06 1.342829272754039460e-01 2.108234733543269592e-03
2.458536416393999942e+06 1.375094040840125209e-01 2.108229909209292149e-03
2.458536909461000003e+06 1.327970415697377060e-01 2.108267731614878529e-03
2.458537413054999895e+06 1.323300266619357179e-01 2.108288174573764995e-03
2.458537906121999957e+06 1.329031272068747493e-01 2.108238216477200441e-03
2.458538399189000018e+06 1.336461338835633339e-01 2.108207615250062231e-03
2.458538902782000136e+06 1.311837374874888495e-01 2.108269969618560644e-03
2.458539395849999972e+06 1.348772802553178107e-01 2.108249050903595982e-03
2.458539888917000033e+06 1.305469711167246138e-01 2.108256666333213625e-03
2.458540392510000151e+06 1.354716436363989363e-01 2.108306191220886677e-03
2.458540885577000212e+06 1.368938696206340178e-01 2.108249116033249389e-03
2.458541378643999808e+06 1.295067485691167586e-01 2.108276182490449908e-03
2.458541882238000166e+06 1.332002990878881910e-01 2.108290328529011364e-03
2.458542375305000227e+06 1.351319363629668591e-01 2.108246791459089924e-03
2.458542868371999823e+06 1.349408992562982634e-01 2.108249189861464198e-03
2.458543371966000181e+06 1.328182029886026405e-01 2.108236697159323637e-03
2.458543865032999776e+06 1.326909183991329955e-01 2.108293914554850487e-03
2.458544358099999838e+06 1.309714995589671971e-01 2.108236685633956605e-03
2.458544861694000196e+06 1.346650200229614902e-01 2.108280077903665426e-03
2.458545354760999791e+06 1.323512355611723423e-01 2.108260375770007813e-03
2.458545847827999853e+06 1.320540119195485473e-01 2.108269239417490462e-03
2.458546351420999970e+06 1.305256906892897639e-01 2.108273655779954563e-03
2.458546844488000032e+06 1.340281428913308870e-01 2.108308300312208838e-03
2.458547337555999868e+06 1.366391651932988283e-01 2.108227841428628006e-03
2.458547841148999985e+06 1.332002990878881910e-01 2.108290328529011364e-03
2.458548334216000047e+06 1.339644606726526910e-01 2.108293643964420216e-03
2.458548827283000108e+06 1.342192476187470673e-01 2.108223930323875877e-03
2.458549330877000000e+06 1.397806964523464479e-01 2.108291751782892434e-03
2.458549823944000062e+06 1.360023460358827652e-01 2.108298015759618206e-03
2.458550317011000123e+06 1.317356140109339213e-01 2.108281937198473385e-03
2.458550820605000015e+06 1.323724478596174647e-01 2.108232513899105376e-03
2.458551313672000077e+06 1.352168455068109010e-01 2.108201560110272484e-03
2.458551806739000138e+06 1.347074453293964358e-01 2.108199856471596172e-03
2.458552310331999790e+06 1.325422686840965480e-01 2.108251498055433489e-03
2.458552803400000092e+06 1.348348014603859557e-01 2.108206007647525897e-03
2.458553296467000153e+06 1.327757612313897051e-01 2.108296760850019661e-03
2.458553800059999805e+06 1.332852220984732938e-01 2.108284124898563480e-03
2.458554293126999866e+06 1.372122228501532482e-01 2.108223242031588562e-03
2.458554786193999927e+06 1.331578578755910902e-01 2.108231784894130934e-03
2.458555289787999820e+06 1.348772802553178107e-01 2.108249050903595982e-03
2.458555782854999881e+06 1.319267306265345663e-01 2.108302820767533631e-03
2.458556275921999943e+06 1.313323151036592251e-01 2.108238548102573003e-03
2.458556779515999835e+06 1.345588912712811502e-01 2.108229687270751253e-03
2.458557272582999896e+06 1.359386022187749898e-01 2.108311496595888842e-03
2.458557765649999958e+06 1.320115711833432792e-01 2.108199600157849470e-03
2.458558269243999850e+06 1.345375764288062603e-01 2.108267473561534211e-03
2.458558762310999911e+06 1.338795981132800406e-01 2.108314486068742135e-03
2.458559255377999973e+06 1.330304928332962378e-01 2.108298203698994507e-03
2.458559758971000090e+06 1.325635115999484748e-01 2.108223106833051735e-03
2.458560252038000152e+06 1.351319363629668591e-01 2.108246791459089924e-03
2.458560745105999988e+06 1.344952046215683872e-01 2.108222860602119823e-03
2.458561248699000105e+06 1.335823871048156253e-01 2.108309343831873180e-03
2.458561741766000167e+06 1.342192476187470673e-01 2.108223930323875877e-03
2.458562234833000228e+06 1.358537403520216347e-01 2.108246608301263345e-03
2.458562738427000120e+06 1.352381434071689981e-01 2.108284503434859972e-03
2.458563231494000182e+06 1.346438123806062703e-01 2.108196079710004337e-03
2.458563724560999777e+06 1.319267306265345663e-01 2.108302820767533631e-03
2.458564228155000135e+06 1.325422686840965480e-01 2.108251498055433489e-03
2.458564721222000197e+06 1.353018080026814896e-01 2.108280057124277667e-03
2.458565214288999792e+06 1.353443092681025361e-01 2.108194373836930462e-03
2.458565717881999910e+06 1.330516914529896733e-01 2.108266528946745044e-03
2.458566210950000212e+06 1.355565165282117124e-01 2.108253669780964668e-03
2.458566704016999807e+06 1.309078228210609762e-01 2.108296821840814541e-03
2.458567207609999925e+06 1.334125852664329315e-01 2.108209816882825050e-03
2.458567700676999986e+06 1.334125852664329315e-01 2.108209816882825050e-03
2.458568193744000047e+06 1.317568489944983545e-01 2.108257721857350903e-03
2.458568697337999940e+06 1.320752982269281506e-01 2.108244142121809116e-03
2.458569190405000001e+06 1.313323151036592251e-01 2.108238548102573003e-03
2.458569683472000062e+06 1.326271386234881000e-01 2.108257765994555211e-03
2.458570187065999955e+06 1.334125852664329315e-01 2.108209816882825050e-03
2.458570680133000016e+06 1.351107796301325714e-01 2.108290041781962082e-03
2.458571173200000077e+06 1.332002990878881910e-01 2.108290328529011364e-03
2.458571676793999970e+06 1.349196481672624293e-01 2.108289970228733028e-03
2.458572169861000031e+06 1.362357854636145338e-01 2.108277919929530102e-03
2.458572662928000093e+06 1.347286629945285141e-01 2.108283738025454844e-03
2.458573166521000210e+06 1.356626824211431825e-01 2.108280474078765964e-03
2.458573659587999806e+06 1.361296725952909070e-01 2.108265741400549686e-03
2.458574152656000108e+06 1.320115711833432792e-01 2.108199600157849470e-03
2.458574656249000225e+06 1.341979865776292136e-01 2.108260779205155082e-03
2.458575149315999821e+06 1.359598885787300093e-01 2.108265961916067858e-03
2.458575642382999882e+06 1.300799615865333714e-01 2.108262646126049002e-03
2.458576145976999775e+06 1.344527223234876223e-01 2.108299960456151787e-03
2.458576639043999836e+06 1.309502705388635169e-01 2.108256792937341414e-03
2.458577132110999897e+06 1.316507082951535179e-01 2.108256918297902321e-03
2.458577635704999790e+06 1.315870649222786459e-01 2.108207301453072970e-03
2.458578128771999851e+06 1.306530642991929614e-01 2.108285305850875115e-03
2.458578621838999912e+06 1.376580458009898922e-01 2.108226635114169526e-03
2.458579125432000030e+06 1.317356140109339213e-01 2.108281937198473385e-03
2.458579618499999866e+06 1.352593200836481324e-01 2.108240900270520832e-03
2.458580111566999927e+06 1.332852220984732938e-01 2.108284124898563480e-03
2.458580615160000045e+06 1.330728934507167671e-01 2.108234790563790276e-03
2.458581108227000106e+06 1.341767289043726830e-01 2.108297563512246710e-03
2.458581601294000167e+06 1.348772802553178107e-01 2.108249050903595982e-03
2.458582104888000060e+06 1.369999472698266718e-01 2.108242415563719909e-03
2.458582597955000121e+06 1.350683516984574062e-01 2.108250002350876319e-03
2.458583091022000182e+06 1.334762510141371261e-01 2.108232385187299839e-03
2.458583594616000075e+06 1.287426368759700679e-01 2.108287513691855034e-03
2.458584087683000136e+06 1.336673074944363659e-01 2.108295395152782505e-03
2.458584580750000197e+06 1.347711083512524444e-01 2.108203165931621641e-03
2.458585084344000090e+06 1.335823871048156253e-01 2.108309343831873180e-03
2.458585577411000151e+06 1.350258127267141839e-01 2.108207838434541376e-03
2.458586070478000212e+06 1.329879832393417449e-01 2.108236934058463265e-03
2.458586574070999864e+06 1.335823871048156253e-01 2.108309343831873180e-03
2.458587067137999926e+06 1.344952046215683872e-01 2.108222860602119823e-03
2.458587560206000227e+06 1.325422686840965480e-01 2.108251498055433489e-03
2.458588063798999880e+06 1.345588912712811502e-01 2.108229687270751253e-03
2.458588556865999941e+06 1.329243055306539578e-01 2.108206884146203788e-03
2.458589049933000002e+06 1.351956754803014249e-01 2.108245052090628163e-03
2.458589553526999895e+06 1.333489498861341604e-01 2.108309609381882246e-03
2.458590046593999956e+06 1.320328506495330734e-01 2.108296215673207546e-03
2.458590539661000017e+06 1.372122228501532482e-01 2.108223242031588562e-03
2.458591043254999910e+06 1.303346830033399739e-01 2.108309576079392140e-03
2.458591536321999971e+06 1.329243055306539578e-01 2.108206884146203788e-03
2.458592029389000032e+06 1.314384412233182975e-01 2.108247329206463464e-03
2.458592532982000150e+06 1.345375764288062603e-01 2.108267473561534211e-03
2.458593026049999986e+06 1.322239113520461418e-01 2.108302498613426421e-03
2.458593519117000047e+06 1.319691440871331722e-01 2.108251335969080036e-03
2.458594022710000165e+06 1.320540119195485473e-01 2.108269239417490462e-03
2.458594515777000226e+06 1.349834114766252646e-01 2.108291757969464521e-03
2.458595008843999822e+06 1.360446914497707438e-01 2.108202640393947933e-03
2.458595512438000180e+06 1.346862310057165002e-01 2.108239999652653223e-03
2.458596005504999775e+06 1.360871753891036706e-01 2.108234283809891016e-03
2.458596498571999837e+06 1.317568489944983545e-01 2.108257721857350903e-03
2.458597002166000195e+06 1.324361051556556534e-01 2.108270527849148267e-03
2.458597495232999790e+06 1.351743842679796748e-01 2.108286536971382304e-03
2.458597988299999852e+06 1.322451032438886620e-01 2.108274995359852091e-03
2.458712204272000119e+06 1.322451032438886620e-01 2.108274995359852091e-03
2.458712697339000180e+06 1.322451032438886620e-01 2.108274995359852091e-03
2.458713200931999832e+06 1.309290449597473316e-01 2.108276838333113072e-03
2.458713694000000134e+06 1.347711083512524444e-01 2.108203165931621641e-03
2.458714187067000195e+06 1.304619903781031598e-01 2.108206036745116554e-03
2.458714690659999847e+06 1.330942214112670885e-01 2.108204930258252615e-03
2.458715183726999909e+06 1.315446531006468633e-01 2.108254747859569355e-03
2.458715676793999970e+06 1.317993292310309927e-01 2.108209103393792871e-03
2.458716180387999862e+06 1.345800855377784211e-01 2.108189894373508743e-03
2.458716673454999924e+06 1.343040780750264229e-01 2.108195704077664000e-03
2.458717166521999985e+06 1.367240139696551948e-01 2.108277712255066105e-03
2.458717670115999877e+06 1.311413348766180265e-01 2.108192440212860574e-03
2.458718163182999939e+06 1.325847579204616489e-01 2.108194652354583847e-03
2.458718656250000000e+06 1.311624740659828314e-01 2.108290657866996199e-03
2.458719159843999892e+06 1.312261538086171297e-01 2.108226465003648371e-03
2.458719652910999954e+06 1.293370050114061309e-01 2.108252727191491181e-03
2.458720145978000015e+06 1.328606583123189688e-01 2.108298748841003298e-03
2.458720649571000133e+06 1.319267306265345663e-01 2.108181311758211031e-03
2.458721142638000194e+06 1.329879832393417449e-01 2.108236934058463265e-03
2.458721635706000030e+06 1.355777430581154297e-01 2.108209181953250421e-03
2.458722139299000148e+06 1.348772802553178107e-01 2.108249050903595982e-03
2.458722632366000209e+06 1.342616561470905412e-01 2.108271756638782982e-03
2.458723125432999805e+06 1.337522818692627180e-01 2.108280576699100937e-03
2.458723629027000163e+06 1.336884844598535405e-01 2.108260018308533764e-03
2.458724122094000224e+06 1.293370050114061309e-01 2.108252727191491181e-03
2.458724615160999820e+06 1.323724478596174647e-01 2.108232513899105376e-03
2.458725118755000178e+06 1.314809398991317047e-01 2.108202409271132168e-03
2.458725611821999773e+06 1.357262968549791393e-01 2.108269012701065748e-03
2.458726104888999835e+06 1.353443092681025361e-01 2.108194373836930462e-03
2.458726608481999952e+06 1.319054682634931419e-01 2.108206008738844339e-03
2.458727101549999788e+06 1.325847579204616489e-01 2.108194652354583847e-03
2.458727594616999850e+06 1.354292271198914155e-01 2.108269749824114546e-03
2.458728098209999967e+06 1.314597493832758424e-01 2.108225871284744035e-03
2.458728591277000029e+06 1.344315481147116687e-01 2.108215568126063210e-03
2.458729084344000090e+06 1.342403883882362925e-01 2.108185075137772573e-03
2.458729587937999982e+06 1.378277923762710189e-01 2.108287414340246496e-03
2.458730081005000044e+06 1.288063281256404125e-01 2.108262805540948685e-03
2.458730574072000105e+06 1.363419810467541848e-01 2.108288836424947795e-03
2.458731077665999997e+06 1.341555981602602088e-01 2.108212663241044050e-03
2.458731570733000059e+06 1.309078228210609762e-01 2.108296821840814541e-03
2.458732063800000120e+06 1.384009910529577503e-01 2.108259797355467591e-03
2.458732567394000012e+06 1.308228481671096788e-01 2.108253703200255874e-03
2.458733060461000074e+06 1.315021338307709176e-01 2.108178884914596509e-03
2.458733553528000135e+06 1.352593200836481324e-01 2.108240900270520832e-03
2.458734057120999787e+06 1.368938696206340178e-01 2.108249116033249389e-03
2.458734550187999848e+06 1.289548260604053143e-01 2.108199167109938571e-03
2.458735043256000150e+06 1.360235170950105377e-01 2.108250361039365819e-03
2.458735546848999802e+06 1.297615426677935224e-01 2.108241028187688576e-03
2.458736039915999863e+06 1.343677979790727506e-01 2.108205868554799845e-03
2.458736532982999925e+06 1.364692484963744012e-01 2.108245718433614160e-03
2.458737036576999817e+06 1.338158632252423319e-01 2.108296790969525075e-03
2.458737529643999878e+06 1.383797048621111803e-01 2.108190450031175323e-03
2.458738022710999940e+06 1.353655025688858260e-01 2.108275139401646209e-03
2.458738526304999832e+06 1.323936635578167320e-01 2.108204588941571100e-03
2.458739019371999893e+06 1.330728934507167671e-01 2.108234790563790276e-03
2.458739512438999955e+06 1.359174443760226281e-01 2.108233722616366639e-03
2.458740016032000072e+06 1.301648133642158700e-01 2.108199241195652263e-03
2.458740509099999908e+06 1.377428929403695379e-01 2.108257406220497877e-03
2.458741002166999970e+06 1.337097879315546634e-01 2.108226519083612836e-03
2.458741505760000087e+06 1.332852220984732938e-01 2.108284124898563480e-03
2.458741998827000149e+06 1.336884844598535405e-01 2.108260018308533764e-03
2.458742491894000210e+06 1.337734722972039048e-01 2.108244962677079115e-03
2.458742995488000102e+06 1.342829272754039460e-01 2.108234733543269592e-03
2.458743488555000164e+06 1.302921948218056791e-01 2.108222299853580641e-03
2.458743981622000225e+06 1.329456096766075401e-01 2.108299877429034054e-03
2.458744485216000117e+06 1.296765954638539331e-01 2.108294126231043553e-03
2.458744978283000179e+06 1.346862310057165002e-01 2.108239999652653223e-03
2.458745471349999774e+06 1.340281428913308870e-01 2.108184855830663642e-03
2.458745974944000132e+06 1.348135670800998109e-01 2.108246501702444164e-03
2.458746468011000194e+06 1.310350865829520428e-01 2.108294738156515219e-03
2.458746961077999789e+06 1.317993292310309927e-01 2.108209103393792871e-03
2.458747464670999907e+06 1.304195808160861780e-01 2.108241442877047383e-03
2.458747957737999968e+06 1.294855184474614507e-01 2.108288353177056006e-03
2.458748450805999804e+06 1.330304928332962378e-01 2.108298203698994507e-03
2.458748954398999922e+06 1.337097879315546634e-01 2.108226519083612836e-03
2.458749447465999983e+06 1.319478748884005681e-01 2.108276138837889176e-03
2.458749940533000045e+06 1.341979865776292136e-01 2.108260779205155082e-03
2.458750444126999937e+06 1.313747794651616008e-01 2.108194211992240469e-03
2.458750937193999998e+06 1.348772802553178107e-01 2.108249050903595982e-03
2.458751430261000060e+06 1.324573310563857964e-01 2.108242433064415680e-03
2.458751933854999952e+06 1.334338447731606980e-01 2.108299969230102103e-03
2.458752426922000013e+06 1.351743842679796748e-01 2.108286536971382304e-03
2.458752919989000075e+06 1.336673074944363659e-01 2.108295395152782505e-03
2.458753423582000192e+06 1.361508634749452884e-01 2.108217729785197888e-03
2.458753916650000028e+06 1.344102534440685948e-01 2.108253004846985263e-03
2.458754409717000090e+06 1.368513859353810980e-01 2.108225065281950448e-03
2.458754913310000207e+06 1.383797048621111803e-01 2.108190450031175323e-03
2.458755406376999803e+06 1.317780874010131831e-01 2.108233443928968828e-03
2.458755899443999864e+06 1.328394901292088426e-01 2.108207541007910742e-03
2.458756403038000222e+06 1.300374366734119436e-01 2.108292039751962030e-03
2.458756896104999818e+06 1.367240139696551948e-01 2.108277712255066105e-03
2.458757389171999879e+06 1.337734722972039048e-01 2.108244962677079115e-03
2.458757892765999772e+06 1.309927320206162316e-01 2.108216516403414384e-03
2.458758385832999833e+06 1.342616561470905412e-01 2.108271756638782982e-03
2.458758878899999894e+06 1.336248405536194506e-01 2.108240941632246943e-03
2.458759382493999787e+06 1.324148826563146530e-01 2.108298559491848887e-03
2.458759875560999848e+06 1.346224840861765526e-01 2.108234105932923087e-03
2.458760368627999909e+06 1.341343472015543992e-01 2.108249338064994809e-03
2.458760872221000027e+06 1.315233311787431525e-01 2.108276435660332102e-03
2.458761365288000088e+06 1.357900661858711389e-01 2.108259018778097914e-03
2.458761858355999924e+06 1.339220226710939321e-01 2.108242500768646357e-03
2.458762361949000042e+06 1.311200783281025462e-01 2.108213023884195677e-03
2.458762855016000103e+06 1.347498840016380650e-01 2.108243484471209774e-03
2.458763348083000164e+06 1.388254851930020572e-01 2.108205096073157824e-03
2.458763851677000057e+06 1.308866041222466747e-01 2.108196192462569868e-03
2.458764344744000118e+06 1.347711083512524444e-01 2.108203165931621641e-03
2.458764837811000179e+06 1.318629538172932103e-01 2.108255214556760664e-03
2.458765341405000072e+06 1.295917038698228274e-01 2.108226892887484372e-03
2.458765834472000133e+06 1.364481337357528745e-01 2.108296547098127607e-03
2.458766327539000195e+06 1.354716436363989363e-01 2.108181417226023032e-03
2.458766831131999847e+06 1.326696550667129382e-01 2.108200453144058045e-03
2.458767324200000148e+06 1.361720576533174965e-01 2.108295071234362640e-03
2.458767817267000210e+06 1.315021338307709176e-01 2.108178884914596509e-03
2.458768320859999862e+06 1.320540119195485473e-01 2.108269239417490462e-03
2.458768813926999923e+06 1.333277039053857305e-01 2.108219299141431829e-03
2.458769306993999984e+06 1.352806246741438123e-01 2.108199173478262408e-03
2.458769810587999877e+06 1.341555981602602088e-01 2.108212663241044050e-03
2.458770303654999938e+06 1.317993292310309927e-01 2.108209103393792871e-03
2.458770796721999999e+06 1.367240139696551948e-01 2.108277712255066105e-03
2.458771300315999892e+06 1.351107796301325714e-01 2.108290041781962082e-03
2.458771793382999953e+06 1.346862310057165002e-01 2.108239999652653223e-03
2.458772286450000014e+06 1.328819522573572998e-01 2.108269485307589543e-03
2.458772790043999907e+06 1.339856847161672582e-01 2.108257445648067593e-03
2.458773283110999968e+06 1.322026010929912565e-01 2.108206233975556867e-03
2.458773776178000029e+06 1.324361051556556534e-01 2.108270527849148267e-03
2.458774279771000147e+06 1.334549847509843568e-01 2.108265238294057455e-03
2.458774772838000208e+06 1.350895017875848314e-01 2.108206863009372354e-03
2.458775265906000044e+06 1.361508634749452884e-01 2.108217729785197888e-03
2.458775769499000162e+06 1.357688064139092599e-01 2.108179037689917115e-03
2.458776262566000223e+06 1.336461338835633339e-01 2.108207615250062231e-03
2.458776755632999819e+06 1.350895017875848314e-01 2.108206863009372354e-03
2.458777259227000177e+06 1.352168455068109010e-01 2.108201560110272484e-03
2.458777752293999773e+06 1.305044137307717622e-01 2.108290583666840631e-03
2.458778245360999834e+06 1.332002990878881910e-01 2.108290328529011364e-03
2.458778748955000192e+06 1.338371869949514237e-01 2.108262945587764409e-03
2.458779242021999788e+06 1.307167375108886087e-01 2.108229218590982647e-03
2.458779735088999849e+06 1.301860349555419849e-01 2.108183236920101178e-03
2.458780238681999967e+06 1.324785603590497018e-01 2.108214275118122042e-03
2.458780731749999803e+06 1.333064613096785478e-01 2.108251743947706178e-03
2.458781224816999864e+06 1.340493770240450133e-01 2.108271928329517094e-03
2.458781728409999982e+06 1.337097879315546634e-01 2.108226519083612836e-03
2.458782221477000043e+06 1.357051720559938057e-01 2.108190854313785317e-03
2.458782714544000104e+06 1.331154301862103873e-01 2.108295668368182028e-03
2.458783218137999997e+06 1.362145813664777383e-01 2.108200698522532529e-03
2.458783711205000058e+06 1.330942214112670885e-01 2.108204930258252615e-03
2.459622427943999879e+06 1.315233311787431525e-01 2.108276435660332102e-03
2.459622921010999940e+06 1.299950453920713511e-01 2.108203400819174626e-03
2.459623424604999833e+06 1.326483951416798091e-01 2.108229141234859837e-03
2.459623917671999894e+06 1.384009910529577503e-01 2.108259797355467591e-03
2.459624410738999955e+06 1.325422686840965480e-01 2.108251498055433489e-03
2.459624914332000073e+06 1.321602343258452827e-01 2.108260964764978231e-03
2.459625407399999909e+06 1.323300266619357179e-01 2.108288174573764995e-03
2.459625900466999970e+06 1.350683516984574062e-01 2.108250002350876319e-03
2.459626404060000088e+06 1.333913291469014939e-01 2.108242497698372287e-03
2.459626897127000149e+06 1.344527223234876223e-01 2.108299960456151787e-03
2.459627390194000211e+06 1.326909183991329955e-01 2.108293914554850487e-03
2.459627893788000103e+06 1.388891755710283948e-01 2.108276847133461109e-03
2.459628386855000164e+06 1.309078228210609762e-01 2.108296821840814541e-03
2.459628879922000226e+06 1.313536060589671206e-01 2.108217382042147821e-03
2.459629383516000118e+06 1.375731242163308055e-01 2.108193160254079931e-03
2.459629876583000179e+06 1.344527223234876223e-01 2.108299960456151787e-03
2.459630369649999775e+06 1.332852220984732938e-01 2.108284124898563480e-03
2.459630873244000133e+06 1.344102534440685948e-01 2.108253004846985263e-03
2.459631366311000194e+06 1.323936635578167320e-01 2.108204588941571100e-03
2.459631859377999790e+06 1.332002990878881910e-01 2.108290328529011364e-03
2.459632362970999908e+06 1.341555981602602088e-01 2.108212663241044050e-03
2.459632856037999969e+06 1.344738998673963570e-01 2.108260472029434458e-03
2.459633349105999805e+06 1.290397758543304074e-01 2.108280606144010989e-03
2.459633852698999923e+06 1.324361051556556534e-01 2.108270527849148267e-03
2.459634345765999984e+06 1.356839255753564677e-01 2.108235697055145779e-03
2.459634838833000045e+06 1.333064613096785478e-01 2.108251743947706178e-03
2.459635342426999938e+06 1.350046726089709215e-01 2.108250801671503801e-03
2.459635835493999999e+06 1.325635115999484748e-01 2.108223106833051735e-03
2.459636328561000060e+06 1.304619903781031598e-01 2.108206036745116554e-03
2.459636832154999953e+06 1.355989729118399767e-01 2.108289519768481897e-03
2.459637325222000014e+06 1.378491206331214081e-01 2.108232771534868794e-03
2.459637818289000075e+06 1.320964663001342465e-01 2.108217040214332635e-03
2.459638321882000193e+06 1.357688064139092599e-01 2.108179037689917115e-03
2.459638814950000029e+06 1.349621536925771081e-01 2.108208344342741691e-03
2.459639308017000090e+06 1.337309716271641857e-01 2.108191013930912558e-03
2.459639811610000208e+06 1.327120629071026625e-01 2.108263177547471928e-03
2.459640304676999804e+06 1.344527223234876223e-01 2.108299960456151787e-03
2.459640797743999865e+06 1.359386022187749898e-01 2.108186292516276133e-03
2.459641301338000223e+06 1.369150533569630790e-01 2.108197048224637413e-03
2.459641794404999819e+06 1.354928568762224506e-01 2.108261946166590552e-03
2.459642287471999880e+06 1.323936635578167320e-01 2.108204588941571100e-03
2.459642791065999772e+06 1.349408992562982634e-01 2.108249189861464198e-03
2.459643284132999834e+06 1.330942214112670885e-01 2.108204930258252615e-03
2.459643777199999895e+06 1.329667947700355624e-01 2.108268437521700674e-03
2.459644280793999787e+06 1.336248405536194506e-01 2.108240941632246943e-03
2.459644773860999849e+06 1.330092975910981690e-01 2.108207308749662084e-03
2.459645266927999910e+06 1.316931543104517544e-01 2.108208886319560584e-03
2.459645770521000028e+06 1.356202060899057982e-01 2.108244920224754473e-03
2.459646263588000089e+06 1.362569928615267045e-01 2.108229616963639558e-03
2.459646756655999925e+06 1.365542433015972945e-01 2.108301049954036926e-03
2.459647260249000043e+06 1.328394901292088426e-01 2.108207541007910742e-03
2.459647753316000104e+06 1.315658573024684752e-01 2.108231055865237256e-03
2.459648246383000165e+06 1.330092975910981690e-01 2.108207308749662084e-03
2.459648749977000058e+06 1.342403883882362925e-01 2.108185075137772573e-03
2.459649243044000119e+06 1.347923360438971763e-01 2.108286930716650898e-03
2.459649736111000180e+06 1.317780874010131831e-01 2.108233443928968828e-03
2.459650239705000073e+06 1.376155784580980201e-01 2.108209992871572496e-03
2.459650732772000134e+06 1.352168455068109010e-01 2.108201560110272484e-03
2.459651225839000195e+06 1.331578578755910902e-01 2.108231784894130934e-03
2.459651729431999847e+06 1.347498840016380650e-01 2.108243484471209774e-03
2.459652222500000149e+06 1.341979865776292136e-01 2.108260779205155082e-03
2.459652715567000210e+06 1.336461338835633339e-01 2.108207615250062231e-03
2.459653219159999862e+06 1.334338447731606980e-01 2.108299969230102103e-03
2.459653712226999924e+06 1.336884844598535405e-01 2.108260018308533764e-03
2.459654205293999985e+06 1.370848938209960066e-01 2.108287028646082389e-03
2.459654708887999877e+06 1.330092975910981690e-01 2.108207308749662084e-03
2.459655201954999939e+06 1.373820523460064225e-01 2.108301948629497363e-03
2.459655695022000000e+06 1.332639862712307333e-01 2.108193701346239290e-03
2.459656198615999892e+06 1.363419810467541848e-01 2.108288836424947795e-03
2.459656691682999954e+06 1.318205744851028427e-01 2.108184700232257520e-03
2.459657184750000015e+06 1.359810530286384433e-01 2.108218419538645388e-03
2.459657688343999907e+06 1.324785603590497018e-01 2.108214275118122042e-03
2.459658181410999969e+06 1.335399471437383745e-01 2.108254494931155031e-03
2.459658674478000030e+06 1.315021338307709176e-01 2.108178884914596509e-03
2.459659178071000148e+06 1.353655025688858260e-01 2.108275139401646209e-03
2.459659671138000209e+06 1.349621536925771081e-01 2.108208344342741691e-03
2.459660164206000045e+06 1.316931543104517544e-01 2.108208886319560584e-03
2.459660667799000163e+06 1.312685838444350162e-01 2.108182711845112481e-03
2.459661160866000224e+06 1.367452973685693018e-01 2.108228060021633248e-03
2.459661653932999820e+06 1.337522818692627180e-01 2.108280576699100937e-03
2.459662157527000178e+06 1.343253559242634232e-01 2.108282269923295905e-03
2.459662650593999773e+06 1.342192476187470673e-01 2.108223930323875877e-03
2.459663143660999835e+06 1.399080810696368693e-01 2.108280173718864083e-03
2.459663647255000193e+06 1.340706145208914180e-01 2.108235491903026095e-03
2.459664140321999788e+06 1.336036736697352179e-01 2.108276145671593785e-03
2.459664633388999850e+06 1.364692484963744012e-01 2.108245718433614160e-03
2.459665136981999967e+06 1.325422686840965480e-01 2.108251498055433489e-03
2.459665630049999803e+06 1.353655025688858260e-01 2.108275139401646209e-03
2.459666123116999865e+06 1.355777430581154297e-01 2.108209181953250421e-03
2.459666626709999982e+06 1.299100649792512829e-01 2.108261044352236456e-03
2.459667119777000044e+06 1.331578578755910902e-01 2.108231784894130934e-03
2.459667612844000105e+06 1.362782035607280340e-01 2.108181247871249771e-03
2.459668116437999997e+06 1.332852220984732938e-01 2.108284124898563480e-03
2.459668609505000059e+06 1.349834114766252646e-01 2.108291757969464521e-03
2.459669102572000120e+06 1.324361051556556534e-01 2.108270527849148267e-03
2.459669606166000012e+06 1.306530642991929614e-01 2.108285305850875115e-03
2.459670099233000074e+06 1.316082759606287400e-01 2.108183484603576470e-03
2.459670592300000135e+06 1.338583908744463702e-01 2.108227094133746215e-03
2.459671095894000027e+06 1.340493770240450133e-01 2.108271928329517094e-03
2.459671588961000089e+06 1.334549847509843568e-01 2.108265238294057455e-03
2.459672082028000150e+06 1.352381434071689981e-01 2.108284503434859972e-03
2.459672585620999802e+06 1.366815829974568075e-01 2.108252870657779509e-03
2.459673078687999863e+06 1.361720576533174965e-01 2.108295071234362640e-03
2.459673571756000165e+06 1.395048157981406967e-01 2.108242322199999075e-03
2.459674075348999817e+06 1.342829272754039460e-01 2.108234733543269592e-03
2.459674568415999878e+06 1.338371869949514237e-01 2.108262945587764409e-03
2.459675061482999939e+06 1.319478748884005681e-01 2.108276138837889176e-03
2.459675565076999832e+06 1.337097879315546634e-01 2.108226519083612836e-03
2.459676058143999893e+06 1.296553374990917495e-01 2.108187346224559520e-03
2.459676551210999954e+06 1.351107796301325714e-01 2.108290041781962082e-03
2.459677054804999847e+06 1.345163888568308985e-01 2.108183242630047149e-03
2.459677547871999908e+06 1.339220226710939321e-01 2.108242500768646357e-03
2.459678040938999970e+06 1.356626824211431825e-01 2.108280474078765964e-03
2.459678544532000087e+06 1.351532208893515830e-01 2.108205417624413932e-03
2.459679037599999923e+06 1.380400792653431463e-01 2.108229037906899934e-03
2.459679530666999985e+06 1.341130996091127459e-01 2.108285948370183273e-03
2.459680034260000102e+06 1.294430686443808487e-01 2.108193291158137923e-03
2.459680527327000163e+06 1.319478748884005681e-01 2.108276138837889176e-03
2.459681020394000225e+06 1.335612269457829571e-01 2.108221405315248778e-03
2.459681523988000117e+06 1.339220226710939321e-01 2.108242500768646357e-03
2.459682017055000179e+06 1.360235170950105377e-01 2.108250361039365819e-03
2.459682510121999774e+06 1.313536060589671206e-01 2.108217382042147821e-03
2.459683013716000132e+06 1.323512355611723423e-01 2.108260375770007813e-03
2.459683506783000194e+06 1.343677979790727506e-01 2.108205868554799845e-03
2.459683999849999789e+06 1.368513859353810980e-01 2.108225065281950448e-03
2.459684503444000147e+06 1.328394901292088426e-01 2.108207541007910742e-03
2.459684996511000209e+06 1.331790767911057438e-01 2.108199747579244006e-03
2.459685489577999804e+06 1.293794200317796850e-01 2.108229134453671813e-03
2.459685993170999922e+06 1.343677979790727506e-01 2.108205868554799845e-03
2.459686486237999983e+06 1.338795981132800406e-01 2.108191178401993410e-03
2.459686979305999819e+06 1.363207604210566193e-01 2.108211808907925477e-03
2.459687482898999937e+06 1.359174443760226281e-01 2.108233722616366639e-03
2.459687975965999998e+06 1.330092975910981690e-01 2.108207308749662084e-03
2.459688469033000059e+06 1.332639862712307333e-01 2.108193701346239290e-03
2.459688972626999952e+06 1.288488064628932339e-01 2.108246033227952326e-03
2.459689465694000013e+06 1.313747794651616008e-01 2.108194211992240469e-03
2.459689958761000074e+06 1.333913291469014939e-01 2.108242497698372287e-03
2.459690462354999967e+06 1.320540119195485473e-01 2.108269239417490462e-03
2.459690955422000028e+06 1.319904167143318707e-01 2.108226470323757307e-03
2.459691448489000089e+06 1.340918553824029524e-01 2.108198991013226272e-03
2.459691952082000207e+06 1.300374366734119436e-01 2.108292039751962030e-03
2.459692445150000043e+06 1.322874972175669683e-01 2.108219799914913106e-03
2.459692938217000104e+06 1.338371869949514237e-01 2.108262945587764409e-03
2.459693441810000222e+06 1.327757612313897051e-01 2.108296760850019661e-03
2.459693934876999818e+06 1.321814160119943182e-01 2.108233630828977752e-03
2.459807647255999967e+06 1.341343472015543992e-01 2.108249338064994809e-03
2.459808150849000085e+06 1.350470805376473848e-01 2.108291134698834970e-03
2.459808643916000146e+06 1.338583908744463702e-01 2.108227094133746215e-03
2.459809136983000208e+06 1.353229946482751578e-01 2.108236277324375147e-03
2.459809640577000100e+06 1.333913291469014939e-01 2.108242497698372287e-03
2.459810133644000161e+06 1.318418231637810134e-01 2.108281665231470214e-03
2.459810626711000223e+06 1.349408992562982634e-01 2.108249189861464198e-03
2.459811130305000115e+06 1.330516914529896733e-01 2.108266528946745044e-03
2.459811623372000176e+06 1.312474275535728818e-01 2.108205590366422563e-03
2.459812116438999772e+06 1.325210291723595002e-01 2.108279826041258628e-03
2.459812620031999890e+06 1.308652683313248632e-01 2.108214130054839909e-03
2.459813113100000191e+06 1.313536060589671206e-01 2.108217382042147821e-03
2.459813606166999787e+06 1.318418231637810134e-01 2.108281665231470214e-03
2.459814109759999905e+06 1.330942214112670885e-01 2.108204930258252615e-03
2.459814602826999966e+06 1.308440565301190184e-01 2.108233947534080867e-03
2.459815095894000027e+06 1.352806246741438123e-01 2.108199173478262408e-03
2.459815599487999920e+06 1.325422686840965480e-01 2.108251498055433489e-03
2.459816092554999981e+06 1.329667947700355624e-01 2.108268437521700674e-03
2.459816585622000042e+06 1.372759317081643782e-01 2.108190622428255875e-03
2.459817089215999935e+06 1.331366423408055222e-01 2.108263758483946201e-03
2.459817582282999996e+06 1.328606583123189688e-01 2.108298748841003298e-03
2.459818075350000057e+06 1.326909183991329955e-01 2.108293914554850487e-03
2.459818578943999950e+06 1.343040780750264229e-01 2.108195704077664000e-03
2.459819072011000011e+06 1.346438123806062703e-01 2.108196079710004337e-03
2.459819565078000072e+06 1.306955497848730219e-01 2.108248623285238158e-03
2.459820068671000190e+06 1.342403883882362925e-01 2.108185075137772573e-03
2.459820561737999786e+06 1.315446531006468633e-01 2.108254747859569355e-03
2.459821054806000087e+06 1.341343472015543992e-01 2.108249338064994809e-03
2.459821558399000205e+06 1.318842093272631910e-01 2.108230642998497762e-03
2.459822051465999801e+06 1.369575568069168192e-01 2.108220796988083661e-03
2.459822544532999862e+06 1.346438123806062703e-01 2.108196079710004337e-03
2.459823048127000220e+06 1.337522818692627180e-01 2.108280576699100937e-03
2.459823541193999816e+06 1.330728934507167671e-01 2.108234790563790276e-03
2.459824034260999877e+06 1.315870649222786459e-01 2.108207301453072970e-03
2.459824537854999769e+06 1.356414425928334777e-01 2.108200255018645702e-03
2.459825030921999831e+06 1.312261538086171297e-01 2.108226465003648371e-03
2.459825523988999892e+06 1.343253559242634232e-01 2.108282269923295905e-03
2.459826027582000010e+06 1.318842093272631910e-01 2.108230642998497762e-03
2.459826520649999846e+06 1.347074453293964358e-01 2.108199856471596172e-03
2.459827013716999907e+06 1.338795981132800406e-01 2.108191178401993410e-03
2.459827517310000025e+06 1.315021338307709176e-01 2.108178884914596509e-03
2.459828010377000086e+06 1.344315481147116687e-01 2.108215568126063210e-03
2.459828503444000147e+06 1.346438123806062703e-01 2.108196079710004337e-03
2.459829007038000040e+06 1.340281428913308870e-01 2.108184855830663642e-03
2.459829500105000101e+06 1.329456096766075401e-01 2.108299877429034054e-03
2.459829993172000162e+06 1.350046726089709215e-01 2.108250801671503801e-03
2.459830496766000055e+06 1.370211474212142955e-01 2.108190053569498467e-03
2.459830989833000116e+06 1.372546921361061656e-01 2.108243688220533176e-03
2.459831482900000177e+06 1.320752982269281506e-01 2.108244142121809116e-03
2.459831986494000070e+06 1.315658573024684752e-01 2.108231055865237256e-03
2.459832479561000131e+06 1.306530642991929614e-01 2.108285305850875115e-03
2.459832972628000192e+06 1.328606583123189688e-01 2.108298748841003298e-03
2.459833476220999844e+06 1.320115711833432792e-01 2.108199600157849470e-03
2.459833969287999906e+06 1.367877481200438228e-01 2.108252600410186542e-03
2.459834462356000207e+06 1.341343472015543992e-01 2.108249338064994809e-03
2.459834965948999859e+06 1.293582107831704742e-01 2.108240961088814810e-03
2.459835459015999921e+06 1.339856847161672582e-01 2.108257445648067593e-03
2.459835952082999982e+06 1.312261538086171297e-01 2.108226465003648371e-03
2.459836455676999874e+06 1.299950453920713511e-01 2.108203400819174626e-03
2.459836948743999936e+06 1.323088211613636933e-01 2.108194049402177094e-03
2.459837441810999997e+06 1.355140734377857370e-01 2.108217635560522517e-03
2.459837945404999889e+06 1.383585493779737607e-01 2.108250448753453115e-03
2.459838438471999951e+06 1.343890859234798396e-01 2.108292318615796399e-03
2.459838931539000012e+06 1.339856847161672582e-01 2.108257445648067593e-03
2.459839435132000130e+06 1.304619903781031598e-01 2.108206036745116554e-03
2.459839928199999966e+06 1.350258127267141839e-01 2.108207838434541376e-03
2.459840421267000027e+06 1.330304928332962378e-01 2.108298203698994507e-03
2.459840924860000145e+06 1.353018080026814896e-01 2.108280057124277667e-03
2.459841417927000206e+06 1.374245741967916601e-01 2.108195064133163397e-03
2.459841910993999802e+06 1.307167375108886087e-01 2.108229218590982647e-03
2.459842414588000160e+06 1.347286629945285141e-01 2.108283738025454844e-03
2.459842907655000221e+06 1.325635115999484748e-01 2.108223106833051735e-03
2.459843400721999817e+06 1.319691440871331722e-01 2.108251335969080036e-03
2.459843904316000175e+06 1.364481337357528745e-01 2.108296547098127607e-03
2.459844397382999770e+06 1.331790767911057438e-01 2.108199747579244006e-03
2.459844890449999832e+06 1.362357854636145338e-01 2.108277919929530102e-03
2.459845394044000190e+06 1.367664581139826918e-01 2.108302366101593318e-03
2.459845887110999785e+06 1.334762510141371261e-01 2.108232385187299839e-03
2.459846380177999847e+06 1.327333330363441033e-01 2.108234318963024458e-03
2.459846883770999964e+06 1.330092975910981690e-01 2.108207308749662084e-03
2.459847376838000026e+06 1.332852220984732938e-01 2.108284124898563480e-03
2.459847869905999862e+06 1.296342024166184381e-01 2.108201883698023697e-03
2.459848373498999979e+06 1.310563293530196960e-01 2.108274402611241046e-03
2.459848866566000041e+06 1.357900661858711389e-01 2.108259018778097914e-03
2.459849359633000102e+06 1.316082759606287400e-01 2.108183484603576470e-03
2.459849863226999994e+06 1.322239113520461418e-01 2.108180715890539420e-03
2.459850356294000056e+06 1.332002990878881910e-01 2.108290328529011364e-03
2.459850849361000117e+06 1.294855184474614507e-01 2.108288353177056006e-03
2.459851352955000009e+06 1.393137555905739344e-01 2.108177837601939338e-03
2.459851846022000071e+06 1.307167375108886087e-01 2.108229218590982647e-03
2.459852339089000132e+06 1.308440565301190184e-01 2.108233947534080867e-03
2.459852842681999784e+06 1.343465134067894917e-01 2.108243130691954317e-03
2.459853335750000086e+06 1.344952046215683872e-01 2.108222860602119823e-03
2.459853828817000147e+06 1.374245741967916601e-01 2.108195064133163397e-03
2.459854332409999799e+06 1.329456096766075401e-01 2.108299877429034054e-03
2.459854825476999860e+06 1.323088211613636933e-01 2.108194049402177094e-03
2.459855318543999922e+06 1.289973533699830532e-01 2.108181552909425480e-03
2.459855822137999814e+06 1.345375764288062603e-01 2.108267473561534211e-03
2.459856315204999875e+06 1.326271386234881000e-01 2.108257765994555211e-03
2.459856808271999937e+06 1.352593200836481324e-01 2.108240900270520832e-03
2.459857311865999829e+06 1.338158632252423319e-01 2.108296790969525075e-03
2.459857804932999890e+06 1.365966347428875793e-01 2.108200682960995661e-03
2.459858297999999952e+06 1.348560391852833551e-01 2.108289655534635858e-03
2.459858801593999844e+06 1.311413348766180265e-01 2.108192440212860574e-03
2.459859294660999905e+06 1.382523111198677712e-01 2.108286990136414279e-03
2.459859787727999967e+06 1.341555981602602088e-01 2.108212663241044050e-03
2.459860291321000084e+06 1.362357854636145338e-01 2.108277919929530102e-03
2.459860784388000146e+06 1.317780874010131831e-01 2.108233443928968828e-03
2.459861277455999982e+06 1.324785603590497018e-01 2.108214275118122042e-03
2.459861781049000099e+06 1.350895017875848314e-01 2.108206863009372354e-03
2.459862274116000161e+06 1.358112042000597097e-01 2.108211944629516128e-03
2.459862767183000222e+06 1.379763970138182805e-01 2.108273092881870515e-03
2.459863270777000114e+06 1.312474275535728818e-01 2.108205590366422563e-03
2.459863763844000176e+06 1.319054682634931419e-01 2.108206008738844339e-03
2.459864256910999771e+06 1.309078228210609762e-01 2.108296821840814541e-03
2.459864760505000129e+06 1.307804417534514652e-01 2.108293029171478400e-03
2.459865253572000191e+06 1.323300266619357179e-01 2.108288174573764995e-03
2.459865746638999786e+06 1.322239113520461418e-01 2.108180715890539420e-03
2.459866250231999904e+06 1.316294904180702607e-01 2.108280840538215989e-03
2.459866743300000206e+06 1.323088211613636933e-01 2.108194049402177094e-03
2.459867236366999801e+06 1.305894221032491420e-01 2.108220560937882140e-03
2.459867739959999919e+06 1.322662985322143325e-01 2.108247429133510136e-03
2.459868233026999980e+06 1.371485435590040491e-01 2.108255377290013319e-03
2.459868726094000041e+06 1.318842093272631910e-01 2.108230642998497762e-03
2.459869229687999934e+06 1.387830411676353182e-01 2.108199660236734045e-03
2.459869722754999995e+06 1.351107796301325714e-01 2.108290041781962082e-03
2.459870215822000057e+06 1.319904167143318707e-01 2.108226470323757307e-03
2.459870719415999949e+06 1.349196481672624293e-01 2.108289970228733028e-03
2.459871212483000010e+06 1.357262968549791393e-01 2.108269012701065748e-03
2.459871705550000072e+06 1.360659944220310447e-01 2.108282116899435829e-03
2.459872209143999964e+06 1.369362403713836052e-01 2.108271036755173227e-03
2.459872702211000025e+06 1.303983211545107213e-01 2.108258082870329529e-03
2.459873195278000087e+06 1.310775755668618092e-01 2.108254005063810426e-03
2.459873698871000204e+06 1.350683516984574062e-01 2.108250002350876319e-03
2.459874191937999800e+06 1.352806246741438123e-01 2.108199173478262408e-03
2.459874685006000102e+06 1.299313647084942569e-01 2.108247695930400272e-03
2.459875188599000219e+06 1.339432399911392457e-01 2.108206411628772790e-03
2.459875681665999815e+06 1.343677979790727506e-01 2.108205868554799845e-03
2.459876174732999876e+06 1.313323151036592251e-01 2.108238548102573003e-03
2.459876678326999769e+06 1.352806246741438123e-01 2.108199173478262408e-03
2.459877171393999830e+06 1.347711083512524444e-01 2.108203165931621641e-03
2.459877664460999891e+06 1.311413348766180265e-01 2.108192440212860574e-03
2.459878168054999784e+06 1.345800855377784211e-01 2.108189894373508743e-03
2.459878661121999845e+06 1.336884844598535405e-01 2.108260018308533764e-03
2.459879154188999906e+06 1.294855184474614507e-01 2.108288353177056006e-03
2.459987411249999888e+06 1.376155784580980201e-01 2.108209992871572496e-03
2.459987904316999950e+06 1.337097879315546634e-01 2.108226519083612836e-03
2.459988407910000067e+06 1.334549847509843568e-01 2.108265238294057455e-03
2.459988900977000128e+06 1.342192476187470673e-01 2.108223930323875877e-03
2.459989394044000190e+06 1.352381434071689981e-01 2.108284503434859972e-03
2.459989897638000082e+06 1.318842093272631910e-01 2.108230642998497762e-03
2.459990390705000143e+06 1.326483951416798091e-01 2.108229141234859837e-03
2.459990883772000205e+06 1.358537403520216347e-01 2.108246608301263345e-03
2.459991387366000097e+06 1.365542433015972945e-01 2.108301049954036926e-03
2.459991880433000159e+06 1.335612269457829571e-01 2.108221405315248778e-03
2.459992373500000220e+06 1.351107796301325714e-01 2.108290041781962082e-03
2.459992877094000112e+06 1.317568489944983545e-01 2.108257721857350903e-03
2.459993370161000174e+06 1.350683516984574062e-01 2.108250002350876319e-03
2.459993863227999769e+06 1.336036736697352179e-01 2.108276145671593785e-03
2.459994366820999887e+06 1.363419810467541848e-01 2.108288836424947795e-03
2.459994859887999948e+06 1.330942214112670885e-01 2.108204930258252615e-03
2.459995352955999784e+06 1.348985246710172059e-01 2.108208381176469599e-03
2.459995856548999902e+06 1.339432399911392457e-01 2.108206411628772790e-03
2.459996349615999963e+06 1.321177594509033992e-01 2.108191817179764539e-03
2.459996842683000024e+06 1.340493770240450133e-01 2.108271928329517094e-03
2.459997346276999917e+06 1.337946660823531586e-01 2.108209284452121357e-03
2.459997839343999978e+06 1.336884844598535405e-01 2.108260018308533764e-03
2.459998332411000039e+06 1.323088211613636933e-01 2.108194049402177094e-03
2.459998836004999932e+06 1.326909183991329955e-01 2.108293914554850487e-03
2.459999329071999993e+06 1.347711083512524444e-01 2.108203165931621641e-03
2.459999822139000054e+06 1.340918553824029524e-01 2.108198991013226272e-03
2.460000325732000172e+06 1.324361051556556534e-01 2.108270527849148267e-03
2.460000818800000008e+06 1.336248405536194506e-01 2.108240941632246943e-03
2.460001311867000069e+06 1.371061071174967672e-01 2.108234438803234696e-03
2.460001815460000187e+06 1.320540119195485473e-01 2.108269239417490462e-03
2.460002308526999783e+06 1.350046726089709215e-01 2.108250801671503801e-03
2.460002801593999844e+06 1.375942863353015189e-01 2.108263994000276597e-03
2.460003305188000202e+06 1.327970415697377060e-01 2.108267731614878529e-03
2.460003798254999798e+06 1.335186707321236732e-01 2.108287520486121138e-03
2.460004291321999859e+06 1.325635115999484748e-01 2.108223106833051735e-03
2.460004794916000217e+06 1.339432399911392457e-01 2.108206411628772790e-03
2.460005287982999813e+06 1.322451032438886620e-01 2.108274995359852091e-03
2.460005781049999874e+06 1.361296725952909070e-01 2.108265741400549686e-03
2.460006284644000232e+06 1.371485435590040491e-01 2.108255377290013319e-03
2.460006777710999828e+06 1.341130996091127459e-01 2.108285948370183273e-03
2.460007270777999889e+06 1.321602343258452827e-01 2.108260964764978231e-03
2.460007774371000007e+06 1.348985246710172059e-01 2.108208381176469599e-03
2.460008267438000068e+06 1.341343472015543992e-01 2.108249338064994809e-03
2.460008760505999904e+06 1.325210291723595002e-01 2.108279826041258628e-03
2.460009264099000022e+06 1.309290449597473316e-01 2.108276838333113072e-03
2.460009757166000083e+06 1.354078991268255483e-01 2.108187160756758247e-03
2.460010250233000144e+06 1.320964663001342465e-01 2.108217040214332635e-03
2.460010753827000037e+06 1.315446531006468633e-01 2.108254747859569355e-03
2.460011246894000098e+06 1.340069121222156046e-01 2.108221182943311074e-03
2.460011739961000159e+06 1.343040780750264229e-01 2.108195704077664000e-03
2.460012243555000052e+06 1.322451032438886620e-01 2.108274995359852091e-03
2.460012736622000113e+06 1.314384412233182975e-01 2.108247329206463464e-03
2.460013229689000174e+06 1.326060076461813841e-01 2.108288269247055036e-03
2.460013733281999826e+06 1.347711083512524444e-01 2.108203165931621641e-03
2.460014226350000128e+06 1.353018080026814896e-01 2.108280057124277667e-03
2.460014719417000189e+06 1.337309716271641857e-01 2.108191013930912558e-03
2.460015223009999841e+06 1.326909183991329955e-01 2.108293914554850487e-03
2.460015716076999903e+06 1.340918553824029524e-01 2.108198991013226272e-03
2.460016209143999964e+06 1.354292271198914155e-01 2.108269749824114546e-03
2.460016712737999856e+06 1.319691440871331722e-01 2.108251335969080036e-03
2.460017205804999918e+06 1.330092975910981690e-01 2.108207308749662084e-03
2.460017698871999979e+06 1.342829272754039460e-01 2.108234733543269592e-03
2.460018202465999871e+06 1.322239113520461418e-01 2.108180715890539420e-03
2.460018695532999933e+06 1.327544843031533695e-01 2.108203455244345159e-03
2.460019188599999994e+06 1.366391651932988283e-01 2.108227841428628006e-03
2.460019692193999887e+06 1.325210291723595002e-01 2.108279826041258628e-03
2.460020185260999948e+06 1.366603095152155445e-01 2.108176474211110284e-03
2.460020678328000009e+06 1.297615426677935224e-01 2.108241028187688576e-03
2.460021181921000127e+06 1.356839255753564677e-01 2.108235697055145779e-03
2.460021674988000188e+06 1.317143824497690463e-01 2.108184776542470010e-03
2.460022168056000024e+06 1.384434457469833624e-01 2.108268953314079534e-03
2.460022671649000142e+06 1.353443092681025361e-01 2.108194373836930462e-03
2.460023164716000203e+06 1.292732894863318771e-01 2.108285720696226762e-03
2.460023657782999799e+06 1.324785603590497018e-01 2.108214275118122042e-03
2.460024161377000157e+06 1.349621536925771081e-01 2.108208344342741691e-03
2.460024654444000218e+06 1.374457134651273782e-01 2.108266171853557126e-03
2.460025147510999814e+06 1.351956754803014249e-01 2.108245052090628163e-03
2.460025651105000172e+06 1.294430686443808487e-01 2.108193291158137923e-03
2.460026144171999767e+06 1.317356140109339213e-01 2.108281937198473385e-03
2.460026637238999829e+06 1.306955497848730219e-01 2.108248623285238158e-03
2.460027140831999946e+06 1.362995430981932543e-01 2.108260290814364165e-03
2.460027633899999782e+06 1.325847579204616489e-01 2.108194652354583847e-03
2.460028126966999844e+06 1.327970415697377060e-01 2.108267731614878529e-03
2.460028630559999961e+06 1.365966347428875793e-01 2.108200682960995661e-03
2.460029123627000023e+06 1.336461338835633339e-01 2.108207615250062231e-03
2.460029616694000084e+06 1.328394901292088426e-01 2.108207541007910742e-03
2.460030120287999976e+06 1.373395436523134061e-01 2.108282070747598269e-03
2.460030613355000038e+06 1.328606583123189688e-01 2.108298748841003298e-03
2.460031106422000099e+06 1.320115711833432792e-01 2.108199600157849470e-03
2.460031610015999991e+06 1.371909931352408296e-01 2.108276126770058934e-03
2.460032103083000053e+06 1.342829272754039460e-01 2.108234733543269592e-03
2.460032596150000114e+06 1.327544843031533695e-01 2.108203455244345159e-03
2.460033099744000006e+06 1.342829272754039460e-01 2.108234733543269592e-03
2.460033592811000068e+06 1.333489498861341604e-01 2.108186790460212217e-03
2.460034085878000129e+06 1.338158632252423319e-01 2.108296790969525075e-03
2.460034589470999781e+06 1.327544843031533695e-01 2.108203455244345159e-03
2.460035082537999842e+06 1.336248405536194506e-01 2.108240941632246943e-03
2.460035575606000144e+06 1.321177594509033992e-01 2.108191817179764539e-03
2.460036079198999796e+06 1.326271386234881000e-01 2.108257765994555211e-03
2.460036572265999857e+06 1.320540119195485473e-01 2.108269239417490462e-03
2.460037065332999919e+06 1.345163888568308985e-01 2.108183242630047149e-03
2.460037568926999811e+06 1.333700764140267059e-01 2.108275114583537703e-03
2.460038061993999872e+06 1.327544843031533695e-01 2.108203455244345159e-03
2.460038555060999934e+06 1.321389343294868401e-01 2.108286293998672643e-03
2.460039058654999826e+06 1.341130996091127459e-01 2.108285948370183273e-03
2.460039551721999887e+06 1.344527223234876223e-01 2.108299960456151787e-03
2.460040044788999949e+06 1.342403883882362925e-01 2.108185075137772573e-03
2.460040548382000066e+06 1.353655025688858260e-01 2.108275139401646209e-03
2.460041041449999902e+06 1.366178983130765245e-01 2.108277200487688931e-03
2.460041534516999964e+06 1.397594555078231493e-01 2.108228824161801056e-03
2.460042038110000081e+06 1.344952046215683872e-01 2.108222860602119823e-03
2.460042531177000143e+06 1.360659944220310447e-01 2.108282116899435829e-03
2.460043024244000204e+06 1.357475499704522970e-01 2.108224058082031060e-03
2.460043527838000096e+06 1.319478748884005681e-01 2.108276138837889176e-03
2.460044020905000158e+06 1.322874972175669683e-01 2.108219799914913106e-03
2.460044513972000219e+06 1.325422686840965480e-01 2.108251498055433489e-03
2.460045017566000111e+06 1.323512355611723423e-01 2.108260375770007813e-03
2.460045510633000173e+06 1.328394901292088426e-01 2.108207541007910742e-03
2.460046003699999768e+06 1.356839255753564677e-01 2.108235697055145779e-03
2.460046507294000126e+06 1.336673074944363659e-01 2.108295395152782505e-03
2.460047000361000188e+06 1.320752982269281506e-01 2.108244142121809116e-03
2.460047493427999783e+06 1.319478748884005681e-01 2.108276138837889176e-03
2.460047997020999901e+06 1.356202060899057982e-01 2.108244920224754473e-03
2.460048490087999962e+06 1.336673074944363659e-01 2.108295395152782505e-03
2.460048983155999798e+06 1.310350865829520428e-01 2.108294738156515219e-03
2.460049486748999916e+06 1.377005262490497428e-01 2.108243086862776183e-03
2.460049979815999977e+06 1.269594990107578425e-01 2.108203445398475380e-03
2.460050472883000039e+06 1.342616561470905412e-01 2.108271756638782982e-03
2.460050976476999931e+06 1.311624740659828314e-01 2.108290657866996199e-03
2.460051469543999992e+06 1.352593200836481324e-01 2.108240900270520832e-03
2.460051962611000054e+06 1.362145813664777383e-01 2.108200698522532529e-03
2.460052466204999946e+06 1.348348014603859557e-01 2.108206007647525897e-03
2.460052959272000007e+06 1.350258127267141839e-01 2.108207838434541376e-03
2.460053452339000069e+06 1.337309716271641857e-01 2.108191013930912558e-03
2.460053955932000186e+06 1.362782035607280340e-01 2.108181247871249771e-03
2.460054449000000022e+06 1.322874972175669683e-01 2.108219799914913106e-03
2.460054942067000084e+06 1.332427538274117418e-01 2.108225974200633821e-03
2.460055445660000201e+06 1.326909183991329955e-01 2.108293914554850487e-03
2.460055938726999797e+06 1.317143824497690463e-01 2.108184776542470010e-03
2.460056431793999858e+06 1.317356140109339213e-01 2.108281937198473385e-03
2.460056935388000216e+06 1.325210291723595002e-01 2.108279826041258628e-03
2.460057428454999812e+06 1.338158632252423319e-01 2.108296790969525075e-03
2.460057921521999873e+06 1.339856847161672582e-01 2.108257445648067593e-03
2.460058425116000231e+06 1.320115711833432792e-01 2.108199600157849470e-03
2.460058918182999827e+06 1.343465134067894917e-01 2.108243130691954317e-03
