2.458346727899000049e+06 1.767471420052493025e+00 7.470439238440768591e-03
2.458347220966000110e+06 1.777090724145456546e+00 7.483271493744662016e-03
2.458347714033000171e+06 1.791858041248849398e+00 7.497595682744106170e-03
2.458348217627000064e+06 1.800550058352368810e+00 7.510748171186303231e-03
2.458348710694000125e+06 1.799537080626185004e+00 7.524754457150019914e-03
2.458349203761000186e+06 1.796781221303801690e+00 7.538054296404392979e-03
2.458349707355000079e+06 1.826708291255169758e+00 7.552565239611955944e-03
2.458350200422000140e+06 1.818945136679975594e+00 7.567376998553507900e-03
2.458350693489000201e+06 1.830393226591202849e+00 7.581287520769678170e-03
2.458351197081999853e+06 1.833938636059590399e+00 7.595972217024134221e-03
2.458351690150000155e+06 1.837397833681128967e+00 7.610299833286617716e-03
2.458352183217000216e+06 1.843923078620889111e+00 7.625438469054425517e-03
2.458352686809999868e+06 1.873654886254395580e+00 7.639673564441945910e-03
2.458353179876999930e+06 1.868675966233847685e+00 7.653794711297436104e-03
2.458353672943999991e+06 1.866876547733173464e+00 7.668777522938739072e-03
2.458354176537999883e+06 1.875004869698617904e+00 7.683170763516617569e-03
2.458354669604999945e+06 1.889771086508005515e+00 7.698423870360785425e-03
2.458355162672000006e+06 1.894553178239722468e+00 7.712669993983522349e-03
2.458355666265999898e+06 1.890277652546629161e+00 7.726602636292098820e-03
2.458356159332999960e+06 1.907323676895300135e+00 7.741821086227946083e-03
2.458356652400000021e+06 1.906958316207931992e+00 7.754389076427251233e-03
2.458357155993999913e+06 1.932722933590566461e+00 7.768372137933976691e-03
2.458357649060999975e+06 1.912358013329640727e+00 7.781630257759066145e-03
2.458358142128000036e+06 1.915368761223109173e+00 7.793881377446381341e-03
2.458358645721000154e+06 1.925241435082767127e+00 7.807456361426040950e-03
2.458359138788000215e+06 1.938038498865606307e+00 7.818297472103155274e-03
2.458359631856000051e+06 1.954100068687710801e+00 7.830897930454749564e-03
2.458360135449000169e+06 1.950275656976963257e+00 7.840719693602633128e-03
2.458360628516000230e+06 1.956772787157029070e+00 7.850619905186685676e-03
2.458361121582999825e+06 1.958431563833909150e+00 7.860882521725884309e-03
2.458361625177000184e+06 1.966813587949428621e+00 7.869165814504303427e-03
2.458362118243999779e+06 1.962369566616052774e+00 7.878496547681166501e-03
2.458362611310999840e+06 1.976490812893290983e+00 7.884218720096749719e-03
2.458363114905000199e+06 1.962481629183832288e+00 7.891599041707702406e-03
2.458363607971999794e+06 1.986757220251108125e+00 7.897723337423393636e-03
2.458364101038999856e+06 1.988135591053252105e+00 7.901371472922275041e-03
2.458364604631999973e+06 2.001159016487016107e+00 7.905208451278318907e-03
2.458365097699999809e+06 1.972270141865838822e+00 7.909162612475336904e-03
2.458365590766999871e+06 1.983718301129202333e+00 7.909395015063873380e-03
2.458366094359999988e+06 1.989064196107872107e+00 7.910557980063971303e-03
2.458366587427000050e+06 1.990638503211854538e+00 7.911318701279441284e-03
2.458367080494000111e+06 1.972524472173139642e+00 7.910182523346074787e-03
2.458367584088000003e+06 1.988190526028698724e+00 7.907083372341269442e-03
2.458368077155000065e+06 1.982003422114532398e+00 7.904383016929753675e-03
2.458368570222000126e+06 1.984928191655699559e+00 7.901421732774450979e-03
2.458369073816000018e+06 1.978909803501079478e+00 7.895690713082936796e-03
2.458369566883000080e+06 1.957335171311343158e+00 7.888931650360262240e-03
2.458370059950000141e+06 1.972524472173139642e+00 7.882931090674923438e-03
2.458370563544000033e+06 1.975027740759358164e+00 7.874744392126013445e-03
2.458371056611000095e+06 1.962989605894045031e+00 7.866522031608653986e-03
2.458371549678000156e+06 1.961751530025731549e+00 7.857946862868508617e-03
2.458372053270999808e+06 1.963776234870031834e+00 7.847969926543308869e-03
2.458372546337999869e+06 1.954719295459425465e+00 7.836980157652950058e-03
2.458373039406000171e+06 1.933061182871116390e+00 7.824924564076017261e-03
2.458373542998999823e+06 1.920852424011757487e+00 7.812656764380048260e-03
2.458374036065999884e+06 1.934692731289462397e+00 7.801236378105449315e-03
2.458374529132999945e+06 1.925381523997688582e+00 7.786744362786756322e-03
2.458375032726999838e+06 1.909264071114588734e+00 7.774316101283528305e-03
2.458375525793999899e+06 1.911655365064752088e+00 7.761164095179661111e-03
2.458376018860999960e+06 1.906169867539370344e+00 7.745916014154848560e-03
2.458376522454999853e+06 1.893400118665514276e+00 7.732390325910819609e-03
2.458377015521999914e+06 1.900094496273475597e+00 7.719478070577387788e-03
2.458377508588999975e+06 1.892894459272256080e+00 7.707660818317189910e-03
2.458378012182000093e+06 1.880208449350510680e+00 7.695834690135497716e-03
2.458378505249999929e+06 1.879027776268813454e+00 7.687540809275545534e-03
2.458378998316999990e+06 1.871714479302506229e+00 7.678307358895266471e-03
2.458379501910000108e+06 1.871292168330117578e+00 7.673127871112659509e-03
2.458379994977000169e+06 1.866904059245382497e+00 7.667171052870640560e-03
2.458380488044000231e+06 1.856552351188700101e+00 7.660566624632584101e-03
2.458380991638000123e+06 1.858831399503351633e+00 7.651137990955235967e-03
2.458381484705000184e+06 1.859646512534500085e+00 7.639077898992544663e-03
2.458381977771999780e+06 1.834107555829108005e+00 7.623700271928127332e-03
2.458382481366000138e+06 1.832194604988449660e+00 7.605623767996682466e-03
2.458382974433000199e+06 1.833685285574931267e+00 7.584789547799554617e-03
2.458383467499999795e+06 1.826736893307796983e+00 7.566143390267796379e-03
2.458383971094000153e+06 1.814248614111559244e+00 7.546167020517656476e-03
2.458384464161000215e+06 1.792983941878023346e+00 7.528729128861356978e-03
2.458384957227999810e+06 1.792703225984686677e+00 7.511038997562985604e-03
2.458385460820999928e+06 1.795375109620339638e+00 7.494122385475747439e-03
2.458385953887999989e+06 1.781704184584697925e+00 7.478083473288244486e-03
2.458386446955999825e+06 1.775065568773964042e+00 7.463299359404061695e-03
2.458386950548999943e+06 1.755068210787073868e+00 7.448728595274635954e-03
2.458387443616000004e+06 1.750061053645874720e+00 7.433925058447159520e-03
2.458387936683000065e+06 1.747612731824104149e+00 7.420305833408101515e-03
2.458388440276999958e+06 1.746262790003938692e+00 7.408140555237312415e-03
2.458388933344000019e+06 1.740749984577882881e+00 7.395976705636929383e-03
2.458389426411000080e+06 1.738668556268866627e+00 7.382329159950085269e-03
2.458389930004999973e+06 1.725955523101469380e+00 7.371270963930327998e-03
2.458390423072000034e+06 1.722888610421765776e+00 7.359759525488291342e-03
2.458390916139000095e+06 1.711947334002257737e+00 7.347709822597023495e-03
2.458391419732000213e+06 1.709106791730488295e+00 7.337092307822997046e-03
2.458391912800000049e+06 1.704662470812297492e+00 7.325863367135381291e-03
2.458392405867000110e+06 1.685057790639844733e+00 7.316107163291823284e-03
2.458392909460000228e+06 1.706011679270698966e+00 7.304949638937694237e-03
2.458393402526999824e+06 1.679065352284562662e+00 7.296275372748873070e-03
2.458393895593999885e+06 1.683791838028358301e+00 7.285797434395628949e-03
2.458394399187999777e+06 1.692595570509203728e+00 7.277123198537055644e-03
2.458394892254999839e+06 1.684269561300130835e+00 7.267698046828009739e-03
2.458395385321999900e+06 1.675831695105717722e+00 7.257527745556266625e-03
2.458395888915999793e+06 1.665227598442620582e+00 7.249947844920411055e-03
2.458396381982999854e+06 1.668181113603831589e+00 7.241296324060885262e-03
2.458396875049999915e+06 1.660585341681450444e+00 7.232795633411688747e-03
2.458397378643999808e+06 1.649896875149980957e+00 7.224231549145346612e-03
2.458397871710999869e+06 1.660360526924511193e+00 7.216523951416204362e-03
2.458398364777999930e+06 1.650938137244117199e+00 7.209023402160574974e-03
2.458398868371000048e+06 1.654201460768010223e+00 7.201943041765215998e-03
2.458399361438000109e+06 1.644580740579094202e+00 7.193380770377813711e-03
2.458399854505999945e+06 1.637774104392717200e+00 7.186235292821466746e-03
2.458400358099000063e+06 1.624357432665385570e+00 7.179728635002782799e-03
2.458400851166000124e+06 1.629335049671559066e+00 7.173217125208644629e-03
2.458401344233000185e+06 1.630882978403990879e+00 7.166513058942166475e-03
2.458401847827000078e+06 1.638533028361119470e+00 7.159382410275978714e-03
2.458402340894000139e+06 1.640474938253043469e+00 7.154268963848882737e-03
2.458402833961000200e+06 1.638392683915701253e+00 7.148206083297753942e-03
2.458403337555000093e+06 1.622978624603282904e+00 7.142243055330355257e-03
2.458403830622000154e+06 1.612570831760163692e+00 7.136542755644504493e-03
2.458404323689000215e+06 1.614119187026747504e+00 7.130015179612456816e-03
2.458404827281999867e+06 1.615047128692830292e+00 7.125189076808976368e-03
2.458405320350000169e+06 1.604639948390177429e+00 7.119179223757584295e-03
2.458405813417000230e+06 1.586834375500342453e+00 7.114720597952712243e-03
2.458406317009999882e+06 1.606327150634494272e+00 7.108910916826413802e-03
2.458406810076999944e+06 1.618112824724611487e+00 7.104436419876574045e-03
2.458407303144000005e+06 1.599351787277388803e+00 7.100136829640241870e-03
2.458407806737999897e+06 1.598761200315368614e+00 7.094569960329741298e-03
2.458408299804999959e+06 1.594822668456900683e+00 7.090312533472527962e-03
2.458408792872000020e+06 1.579914554786896908e+00 7.086605243606322775e-03
2.458409296465999912e+06 1.604020816027400542e+00 7.082453139479118198e-03
2.458409789532999974e+06 1.584780796422381899e+00 7.077780079705490134e-03
2.458410282600000035e+06 1.596229012026878058e+00 7.074512180962460109e-03
2.458410786193999927e+06 1.590829368673207789e+00 7.069628580321831064e-03
2.458411279260999989e+06 1.582165826975666878e+00 7.066101380228073832e-03
2.458411772328000050e+06 1.580281296426090609e+00 7.062051368147472322e-03
2.458412275921000168e+06 1.587762717526602696e+00 7.058925182667420868e-03
2.458412768988000229e+06 1.584218935779455828e+00 7.054843083362065392e-03
2.458413262056000065e+06 1.590631577890625925e+00 7.051169290327803825e-03
2.458413765649000183e+06 1.574739785523300739e+00 7.048890259073713367e-03
2.458414258715999778e+06 1.579296234902845208e+00 7.044557998633150034e-03
2.458414751782999840e+06 1.567848157644412321e+00 7.042590484983592830e-03
2.458415255377000198e+06 1.587650117989457321e+00 7.039414946749311675e-03
2.458415748443999793e+06 1.571139690467552974e+00 7.035669568332176063e-03
2.458416241510999855e+06 1.576034064052203032e+00 7.032910026274732246e-03
2.458416745105000213e+06 1.565682148893670744e+00 7.029976933998429225e-03
2.458417238171999808e+06 1.566075877099861513e+00 7.027417562197118064e-03
2.458417731238999870e+06 1.580646667366061298e+00 7.024376765385875916e-03
2.458418234831999987e+06 1.569901484034758932e+00 7.021449200149930403e-03
2.458526481366999913e+06 1.510045383683938924e+00 6.913682687743729141e-03
2.458526984960000031e+06 1.512127459347468728e+00 6.913466342289837155e-03
2.458527478027000092e+06 1.519440156623348637e+00 6.913313142570822259e-03
2.458527971094000153e+06 1.512520257638459098e+00 6.913869138527930017e-03
2.458528474688000046e+06 1.514039480181971431e+00 6.913841234956762810e-03
2.458528967755000107e+06 1.516318382476633975e+00 6.913075165372612602e-03
2.458529460822000168e+06 1.522984908976292129e+00 6.914011509836719138e-03
2.458529964416000061e+06 1.518708417335994376e+00 6.912781360318073776e-03
2.458530457483000122e+06 1.517470999525216246e+00 6.912739513299833403e-03
2.458530950550000183e+06 1.520593746143838132e+00 6.912959794536857952e-03
2.458531454144000076e+06 1.519440156623348637e+00 6.913313142570822259e-03
2.458531947211000137e+06 1.518989598573563748e+00 6.912662185953307413e-03
2.458532440278000198e+06 1.515080121142355463e+00 6.913011546677935715e-03
2.458532943870999850e+06 1.527765856830688218e+00 6.913201956161414696e-03
2.458533436937999912e+06 1.525207035756528828e+00 6.912861328622541685e-03
2.458533930006000213e+06 1.526134464223566356e+00 6.912847947926276278e-03
2.458534433598999865e+06 1.511986801083174292e+00 6.912823250882460871e-03
2.458534926665999927e+06 1.515334112575460468e+00 6.912774785159028074e-03
2.458535419732999988e+06 1.528244354028553076e+00 6.912552045094754079e-03
2.458535923326999880e+06 1.518596518886939917e+00 6.913670705611552059e-03
2.458536416393999942e+06 1.506473858982562586e+00 6.912593254752042241e-03
2.458536909461000003e+06 1.513898644061286713e+00 6.913198108676828560e-03
2.458537413054999895e+06 1.525769046313828259e+00 6.912598019598762550e-03
2.458537906121999957e+06 1.509341801229369118e+00 6.913241673824225240e-03
2.458538399189000018e+06 1.520817845631206255e+00 6.912577876006218563e-03
2.458538902782000136e+06 1.516571184680328921e+00 6.912830906891383187e-03
2.458539395849999972e+06 1.526753063146479406e+00 6.912837598613656709e-03
2.458539888917000033e+06 1.531253872397395188e+00 6.913471660608569609e-03
2.458540392510000151e+06 1.529959730271749585e+00 6.913265306820379902e-03
2.458540885577000212e+06 1.518624492726239783e+00 6.912399356457845506e-03
2.458541378643999808e+06 1.515362026318466837e+00 6.912902124349250797e-03
2.458541882238000166e+06 1.515135939784995500e+00 6.913266236126834607e-03
2.458542375305000227e+06 1.519637492747026641e+00 6.912811365951981001e-03
2.458542868371999823e+06 1.507008146480232513e+00 6.912268870267093690e-03
2.458543371966000181e+06 1.506192220031228768e+00 6.912688182934442933e-03
2.458543865032999776e+06 1.520368279366981934e+00 6.913335082997369013e-03
2.458544358099999838e+06 1.518652467080841895e+00 6.912526688732332017e-03
2.458544861694000196e+06 1.507738414409525607e+00 6.912841069532752250e-03
2.458545354760999791e+06 1.507008146480232513e+00 6.912268870267093690e-03
2.458545847827999853e+06 1.531310286914028262e+00 6.912315978113245385e-03
2.458546351420999970e+06 1.518624492726239783e+00 6.912399356457845506e-03
2.458546844488000032e+06 1.528525892971894340e+00 6.912417677150142943e-03
2.458547337555999868e+06 1.507963397094276736e+00 6.912483708701729762e-03
2.458547841148999985e+06 1.513617011120478084e+00 6.911912035582452873e-03
2.458548334216000047e+06 1.528075455554335216e+00 6.911788083827506007e-03
2.458548827283000108e+06 1.512718088309772391e+00 6.911986911016370153e-03
2.458549330877000000e+06 1.516036299388090258e+00 6.911789115149573684e-03
2.458549823944000062e+06 1.510158042945168866e+00 6.912807586728209400e-03
2.458550317011000123e+06 1.529651158641058828e+00 6.911870997214109545e-03
2.458550820605000015e+06 1.519833454680588503e+00 6.912302975919115862e-03
2.458551313672000077e+06 1.528694841233051660e+00 6.911773728025221233e-03
2.458551806739000138e+06 1.508020342479704956e+00 6.912744745574253558e-03
2.458552310331999790e+06 1.517301894213008095e+00 6.911969165152173633e-03
2.458552803400000092e+06 1.509679646741742820e+00 6.912008175710613461e-03
2.458553296467000153e+06 1.514799663590914669e+00 6.911731874227346716e-03
2.458553800059999805e+06 1.512492396242289150e+00 6.912348724546892552e-03
2.458554293126999866e+06 1.509904919094554154e+00 6.911648902388456764e-03
2.458554786193999927e+06 1.527484457878284019e+00 6.911928614582583084e-03
2.458555289787999820e+06 1.523856247842270140e+00 6.912353099890478254e-03
2.458555782854999881e+06 1.539129633814568576e+00 6.912172645243683418e-03
2.458556275921999943e+06 1.515389940575663230e+00 6.911633740170251838e-03
2.458556779515999835e+06 1.517134205077306452e+00 6.912602600545489535e-03
2.458557272582999896e+06 1.515417855347063858e+00 6.911761058341434755e-03
2.458557765649999958e+06 1.518483230107178672e+00 6.911756364301611250e-03
2.458558269243999850e+06 1.523041018847443029e+00 6.911460690889489195e-03
2.458558762310999911e+06 1.513336824406367187e+00 6.912026401388162225e-03
2.458559255377999973e+06 1.516149405610812240e+00 6.912304779820255436e-03
2.458559758971000090e+06 1.498091707360555302e+00 6.911385407692730194e-03
2.458560252038000152e+06 1.523097130785790787e+00 6.911715323201671722e-03
2.458560745105999988e+06 1.510749294114757779e+00 6.912731159070175518e-03
2.458561248699000105e+06 1.518230109178392295e+00 6.912002562667239614e-03
2.458561741766000167e+06 1.521212901383271809e+00 6.911571346370811407e-03
2.458562234833000228e+06 1.515839430905905116e+00 6.912287708124290574e-03
2.458562738427000120e+06 1.516993081084972772e+00 6.911959589483488570e-03
2.458563231494000182e+06 1.511058227935247800e+00 6.911361274535461618e-03
2.458563724560999777e+06 1.511705523805515705e+00 6.911537247523469318e-03
2.458564228155000135e+06 1.515586750680636863e+00 6.912531383295310826e-03
2.458564721222000197e+06 1.516937194023979085e+00 6.911704948172343876e-03
2.458565214288999792e+06 1.519918845998238233e+00 6.911291444283135417e-03
2.458565717881999910e+06 1.515642587988537793e+00 6.911390096642224500e-03
2.458566210950000212e+06 1.530916838966136728e+00 6.911949985386920195e-03
2.458566704016999807e+06 1.511761218121100203e+00 6.911791882656156093e-03
2.458567207609999925e+06 1.520959325436660681e+00 6.911820089278731052e-03
2.458567700676999986e+06 1.517106258689866483e+00 6.912475266872670186e-03
2.458568193744000047e+06 1.514686658060262703e+00 6.911216252295980522e-03
2.458568697337999940e+06 1.517134205077306452e+00 6.911205268303615562e-03
2.458569190405000001e+06 1.521690747719823822e+00 6.912340893547030962e-03
2.458569683472000062e+06 1.510889837255307677e+00 6.911982660943795896e-03
2.458570187065999955e+06 1.507542623468835830e+00 6.911943386192652763e-03
2.458570680133000016e+06 1.510130225062200848e+00 6.911289367941556711e-03
2.458571173200000077e+06 1.525347518985291417e+00 6.912093159018738511e-03
2.458571676793999970e+06 1.512605238066664137e+00 6.911471270059012240e-03
2.458572169861000031e+06 1.522056590752431493e+00 6.911199018256099572e-03
2.458572662928000093e+06 1.514968490026195269e+00 6.911106858384020307e-03
2.458573166521000210e+06 1.510017567876211997e+00 6.912164556598369980e-03
2.458573659587999806e+06 1.518568545562932082e+00 6.912144698945407902e-03
2.458574152656000108e+06 1.503857894550253427e+00 6.911670496865758573e-03
2.458574656249000225e+06 1.528413271171156884e+00 6.911908370157157991e-03
2.458575149315999821e+06 1.518877679407073300e+00 6.912152860944888698e-03
2.458575642382999882e+06 1.517612167977716808e+00 6.911984824455232740e-03
2.458576145976999775e+06 1.508105070081731336e+00 6.911744119648698115e-03
2.458576639043999836e+06 1.512801686510537591e+00 6.910975550238585355e-03
2.458577132110999897e+06 1.521549199877387348e+00 6.911697906829045515e-03
2.458577635704999790e+06 1.521127437363651858e+00 6.911183043938841711e-03
2.458578128771999851e+06 1.517106258689866483e+00 6.911077960370369880e-03
2.458578621838999912e+06 1.526837436970047923e+00 6.911813357443992965e-03
2.458579125432000030e+06 1.517498952631492370e+00 6.911469183653509880e-03
2.458579618499999866e+06 1.534038996970237489e+00 6.911917222885821839e-03
2.458580111566999927e+06 1.506978998640375433e+00 6.912135176427050727e-03
2.458580615160000045e+06 1.509764467571200974e+00 6.911005980039540419e-03
2.458581108227000106e+06 1.503941003105082830e+00 6.912052460446582031e-03
2.458581601294000167e+06 1.506754162824313292e+00 6.911103910858966415e-03
2.458582104888000060e+06 1.514883376826959616e+00 6.912113841200124426e-03
2.458582597955000121e+06 1.516402179642505121e+00 6.912060548558921630e-03
2.458583091022000182e+06 1.523265479004813905e+00 6.911076297072823310e-03
2.458583594616000075e+06 1.520256258619278933e+00 6.911425500650438328e-03
2.458584087683000136e+06 1.516458046992477549e+00 6.910918493493848486e-03
2.458584580750000197e+06 1.509229202860566499e+00 6.911335887794573321e-03
2.458585084344000090e+06 1.526022018623314214e+00 6.910933091010248996e-03
2.458585577411000151e+06 1.517696036642787405e+00 6.910968955699051119e-03
2.458586070478000212e+06 1.518427288148082477e+00 6.911501730477442873e-03
2.458586574070999864e+06 1.519384179410426139e+00 6.911659046849065978e-03
2.458587067137999926e+06 1.515052212592191250e+00 6.911488790816190664e-03
2.458587560206000227e+06 1.515193156027931698e+00 6.912131758080395511e-03
2.458588063798999880e+06 1.510749294114757779e+00 6.911339707548623708e-03
2.458588556865999941e+06 1.506726407642556831e+00 6.910976604792777589e-03
2.458589049933000002e+06 1.509764467571200974e+00 6.911005980039540419e-03
2.458589553526999895e+06 1.506219965372800118e+00 6.911428240673766349e-03
2.458590046593999956e+06 1.509877105874256831e+00 6.911521586283244506e-03
2.458590539661000017e+06 1.504054592224441045e+00 6.911189226004810227e-03
2.458591043254999910e+06 1.531169254519334055e+00 6.911679359601891233e-03
2.458591536321999971e+06 1.520677779581565137e+00 6.911941233374289083e-03
2.458592029389000032e+06 1.519214860895539365e+00 6.910888819107408217e-03
2.458592532982000150e+06 1.538651979854546159e+00 6.911444670321459892e-03
2.458593026049999986e+06 1.511761218121100203e+00 6.911791882656156093e-03
2.458593519117000047e+06 1.519805458571591439e+00 6.910775855208273200e-03
2.458594022710000165e+06 1.515642587988537793e+00 6.911390096642224500e-03
2.458594515777000226e+06 1.514462067159758396e+00 6.911586359458568758e-03
2.458595008843999822e+06 1.514462067159758396e+00 6.911586359458568758e-03
2.458595512438000180e+06 1.502675480553782084e+00 6.911772230674892437e-03
2.458596005504999775e+06 1.520086842920836956e+00 6.910655298934914939e-03
2.458596498571999837e+06 1.516402179642505121e+00 6.910663890537391274e-03
2.458597002166000195e+06 1.516909251265583514e+00 6.911577631034740432e-03
2.458597495232999790e+06 1.532604159849437098e+00 6.911098601795669788e-03
2.458597988299999852e+06 1.511254475462368241e+00 6.910866965463487686e-03
2.458712204272000119e+06 1.521043379077604119e+00 6.910801128402400961e-03
2.458712697339000180e+06 1.515699823364090149e+00 6.910255081089088265e-03
2.458713200931999832e+06 1.508048121496846417e+00 6.910094156911861414e-03
2.458713694000000134e+06 1.514489964838941827e+00 6.910318779950347726e-03
2.458714187067000195e+06 1.526387497119299219e+00 6.911182387539602928e-03
2.458714690659999847e+06 1.506726407642556831e+00 6.910976604792777589e-03
2.458715183726999909e+06 1.519270831870422445e+00 6.911143430350669831e-03
2.458715676793999970e+06 1.517554860388814264e+00 6.910326096598852670e-03
2.458716180387999862e+06 1.514264008413888973e+00 6.910682474075101681e-03
2.458716673454999924e+06 1.509426603077099083e+00 6.910849625363456490e-03
2.458717166521999985e+06 1.527625150875035809e+00 6.911158261292189853e-03
2.458717670115999877e+06 1.516965137297104027e+00 6.910435091130544445e-03
2.458718163182999939e+06 1.520228254722012284e+00 6.911298188660378733e-03
2.458718656250000000e+06 1.509736656938092558e+00 6.910878675777287934e-03
2.458719159843999892e+06 1.532491237561961483e+00 6.910589391992166125e-03
2.458719652910999954e+06 1.514939188221132715e+00 6.910973187019060771e-03
2.458720145978000015e+06 1.515080121142355463e+00 6.910220665956629156e-03
2.458720649571000133e+06 1.517526906252688601e+00 6.910198804860399890e-03
2.458721142638000194e+06 1.515248978835002536e+00 6.910990819231727263e-03
2.458721635706000030e+06 1.514293297159689633e+00 6.910816139817116399e-03
2.458722139299000148e+06 1.526387497119299219e+00 6.911182387539602928e-03
2.458722632366000209e+06 1.523265479004813905e+00 6.911076297072823310e-03
2.458723125432999805e+06 1.513083167747007574e+00 6.910867847986100834e-03
2.458723629027000163e+06 1.521127437363651858e+00 6.911183043938841711e-03
2.458724122094000224e+06 1.509877105874256831e+00 6.910130938076748663e-03
2.458724615160999820e+06 1.519946844195933178e+00 6.910018833370723534e-03
2.458725118755000178e+06 1.520058842144293987e+00 6.910528001132364151e-03
2.458725611821999773e+06 1.528047307623469520e+00 6.910253381577730232e-03
2.458726104888999835e+06 1.522702988163991966e+00 6.911329191001601598e-03
2.458726608481999952e+06 1.510496071162083176e+00 6.910181269246185726e-03
2.458727101549999788e+06 1.505432196492370256e+00 6.910586599614628595e-03
2.458727594616999850e+06 1.516374246739347953e+00 6.910536592576600745e-03
2.458728098209999967e+06 1.511030393470412125e+00 6.911233963728501649e-03
2.458728591277000029e+06 1.512155314021190744e+00 6.910808201191623312e-03
2.458729084344000090e+06 1.523349660092034652e+00 6.910055170928567324e-03
2.458729587937999982e+06 1.513842871001470858e+00 6.910154820115492827e-03
2.458730081005000044e+06 1.508330107478345283e+00 6.909997034011235856e-03
2.458730574072000105e+06 1.518961618008822345e+00 6.911135835831487897e-03
2.458731077665999997e+06 1.531675621211146199e+00 6.911143641917152046e-03
2.458731570733000059e+06 1.524671913199812101e+00 6.910435934599515329e-03
2.458732063800000120e+06 1.517190099396589220e+00 6.910062507483089207e-03
2.458732567394000012e+06 1.516036299388090258e+00 6.910392794116208999e-03
2.458733060461000074e+06 1.517076915537092230e+00 6.910944289564344319e-03
2.458733553528000135e+06 1.514208221893800888e+00 6.910427879813782828e-03
2.458734057120999787e+06 1.519328204259737358e+00 6.910005063620320263e-03
2.458734550187999848e+06 1.514208221893800888e+00 6.910427879813782828e-03
2.458735043256000150e+06 1.503744320285885117e+00 6.911148514107227046e-03
2.458735546848999802e+06 1.524615743245399724e+00 6.910181349420859050e-03
2.458736039915999863e+06 1.526190690130758032e+00 6.910291284202136480e-03
2.458736532982999925e+06 1.529425757524494944e+00 6.910852501309657295e-03
2.458737036576999817e+06 1.523321599212736910e+00 6.909927884180704083e-03
2.458737529643999878e+06 1.505066190658350456e+00 6.910292691311029425e-03
2.458738022710999940e+06 1.518174176544438758e+00 6.910349629681941663e-03
2.458738526304999832e+06 1.519356191577309056e+00 6.910132351789916028e-03
2.458739019371999893e+06 1.528244354028553076e+00 6.911144480027539561e-03
2.458739512438999955e+06 1.507710641097351978e+00 6.909936425829821260e-03
2.458740016032000072e+06 1.519046960342635089e+00 6.910125041656532859e-03
2.458740509099999908e+06 1.512998160468002062e+00 6.910479585077723870e-03
2.458741002166999970e+06 1.522224823960364404e+00 6.910560893538682768e-03
2.458741505760000087e+06 1.515755664837819428e+00 6.910509668984148035e-03
2.458741998827000149e+06 1.520959325436660681e+00 6.910419233970808983e-03
2.458742491894000210e+06 1.501944898151842844e+00 6.911178496473014202e-03
2.458742995488000102e+06 1.514180329404466674e+00 6.910300586200431375e-03
2.458743488555000164e+06 1.516796088357635686e+00 6.911062020610066539e-03
2.458743981622000225e+06 1.518736393236558957e+00 6.910111083805990824e-03
2.458744485216000117e+06 1.514404878523968101e+00 6.909930547889435969e-03
2.458744978283000179e+06 1.520086842920836956e+00 6.910655298934914939e-03
2.458745471349999774e+06 1.508413463183623238e+00 6.910378905110527333e-03
2.458745974944000132e+06 1.510720073915390094e+00 6.911206031680006308e-03
2.458746468011000194e+06 1.520733804453357152e+00 6.910795235795220114e-03
2.458746961077999789e+06 1.525121347340456568e+00 6.911068265045679226e-03
2.458747464670999907e+06 1.523461908778378948e+00 6.910564341367779646e-03
2.458747957737999968e+06 1.519356191577309056e+00 6.910132351789916028e-03
2.458748450805999804e+06 1.514883376826959616e+00 6.910718582047681476e-03
2.458748954398999922e+06 1.521549199877387348e+00 6.910296508226686230e-03
2.458749447465999983e+06 1.515389940575663230e+00 6.910238014455354419e-03
2.458749940533000045e+06 1.508555178454735080e+00 6.911028134412655968e-03
2.458750444126999937e+06 1.508330107478345283e+00 6.909997034011235856e-03
2.458750937193999998e+06 1.515980447575587808e+00 6.910138210526878613e-03
2.458751430261000060e+06 1.518708417335994376e+00 6.909983796028184092e-03
2.458751933854999952e+06 1.520142846021316885e+00 6.910909901574818076e-03
2.458752426922000013e+06 1.516318382476633975e+00 6.910282003689634765e-03
2.458752919989000075e+06 1.515193156027931698e+00 6.910736213610765150e-03
2.458753423582000192e+06 1.516515313162291712e+00 6.911179471258978822e-03
2.458753916650000028e+06 1.518343379073671784e+00 6.911119797330220367e-03
2.458754409717000090e+06 1.505798291332621996e+00 6.910880242205788733e-03
2.458754913310000207e+06 1.516205263648073620e+00 6.911162966575221112e-03
2.458755406376999803e+06 1.513111040025695964e+00 6.910995152048919968e-03
2.458755899443999864e+06 1.497415761109424981e+00 6.911025298811788141e-03
2.458756403038000222e+06 1.519861451305297706e+00 6.911030462289715487e-03
2.458756896104999818e+06 1.512886682750721912e+00 6.909970420883356466e-03
2.458757389171999879e+06 1.505010742992149320e+00 6.910038111409575433e-03
2.458757892765999772e+06 1.523349660092034652e+00 6.910055170928567324e-03
2.458758385832999833e+06 1.503773405560910881e+00 6.909897162372591849e-03
2.458758878899999894e+06 1.519074942479449630e+00 6.910252332036204495e-03
2.458759382493999787e+06 1.515614669077447019e+00 6.911262785304347206e-03
2.458759875560999848e+06 1.520452300344605101e+00 6.910916361928056556e-03
2.458760368627999909e+06 1.529510279050688926e+00 6.911234419685123934e-03
2.458760872221000027e+06 1.509594830677645882e+00 6.910229460515485492e-03
2.458761365288000088e+06 1.516627058256791560e+00 6.910291859400364070e-03
2.458761858355999924e+06 1.517949068530441092e+00 6.910723076990392920e-03
2.458762361949000042e+06 1.521015360681181150e+00 6.910673827913618728e-03
2.458762855016000103e+06 1.520200251340596553e+00 6.911170879015490938e-03
2.458763348083000164e+06 1.514011590800945939e+00 6.910924966051986383e-03
2.458763851677000057e+06 1.531984601230184317e+00 6.911126794834146492e-03
2.458764344744000118e+06 1.519609500247743439e+00 6.911284416360595484e-03
2.458764837811000179e+06 1.510804953200894696e+00 6.910202832618093233e-03
2.458765341405000072e+06 1.515586750680636863e+00 6.911135476311608752e-03
2.458765834472000133e+06 1.522224823960364404e+00 6.910560893538682768e-03
2.458766327539000195e+06 1.511733370706826118e+00 6.910272206027587641e-03
2.458766831131999847e+06 1.509679646741742820e+00 6.910617709370699309e-03
2.458767324200000148e+06 1.517021025387585098e+00 6.910689685657566556e-03
2.458767817267000210e+06 1.523461908778378948e+00 6.910564341367779646e-03
2.458768320859999862e+06 1.512942420582616743e+00 6.910224998290977194e-03
2.458768813926999923e+06 1.526893688776184588e+00 6.910661681690587893e-03
2.458769306993999984e+06 1.517668079906123069e+00 6.910841652118804301e-03
2.458769810587999877e+06 1.523575569000124252e+00 6.911079914662327309e-03
2.458770303654999938e+06 1.508948438583228135e+00 6.910050161132047855e-03
2.458770796721999999e+06 1.513364701357621911e+00 6.910759866391853919e-03
2.458771300315999892e+06 1.509426603077099083e+00 6.910849625363456490e-03
2.458771793382999953e+06 1.517359192249116306e+00 6.910832643131217118e-03
2.458772286450000014e+06 1.517612167977716808e+00 6.910587051993258810e-03
2.458772790043999907e+06 1.513702053169393880e+00 6.910906207859422029e-03
2.458773283110999968e+06 1.521605256854080768e+00 6.910551097648006021e-03
2.458773776178000029e+06 1.516627058256791560e+00 6.910291859400364070e-03
2.458774279771000147e+06 1.514095260485270433e+00 6.909912355161647313e-03
2.458774772838000208e+06 1.522562748494302731e+00 6.910692663372514435e-03
2.458775265906000044e+06 1.525740940868194784e+00 6.911065426671816891e-03
2.458775769499000162e+06 1.510439032288974470e+00 6.909920329174840115e-03
2.458776262566000223e+06 1.508582967324005208e+00 6.911155441428064664e-03
2.458776755632999819e+06 1.522534702110318605e+00 6.910565364881714710e-03
2.458777259227000177e+06 1.515811508368862359e+00 6.910764266258745750e-03
2.458777752293999773e+06 1.517415094857380797e+00 6.911087252304841735e-03
2.458778245360999834e+06 1.505319889783884646e+00 6.910071063121841356e-03
2.458778748955000192e+06 1.519552117236218969e+00 6.911023434632560490e-03
2.458779242021999788e+06 1.517359192249116306e+00 6.910832643131217118e-03
2.458779735088999849e+06 1.514321191729991023e+00 6.910943442927428362e-03
2.458780238681999967e+06 1.506444721476642101e+00 6.911072067774271313e-03
2.458780731749999803e+06 1.509286196046755180e+00 6.910206777363378863e-03
2.458781224816999864e+06 1.506050726738938916e+00 6.910651673704551641e-03
2.458781728409999982e+06 1.521662717398539533e+00 6.910812061539129379e-03
2.458782221477000043e+06 1.511452140575213043e+00 6.910378776110514404e-03
2.458782714544000104e+06 1.515727743843795272e+00 6.910382373864197916e-03
2.458783218137999997e+06 1.523181302569488249e+00 6.910694387435291526e-03
2.458783711205000058e+06 1.520677779581565137e+00 6.910540637379683493e-03
2.459622427943999879e+06 1.513083167747007574e+00 6.910867847986100834e-03
2.459622921010999940e+06 1.523743970101020251e+00 6.910440377595087474e-03
2.459623424604999833e+06 1.519524126309601320e+00 6.910896130048783947e-03
2.459623917671999894e+06 1.531366703509082106e+00 6.911160201078592538e-03
2.459624410738999955e+06 1.509313998381990762e+00 6.910334069248691598e-03
2.459624914332000073e+06 1.513983701933656834e+00 6.910797663282050585e-03
2.459625407399999909e+06 1.521802874168483921e+00 6.910046967920687594e-03
2.459625900466999970e+06 1.508892847892362443e+00 6.909795590165571620e-03
2.459626404060000088e+06 1.519861451305297706e+00 6.911030462289715487e-03
2.459626897127000149e+06 1.517076915537092230e+00 6.910944289564344319e-03
2.459627390194000211e+06 1.521802874168483921e+00 6.910046967920687594e-03
2.459627893788000103e+06 1.516993081084972772e+00 6.910562387221615317e-03
2.459628386855000164e+06 1.508300934069743082e+00 6.909863384111977064e-03
2.459628879922000226e+06 1.515501602746591514e+00 6.910747198367471825e-03
2.459629383516000118e+06 1.537442208876004024e+00 6.910258630443558321e-03
2.459629876583000179e+06 1.524475327412569747e+00 6.910949021172434897e-03
2.459630369649999775e+06 1.514883376826959616e+00 6.910718582047681476e-03
2.459630873244000133e+06 1.518989598573563748e+00 6.909864103708435873e-03
2.459631366311000194e+06 1.508385677436706152e+00 6.910251612399315353e-03
2.459631859377999790e+06 1.521690747719823822e+00 6.910939364574292254e-03
2.459632362970999908e+06 1.522815189200032115e+00 6.910435890695926231e-03
2.459632856037999969e+06 1.510158042945168866e+00 6.910025772810009757e-03
2.459633349105999805e+06 1.533673098962233361e+00 6.910268596776354688e-03
2.459633852698999923e+06 1.520959325436660681e+00 6.910419233970808983e-03
2.459634345765999984e+06 1.517245995775127865e+00 6.910317088283345066e-03
2.459634838833000045e+06 1.521774841781773357e+00 6.909919681323927441e-03
2.459635342426999938e+06 1.511311545129145895e+00 6.911127941282760485e-03
2.459635835493999999e+06 1.529762462692134006e+00 6.910964971621698372e-03
2.459636328561000060e+06 1.515530915429820658e+00 6.910880865361380097e-03
2.459636832154999953e+06 1.522843240750831884e+00 6.910563186801724905e-03
2.459637325222000014e+06 1.526246918109421813e+00 6.910545873430991304e-03
2.459637818289000075e+06 1.526106352046753267e+00 6.909909417944797363e-03
2.459638321882000193e+06 1.514630855969468115e+00 6.910961638369886653e-03
2.459638814950000029e+06 1.507907842693012146e+00 6.910840213633622636e-03
2.459639308017000090e+06 1.518596518886939917e+00 6.910873347446221636e-03
2.459639811610000208e+06 1.525965798930101203e+00 6.910678487516034446e-03
2.459640304676999804e+06 1.515304803698704461e+00 6.909849786931968399e-03
2.459640797743999865e+06 1.523884318570250196e+00 6.911076881986723611e-03
2.459641301338000223e+06 1.503632139494613940e+00 6.910632935695095076e-03
2.459641794404999819e+06 1.527287509451509262e+00 6.911037415029225479e-03
2.459642287471999880e+06 1.516346314350728974e+00 6.910409296960702726e-03
2.459642791065999772e+06 1.525093253825773987e+00 6.910940959636103186e-03
2.459643284132999834e+06 1.506811062545296398e+00 6.909977071349804843e-03
2.459643777199999895e+06 1.509594830677645882e+00 6.910229460515485492e-03
2.459644280793999787e+06 1.521521172163481816e+00 6.910169217033243667e-03
2.459644773860999849e+06 1.517668079906123069e+00 6.910841652118804301e-03
2.459645266927999910e+06 1.511367224929757391e+00 6.909990540678929115e-03
2.459645770521000028e+06 1.530072466024007705e+00 6.910956216158685786e-03
2.459646263588000089e+06 1.506614004384658534e+00 6.910461039205223824e-03
2.459646756655999925e+06 1.514658756757884861e+00 6.911088944160383683e-03
2.459647260249000043e+06 1.511676285111204887e+00 6.910011262522317010e-03
2.459647753316000104e+06 1.513646287352120812e+00 6.910651605355599275e-03
2.459648246383000165e+06 1.517387143295807483e+00 6.910959946545509880e-03
2.459648749977000058e+06 1.523265479004813905e+00 6.911076297072823310e-03
2.459649243044000119e+06 1.513027424729896042e+00 6.910613246895480968e-03
2.459649736111000180e+06 1.516543248664012467e+00 6.909909993111239615e-03
2.459650239705000073e+06 1.522759087648604792e+00 6.910181305518909266e-03
2.459650732772000134e+06 1.515670507413923618e+00 6.910121426198805386e-03
2.459651225839000195e+06 1.519918845998238233e+00 6.909891547292192071e-03
2.459651729431999847e+06 1.510832783512928712e+00 6.910330124430740135e-03
2.459652222500000149e+06 1.515586750680636863e+00 6.911135476311608752e-03
2.459652715567000210e+06 1.500566338848106529e+00 6.910363365760605059e-03
2.459653219159999862e+06 1.502253415183225638e+00 6.909830880233301664e-03
2.459653712226999924e+06 1.522112666422439808e+00 6.910051723353505954e-03
2.459654205293999985e+06 1.520817845631206255e+00 6.909776426005810775e-03
2.459654708887999877e+06 1.518343379073671784e+00 6.911119797330220367e-03
2.459655201954999939e+06 1.527737714602784402e+00 6.910260414578016548e-03
2.459655695022000000e+06 1.519974842909373791e+00 6.910146121793948881e-03
2.459656198615999892e+06 1.519609500247743439e+00 6.909884804287619829e-03
2.459656691682999954e+06 1.524531492193771376e+00 6.909799489238573587e-03
2.459657184750000015e+06 1.516571184680328921e+00 6.910037279529535753e-03
2.459657688343999907e+06 1.506923480505022228e+00 6.910492600830190138e-03
2.459658181410999969e+06 1.527709572893279910e+00 6.910133124049460535e-03
2.459658674478000030e+06 1.517106258689866483e+00 6.911077960370369880e-03
2.459659178071000148e+06 1.502704545155414628e+00 6.910521875460933112e-03
2.459659671138000209e+06 1.520649767919666884e+00 6.910413341689256549e-03
2.459660164206000045e+06 1.522336989762665960e+00 6.911070101242287184e-03
2.459660667799000163e+06 1.510354173561459845e+00 6.910923207101564436e-03
2.459661160866000224e+06 1.522421119538257317e+00 6.910049829973082154e-03
2.459661653932999820e+06 1.510777123401509270e+00 6.910075543150225215e-03
2.459662157527000178e+06 1.514236114896938545e+00 6.910555175771992097e-03
2.459662650593999773e+06 1.525656627637570928e+00 6.910683517634990357e-03
2.459663143660999835e+06 1.507880066259882801e+00 6.910712912424870312e-03
2.459663647255000193e+06 1.522899345402631166e+00 6.910817786048026670e-03
2.459664140321999788e+06 1.517921107132800040e+00 6.910595777939357309e-03
2.459664633388999850e+06 1.515783586346171719e+00 6.910636966448981122e-03
2.459665136981999967e+06 1.526162576918234759e+00 6.910163993104944183e-03
2.459665630049999803e+06 1.519665485761950485e+00 6.910139378540950360e-03
2.459666123116999865e+06 1.520875276440569523e+00 6.910037360642923461e-03
2.459666626709999982e+06 1.516515313162291712e+00 6.909782709037625217e-03
2.459667119777000044e+06 1.518568545562932082e+00 6.910746045627126806e-03
2.459667612844000105e+06 1.518764369652463309e+00 6.910238373928546951e-03
2.459668116437999997e+06 1.517301894213008095e+00 6.910571678462898611e-03
2.459668609505000059e+06 1.520256258619278933e+00 6.910025292890986832e-03
2.459669102572000120e+06 1.515052212592191250e+00 6.910093376160260890e-03
2.459669606166000012e+06 1.513251802876545371e+00 6.910244316973197104e-03
2.459670099233000074e+06 1.529397584720372016e+00 6.910725199874536567e-03
2.459670592300000135e+06 1.517301894213008095e+00 6.910571678462898611e-03
2.459671095894000027e+06 1.514799663590914669e+00 6.910336692177643757e-03
2.459671588961000089e+06 1.518989598573563748e+00 6.909864103708435873e-03
2.459672082028000150e+06 1.519074942479449630e+00 6.910252332036204495e-03
2.459672585620999802e+06 1.515867353957299990e+00 6.911018872913248304e-03
2.459673078687999863e+06 1.514996397034118258e+00 6.909838803601691011e-03
2.459673571756000165e+06 1.523181302569488249e+00 6.910694387435291526e-03
2.459674075348999817e+06 1.506866576538947733e+00 6.910231649002441384e-03
2.459674568415999878e+06 1.517723993894438905e+00 6.911096261624337898e-03
2.459675061482999939e+06 1.516937194023979085e+00 6.910307797384356542e-03
2.459675565076999832e+06 1.515501602746591514e+00 6.910747198367471825e-03
2.459676058143999893e+06 1.515334112575460468e+00 6.909983436568210152e-03
2.459676551210999954e+06 1.515024304556117141e+00 6.909966088708637683e-03
2.459677054804999847e+06 1.510551720918964946e+00 6.910435854421866086e-03
2.459677547871999908e+06 1.520284263032396277e+00 6.910152581433202067e-03
2.459678040938999970e+06 1.518624492726239783e+00 6.911000651610321732e-03
2.459678544532000087e+06 1.526106352046753267e+00 6.909909417944797363e-03
2.459679037599999923e+06 1.513477608261663443e+00 6.909881489882122377e-03
2.459679530666999985e+06 1.525403715899815049e+00 6.910942865889549945e-03
2.459680034260000102e+06 1.505179864760472608e+00 6.910814609431283582e-03
2.459680527327000163e+06 1.516768148198473609e+00 6.910934715315494858e-03
2.459681020394000225e+06 1.518821722916190442e+00 6.910499326010250548e-03
2.459681523988000117e+06 1.502394551718537308e+00 6.910480058048554773e-03
2.459682017055000179e+06 1.517329844204220679e+00 6.910698977070001137e-03
2.459682510121999774e+06 1.520987342800871556e+00 6.910546529769776708e-03
2.459683013716000132e+06 1.518989598573563748e+00 6.909864103708435873e-03
2.459683506783000194e+06 1.523772038760748959e+00 6.910567673783514497e-03
2.459683999849999789e+06 1.500678290910604451e+00 6.910878924061079898e-03
2.459684503444000147e+06 1.511058227935247800e+00 6.909969538475346090e-03
2.459684996511000209e+06 1.522506656242963219e+00 6.910438068735817035e-03
2.459685489577999804e+06 1.514658756757884861e+00 6.911088944160383683e-03
2.459685993170999922e+06 1.520284263032396277e+00 6.910152581433202067e-03
2.459686486237999983e+06 1.512801686510537591e+00 6.910975550238585355e-03
2.459686979305999819e+06 1.518764369652463309e+00 6.910238373928546951e-03
2.459687482898999937e+06 1.520677779581565137e+00 6.910540637379683493e-03
2.459687975965999998e+06 1.522140705032167585e+00 6.910179012382592148e-03
2.459688469033000059e+06 1.518483230107178672e+00 6.910357789561768181e-03
2.459688972626999952e+06 1.514939188221132715e+00 6.910973187019060771e-03
2.459689465694000013e+06 1.514911282267025205e+00 6.910845883360872827e-03
2.459689958761000074e+06 1.511367224929757391e+00 6.909990540678929115e-03
2.459690462354999967e+06 1.516515313162291712e+00 6.909782709037625217e-03
2.459690955422000028e+06 1.520086842920836956e+00 6.910655298934914939e-03
2.459691448489000089e+06 1.517190099396589220e+00 6.910062507483089207e-03
2.459691952082000207e+06 1.515193156027931698e+00 6.910736213610765150e-03
2.459692445150000043e+06 1.517415094857380797e+00 6.911087252304841735e-03
2.459692938217000104e+06 1.522815189200032115e+00 6.910435890695926231e-03
2.459693441810000222e+06 1.501635061422802009e+00 6.911135844089625127e-03
2.459693934876999818e+06 1.530888638695536486e+00 6.910412663192206338e-03
2.459807647255999967e+06 1.512633101541476455e+00 6.910205398665045413e-03
2.459808150849000085e+06 1.520058842144293987e+00 6.910528001132364151e-03
2.459808643916000146e+06 1.524419164700517193e+00 6.910694417091339976e-03
2.459809136983000208e+06 1.509173601826148126e+00 6.911081269461025883e-03
2.459809640577000100e+06 1.518849700903940336e+00 6.910626623284558956e-03
2.459810133644000161e+06 1.509313998381990762e+00 6.910334069248691598e-03
2.459810626711000223e+06 1.512351704031524191e+00 6.910312809704815401e-03
2.459811130305000115e+06 1.513674170003946218e+00 6.910778905435022330e-03
2.459811623372000176e+06 1.527737714602784402e+00 6.910260414578016548e-03
2.459812116438999772e+06 1.521493144965866184e+00 6.910041928184592133e-03
2.459812620031999890e+06 1.521577228107582114e+00 6.910423801764918952e-03
2.459813113100000191e+06 1.508751100900226128e+00 6.910536087767544210e-03
2.459813606166999787e+06 1.527793999576990913e+00 6.910515002669596202e-03
2.459814109759999905e+06 1.514545761739019669e+00 6.910573370192226415e-03
2.459814602826999966e+06 1.511086062912817773e+00 6.910096825990516556e-03
2.459815095894000027e+06 1.523377721488237801e+00 6.910182460021162612e-03
2.459815599487999920e+06 1.514742462206914997e+00 6.910075746237267190e-03
2.459816092554999981e+06 1.530326151839927151e+00 6.910692569326870767e-03
2.459816585622000042e+06 1.520452300344605101e+00 6.910916361928056556e-03
2.459817089215999935e+06 1.516121477363881809e+00 6.910781052148266997e-03
2.459817582282999996e+06 1.521155457824622470e+00 6.909909317855289501e-03
2.459818075350000057e+06 1.510551720918964946e+00 6.910435854421866086e-03
2.459818578943999950e+06 1.508470425564950812e+00 6.910639862499146427e-03
2.459819072011000011e+06 1.513111040025695964e+00 6.910995152048919968e-03
2.459819565078000072e+06 1.514911282267025205e+00 6.910845883360872827e-03
2.459820068671000190e+06 1.513111040025695964e+00 6.910995152048919968e-03
2.459820561737999786e+06 1.519805458571591439e+00 6.910775855208273200e-03
2.459821054806000087e+06 1.504898467724505418e+00 6.910908678545843974e-03
2.459821558399000205e+06 1.511226637382552918e+00 6.910739663761954199e-03
2.459822051465999801e+06 1.509398798667622277e+00 6.910722323981312483e-03
2.459822544532999862e+06 1.511198799815529181e+00 6.910612364405381743e-03
2.459823048127000220e+06 1.509229202860566499e+00 6.909945836328805491e-03
2.459823541193999816e+06 1.510130225062200848e+00 6.909898486603673409e-03
2.459824034260999877e+06 1.515024304556117141e+00 6.909966088708637683e-03
2.459824537854999769e+06 1.518118245971086688e+00 6.910095047682838360e-03
2.459825030921999831e+06 1.507288549734824068e+00 6.910778481639992879e-03
2.459825523988999892e+06 1.515811508368862359e+00 6.910764266258745750e-03
2.459826027582000010e+06 1.526246918109421813e+00 6.910545873430991304e-03
2.459826520649999846e+06 1.521886974426941208e+00 6.910428841779527737e-03
2.459827013716999907e+06 1.515783586346171719e+00 6.910636966448981122e-03
2.459827517310000025e+06 1.518146211000193091e+00 6.910222337509997100e-03
2.459828010377000086e+06 1.514236114896938545e+00 6.910555175771992097e-03
2.459828503444000147e+06 1.506923480505022228e+00 6.910492600830190138e-03
2.459829007038000040e+06 1.516093549631403858e+00 6.910653752029299185e-03
2.459829500105000101e+06 1.516740208553988500e+00 6.910807412365972680e-03
2.459829993172000162e+06 1.525853365757109392e+00 6.910169308666532298e-03
2.459830496766000055e+06 1.510383386683614049e+00 6.911056877499793805e-03
2.459830989833000116e+06 1.511901855399690131e+00 6.911042365046894675e-03
2.459831482900000177e+06 1.521858940491060741e+00 6.910301548148455215e-03
2.459831986494000070e+06 1.522252864636129299e+00 6.910688191947116088e-03
2.459832479561000131e+06 1.520817845631206255e+00 6.909776426005810775e-03
2.459832972628000192e+06 1.521043379077604119e+00 6.910801128402400961e-03
2.459833476220999844e+06 1.525572319066134552e+00 6.910301629702628352e-03
2.459833969287999906e+06 1.513477608261663443e+00 6.909881489882122377e-03
2.459834462356000207e+06 1.515165245395602378e+00 6.910608914317724338e-03
2.459834965948999859e+06 1.515135939784995500e+00 6.910475252583788211e-03
2.459835459015999921e+06 1.518905658425589333e+00 6.910881224868015496e-03
2.459835952082999982e+06 1.511226637382552918e+00 6.910739663761954199e-03
2.459836455676999874e+06 1.506586251784692188e+00 6.910333744981059755e-03
2.459836948743999936e+06 1.512718088309772391e+00 6.910593646168353664e-03
2.459837441810999997e+06 1.514376982412118267e+00 6.909803263437192151e-03
2.459837945404999889e+06 1.509594830677645882e+00 6.910229460515485492e-03
2.459838438471999951e+06 1.531310286914028262e+00 6.910905589217486607e-03
2.459838931539000012e+06 1.514236114896938545e+00 6.910555175771992097e-03
2.459839435132000130e+06 1.523041018847443029e+00 6.910057918271081401e-03
2.459839928199999966e+06 1.502310144941987113e+00 6.910091816926775508e-03
2.459840421267000027e+06 1.507682868296776890e+00 6.909809141269303810e-03
2.459840924860000145e+06 1.514658756757884861e+00 6.911088944160383683e-03
2.459841417927000206e+06 1.518680441950755133e+00 6.909856510595058232e-03
2.459841910993999802e+06 1.525093253825773987e+00 6.910940959636103186e-03
2.459842414588000160e+06 1.529031385488476946e+00 6.910478784543615249e-03
2.459842907655000221e+06 1.522815189200032115e+00 6.910435890695926231e-03
2.459843400721999817e+06 1.518596518886939917e+00 6.910873347446221636e-03
2.459843904316000175e+06 1.518427288148082477e+00 6.910103207262050309e-03
2.459844397382999770e+06 1.519412167759102816e+00 6.910386935163379159e-03
2.459844890449999832e+06 1.516093549631403858e+00 6.910653752029299185e-03
2.459845394044000190e+06 1.514349086814128942e+00 6.911070748382747327e-03
2.459845887110999785e+06 1.506276844920827029e+00 6.910301905444921067e-03
2.459846380177999847e+06 1.520086842920836956e+00 6.910655298934914939e-03
2.459846883770999964e+06 1.509904919094554154e+00 6.910258228565039143e-03
2.459847376838000026e+06 1.511339384773039196e+00 6.909863255121587514e-03
2.459847869905999862e+06 1.532266829215987780e+00 6.910988718794965242e-03
2.459848373498999979e+06 1.506332339232806294e+00 6.910556495065087873e-03
2.459848866566000041e+06 1.530973241065770596e+00 6.910794557260674723e-03
2.459849359633000102e+06 1.518259474636124651e+00 6.910737885288842364e-03
2.459849863226999994e+06 1.524447245797904582e+00 6.910821717959392610e-03
2.459850356294000056e+06 1.517190099396589220e+00 6.910062507483089207e-03
2.459850849361000117e+06 1.514180329404466674e+00 6.910300586200431375e-03
2.459851352955000009e+06 1.515755664837819428e+00 6.910509668984148035e-03
2.459851846022000071e+06 1.520228254722012284e+00 6.909898006693468951e-03
2.459852339089000132e+06 1.514996397034118258e+00 6.909838803601691011e-03
2.459852842681999784e+06 1.503997796592410063e+00 6.910928247871300084e-03
2.459853335750000086e+06 1.508442638768752619e+00 6.910512564980943705e-03
2.459853828817000147e+06 1.509736656938092558e+00 6.910878675777287934e-03
2.459854332409999799e+06 1.512351704031524191e+00 6.910312809704815401e-03
2.459854825476999860e+06 1.520170848345277603e+00 6.911037206412277110e-03
2.459855318543999922e+06 1.498850786006395319e+00 6.910745908505023204e-03
2.459855822137999814e+06 1.513055295981745818e+00 6.910740546268310386e-03
2.459856315204999875e+06 1.516543248664012467e+00 6.909909993111239615e-03
2.459856808271999937e+06 1.527991013317221869e+00 6.909998803124452887e-03
2.459857311865999829e+06 1.531675621211146199e+00 6.911143641917152046e-03
2.459857804932999890e+06 1.527428184307805026e+00 6.910267161065452093e-03
2.459858297999999952e+06 1.517301894213008095e+00 6.910571678462898611e-03
2.459858801593999844e+06 1.505629100077988447e+00 6.910103736809593278e-03
2.459859294660999905e+06 1.526556209023151478e+00 6.910540271630939702e-03
2.459859787727999967e+06 1.527456320833892711e+00 6.910394454063086001e-03
2.459860291321000084e+06 1.519805458571591439e+00 6.910775855208273200e-03
2.459860784388000146e+06 1.516346314350728974e+00 6.910409296960702726e-03
2.459861277455999982e+06 1.521521172163481816e+00 6.910169217033243667e-03
2.459861781049000099e+06 1.519468146003178255e+00 6.910641527916235385e-03
2.459862274116000161e+06 1.512211024907969437e+00 6.911062809464778994e-03
2.459862767183000222e+06 1.513364701357621911e+00 6.910759866391853919e-03
2.459863270777000114e+06 1.514855471900926398e+00 6.910591283079444216e-03
2.459863763844000176e+06 1.513392578822393864e+00 6.910887168465537633e-03
2.459864256910999771e+06 1.519102925131719184e+00 6.910379624760674099e-03
2.459864760505000129e+06 1.517273944736648783e+00 6.910444382200703339e-03
2.459865253572000191e+06 1.521662717398539533e+00 6.910812061539129379e-03
2.459865746638999786e+06 1.507513465291377308e+00 6.910421227434901566e-03
2.459866250231999904e+06 1.522815189200032115e+00 6.910435890695926231e-03
2.459866743300000206e+06 1.518371348249921038e+00 6.909848634341294454e-03
2.459867236366999801e+06 1.516993081084972772e+00 6.910562387221615317e-03
2.459867739959999919e+06 1.510242890653157533e+00 6.910414010221122699e-03
2.459868233026999980e+06 1.512323845740197958e+00 6.910185518211113889e-03
2.459868726094000041e+06 1.529987913431066548e+00 6.910574313156864212e-03
2.459869229687999934e+06 1.525516115940160233e+00 6.910047049471877874e-03
2.459869722754999995e+06 1.514462067159758396e+00 6.910191488346670817e-03
2.459870215822000057e+06 1.528328810266178284e+00 6.910118771684532063e-03
2.459870719415999949e+06 1.515896673714852927e+00 6.911152545161858632e-03
2.459871212483000010e+06 1.530522082445405552e+00 6.910167695677739419e-03
2.459871705550000072e+06 1.510496071162083176e+00 6.910181269246185726e-03
2.459872209143999964e+06 1.520931308588548747e+00 6.910291940516718155e-03
2.459872702211000025e+06 1.525544217244322542e+00 6.910174338414869742e-03
2.459873195278000087e+06 1.523743970101020251e+00 6.910440377595087474e-03
2.459873698871000204e+06 1.501635061422802009e+00 6.911135844089625127e-03
2.459874191937999800e+06 1.517443046933850459e+00 6.909816943713540521e-03
2.459874685006000102e+06 1.517723993894438905e+00 6.911096261624337898e-03
2.459875188599000219e+06 1.502985531955522758e+00 6.910429755074253173e-03
2.459875681665999815e+06 1.524475327412569747e+00 6.910949021172434897e-03
2.459876174732999876e+06 1.507850901555765288e+00 6.910579248679428639e-03
2.459876678326999769e+06 1.516515313162291712e+00 6.909782709037625217e-03
2.459877171393999830e+06 1.524250688978479928e+00 6.909930661125357476e-03
2.459877664460999891e+06 1.520987342800871556e+00 6.910546529769776708e-03
2.459878168054999784e+06 1.514264008413888973e+00 6.910682474075101681e-03
2.459878661121999845e+06 1.518315410412628852e+00 6.910992490971393232e-03
2.459879154188999906e+06 1.510158042945168866e+00 6.910025772810009757e-03
2.459987411249999888e+06 1.514349086814128942e+00 6.911070748382747327e-03
2.459987904316999950e+06 1.521324992621615468e+00 6.910679436430231665e-03
2.459988407910000067e+06 1.519889448445728597e+00 6.911157769348004812e-03
2.459988900977000128e+06 1.517837226030213094e+00 6.910213894855538747e-03
2.459989394044000190e+06 1.512436674989603214e+00 6.910701063242996774e-03
2.459989897638000082e+06 1.506079856624251923e+00 6.910785338850831093e-03
2.459990390705000143e+06 1.528188052462986057e+00 6.910889868745606623e-03
2.459990883772000205e+06 1.530354341749041058e+00 6.910819870160885524e-03
2.459991387366000097e+06 1.517696036642787405e+00 6.910968955699051119e-03
2.459991880433000159e+06 1.509426603077099083e+00 6.910849625363456490e-03
2.459992373500000220e+06 1.525488015153633414e+00 6.909919762873592899e-03
2.459992877094000112e+06 1.509116612891706621e+00 6.910820295404157543e-03
2.459993370161000174e+06 1.522534702110318605e+00 6.910565364881714710e-03
2.459993863227999769e+06 1.514968490026195269e+00 6.911106858384020307e-03
2.459994366820999887e+06 1.519693479292529181e+00 6.910266669184718900e-03
2.459994859887999948e+06 1.519609500247743439e+00 6.909884804287619829e-03
2.459995352955999784e+06 1.512858814604814084e+00 6.909843135696630730e-03
2.459995856548999902e+06 1.525431815133472702e+00 6.911070171334240259e-03
2.459996349615999963e+06 1.526921815456409925e+00 6.910788981955625493e-03
2.459996842683000024e+06 1.508330107478345283e+00 6.909997034011235856e-03
2.459997346276999917e+06 1.519889448445728597e+00 6.911157769348004812e-03
2.459997839343999978e+06 1.519214860895539365e+00 6.910888819107408217e-03
2.459998332411000039e+06 1.520565736029883652e+00 6.910031468686981225e-03
2.459998836004999932e+06 1.523321599212736910e+00 6.909927884180704083e-03
2.459999329071999993e+06 1.515417855347063858e+00 6.910365306916081869e-03
2.459999822139000054e+06 1.520733804453357152e+00 6.910795235795220114e-03
2.460000325732000172e+06 1.508835869559661980e+00 6.910924353850527585e-03
2.460000818800000008e+06 1.517696036642787405e+00 6.910968955699051119e-03
2.460001311867000069e+06 1.511705523805515705e+00 6.910144915281826034e-03
2.460001815460000187e+06 1.521577228107582114e+00 6.910423801764918952e-03
2.460002308526999783e+06 1.524868524337392062e+00 6.909922600776931441e-03
2.460002801593999844e+06 1.513336824406367187e+00 6.910632566663139909e-03
2.460003305188000202e+06 1.516627058256791560e+00 6.910291859400364070e-03
2.460003798254999798e+06 1.508526000692916202e+00 6.910894464570338687e-03
2.460004291321999859e+06 1.521971079333078958e+00 6.910810736742082142e-03
2.460004794916000217e+06 1.516008373224634553e+00 6.910265501149154797e-03
2.460005287982999813e+06 1.520875276440569523e+00 6.910037360642923461e-03
2.460005781049999874e+06 1.518287442266783138e+00 6.910865186957615598e-03
2.460006284644000232e+06 1.503604441822122828e+00 6.910505638304509889e-03
2.460006777710999828e+06 1.519384179410426139e+00 6.910259642304248176e-03
2.460007270777999889e+06 1.519017579653725969e+00 6.909991389281409935e-03
2.460007774371000007e+06 1.523968533856749463e+00 6.910055185870969674e-03
2.460008267438000068e+06 1.515896673714852927e+00 6.911152545161858632e-03
2.460008760505999904e+06 1.517301894213008095e+00 6.910571678462898611e-03
2.460009264099000022e+06 1.509932732827194535e+00 6.910385521398127590e-03
2.460009757166000083e+06 1.512295987962035460e+00 6.910058229062186058e-03
2.460010250233000144e+06 1.518343379073671784e+00 6.911119797330220367e-03
2.460010753827000037e+06 1.517865185882693035e+00 6.910341186871961881e-03
2.460011246894000098e+06 1.517106258689866483e+00 6.911077960370369880e-03
2.460011739961000159e+06 1.504363542611636628e+00 6.909837724970696593e-03
2.460012243555000052e+06 1.527568872121330745e+00 6.910903649502523304e-03
2.460012736622000113e+06 1.522450566058100696e+00 6.910183483478559568e-03
2.460013229689000174e+06 1.521437092119451107e+00 6.909787357521421890e-03
2.460013733281999826e+06 1.500509674938397264e+00 6.910102418812989929e-03
2.460014226350000128e+06 1.506669511118285287e+00 6.910715634688225154e-03
2.460014719417000189e+06 1.511283705998078153e+00 6.911000634773918801e-03
2.460015223009999841e+06 1.511676285111204887e+00 6.910011262522317010e-03
2.460015716076999903e+06 1.503857894550253427e+00 6.910285392557770530e-03
2.460016209143999964e+06 1.508751100900226128e+00 6.910536087767544210e-03
2.460016712737999856e+06 1.521634687593588442e+00 6.910684760848953556e-03
2.460017205804999918e+06 1.518315410412628852e+00 6.910992490971393232e-03
2.460017698871999979e+06 1.506050726738938916e+00 6.910651673704551641e-03
2.460018202465999871e+06 1.533925968963950837e+00 6.909995154738355315e-03
2.460018695532999933e+06 1.519298818131146200e+00 6.909871413565778567e-03
2.460019188599999994e+06 1.508892847892362443e+00 6.909795590165571620e-03
2.460019692193999887e+06 1.512436674989603214e+00 6.910701063242996774e-03
2.460020185260999948e+06 1.525740940868194784e+00 6.911065426671816891e-03
2.460020678328000009e+06 1.514152437428926357e+00 6.910173294931891766e-03
2.460021181921000127e+06 1.517809266692768055e+00 6.910086605183898834e-03
2.460021674988000188e+06 1.514686658060262703e+00 6.909821174328218546e-03
2.460022168056000024e+06 1.520733804453357152e+00 6.910795235795220114e-03
2.460022671649000142e+06 1.521774841781773357e+00 6.909919681323927441e-03
2.460023164716000203e+06 1.523461908778378948e+00 6.910564341367779646e-03
2.460023657782999799e+06 1.513364701357621911e+00 6.910759866391853919e-03
2.460024161377000157e+06 1.518793745443809629e+00 6.910372031080823374e-03
2.460024654444000218e+06 1.517921107132800040e+00 6.910595777939357309e-03
2.460025147510999814e+06 1.521577228107582114e+00 6.910423801764918952e-03
2.460025651105000172e+06 1.515501602746591514e+00 6.910747198367471825e-03
2.460026144171999767e+06 1.521718778557455298e+00 6.911066669954508100e-03
2.460026637238999829e+06 1.515530915429820658e+00 6.910880865361380097e-03
2.460027140831999946e+06 1.507120579143708783e+00 6.910008352027562084e-03
2.460027633899999782e+06 1.517415094857380797e+00 6.911087252304841735e-03
2.460028126966999844e+06 1.525516115940160233e+00 6.910047049471877874e-03
2.460028630559999961e+06 1.509679646741742820e+00 6.910617709370699309e-03
2.460029123627000023e+06 1.514376982412118267e+00 6.909803263437192151e-03
2.460029616694000084e+06 1.522562748494302731e+00 6.910692663372514435e-03
2.460030120287999976e+06 1.522112666422439808e+00 6.910051723353505954e-03
2.460030613355000038e+06 1.513589129521543564e+00 6.910390647523550166e-03
2.460031106422000099e+06 1.522140705032167585e+00 6.910179012382592148e-03
2.460031610015999991e+06 1.509764467571200974e+00 6.911005980039540419e-03
2.460032103083000053e+06 1.512970290268617735e+00 6.910352290511935502e-03
2.460032596150000114e+06 1.515276891009768034e+00 6.911118125559759587e-03
2.460033099744000006e+06 1.522927398503654883e+00 6.910945089188641650e-03
2.460033592811000068e+06 1.521155457824622470e+00 6.909909317855289501e-03
2.460034085878000129e+06 1.523912389815317292e+00 6.909800614719377627e-03
2.460034589470999781e+06 1.515699823364090149e+00 6.910255081089088265e-03
2.460035082537999842e+06 1.518933637959502425e+00 6.911008529177225211e-03
2.460035575606000144e+06 1.510860614337620866e+00 6.910457418588211893e-03
2.460036079198999796e+06 1.522815189200032115e+00 6.910435890695926231e-03
2.460036572265999857e+06 1.513926531361737382e+00 6.910536699934609513e-03
2.460037065332999919e+06 1.518399317941391491e+00 6.909975919629331512e-03
2.460037568926999811e+06 1.528272505589185926e+00 6.909864198190395455e-03
2.460038061993999872e+06 1.509792278716604930e+00 6.911133286646848478e-03
2.460038555060999934e+06 1.508723308933849649e+00 6.910408792160945175e-03
2.460039058654999826e+06 1.520677779581565137e+00 6.910540637379683493e-03
2.460039551721999887e+06 1.504391254267410050e+00 6.909965010057753793e-03
2.460040044788999949e+06 1.515980447575587808e+00 6.910138210526878613e-03
2.460040548382000066e+06 1.513926531361737382e+00 6.910536699934609513e-03
2.460041041449999902e+06 1.517837226030213094e+00 6.910213894855538747e-03
2.460041534516999964e+06 1.520789831389219637e+00 6.911049843590680655e-03
2.460042038110000081e+06 1.511816914488576913e+00 6.910654092333866697e-03
2.460042531177000143e+06 1.531619193235348231e+00 6.910889030666073768e-03
2.460043024244000204e+06 1.515362026318466837e+00 6.910110724339417997e-03
2.460043527838000096e+06 1.528300657668389517e+00 6.909991483765108577e-03
2.460044020905000158e+06 1.509847902544342091e+00 6.909997285587581549e-03
2.460044513972000219e+06 1.520480308368977962e+00 6.911043666884521958e-03
2.460045017566000111e+06 1.510326352065660904e+00 6.910795904364008986e-03
2.460045510633000173e+06 1.515052212592191250e+00 6.910093376160260890e-03
2.460046003699999768e+06 1.523968533856749463e+00 6.910055185870969674e-03
2.460046507294000126e+06 1.510692245679524426e+00 6.911078723732699824e-03
2.460047000361000188e+06 1.515670507413923618e+00 6.910121426198805386e-03
2.460047493427999783e+06 1.509004031322173311e+00 6.910304741477460953e-03
2.460047997020999901e+06 1.510158042945168866e+00 6.910025772810009757e-03
2.460048490087999962e+06 1.528834237606344404e+00 6.910995880296268677e-03
2.460048983155999798e+06 1.516402179642505121e+00 6.910663890537391274e-03
2.460049486748999916e+06 1.515896673714852927e+00 6.911152545161858632e-03
2.460049979815999977e+06 1.510270710611521405e+00 6.910541305923841027e-03
2.460050472883000039e+06 1.521746809911433518e+00 6.909792397071849897e-03
2.460050976476999931e+06 1.514489964838941827e+00 6.910318779950347726e-03
2.460051469543999992e+06 1.515080121142355463e+00 6.910220665956629156e-03
2.460051962611000054e+06 1.511141734406204362e+00 6.910351408055158580e-03
2.460052466204999946e+06 1.510242890653157533e+00 6.910414010221122699e-03
2.460052959272000007e+06 1.503097664505647746e+00 6.910945318327805023e-03
2.460053452339000069e+06 1.510579546566249931e+00 6.910563150526996892e-03
2.460053955932000186e+06 1.515642587988537793e+00 6.909994138230461831e-03
2.460054449000000022e+06 1.512295987962035460e+00 6.910058229062186058e-03
2.460054942067000084e+06 1.513505487806276584e+00 6.910008775775364556e-03
2.460055445660000201e+06 1.512379562836028812e+00 6.910440103543357381e-03
2.460055938726999797e+06 1.506754162824313292e+00 6.911103910858966415e-03
2.460056431793999858e+06 1.521268945970042585e+00 6.910424842280799007e-03
2.460056935388000216e+06 1.516571184680328921e+00 6.910037279529535753e-03
2.460057428454999812e+06 1.513251802876545371e+00 6.910244316973197104e-03
2.460057921521999873e+06 1.518989598573563748e+00 6.909864103708435873e-03
2.460058425116000231e+06 1.519298818131146200e+00 6.909871413565778567e-03
2.460058918182999827e+06 1.508273150395669671e+00 6.911125271805829313e-03
