2.458346727899000049e+06 3.677463746328914151e+00 1.113329672641427508e-02
2.458347220966000110e+06 3.691145798843948889e+00 1.113392225315623651e-02
2.458347714033000171e+06 3.678866260389202392e+00 1.113415439096639842e-02
2.458348217627000064e+06 3.670854745872453417e+00 1.113357427447201481e-02
2.458348710694000125e+06 3.671294299868449240e+00 1.113152603938386866e-02
2.458349203761000186e+06 3.685004308740580381e+00 1.113236721746945455e-02
2.458349707355000079e+06 3.655917610984634081e+00 1.113204438513470604e-02
2.458350200422000140e+06 3.676322481108180273e+00 1.113322763384914232e-02
2.458350693489000201e+06 3.691349784735260098e+00 1.113453755343923185e-02
2.458351197081999853e+06 3.665243227943621562e+00 1.113343380536058885e-02
2.458351690150000155e+06 3.673516543428005043e+00 1.113149711220186994e-02
2.458352183217000216e+06 3.674013941863724320e+00 1.113300432992781960e-02
2.458352686809999868e+06 3.676586600009982497e+00 1.113402748094396988e-02
2.458353179876999930e+06 3.680648970092793348e+00 1.113276978773810287e-02
2.458353672943999991e+06 3.671000130984551468e+00 1.113401522244081288e-02
2.458354176537999883e+06 3.676000823457632904e+00 1.113225353871409584e-02
2.458354669604999945e+06 3.681527085596828730e+00 1.113203499067888340e-02
2.458355162672000006e+06 3.683775880328579611e+00 1.113204902847518551e-02
2.458355666265999898e+06 3.690703868082435779e+00 1.113258921918572689e-02
2.458356159332999960e+06 3.670212415465223366e+00 1.113162610877417753e-02
2.458356652400000021e+06 3.674656937582855498e+00 1.113156825271605435e-02
2.458357155993999913e+06 3.668721965941890595e+00 1.113386366301700840e-02
2.458357649060999975e+06 3.681086306457467039e+00 1.113409258844723880e-02
2.458358142128000036e+06 3.691230791595388805e+00 1.113417862414188379e-02
2.458358645721000154e+06 3.675093561971521261e+00 1.113289091065822189e-02
2.458359138788000215e+06 3.661939795828701438e+00 1.113351771181234073e-02
2.458359631856000051e+06 3.683541778842378989e+00 1.113134159422655631e-02
2.458360135449000169e+06 3.670067061549558307e+00 1.113456551210555666e-02
2.458360628516000230e+06 3.676380043867150338e+00 1.113340195460096535e-02
2.458361121582999825e+06 3.671030561155309790e+00 1.113410751608623871e-02
2.458361625177000184e+06 3.670651892547552197e+00 1.113295902742031558e-02
2.458362118243999779e+06 3.688630899496649462e+00 1.113313105400523875e-02
2.458362611310999840e+06 3.669188300034325945e+00 1.113189944974299524e-02
2.458363114905000199e+06 3.668546261223714744e+00 1.113333043308154663e-02
2.458363607971999794e+06 3.676000823457632904e+00 1.113225353871409584e-02
2.458364101038999856e+06 3.674890474407470187e+00 1.113227570136959832e-02
2.458364604631999973e+06 3.693539943276796578e+00 1.113434016602405166e-02
2.458365097699999809e+06 3.679042459382880104e+00 1.113468766036525108e-02
2.458365590766999871e+06 3.672812856609861232e+00 1.113274758466375157e-02
2.458366094359999988e+06 3.657817218980237151e+00 1.113445960054613992e-02
2.458366587427000050e+06 3.677900704223868722e+00 1.113461958973450266e-02
2.458367080494000111e+06 3.659104393532805588e+00 1.113163746301641666e-02
2.458367584088000003e+06 3.664453372640648521e+00 1.113440965067070271e-02
2.458368077155000065e+06 3.662786459260284566e+00 1.113271829988539061e-02
2.458368570222000126e+06 3.679859184145778617e+00 1.113377021687493237e-02
2.458369073816000018e+06 3.678310611144323339e+00 1.113247270861052705e-02
2.458369566883000080e+06 3.678835765266201818e+00 1.113406209693241361e-02
2.458370059950000141e+06 3.677988779543508002e+00 1.113149867952717767e-02
2.458370563544000033e+06 3.691230791595388805e+00 1.113417862414188379e-02
2.458371056611000095e+06 3.688776988637717746e+00 1.113357198442017915e-02
2.458371549678000156e+06 3.665533559425900201e+00 1.113431570763515413e-02
2.458372053270999808e+06 3.683484103948857946e+00 1.113455991996994965e-02
2.458372546337999869e+06 3.686613422784091654e+00 1.113383284110156662e-02
2.458373039406000171e+06 3.674128995989564661e+00 1.113335296716802363e-02
2.458373542998999823e+06 3.645655272090626564e+00 1.113437391999430939e-02
2.458374036065999884e+06 3.664919164148880970e+00 1.113244943881706688e-02
2.458374529132999945e+06 3.669539779388304002e+00 1.113296579807598018e-02
2.458375032726999838e+06 3.685822356997321858e+00 1.113144376656997198e-02
2.458375525793999899e+06 3.693482111837443238e+00 1.113416583058218778e-02
2.458376018860999960e+06 3.692897044669797513e+00 1.113240211962614537e-02
2.458376522454999853e+06 3.678866260389202392e+00 1.113415439096639842e-02
2.458377015521999914e+06 3.680679480246066060e+00 1.113286207105969490e-02
2.458377508588999975e+06 3.676789781307988836e+00 1.113464278704219025e-02
2.458378012182000093e+06 3.681116820235970089e+00 1.113418488273397629e-02
2.458378505249999929e+06 3.669306582596769228e+00 1.113225830556725804e-02
2.458378998316999990e+06 3.663370130082774789e+00 1.113449231617569951e-02
2.458379501910000108e+06 3.670124526363038431e+00 1.113135954419594391e-02
2.458379994977000169e+06 3.668748998183901211e+00 1.113394570065841076e-02
2.458380488044000231e+06 3.679625331562993651e+00 1.113306267324593382e-02
2.458380991638000123e+06 3.668107036242835850e+00 1.113199746996799099e-02
2.458381484705000184e+06 3.671558057529442198e+00 1.113232576423064599e-02
2.458381977771999780e+06 3.672640338593403886e+00 1.113222466133332103e-02
2.458382481366000138e+06 3.689242474020172136e+00 1.113157900779635813e-02
2.458382974433000199e+06 3.677697461535677004e+00 1.113400428491814059e-02
2.458383467499999795e+06 3.670591038736027656e+00 1.113277445993470297e-02
2.458383971094000153e+06 3.661676729125108221e+00 1.113271790133834455e-02
2.458384464161000215e+06 3.663808787858962468e+00 1.113245108542671238e-02
2.458384957227999810e+06 3.676877830024178451e+00 1.113152290061273503e-02
2.458385460820999928e+06 3.684420584501936879e+00 1.113399726818895333e-02
2.458385953887999989e+06 3.659717814008623726e+00 1.113350359571305820e-02
2.458386446955999825e+06 3.666850467587961404e+00 1.113156132051644834e-02
2.458386950548999943e+06 3.675239114962982168e+00 1.113333183156223032e-02
2.458387443616000004e+06 3.662816821345131757e+00 1.113281058278021984e-02
2.458387936683000065e+06 3.687343526805693994e+00 1.113264163790294269e-02
2.458388440276999958e+06 3.675445607003105408e+00 1.113395735396535691e-02
2.458388933344000019e+06 3.664716638827296702e+00 1.113183425392440425e-02
2.458389426411000080e+06 3.668458412020255910e+00 1.113306382769054317e-02
2.458389930004999973e+06 3.678046368392881238e+00 1.113167297320754971e-02
2.458390423072000034e+06 3.651122463431428766e+00 1.113425749592140621e-02
2.458390916139000095e+06 3.669130849879767453e+00 1.113172515251657432e-02
2.458391419732000213e+06 3.683514637603521269e+00 1.113465221813055711e-02
2.458391912800000049e+06 3.685357303143683261e+00 1.113343361061090372e-02
2.458392405867000110e+06 3.674071468476277413e+00 1.113317864718321726e-02
2.458392909460000228e+06 3.677843117655224869e+00 1.113444524991760720e-02
2.458393402526999824e+06 3.682140873684446980e+00 1.113389093532070329e-02
2.458393895593999885e+06 3.686087158400933816e+00 1.113224348550596876e-02
2.458394399187999777e+06 3.677345200814818416e+00 1.113293783711581837e-02
2.458394892254999839e+06 3.676908308917186563e+00 1.113161517359845601e-02
2.458395385321999900e+06 3.654894118012145032e+00 1.113229419383572789e-02
2.458395888915999793e+06 3.691904003319812499e+00 1.113280892163098085e-02
2.458396381982999854e+06 3.668955125579067555e+00 1.113457125755160093e-02
2.458396875049999915e+06 3.685649227903379899e+00 1.113431551287004384e-02
2.458397378643999808e+06 3.675824770135876829e+00 1.113172038589170867e-02
2.458397871710999869e+06 3.676586600009982497e+00 1.113402748094396988e-02
2.458398364777999930e+06 3.676877830024178451e+00 1.113152290061273503e-02
2.458398868371000048e+06 3.682812427577187187e+00 1.113252955399139481e-02
2.458399361438000109e+06 3.674071468476277413e+00 1.113317864718321726e-02
2.458399854505999945e+06 3.650624801757794913e+00 1.113273985490125656e-02
2.458400358099000063e+06 3.674362499261711879e+00 1.113406052924617584e-02
2.458400851166000124e+06 3.680825254469203944e+00 1.113330299082149893e-02
2.458401344233000185e+06 3.670094103702648880e+00 1.113464755491843511e-02
2.458401847827000078e+06 3.655011939777175201e+00 1.113265306238524210e-02
2.458402340894000139e+06 3.677081027416606585e+00 1.113213806829894091e-02
2.458402833961000200e+06 3.678486783525226844e+00 1.113300589746534473e-02
2.458403337555000093e+06 3.694564049905062486e+00 1.113402456168656462e-02
2.458403830622000154e+06 3.679333883930766991e+00 1.113218087021894745e-02
2.458404323689000215e+06 3.690265389090535475e+00 1.113466545711602404e-02
2.458404827281999867e+06 3.666850467587961404e+00 1.113156132051644834e-02
2.458405320350000169e+06 3.692342677012579788e+00 1.113413172698998754e-02
2.458405813417000230e+06 3.687812227899162743e+00 1.113405671660958919e-02
2.458406317009999882e+06 3.671673034747673370e+00 1.113267438022112060e-02
2.458406810076999944e+06 3.670388199983718014e+00 1.113215925708116623e-02
2.458407303144000005e+06 3.684742978898945864e+00 1.113157774220206904e-02
2.458407806737999897e+06 3.656968336008709297e+00 1.113187558593135146e-02
2.458408299804999959e+06 3.682168004800988381e+00 1.113397297316305774e-02
2.458408792872000020e+06 3.661352980663652001e+00 1.113173359809177185e-02
2.458409296465999912e+06 3.656560807448104633e+00 1.113400287882674276e-02
2.458409789532999974e+06 3.681700021057908945e+00 1.113255790509975161e-02
2.458410282600000035e+06 3.691757790337457656e+00 1.113236802143613424e-02
2.458410786193999927e+06 3.696436074603022703e+00 1.113285705218294321e-02
2.458411279260999989e+06 3.677287622943945511e+00 1.113276352363089597e-02
2.458411772328000050e+06 3.674596017373779944e+00 1.113138370828733320e-02
2.458412275921000168e+06 3.662290580833040377e+00 1.113458421516209419e-02
2.458412768988000229e+06 3.670330731041779870e+00 1.113198495578682570e-02
2.458413262056000065e+06 3.660418991902608887e+00 1.113226533138864972e-02
2.458413765649000183e+06 3.686993738001391296e+00 1.113158557318346363e-02
2.458414258715999778e+06 3.668748998183901211e+00 1.113394570065841076e-02
2.458414751782999840e+06 3.670854745872453417e+00 1.113357427447201481e-02
2.458415255377000198e+06 3.682547861423933089e+00 1.113172981450479167e-02
2.458415748443999793e+06 3.663575955268094653e+00 1.113174362562763080e-02
2.458416241510999855e+06 3.700850997336979198e+00 1.113251939498066494e-02
2.458416745105000213e+06 3.668779409694264970e+00 1.113403799372758400e-02
2.458417238171999808e+06 3.671206384858824112e+00 1.113464078324002265e-02
2.458417731238999870e+06 3.669860871684175851e+00 1.113393995553519158e-02
2.458418234831999987e+06 3.667610437500777198e+00 1.113386838260175399e-02
2.458526481366999913e+06 3.686409698626595066e+00 1.113321757976137687e-02
2.458526984960000031e+06 3.668867266584698417e+00 1.113430462244707243e-02
2.458527478027000092e+06 3.670709366518141170e+00 1.113313334396637960e-02
2.458527971094000153e+06 3.661852104827615140e+00 1.113325110193664862e-02
2.458528474688000046e+06 3.671439702389191595e+00 1.113196690623180669e-02
2.458528967755000107e+06 3.698918820177927280e+00 1.113352087861373130e-02
2.458529460822000168e+06 3.663808787858962468e+00 1.113245108542671238e-02
2.458529964416000061e+06 3.664422996989994630e+00 1.113431735452080108e-02
2.458530457483000122e+06 3.671585110668625251e+00 1.113240779054035061e-02
2.458530950550000183e+06 3.690472725376692242e+00 1.113189200345506003e-02
2.458531454144000076e+06 3.671294299868449240e+00 1.113152603938386866e-02
2.458531947211000137e+06 3.660857296304808273e+00 1.113359832657635773e-02
2.458532440278000198e+06 3.682666574654695157e+00 1.113208866486057290e-02
2.458532943870999850e+06 3.662641399439820589e+00 1.113227740327953595e-02
2.458533436937999912e+06 3.656853819263209626e+00 1.113152699495481741e-02
2.458533930006000213e+06 3.666556654773894586e+00 1.113404640815356117e-02
2.458534433598999865e+06 3.678747669664123698e+00 1.113379547402054866e-02
2.458534926665999927e+06 3.681995047357946582e+00 1.113344999227412757e-02
2.458535419732999988e+06 3.658400097946418406e+00 1.113286438330356523e-02
2.458535923326999880e+06 3.677169083107305170e+00 1.113240465152058947e-02
2.458536416393999942e+06 3.692635155098172195e+00 1.113161264188360262e-02
2.458536909461000003e+06 3.660799976592575611e+00 1.113342400274985010e-02
2.458537413054999895e+06 3.682110351417274163e+00 1.113379864347053758e-02
2.458537906121999957e+06 3.671060991578313892e+00 1.113419981049671575e-02
2.458538399189000018e+06 3.689565290342454951e+00 1.113255304390859714e-02
2.458538902782000136e+06 3.683660524113768986e+00 1.113170043206739013e-02
2.458539395849999972e+06 3.672376503183435670e+00 1.113142494374962099e-02
2.458539888917000033e+06 3.642030680709420931e+00 1.113336718099715815e-02
2.458540392510000151e+06 3.661002285465425388e+00 1.113403927549770807e-02
2.458540885577000212e+06 3.682459676929779491e+00 1.113146324744315740e-02
2.458541378643999808e+06 3.674335425658036947e+00 1.113397849075864997e-02
2.458541882238000166e+06 3.672434004157462351e+00 1.113159923627545997e-02
2.458542375305000227e+06 3.661558692516128755e+00 1.113235903069874355e-02
2.458542868371999823e+06 3.679743950581005230e+00 1.113342156656869572e-02
2.458543371966000181e+06 3.690442134044534583e+00 1.113179972817458438e-02
2.458543865032999776e+06 3.678632470906056273e+00 1.113344682292339433e-02
2.458544358099999838e+06 3.684155902821784956e+00 1.113319742326458577e-02
2.458544861694000196e+06 3.660914616914535458e+00 1.113377265313237469e-02
2.458545354760999791e+06 3.678601977721000615e+00 1.113335453475463449e-02
2.458545847827999853e+06 3.691904003319812499e+00 1.113280892163098085e-02
2.458546351420999970e+06 3.678253018157568555e+00 1.113229840240829473e-02
2.458546844488000032e+06 3.676000823457632904e+00 1.113225353871409584e-02
2.458547337555999868e+06 3.675648725245777459e+00 1.113457265618814605e-02
2.458547841148999985e+06 3.685415007367198292e+00 1.113360793458785178e-02
2.458548334216000047e+06 3.680238802588168934e+00 1.113152916402187879e-02
2.458548827283000108e+06 3.691873400123402593e+00 1.113271663874992184e-02
2.458549330877000000e+06 3.675181570068055237e+00 1.113315751190835368e-02
2.458549823944000062e+06 3.665094695147543824e+00 1.113298262655737850e-02
2.458550317011000123e+06 3.677199564414609601e+00 1.113249693181544639e-02
2.458550820605000015e+06 3.674832934971368648e+00 1.113210139825203393e-02
2.458551313672000077e+06 3.669891292411225692e+00 1.113403224855670330e-02
2.458551806739000138e+06 3.691992413978859577e+00 1.113307552091766933e-02
2.458552310331999790e+06 3.686525140933585742e+00 1.113356622367963483e-02
2.458552803400000092e+06 3.686613422784091654e+00 1.113383284110156662e-02
2.458553296467000153e+06 3.692665764609015966e+00 1.113170491561321813e-02
2.458553800059999805e+06 3.677521326957474468e+00 1.113347104824792891e-02
2.458554293126999866e+06 3.648987704636306173e+00 1.113446913944735051e-02
2.458554786193999927e+06 3.664861780838131189e+00 1.113227513297922015e-02
2.458555289787999820e+06 3.651384771882426161e+00 1.113169436734704962e-02
2.458555782854999881e+06 3.662816821345131757e+00 1.113281058278021984e-02
2.458556275921999943e+06 3.675855240299712889e+00 1.113181266051445351e-02
2.458556779515999835e+06 3.689215290777207112e+00 1.113149698759332770e-02
2.458557272582999896e+06 3.669948754472577068e+00 1.113420658190697986e-02
2.458557765649999958e+06 3.689799774643098829e+00 1.113326055514893623e-02
2.458558269243999850e+06 3.665067689831333464e+00 1.113290059601214181e-02
2.458558762310999911e+06 3.680618460192427222e+00 1.113267750518147012e-02
2.458559255377999973e+06 3.669685112420815631e+00 1.113340672194588002e-02
2.458559758971000090e+06 3.684040534706697567e+00 1.113284879089519036e-02
2.458560252038000152e+06 3.660098725718397006e+00 1.113466239595557392e-02
2.458560745105999988e+06 3.680825254469203944e+00 1.113330299082149893e-02
2.458561248699000105e+06 3.665067689831333464e+00 1.113290059601214181e-02
2.458561741766000167e+06 3.683629989249812997e+00 1.113160815837493933e-02
2.458562234833000228e+06 3.646823964237662974e+00 1.113458443079272560e-02
2.458562738427000120e+06 3.670766841388652502e+00 1.113330766324187489e-02
2.458563231494000182e+06 3.690119241003344985e+00 1.113422448339557863e-02
2.458563724560999777e+06 3.679069567669390306e+00 1.113138115578111466e-02
2.458564228155000135e+06 3.659923433989814345e+00 1.113412912776669955e-02
2.458564721222000197e+06 3.667698266397633411e+00 1.113413500725953832e-02
2.458565214288999792e+06 3.689711416490292883e+00 1.113299395143127132e-02
2.458565717881999910e+06 3.688423666687040914e+00 1.113250557802487363e-02
2.458566210950000212e+06 3.696085423261395775e+00 1.113180096702883620e-02
2.458566704016999807e+06 3.666205461152399536e+00 1.113297995631655490e-02
2.458567207609999925e+06 3.678659576171647849e+00 1.113352885749343407e-02
2.458567700676999986e+06 3.676468082771287449e+00 1.113366856808915145e-02
2.458568193744000047e+06 3.674159452096550815e+00 1.113344525532378691e-02
2.458568697337999940e+06 3.673371058656726973e+00 1.113443956373581789e-02
2.458569190405000001e+06 3.694710374030023114e+00 1.113446552748909718e-02
2.458569683472000062e+06 3.690003686148295436e+00 1.113387581886409773e-02
2.458570187065999955e+06 3.690969020189597050e+00 1.113338902041474329e-02
2.458570680133000016e+06 3.681174458063269928e+00 1.113435921847411719e-02
2.458571173200000077e+06 3.679303384931507992e+00 1.113208859254401391e-02
2.458571676793999970e+06 3.660944963483031778e+00 1.113386494476706345e-02
2.458572169861000031e+06 3.688454241287422608e+00 1.113259785915634258e-02
2.458572662928000093e+06 3.662492972082000975e+00 1.113182627133914651e-02
2.458573166521000210e+06 3.685734094090138413e+00 1.113457189291092858e-02
2.458573659587999806e+06 3.660594307365896416e+00 1.113279851031115375e-02
2.458574152656000108e+06 3.693073915666722051e+00 1.113293530510010843e-02
2.458574656249000225e+06 3.685822356997321858e+00 1.113144376656997198e-02
2.458575149315999821e+06 3.667728669198122571e+00 1.113422730189793548e-02
2.458575642382999882e+06 3.683161819696376682e+00 1.113358570826731946e-02
2.458576145976999775e+06 3.682286705786421699e+00 1.113433189583089289e-02
2.458576639043999836e+06 3.672055190783869438e+00 1.113383309415701475e-02
2.458577132110999897e+06 3.676498558267760952e+00 1.113376085886104254e-02
2.458577635704999790e+06 3.687197494434988343e+00 1.113220074433314555e-02
2.458578128771999851e+06 3.670885174838065090e+00 1.113366656446227246e-02
2.458578621838999912e+06 3.668691554907693497e+00 1.113377137139291012e-02
2.458579125432000030e+06 3.661997133387882908e+00 1.113369203710611738e-02
2.458579618499999866e+06 3.680618460192427222e+00 1.113267750518147012e-02
2.458580111566999927e+06 3.689653644995941839e+00 1.113281963706774097e-02
2.458580615160000045e+06 3.677199564414609601e+00 1.113249693181544639e-02
2.458581108227000106e+06 3.672055190783869438e+00 1.113383309415701475e-02
2.458581601294000167e+06 3.669451906393464746e+00 1.113269920141674203e-02
2.458582104888000060e+06 3.667346963429205520e+00 1.113306854693624573e-02
2.458582597955000121e+06 3.687781658620604475e+00 1.113396442338525361e-02
2.458583091022000182e+06 3.681845835699818270e+00 1.113299881281498704e-02
2.458583594616000075e+06 3.666090655149413458e+00 1.113263133075706110e-02
2.458584087683000136e+06 3.672755349703968442e+00 1.113257327415769632e-02
2.458584580750000197e+06 3.674304968092357626e+00 1.113388619818274881e-02
2.458585084344000090e+06 3.659249313269286485e+00 1.113207833427731601e-02
2.458585577411000151e+06 3.679449104654037406e+00 1.113252948167197179e-02
2.458586070478000212e+06 3.677521326957474468e+00 1.113347104824792891e-02
2.458586574070999864e+06 3.676789781307988836e+00 1.113464278704219025e-02
2.458587067137999926e+06 3.681438925546794749e+00 1.113176841630935006e-02
2.458587560206000227e+06 3.665125076366144707e+00 1.113307491164330226e-02
2.458588063798999880e+06 3.687082031073472432e+00 1.113185214317441961e-02
2.458588556865999941e+06 3.681995047357946582e+00 1.113344999227412757e-02
2.458589049933000002e+06 3.667580035680342743e+00 1.113377609093853769e-02
2.458589553526999895e+06 3.689330820943132139e+00 1.113184557763012561e-02
2.458590046593999956e+06 3.672024752119677160e+00 1.113374080278634742e-02
2.458590539661000017e+06 3.673252645073167511e+00 1.113408063759723475e-02
2.458591043254999910e+06 3.678280120627238414e+00 1.113238042851642795e-02
2.458591536321999971e+06 3.696902526482670037e+00 1.113426190323217602e-02
2.458592029389000032e+06 3.666411445639804256e+00 1.113360545894969550e-02
2.458592532982000150e+06 3.675970352087018611e+00 1.113216126043679172e-02
2.458593026049999986e+06 3.668076630305970642e+00 1.113190519381331185e-02
2.458593519117000047e+06 3.666850467587961404e+00 1.113156132051644834e-02
2.458594022710000165e+06 3.683833559790647971e+00 1.113222333077275826e-02
2.458594515777000226e+06 3.669745951213226665e+00 1.113359129991364424e-02
2.458595008843999822e+06 3.709006547600336656e+00 1.113313923368916027e-02
2.458595512438000180e+06 3.675212034900186886e+00 1.113324979844392340e-02
2.458596005504999775e+06 3.675943266636288786e+00 1.113207923594354207e-02
2.458596498571999837e+06 3.679567717991073295e+00 1.113288835780639266e-02
2.458597002166000195e+06 3.667931360975256627e+00 1.113146432940941184e-02
2.458597495232999790e+06 3.675824770135876829e+00 1.113172038589170867e-02
2.458597988299999852e+06 3.688834746405645237e+00 1.113374631056373958e-02
2.458712204272000119e+06 3.675709662907434616e+00 1.113475725348564080e-02
2.458712697339000180e+06 3.663984265676245133e+00 1.113635892746633188e-02
2.458713200931999832e+06 3.680445575534014413e+00 1.113554440078987767e-02
2.458713694000000134e+06 3.676146412381396722e+00 1.113608029034631255e-02
2.458714187067000195e+06 3.681466051491173008e+00 1.113524119405256453e-02
2.458714690659999847e+06 3.680062546298476178e+00 1.113438550875585353e-02
2.458715183726999909e+06 3.677609393192101006e+00 1.113712486681732450e-02
2.458715676793999970e+06 3.677870217104613815e+00 1.113452729184432125e-02
2.458716180387999862e+06 3.658285536365782686e+00 1.113588516685998925e-02
2.458716673454999924e+06 3.667259142944861328e+00 1.113617961831043709e-02
2.458717166521999985e+06 3.678835765266201818e+00 1.113745042988948351e-02
2.458717670115999877e+06 3.675882325101838433e+00 1.113528029578164658e-02
2.458718163182999939e+06 3.680123557135769996e+00 1.113795962200789247e-02
2.458718656250000000e+06 3.690499917884811687e+00 1.113537310260733285e-02
2.458719159843999892e+06 3.673692486197433826e+00 1.113541385015256492e-02
2.458719652910999954e+06 3.691057408458454425e+00 1.113705522309963065e-02
2.458720145978000015e+06 3.674656937582855498e+00 1.113833722094513187e-02
2.458720649571000133e+06 3.672231063561934405e+00 1.113774859796937827e-02
2.458721142638000194e+06 3.662611038809092889e+00 1.113555851423613657e-02
2.458721635706000030e+06 3.687228058871222736e+00 1.113568908548290964e-02
2.458722139299000148e+06 3.671879326428811652e+00 1.113668179152569812e-02
2.458722632366000209e+06 3.679449104654037406e+00 1.113591837953549490e-02
2.458723125432999805e+06 3.684742978898945864e+00 1.113836528960585222e-02
2.458723629027000163e+06 3.684535964518529827e+00 1.113773951955825993e-02
2.458724122094000224e+06 3.673134235306749318e+00 1.113710480468278752e-02
2.458724615160999820e+06 3.654045913415310931e+00 1.113644168307424340e-02
2.458725118755000178e+06 3.660038046862275074e+00 1.113784881984927061e-02
2.458725611821999773e+06 3.681527085596828730e+00 1.113881661418828287e-02
2.458726104888999835e+06 3.673076723368883911e+00 1.113693042595375292e-02
2.458726608481999952e+06 3.670709366518141170e+00 1.113989504050082700e-02
2.458727101549999788e+06 3.684566506892435811e+00 1.113783184407568690e-02
2.458727594616999850e+06 3.704298706723964330e+00 1.113947865462223963e-02
2.458728098209999967e+06 3.678456291547802071e+00 1.113968957984922022e-02
2.458728591277000029e+06 3.659131354909675338e+00 1.113845985330344859e-02
2.458729084344000090e+06 3.678954358831193261e+00 1.114119790684486855e-02
2.458729587937999982e+06 3.679188168771402090e+00 1.113851730996267067e-02
2.458730081005000044e+06 3.667931360975256627e+00 1.114159919829810046e-02
2.458730574072000105e+06 3.669100435456221554e+00 1.114177097778003105e-02
2.458731077665999997e+06 3.688715834339724164e+00 1.114018227244659154e-02
2.458731570733000059e+06 3.678513887717338449e+00 1.113986400178026276e-02
2.458732063800000120e+06 3.676820259471143437e+00 1.114150803910500878e-02
2.458732567394000012e+06 3.678425799823144882e+00 1.114298519529749280e-02
2.458733060461000074e+06 3.684800673503554780e+00 1.114193351764213892e-02
2.458733553528000135e+06 3.683602847360999633e+00 1.114170430876289426e-02
2.458734057120999787e+06 3.660944963483031778e+00 1.114398050952608750e-02
2.458734550187999848e+06 3.666617441700387836e+00 1.114436223512208814e-02
2.458735043256000150e+06 3.676437607527433649e+00 1.114373465059878554e-02
2.458735546848999802e+06 3.693628393111979324e+00 1.114481267439216064e-02
2.458736039915999863e+06 3.685560969142061438e+00 1.114423246518600648e-02
2.458736532982999925e+06 3.675300045833812312e+00 1.114367163760578150e-02
2.458737036576999817e+06 3.687781658620604475e+00 1.114415414067328192e-02
2.458737529643999878e+06 3.683864096342082117e+00 1.114588746644918499e-02
2.458738022710999940e+06 3.686379140973971236e+00 1.114670641614425028e-02
2.458738526304999832e+06 3.678486783525226844e+00 1.114655794359737870e-02
2.458739019371999893e+06 3.688250415405347926e+00 1.114557068274308130e-02
2.458739512438999955e+06 3.683077012737741907e+00 1.114689830809531372e-02
2.458740016032000072e+06 3.701345278753465085e+00 1.114764250144915925e-02
2.458740509099999908e+06 3.692897044669797513e+00 1.114940853899618403e-02
2.458741002166999970e+06 3.675327126545086642e+00 1.115052395027805142e-02
2.458741505760000087e+06 3.666529638685595227e+00 1.115084936274819694e-02
2.458741998827000149e+06 3.693539943276796578e+00 1.115134954605158726e-02
2.458742491894000210e+06 3.694271419039844240e+00 1.115015543107035316e-02
2.458742995488000102e+06 3.681788187360452991e+00 1.115317081180520684e-02
2.458743488555000164e+06 3.665067689831333464e+00 1.115315450855794942e-02
2.458743981622000225e+06 3.685883463325065446e+00 1.115199725675554941e-02
2.458744485216000117e+06 3.701082790057527383e+00 1.115366958935110411e-02
2.458744978283000179e+06 3.697018297379360163e+00 1.115504105798227445e-02
2.458745471349999774e+06 3.692284864319382631e+00 1.115776243505726267e-02
2.458745974944000132e+06 3.699767218162354876e+00 1.115652017421854721e-02
2.458746468011000194e+06 3.670678939009852648e+00 1.115670680009329951e-02
2.458746961077999789e+06 3.680357441382468675e+00 1.115900588368987957e-02
2.458747464670999907e+06 3.694213576147453271e+00 1.116018833733463736e-02
2.458747957737999968e+06 3.686993738001391296e+00 1.116214819373216767e-02
2.458748450805999804e+06 3.683077012737741907e+00 1.116385950454707073e-02
2.458748954398999922e+06 3.695615670689306853e+00 1.116442405322688042e-02
2.458749447465999983e+06 3.688746411361995214e+00 1.116745430520846988e-02
2.458749940533000045e+06 3.687520131817341618e+00 1.116713815039116486e-02
2.458750444126999937e+06 3.703684636292838395e+00 1.116833301319637185e-02
2.458750937193999998e+06 3.676119325633424584e+00 1.116985654721381130e-02
2.458751430261000060e+06 3.703537956754071381e+00 1.117130179063301372e-02
2.458751933854999952e+06 3.694945185318063263e+00 1.117601120364929493e-02
2.458752426922000013e+06 3.697164718705388431e+00 1.117591414343064270e-02
2.458752919989000075e+06 3.718827210391042026e+00 1.117974325763633481e-02
2.458753423582000192e+06 3.706578480477110915e+00 1.118047318525844554e-02
2.458753916650000028e+06 3.714182162928153286e+00 1.118288350098534806e-02
2.458754409717000090e+06 3.702777363019031931e+00 1.118605946589761556e-02
2.458754913310000207e+06 3.719502029398549237e+00 1.118862351165848812e-02
2.458755406376999803e+06 3.694302042114249840e+00 1.119107879360121439e-02
2.458755899443999864e+06 3.699388992615907590e+00 1.119626680630395055e-02
2.458756403038000222e+06 3.695673535535275001e+00 1.119863727360890203e-02
2.458756896104999818e+06 3.719560268249984869e+00 1.120250206622427740e-02
2.458757389171999879e+06 3.705906006153486754e+00 1.120575086736859578e-02
2.458757892765999772e+06 3.707896474336882520e+00 1.120835445612189049e-02
2.458758385832999833e+06 3.727218044622519599e+00 1.121183403518257078e-02
2.458758878899999894e+06 3.731662858521100912e+00 1.121833049025592471e-02
2.458759382493999787e+06 3.726692848741693709e+00 1.122398383878162043e-02
2.458759875560999848e+06 3.716197612703762587e+00 1.122660192802884919e-02
2.458760368627999909e+06 3.740082653978690885e+00 1.123330831299074010e-02
2.458760872221000027e+06 3.741340196696158138e+00 1.124053123414229562e-02
2.458761365288000088e+06 3.738064578983610442e+00 1.124446146444953165e-02
2.458761858355999924e+06 3.746950881525017873e+00 1.125393697944804261e-02
2.458762361949000042e+06 3.759668900705698924e+00 1.126097040101801949e-02
2.458762855016000103e+06 3.749847447678779755e+00 1.126954426697194742e-02
2.458763348083000164e+06 3.773966145569457975e+00 1.127598593707635627e-02
2.458763851677000057e+06 3.767912423005818745e+00 1.128566142117789356e-02
2.458764344744000118e+06 3.767766670050134437e+00 1.129563558557510755e-02
2.458764837811000179e+06 3.776156630327412334e+00 1.130687652432960794e-02
2.458765341405000072e+06 3.782704359832947727e+00 1.131951427173334863e-02
2.458765834472000133e+06 3.805421784408926200e+00 1.133141602451655933e-02
2.458766327539000195e+06 3.796298907909629872e+00 1.134271253301561214e-02
2.458766831131999847e+06 3.802818517474050086e+00 1.135868952156355270e-02
2.458767324200000148e+06 3.819073353403208415e+00 1.137558383959149169e-02
2.458767817267000210e+06 3.831146858359772089e+00 1.139390318885014595e-02
2.458768320859999862e+06 3.828339108866809060e+00 1.141376113377605590e-02
2.458768813926999923e+06 3.863392211944165044e+00 1.143286842842445097e-02
2.458769306993999984e+06 3.863392211944165044e+00 1.145777663850816412e-02
2.458769810587999877e+06 3.900871102112126287e+00 1.148270085101167105e-02
2.458770303654999938e+06 3.921158521775866213e+00 1.151352723860419279e-02
2.458770796721999999e+06 3.923994590471860722e+00 1.154353945925489650e-02
2.458771300315999892e+06 3.970799879242651542e+00 1.158248491894303157e-02
2.458771793382999953e+06 3.989128258722709486e+00 1.162125074861141555e-02
2.458772286450000014e+06 4.006640715370525463e+00 1.166488806929637766e-02
2.458772790043999907e+06 4.036985597426298256e+00 1.171977000244028844e-02
2.458773283110999968e+06 4.068470768627812539e+00 1.177744977993603302e-02
2.458773776178000029e+06 4.111561587640090387e+00 1.184159930212025716e-02
2.458774279771000147e+06 4.151233859307088991e+00 1.192144750870028497e-02
2.458774772838000208e+06 4.218324642332565766e+00 1.200921679898722498e-02
2.458775265906000044e+06 4.297928635315455104e+00 1.211708654003241376e-02
2.458775769499000162e+06 4.385718976835260463e+00 1.224745005231432649e-02
2.458776262566000223e+06 4.481811637862119113e+00 1.240021480460537333e-02
2.458776755632999819e+06 4.585830516505653875e+00 1.259086756966782197e-02
2.458777259227000177e+06 4.757491269681294987e+00 1.283432556437662589e-02
2.458777752293999773e+06 4.963065421929427679e+00 1.314663367668467836e-02
2.458778245360999834e+06 5.254212097151712335e+00 1.356458082891057529e-02
2.458778748955000192e+06 5.642500419005477497e+00 1.417723851851841049e-02
2.458779242021999788e+06 6.307754760077481038e+00 1.508186913672000112e-02
2.458779735088999849e+06 7.417808204815671935e+00 1.658822671875868557e-02
2.458780238681999967e+06 9.719913498978717925e+00 1.951616915316367606e-02
2.458780731749999803e+06 1.370509341275559123e+01 2.428637786101635679e-02
2.458781224816999864e+06 1.218108573693422869e+01 2.252814270406762812e-02
2.458781728409999982e+06 8.526751376798598514e+00 1.803147124995326325e-02
2.458782221477000043e+06 6.888115170712418411e+00 1.586047131090855336e-02
2.458782714544000104e+06 6.020325876713231494e+00 1.465523690047504726e-02
2.458783218137999997e+06 5.486679601424930830e+00 1.388679448897489621e-02
2.458783711205000058e+06 5.122509824374103182e+00 1.337554673820215249e-02
2.459622427943999879e+06 3.649192721750009305e+00 1.113173369504470885e-02
2.459622921010999940e+06 3.676119325633424584e+00 1.113261240595302126e-02
2.459623424604999833e+06 3.672961702194610822e+00 1.113319875394157971e-02
2.459623917671999894e+06 3.673046276236930474e+00 1.113345510826784478e-02
2.459624410738999955e+06 3.661703709455716993e+00 1.113279993053747224e-02
2.459624914332000073e+06 3.676437607527433649e+00 1.113357627808228729e-02
2.459625407399999909e+06 3.676908308917186563e+00 1.113161517359845601e-02
2.459625900466999970e+06 3.669276166716525900e+00 1.113216602725040395e-02
2.459626404060000088e+06 3.670854745872453417e+00 1.113357427447201481e-02
2.459626897127000149e+06 3.660536991771401460e+00 1.113262419900773459e-02
2.459627390194000211e+06 3.656618060784693203e+00 1.113417721171711811e-02
2.459627893788000103e+06 3.675943266636288786e+00 1.113207923594354207e-02
2.459628386855000164e+06 3.681700021057908945e+00 1.113255790509975161e-02
2.459628879922000226e+06 3.679859184145778617e+00 1.113377021687493237e-02
2.459629383516000118e+06 3.676877830024178451e+00 1.113152290061273503e-02
2.459629876583000179e+06 3.681377892902699678e+00 1.113158386856222259e-02
2.459630369649999775e+06 3.670242839106339527e+00 1.113171838261542770e-02
2.459630873244000133e+06 3.650187722464111051e+00 1.113140696249604461e-02
2.459631366311000194e+06 3.677900704223868722e+00 1.113461958973450266e-02
2.459631859377999790e+06 3.668546261223714744e+00 1.113333043308154663e-02
2.459632362970999908e+06 3.680150673388119742e+00 1.113465214579734824e-02
2.459632856037999969e+06 3.680035430695457244e+00 1.113430346787380038e-02
2.459633349105999805e+06 3.676000823457632904e+00 1.113225353871409584e-02
2.459633852698999923e+06 3.683952314468096567e+00 1.113258219703787931e-02
2.459634345765999984e+06 3.668924712612147143e+00 1.113447896006206084e-02
2.459634838833000045e+06 3.673631581977490512e+00 1.113184570224257097e-02
2.459635342426999938e+06 3.651415039454790179e+00 1.113178664175411454e-02
2.459635835493999999e+06 3.666995694109613790e+00 1.113200218876167144e-02
2.459636328561000060e+06 3.648110630330447801e+00 1.113179284739540011e-02
2.459636832154999953e+06 3.671497188695071578e+00 1.113214120724353301e-02
2.459637325222000014e+06 3.664659258687577026e+00 1.113165995771878310e-02
2.459637818289000075e+06 3.670912223019259013e+00 1.113374860065143197e-02
2.459638321882000193e+06 3.674917552100898543e+00 1.113235772731042267e-02
2.459638814950000029e+06 3.688423666687040914e+00 1.113250557802487363e-02
2.459639308017000090e+06 3.656119650040546620e+00 1.113265958164000834e-02
2.459639811610000208e+06 3.681232096793045194e+00 1.113453355694395130e-02
2.459640304676999804e+06 3.669306582596769228e+00 1.113225830556725804e-02
2.459640797743999865e+06 3.643785472415598470e+00 1.113201932387899822e-02
2.459641301338000223e+06 3.669597235945757152e+00 1.113314011472805488e-02
2.459641794404999819e+06 3.665155457836573927e+00 1.113316719749417143e-02
2.459642287471999880e+06 3.660857296304808273e+00 1.113359832657635773e-02
2.459642791065999772e+06 3.664628881330266541e+00 1.113156768436180007e-02
2.459643284132999834e+06 3.680269309341424044e+00 1.113162143705951831e-02
2.459643777199999895e+06 3.661177628865510680e+00 1.113457253938312033e-02
2.459644280793999787e+06 3.676586600009982497e+00 1.113402748094396988e-02
2.459644773860999849e+06 3.665827290256091775e+00 1.113183158395901311e-02
2.459645266927999910e+06 3.660098725718397006e+00 1.113466239595557392e-02
2.459645770521000028e+06 3.686114318594894801e+00 1.113232551120945692e-02
2.459646263588000089e+06 3.679011962799318525e+00 1.113459536191085258e-02
2.459646756655999925e+06 3.673837983698940324e+00 1.113247114114807555e-02
2.459647260249000043e+06 3.680357441382468675e+00 1.113188800790934629e-02
2.459647753316000104e+06 3.668867266584698417e+00 1.113430462244707243e-02
2.459648246383000165e+06 3.680971034465754688e+00 1.113374392804600613e-02
2.459648749977000058e+06 3.674714474263244046e+00 1.113174254748578763e-02
2.459649243044000119e+06 3.688423666687040914e+00 1.113250557802487363e-02
2.459649736111000180e+06 3.672873747256361288e+00 1.113293215170384209e-02
2.459650239705000073e+06 3.682724236747586311e+00 1.113226296777875858e-02
2.459650732772000134e+06 3.678893367377424450e+00 1.113423643075001079e-02
2.459651225839000195e+06 3.673895507556392381e+00 1.113264545005496209e-02
2.459651729431999847e+06 3.684067679820509866e+00 1.113293082105871329e-02
2.459652222500000149e+06 3.675300045833812312e+00 1.113351640828839917e-02
2.459652715567000210e+06 3.677169083107305170e+00 1.113240465152058947e-02
2.459653219159999862e+06 3.686260308066140023e+00 1.113276640972063990e-02
2.459653712226999924e+06 3.669276166716525900e+00 1.113216602725040395e-02
2.459654205293999985e+06 3.675472688786929343e+00 1.113403939229714451e-02
2.459654708887999877e+06 3.680971034465754688e+00 1.113374392804600613e-02
2.459655201954999939e+06 3.662435626759247054e+00 1.113165197525851566e-02
2.459655695022000000e+06 3.665915076451613963e+00 1.113209815984122705e-02
2.459656198615999892e+06 3.677931191595829485e+00 1.113132438857579974e-02
2.459656691682999954e+06 3.670709366518141170e+00 1.113313334396637960e-02
2.459657184750000015e+06 3.684390043337633092e+00 1.113390497545740238e-02
2.459657688343999907e+06 3.685822356997321858e+00 1.113144376656997198e-02
2.459658181410999969e+06 3.685998889152669378e+00 1.113197690614369829e-02
2.459658674478000030e+06 3.697018297379360163e+00 1.113461057985410362e-02
2.459659178071000148e+06 3.674656937582855498e+00 1.113156825271605435e-02
2.459659671138000209e+06 3.680326933898651287e+00 1.113179573266199172e-02
2.459660164206000045e+06 3.669073400624721426e+00 1.113155085801917007e-02
2.459660667799000163e+06 3.683748737364805237e+00 1.113196700480889069e-02
2.459661160866000224e+06 3.674860012240829032e+00 1.113218342290854534e-02
2.459661653932999820e+06 3.665796903216648861e+00 1.113173930917937121e-02
2.459662157527000178e+06 3.669833831249595502e+00 1.113385791793607832e-02
2.459662650593999773e+06 3.673076723368883911e+00 1.113354739727029363e-02
2.459663143660999835e+06 3.686202590607367657e+00 1.113259209891983431e-02
2.459663647255000193e+06 3.670678939009852648e+00 1.113304105839613145e-02
2.459664140321999788e+06 3.687109198597953164e+00 1.113193416599437928e-02
2.459664633388999850e+06 3.668897679075429075e+00 1.113439691849146818e-02
2.459665136981999967e+06 3.667728669198122571e+00 1.113422730189793548e-02
2.459665630049999803e+06 3.666732264200034841e+00 1.113457967238058732e-02
2.459666123116999865e+06 3.672143126120006595e+00 1.113409971796977364e-02
2.459666626709999982e+06 3.679360994364579529e+00 1.113226289546106855e-02
2.459667119777000044e+06 3.651707638923197052e+00 1.113267866712471833e-02
2.459667612844000105e+06 3.666033253496094879e+00 1.113245702207124946e-02
2.459668116437999997e+06 3.675151105488454917e+00 1.113306522613776925e-02
2.459668609505000059e+06 3.660098725718397006e+00 1.113466239595557392e-02
2.459669102572000120e+06 3.661821750739577830e+00 1.113315881539027330e-02
2.459669606166000012e+06 3.697372442627996136e+00 1.113227178202415291e-02
2.459670099233000074e+06 3.690969020189597050e+00 1.113338902041474329e-02
2.459670592300000135e+06 3.684973762737627556e+00 1.113227493824983649e-02
2.459671095894000027e+06 3.680299816347570641e+00 1.113171371086207374e-02
2.459671588961000089e+06 3.663839158418227715e+00 1.113254336610647321e-02
2.459672082028000150e+06 3.693101127341203771e+00 1.113301733590113529e-02
2.459672585620999802e+06 3.676322481108180273e+00 1.113322763384914232e-02
2.459673078687999863e+06 3.667553012051533390e+00 1.113369405454685615e-02
2.459673571756000165e+06 3.663926897003615402e+00 1.113280995903385799e-02
2.459674075348999817e+06 3.675124026074136019e+00 1.113298319498388228e-02
2.459674568415999878e+06 3.666529638685595227e+00 1.113396436977008228e-02
2.459675061482999939e+06 3.668634112530901437e+00 1.113359704485696045e-02
2.459675565076999832e+06 3.682459676929779491e+00 1.113146324744315740e-02
2.459676058143999893e+06 3.679127173441421039e+00 1.113155544762133541e-02
2.459676551210999954e+06 3.661616024108108380e+00 1.113253333785023738e-02
2.459677054804999847e+06 3.685326754214663936e+00 1.113334132255166392e-02
2.459677547871999908e+06 3.662172524436126508e+00 1.113422528436057435e-02
2.459678040938999970e+06 3.683806416401889106e+00 1.113214130582219734e-02
2.459678544532000087e+06 3.662492972082000975e+00 1.113182627133914651e-02
2.459679037599999923e+06 3.666938278285687858e+00 1.113182788992662237e-02
2.459679530666999985e+06 3.666354038963722584e+00 1.113343113501151331e-02
2.459680034260000102e+06 3.671645980960632105e+00 1.113259235194707930e-02
2.459680527327000163e+06 3.661032632760648386e+00 1.113413156934255424e-02
2.459681020394000225e+06 3.679594830147845830e+00 1.113297038826149658e-02
2.459681523988000117e+06 3.674101924106398798e+00 1.113327093389398711e-02
2.459682017055000179e+06 3.684478274058590408e+00 1.113417160099148054e-02
2.459682510121999774e+06 3.656880764057174105e+00 1.113160901537898866e-02
2.459683013716000132e+06 3.662378282334374902e+00 1.113147768190691882e-02
2.459683506783000194e+06 3.669539779388304002e+00 1.113296579807598018e-02
2.459683999849999789e+06 3.678046368392881238e+00 1.113167297320754971e-02
2.459684503444000147e+06 3.675269580272122916e+00 1.113342411954279521e-02
2.459684996511000209e+06 3.683077012737741907e+00 1.113332935093390777e-02
2.459685489577999804e+06 3.669276166716525900e+00 1.113216602725040395e-02
2.459685993170999922e+06 3.675151105488454917e+00 1.113306522613776925e-02
2.459686486237999983e+06 3.665270234553250184e+00 1.113351583983467757e-02
2.459686979305999819e+06 3.689826962192728210e+00 1.113334258834649919e-02
2.459687482898999937e+06 3.694097893079674400e+00 1.113261974058362379e-02
2.459687975965999998e+06 3.684800673503554780e+00 1.113175203712038312e-02
2.459688469033000059e+06 3.680472694159103497e+00 1.113223661019119987e-02
2.459688972626999952e+06 3.667843526496579187e+00 1.113457597743629755e-02
2.459689465694000013e+06 3.661032632760648386e+00 1.113413156934255424e-02
2.459689958761000074e+06 3.674948014744507496e+00 1.113245000721634591e-02
2.459690462354999967e+06 3.676556123783695451e+00 1.113393518796194394e-02
2.459690955422000028e+06 3.678690069834156695e+00 1.113362114710721336e-02
2.459691448489000089e+06 3.663984265676245133e+00 1.113298427324588800e-02
2.459691952082000207e+06 3.674335425658036947e+00 1.113397849075864997e-02
2.459692445150000043e+06 3.678486783525226844e+00 1.113300589746534473e-02
2.459692938217000104e+06 3.685238503175480851e+00 1.113307471689989336e-02
2.459693441810000222e+06 3.669891292411225692e+00 1.113403224855670330e-02
2.459693934876999818e+06 3.656355376384297973e+00 1.113337735386591906e-02
2.459807647255999967e+06 3.686202590607367657e+00 1.113259209891983431e-02
2.459808150849000085e+06 3.674159452096550815e+00 1.113344525532378691e-02
2.459808643916000146e+06 3.678808658702406031e+00 1.113398005843333621e-02
2.459809136983000208e+06 3.666354038963722584e+00 1.113343113501151331e-02
2.459809640577000100e+06 3.708333632759182041e+00 1.113453488040223351e-02
2.459810133644000161e+06 3.672376503183435670e+00 1.113142494374962099e-02
2.459810626711000223e+06 3.676264919250496366e+00 1.113305331582674015e-02
2.459811130305000115e+06 3.682812427577187187e+00 1.113252955399139481e-02
2.459811623372000176e+06 3.675560705962478192e+00 1.113430602105016168e-02
2.459812116438999772e+06 3.672931256016087165e+00 1.113310646782909343e-02
2.459812620031999890e+06 3.680238802588168934e+00 1.113152916402187879e-02
2.459813113100000191e+06 3.663518592988566525e+00 1.113156933084098396e-02
2.459813606166999787e+06 3.669130849879767453e+00 1.113172515251657432e-02
2.459814109759999905e+06 3.655654976903202957e+00 1.113461166316363771e-02
2.459814602826999966e+06 3.661909441013757149e+00 1.113342542305592597e-02
2.459815095894000027e+06 3.665884688684499348e+00 1.113200588285190307e-02
2.459815599487999920e+06 3.685998889152669378e+00 1.113197690614369829e-02
2.459816092554999981e+06 3.664335246524687673e+00 1.113405072549638469e-02
2.459816585622000042e+06 3.673662033961254902e+00 1.113193797790414108e-02
2.459817089215999935e+06 3.661295653190263621e+00 1.113155930346216953e-02
2.459817582282999996e+06 3.657786898338453607e+00 1.113436730398215634e-02
2.459818075350000057e+06 3.659630176216443598e+00 1.113323698617539777e-02
2.459818578943999950e+06 3.669570197453710048e+00 1.113305808302236799e-02
2.459819072011000011e+06 3.666293256404057122e+00 1.113324655969907817e-02
2.459819565078000072e+06 3.658285536365782686e+00 1.113251576136320767e-02
2.459820068671000190e+06 3.675679193950317281e+00 1.113466495445432879e-02
2.459820561737999786e+06 3.674832934971368648e+00 1.113210139825203393e-02
2.459821054806000087e+06 3.658693257149717049e+00 1.113375649503701992e-02
2.459821558399000205e+06 3.667346963429205520e+00 1.113306854693624573e-02
2.459822051465999801e+06 3.671497188695071578e+00 1.113214120724353301e-02
2.459822544532999862e+06 3.694945185318063263e+00 1.113176998999294842e-02
2.459823048127000220e+06 3.664045009955730237e+00 1.113316884420994385e-02
2.459823541193999816e+06 3.677843117655224869e+00 1.113444524991760720e-02
2.459824034260999877e+06 3.689038604579949254e+00 1.113436160112351442e-02
2.459824537854999769e+06 3.658197932871779745e+00 1.113224917548082116e-02
2.459825030921999831e+06 3.679743950581005230e+00 1.113342156656869572e-02
2.459825523988999892e+06 3.666090655149413458e+00 1.113263133075706110e-02
2.459826027582000010e+06 3.685123101159124115e+00 1.113272608837301107e-02
2.459826520649999846e+06 3.679713448182592384e+00 1.113332927860929272e-02
2.459827013716999907e+06 3.650655063030507463e+00 1.113283213797472589e-02
2.459827517310000025e+06 3.670503140567103362e+00 1.113250786785736392e-02
2.459828010377000086e+06 3.679977810702428354e+00 1.113412913300657232e-02
2.459828503444000147e+06 3.658635971320820524e+00 1.113358216873395860e-02
2.459829007038000040e+06 3.653840623642018670e+00 1.113245070951687614e-02
2.459829500105000101e+06 3.652380370288009992e+00 1.113136560457185335e-02
2.459829993172000162e+06 3.650507121415105694e+00 1.113238098355393002e-02
2.459830496766000055e+06 3.665506550876018288e+00 1.113423366726741352e-02
2.459830989833000116e+06 3.664804398425858256e+00 1.113210082987055663e-02
2.459831482900000177e+06 3.675357592583797572e+00 1.113369073356176853e-02
2.459831986494000070e+06 3.702719386945196423e+00 1.113131903129403223e-02
2.459832479561000131e+06 3.669745951213226665e+00 1.113359129991364424e-02
2.459832972628000192e+06 3.694536827451420979e+00 1.113394252346408889e-02
2.459833476220999844e+06 3.663694056906990237e+00 1.113210247642859932e-02
2.459833969287999906e+06 3.676410518633851598e+00 1.113349424316284128e-02
2.459834462356000207e+06 3.661440659712126067e+00 1.113200017162753810e-02
2.459834965948999859e+06 3.666266242256541741e+00 1.113316452720907596e-02
2.459835459015999921e+06 3.668603702224957352e+00 1.113350475544296753e-02
2.459835952082999982e+06 3.684244127935739854e+00 1.113346403185479054e-02
2.459836455676999874e+06 3.677402779587227943e+00 1.113311215333009051e-02
2.459836948743999936e+06 3.677521326957474468e+00 1.113347104824792891e-02
2.459837441810999997e+06 3.694826076278038940e+00 1.113141114990987002e-02
2.459837945404999889e+06 3.688542569334438248e+00 1.113286445338871992e-02
2.459838438471999951e+06 3.675005555982493899e+00 1.113262431579232180e-02
2.459838931539000012e+06 3.673283093915782338e+00 1.113417293178490738e-02
2.459839435132000130e+06 3.681466051491173008e+00 1.113185043851235186e-02
2.459839928199999966e+06 3.680238802588168934e+00 1.113152916402187879e-02
2.459840421267000027e+06 3.665915076451613963e+00 1.113209815984122705e-02
2.459840924860000145e+06 3.671148903106192574e+00 1.113446644309129541e-02
2.459841417927000206e+06 3.676146412381396722e+00 1.113269443437478814e-02
2.459841910993999802e+06 3.677141988824031316e+00 1.113232262523397402e-02
2.459842414588000160e+06 3.668955125579067555e+00 1.113457125755160093e-02
2.459842907655000221e+06 3.685238503175480851e+00 1.113307471689989336e-02
2.459843400721999817e+06 3.678019267645554979e+00 1.113159095231212002e-02
2.459843904316000175e+06 3.685795198954605834e+00 1.113136174736339447e-02
2.459844397382999770e+06 3.671030561155309790e+00 1.113410751608623871e-02
2.459844890449999832e+06 3.652380370288009992e+00 1.113136560457185335e-02
2.459845394044000190e+06 3.659775116776677883e+00 1.113367792078581026e-02
2.459845887110999785e+06 3.657143486203119576e+00 1.113240874618703045e-02
2.459846380177999847e+06 3.656648371737571956e+00 1.113426950670532746e-02
2.459846883770999964e+06 3.664571502564606398e+00 1.113139339232998085e-02
2.459847376838000026e+06 3.661821750739577830e+00 1.113315881539027330e-02
2.459847869905999862e+06 3.680530321900870039e+00 1.113241091542586936e-02
2.459848373498999979e+06 3.677988779543508002e+00 1.113149867952717767e-02
2.459848866566000041e+06 3.667931360975256627e+00 1.113146432940941184e-02
2.459849359633000102e+06 3.675943266636288786e+00 1.113207923594354207e-02
2.459849863226999994e+06 3.676732212133572819e+00 1.113446844686209053e-02
2.459850356294000056e+06 3.665769892726385315e+00 1.113165728779516236e-02
2.459850849361000117e+06 3.684681891478683191e+00 1.113139319761602408e-02
2.459851352955000009e+06 3.659249313269286485e+00 1.113207833427731601e-02
2.459851846022000071e+06 3.693131740714650224e+00 1.113310962127473866e-02
2.459852339089000132e+06 3.672112686726882735e+00 1.113400742438895238e-02
2.459852842681999784e+06 3.697399685975299555e+00 1.113235380793610278e-02
2.459853335750000086e+06 3.666090655149413458e+00 1.113263133075706110e-02
2.459853828817000147e+06 3.664132753470692005e+00 1.113343545211579501e-02
2.459854332409999799e+06 3.676586600009982497e+00 1.113402748094396988e-02
2.459854825476999860e+06 3.659862758039762465e+00 1.113394454088256942e-02
2.459855318543999922e+06 3.671382216983400948e+00 1.113179260794919245e-02
2.459855822137999814e+06 3.671967257553495401e+00 1.113356647672902183e-02
2.459856315204999875e+06 3.689857548425504508e+00 1.113343487641623060e-02
2.459856808271999937e+06 3.669249130590195751e+00 1.113208400272203136e-02
2.459857311865999829e+06 3.666499245824207609e+00 1.113387207731123679e-02
2.459857804932999890e+06 3.673543610997910935e+00 1.113157913240585793e-02
2.459858297999999952e+06 3.685530418524799234e+00 1.113395659073035913e-02
2.459858801593999844e+06 3.685910622018141236e+00 1.113171033316506103e-02
2.459859294660999905e+06 3.682374886138405579e+00 1.113459853158854304e-02
2.459859787727999967e+06 3.674890474407470187e+00 1.113227570136959832e-02
2.459860291321000084e+06 3.671439702389191595e+00 1.113196690623180669e-02
2.459860784388000146e+06 3.684478274058590408e+00 1.113417160099148054e-02
2.459861277455999982e+06 3.685883463325065446e+00 1.113162831199435154e-02
2.459861781049000099e+06 3.670181992076297028e+00 1.113153383569781205e-02
2.459862274116000161e+06 3.663926897003615402e+00 1.113280995903385799e-02
2.459862767183000222e+06 3.678164936510313510e+00 1.113203182173095294e-02
2.459863270777000114e+06 3.698629250951554148e+00 1.113264929283843893e-02
2.459863763844000176e+06 3.675239114962982168e+00 1.113333183156223032e-02
2.459864256910999771e+06 3.683806416401889106e+00 1.113214130582219734e-02
2.459864760505000129e+06 3.668076630305970642e+00 1.113190519381331185e-02
2.459865253572000191e+06 3.666674852500750870e+00 1.113440533318870058e-02
2.459865746638999786e+06 3.666468853214754464e+00 1.113377978561742865e-02
2.459866250231999904e+06 3.662641399439820589e+00 1.113227740327953595e-02
2.459866743300000206e+06 3.670739794278666146e+00 1.113322563030165122e-02
2.459867236366999801e+06 3.690557702629851722e+00 1.113214832769190456e-02
2.459867739959999919e+06 3.673107170753223905e+00 1.113363968703775554e-02
2.459868233026999980e+06 3.668137442431758544e+00 1.113208974688761552e-02
2.459868726094000041e+06 3.675066482981208971e+00 1.113280888078876929e-02
2.459869229687999934e+06 3.668779409694264970e+00 1.113403799372758400e-02
2.459869722754999995e+06 3.679713448182592384e+00 1.113332927860929272e-02
2.459870215822000057e+06 3.668428003170741469e+00 1.113297154269653720e-02
2.459870719415999949e+06 3.676000823457632904e+00 1.113225353871409584e-02
2.459871212483000010e+06 3.678866260389202392e+00 1.113415439096639842e-02
2.459871705550000072e+06 3.688016029565444054e+00 1.113467202432351019e-02
2.459872209143999964e+06 3.692723583266237064e+00 1.113187921252277619e-02
2.459872702211000025e+06 3.668019197557333300e+00 1.113173089649695593e-02
2.459873195278000087e+06 3.696493952294630958e+00 1.113303136713231049e-02
2.459873698871000204e+06 3.670651892547552197e+00 1.113295902742031558e-02
2.459874191937999800e+06 3.687958284616539295e+00 1.113449768368562735e-02
2.459874685006000102e+06 3.686144874052303511e+00 1.113241779084828999e-02
2.459875188599000219e+06 3.670181992076297028e+00 1.113153383569781205e-02
2.459875681665999815e+06 3.672724905235968951e+00 1.113248099323002095e-02
2.459876174732999876e+06 3.672346061855785493e+00 1.113133267234072896e-02
2.459876678326999769e+06 3.690265389090535475e+00 1.113466545711602404e-02
2.459877171393999830e+06 3.690034273846009238e+00 1.113396811135399650e-02
2.459877664460999891e+06 3.678601977721000615e+00 1.113335453475463449e-02
2.459878168054999784e+06 3.675970352087018611e+00 1.113216126043679172e-02
2.459878661121999845e+06 3.684742978898945864e+00 1.113157774220206904e-02
2.459879154188999906e+06 3.674186524403600274e+00 1.113352728988227687e-02
2.459987411249999888e+06 3.673107170753223905e+00 1.113363968703775554e-02
2.459987904316999950e+06 3.680591340493298169e+00 1.113259547688440557e-02
2.459988407910000067e+06 3.689215290777207112e+00 1.113149698759332770e-02
2.459988900977000128e+06 3.673807530256680831e+00 1.113237886106696953e-02
2.459989394044000190e+06 3.691992413978859577e+00 1.113307552091766933e-02
2.459989897638000082e+06 3.676322481108180273e+00 1.113322763384914232e-02
2.459990390705000143e+06 3.675560705962478192e+00 1.113430602105016168e-02
2.459990883772000205e+06 3.666617441700387836e+00 1.113423099672652267e-02
2.459991387366000097e+06 3.685618676554517137e+00 1.113422321750047635e-02
2.459991880433000159e+06 3.668019197557333300e+00 1.113173089649695593e-02
2.459992373500000220e+06 3.687374092452428087e+00 1.113273392016225598e-02
2.459992877094000112e+06 3.649048200291565625e+00 1.113465373502866944e-02
2.459993370161000174e+06 3.677314718300294327e+00 1.113284555316618185e-02
2.459993863227999769e+06 3.680852375891882300e+00 1.113338502433174233e-02
2.459994366820999887e+06 3.668488821121850929e+00 1.113315611344956740e-02
2.459994859887999948e+06 3.686233146796505267e+00 1.113268438076853856e-02
2.459995352955999784e+06 3.672552391350731416e+00 1.113195808242182713e-02
2.459995856548999902e+06 3.658666299000858046e+00 1.113367445878968645e-02
2.459996349615999963e+06 3.667816500926293521e+00 1.113449393515082188e-02
2.459996842683000024e+06 3.655712216056579589e+00 1.113141897020502799e-02
2.459997346276999917e+06 3.687985458597507371e+00 1.113457972599868860e-02
2.459997839343999978e+06 3.672143126120006595e+00 1.113409971796977364e-02
2.459998332411000039e+06 3.661383330865906949e+00 1.113182587282407314e-02
2.459998836004999932e+06 3.665506550876018288e+00 1.113423366726741352e-02
2.459999329071999993e+06 3.671760960932242579e+00 1.113294097628592105e-02
2.459999822139000054e+06 3.681934005494199358e+00 1.113326541664903455e-02
2.460000325732000172e+06 3.668661144125594298e+00 1.113367908053387867e-02
2.460000818800000008e+06 3.676965880848873880e+00 1.113178946910285683e-02
2.460001311867000069e+06 3.676088853280501390e+00 1.113252012470093352e-02
2.460001815460000187e+06 3.660651623857821502e+00 1.113297282434388968e-02
2.460002308526999783e+06 3.698775736079809917e+00 1.113309020417310898e-02
2.460002801593999844e+06 3.677141988824031316e+00 1.113232262523397402e-02
2.460003305188000202e+06 3.669570197453710048e+00 1.113305808302236799e-02
2.460003798254999798e+06 3.680357441382468675e+00 1.113188800790934629e-02
2.460004291321999859e+06 3.696347557533419703e+00 1.113259045812783725e-02
2.460004794916000217e+06 3.660506648584693767e+00 1.113253191765792641e-02
2.460005287982999813e+06 3.669073400624721426e+00 1.113155085801917007e-02
2.460005781049999874e+06 3.674978477640619356e+00 1.113254228788716771e-02
2.460006284644000232e+06 3.671060991578313892e+00 1.113419981049671575e-02
2.460006777710999828e+06 3.679188168771402090e+00 1.113173999489728422e-02
2.460007270777999889e+06 3.688950264654577094e+00 1.113409497103954454e-02
2.460007774371000007e+06 3.684916065422882081e+00 1.113210063514422435e-02
2.460008267438000068e+06 3.685910622018141236e+00 1.113171033316506103e-02
2.460008760505999904e+06 3.669772991000279649e+00 1.113367333554823174e-02
2.460009264099000022e+06 3.678253018157568555e+00 1.113229840240829473e-02
2.460009757166000083e+06 3.670854745872453417e+00 1.113357427447201481e-02
2.460010250233000144e+06 3.684216981521813317e+00 1.113338199776243639e-02
2.460010753827000037e+06 3.661413681319732660e+00 1.113191814832123309e-02
2.460011246894000098e+06 3.654658485876153051e+00 1.113157649144143682e-02
2.460011739961000159e+06 3.658811201386485301e+00 1.113411541072627589e-02
2.460012243555000052e+06 3.677345200814818416e+00 1.113293783711581837e-02
2.460012736622000113e+06 3.670797269625593717e+00 1.113339995102210003e-02
2.460013229689000174e+06 3.659657141467437480e+00 1.113331901919929756e-02
2.460013733281999826e+06 3.662756097427129376e+00 1.113262601775555881e-02
2.460014226350000128e+06 3.679303384931507992e+00 1.113208859254401391e-02
2.460014719417000189e+06 3.667346963429205520e+00 1.113306854693624573e-02
2.460015223009999841e+06 3.670476095400128091e+00 1.113242584081022488e-02
2.460015716076999903e+06 3.664510749556665559e+00 1.113458398993019509e-02
2.460016209143999964e+06 3.664628881330266541e+00 1.113156768436180007e-02
2.460016712737999856e+06 3.662260223110343826e+00 1.113449191756514349e-02
2.460017205804999918e+06 3.683718201769625278e+00 1.113187472890674740e-02
2.460017698871999979e+06 3.667113905989654477e+00 1.113236104789790126e-02
2.460018202465999871e+06 3.673865053637303202e+00 1.113255316852896498e-02
2.460018695532999933e+06 3.691934606769890159e+00 1.113290120527696964e-02
2.460019188599999994e+06 3.676498558267760952e+00 1.113376085886104254e-02
2.460019692193999887e+06 3.649397750382539218e+00 1.113235912765712585e-02
2.460020185260999948e+06 3.670651892547552197e+00 1.113295902742031558e-02
2.460020678328000009e+06 3.661997133387882908e+00 1.113369203710611738e-02
2.460021181921000127e+06 3.671615545688491800e+00 1.113250007086126307e-02
2.460021674988000188e+06 3.669539779388304002e+00 1.113296579807598018e-02
2.460022168056000024e+06 3.680648970092793348e+00 1.113276978773810287e-02
2.460022671649000142e+06 3.666995694109613790e+00 1.113200218876167144e-02
2.460023164716000203e+06 3.655419295714419370e+00 1.113389381136143177e-02
2.460023657782999799e+06 3.700499927186923887e+00 1.113146334185739598e-02
2.460024161377000157e+06 3.670388199983718014e+00 1.113215925708116623e-02
2.460024654444000218e+06 3.661032632760648386e+00 1.113413156934255424e-02
2.460025147510999814e+06 3.688219842494521838e+00 1.113189039002989225e-02
2.460025651105000172e+06 3.674656937582855498e+00 1.113156825271605435e-02
2.460026144171999767e+06 3.692400490611003061e+00 1.113430606189786710e-02
2.460026637238999829e+06 3.684301814729489255e+00 1.113363835630806417e-02
2.460027140831999946e+06 3.686348583574660331e+00 1.113303300798932499e-02
2.460027633899999782e+06 3.677287622943945511e+00 1.113276352363089597e-02
2.460028126966999844e+06 3.679713448182592384e+00 1.113332927860929272e-02
2.460028630559999961e+06 3.650507121415105694e+00 1.113238098355393002e-02
2.460029123627000023e+06 3.677081027416606585e+00 1.113213806829894091e-02
2.460029616694000084e+06 3.688630899496649462e+00 1.113313105400523875e-02
2.460030120287999976e+06 3.647351341659555324e+00 1.113283529948462178e-02
2.460030613355000038e+06 3.689711416490292883e+00 1.113299395143127132e-02
2.460031106422000099e+06 3.666820072067124237e+00 1.113146904797709773e-02
2.460031610015999991e+06 3.660536991771401460e+00 1.113262419900773459e-02
2.460032103083000053e+06 3.682812427577187187e+00 1.113252955399139481e-02
2.460032596150000114e+06 3.682754764103451706e+00 1.113235524689914872e-02
2.460033099744000006e+06 3.661002285465425388e+00 1.113403927549770807e-02
2.460033592811000068e+06 3.673486092650263490e+00 1.113140484019479320e-02
2.460034085878000129e+06 3.677402779587227943e+00 1.113311215333009051e-02
2.460034589470999781e+06 3.691699986802097655e+00 1.113219371687307682e-02
2.460035082537999842e+06 3.684362895848555031e+00 1.113382293811603432e-02
2.460035575606000144e+06 3.669333619146410985e+00 1.113234033137990714e-02
2.460036079198999796e+06 3.650655063030507463e+00 1.113283213797472589e-02
2.460036572265999857e+06 3.700762374544995570e+00 1.113225280901129939e-02
2.460037065332999919e+06 3.677257140906700528e+00 1.113267124112619043e-02
2.460037568926999811e+06 3.685734094090138413e+00 1.113457189291092858e-02
2.460038061993999872e+06 3.670739794278666146e+00 1.113322563030165122e-02
2.460038555060999934e+06 3.664159751898011574e+00 1.113351748660201639e-02
2.460039058654999826e+06 3.664483748543108543e+00 1.113450194758571626e-02
2.460039551721999887e+06 3.684390043337633092e+00 1.113390497545740238e-02
2.460040044788999949e+06 3.672843301806931748e+00 1.113283986780133107e-02
2.460040548382000066e+06 3.666587048111165092e+00 1.113413870205749723e-02
2.460041041449999902e+06 3.672724905235968951e+00 1.113248099323002095e-02
2.460041534516999964e+06 3.680940521895709860e+00 1.113365163741446284e-02
2.460042038110000081e+06 3.674186524403600274e+00 1.113352728988227687e-02
2.460042531177000143e+06 3.653315672749132048e+00 1.113421612740630312e-02
2.460043024244000204e+06 3.671030561155309790e+00 1.113410751608623871e-02
2.460043527838000096e+06 3.683602847360999633e+00 1.113152613795708248e-02
2.460044020905000158e+06 3.654045913415310931e+00 1.113307618241450581e-02
2.460044513972000219e+06 3.667026091086242889e+00 1.113209446572041052e-02
2.460045017566000111e+06 3.683572312975141205e+00 1.113143386570940134e-02
2.460045510633000173e+06 3.660186374731000392e+00 1.113155788339411506e-02
2.460046003699999768e+06 3.673604513759405332e+00 1.113176368007447181e-02
2.460046507294000126e+06 3.674511407647761629e+00 1.113451175173277470e-02
2.460047000361000188e+06 3.680062546298476178e+00 1.113438550875585353e-02
2.460047493427999783e+06 3.664335246524687673e+00 1.113405072549638469e-02
2.460047997020999901e+06 3.684742978898945864e+00 1.113157774220206904e-02
2.460048490087999962e+06 3.667667863849172427e+00 1.113404271338623054e-02
2.460048983155999798e+06 3.676877830024178451e+00 1.113152290061273503e-02
2.460049486748999916e+06 3.656587750083059252e+00 1.113408491749393395e-02
2.460049979815999977e+06 3.690646081048817528e+00 1.113241491115927323e-02
2.460050472883000039e+06 3.698424862793189494e+00 1.113203409690170093e-02
2.460050976476999931e+06 3.664308246804281133e+00 1.113396868708113434e-02
2.460051469543999992e+06 3.687489564960047428e+00 1.113308254893443684e-02
2.460051962611000054e+06 3.681584729847940718e+00 1.113220929275665454e-02
2.460052466204999946e+06 3.683629989249812997e+00 1.113160815837493933e-02
2.460052959272000007e+06 3.681672893389586587e+00 1.113247587768396302e-02
2.460053452339000069e+06 3.660975310303093089e+00 1.113395723716682079e-02
2.460053955932000186e+06 3.676322481108180273e+00 1.113322763384914232e-02
2.460054449000000022e+06 3.698278391560818168e+00 1.113159322739279769e-02
2.460054942067000084e+06 3.704066712595863731e+00 1.113195786438087552e-02
2.460055445660000201e+06 3.650392807000400364e+00 1.113203237675106962e-02
2.460055938726999797e+06 3.662290580833040377e+00 1.113458421516209419e-02
2.460056431793999858e+06 3.668488821121850929e+00 1.113315611344956740e-02
2.460056935388000216e+06 3.677724559911839552e+00 1.113408632359572624e-02
2.460057428454999812e+06 3.651764816270322900e+00 1.113285297928098307e-02
2.460057921521999873e+06 3.686379140973971236e+00 1.113312529349284007e-02
2.460058425116000231e+06 3.675239114962982168e+00 1.113333183156223032e-02
2.460058918182999827e+06 3.657086224639705563e+00 1.113223444098632511e-02
