2.458346727899000049e+06 2.317870669906916259e+00 1.159857366312071203e-02
2.458347220966000110e+06 2.307954273073999918e+00 1.159996913888536145e-02
2.458347714033000171e+06 2.302762773350091052e+00 1.159932730644934462e-02
2.458348217627000064e+06 2.312262841261841562e+00 1.159819795851539485e-02
2.458348710694000125e+06 2.283137146243451543e+00 1.159930418041499323e-02
2.458349203761000186e+06 2.302501914610406430e+00 1.159801332572264233e-02
2.458349707355000079e+06 2.293468607604693954e+00 1.159898331580720178e-02
2.458350200422000140e+06 2.307796976305764858e+00 1.159917855231332173e-02
2.458350693489000201e+06 2.314753769477977841e+00 1.160003249825806819e-02
2.458351197081999853e+06 2.281321009127987853e+00 1.159848213147854357e-02
2.458351690150000155e+06 2.274156771752468220e+00 1.159976074001401597e-02
2.458352183217000216e+06 2.304266998767852570e+00 1.159841505982719782e-02
2.458352686809999868e+06 2.304424054936907940e+00 1.159920559436047188e-02
2.458353179876999930e+06 2.293781258585736449e+00 1.159845186560856840e-02
2.458353672943999991e+06 2.299439566486852105e+00 1.159953076120739252e-02
2.458354176537999883e+06 2.303074570122409348e+00 1.159877665886138200e-02
2.458354669604999945e+06 2.291599928356514937e+00 1.160008586897323321e-02
2.458355162672000006e+06 2.319893243220787049e+00 1.159801107213482771e-02
2.458355666265999898e+06 2.300062302256011382e+00 1.159843528258964335e-02
2.458356159332999960e+06 2.291289685053776282e+00 1.159851541642280791e-02
2.458356652400000021e+06 2.317298603988120931e+00 1.159997967966917842e-02
2.458357155993999913e+06 2.295546000359824479e+00 1.159891813755942191e-02
2.458357649060999975e+06 2.290665104882511738e+00 1.159957335073821642e-02
2.458358142128000036e+06 2.294975216813683438e+00 1.159814783689738955e-02
2.458358645721000154e+06 2.276388589389108930e+00 1.159856475386293433e-02
2.458359138788000215e+06 2.304733953909297917e+00 1.159864271723883011e-02
2.458359631856000051e+06 2.311328103897288155e+00 1.159989579691873308e-02
2.458360135449000169e+06 2.307123272278030601e+00 1.160004233825055048e-02
2.458360628516000230e+06 2.299596293623716203e+00 1.159820336532733920e-02
2.458361121582999825e+06 2.317870669906916259e+00 1.159857366312071203e-02
2.458361625177000184e+06 2.335053309491077922e+00 1.159852866920904266e-02
2.458362118243999779e+06 2.305099093838810731e+00 1.159835722015618506e-02
2.458362611310999840e+06 2.291080769355517965e+00 1.159956804788772611e-02
2.458363114905000199e+06 2.312418312601301373e+00 1.159897779519302244e-02
2.458363607971999794e+06 2.304370994223024383e+00 1.159893851585640928e-02
2.458364101038999856e+06 2.297312099854270429e+00 1.159937826168987163e-02
2.458364604631999973e+06 2.308887646008412009e+00 1.159828065615179683e-02
2.458365097699999809e+06 2.298349126137746445e+00 1.159826374668420854e-02
2.458365590766999871e+06 2.313613448099522074e+00 1.159857978652471464e-02
2.458366094359999988e+06 2.301204422553220219e+00 1.159995563327416435e-02
2.458366587427000050e+06 2.318596628413985172e+00 1.160007083705059255e-02
2.458367080494000111e+06 2.312003035779654603e+00 1.159902422034203053e-02
2.458367584088000003e+06 2.314286915788195564e+00 1.159982446981678780e-02
2.458368077155000065e+06 2.308264646790163521e+00 1.159940311255687299e-02
2.458368570222000126e+06 2.310964105735146656e+00 1.159806899407581776e-02
2.458369073816000018e+06 2.307745963439995496e+00 1.159892215742910904e-02
2.458369566883000080e+06 2.290405616576024261e+00 1.159825934213942929e-02
2.458370059950000141e+06 2.291340334152504710e+00 1.159877180231598526e-02
2.458370563544000033e+06 2.311587833535715397e+00 1.159907025473839656e-02
2.458371056611000095e+06 2.316519711444148477e+00 1.159821427730289151e-02
2.458371549678000156e+06 2.304733953909297917e+00 1.159864271723883011e-02
2.458372053270999808e+06 2.298349126137746445e+00 1.159826374668420854e-02
2.458372546337999869e+06 2.293468607604693954e+00 1.159898331580720178e-02
2.458373039406000171e+06 2.308213623586738095e+00 1.159914671270885315e-02
2.458373542998999823e+06 2.301827636281885692e+00 1.159885701785510516e-02
2.458374036065999884e+06 2.299803867624431231e+00 1.159925028190148845e-02
2.458374529132999945e+06 2.276545842173323564e+00 1.159936598200515118e-02
2.458375032726999838e+06 2.306759936311351566e+00 1.159821551232965986e-02
2.458375525793999899e+06 2.316468505766047237e+00 1.160009145007347316e-02
2.458376018860999960e+06 2.316987015548649165e+00 1.159841992402954429e-02
2.458376522454999853e+06 2.311223794470195436e+00 1.159937229768776175e-02
2.458377015521999914e+06 2.309770338798778244e+00 1.159845994998045214e-02
2.458377508588999975e+06 2.296480700595892266e+00 1.159941071033311448e-02
2.458378012182000093e+06 2.303074570122409348e+00 1.159877665886138200e-02
2.458378505249999929e+06 2.302709750888197071e+00 1.159906022514282931e-02
2.458378998316999990e+06 2.319530032547782117e+00 1.159833161270255701e-02
2.458379501910000108e+06 2.298609514393066711e+00 1.159957775578204092e-02
2.458379994977000169e+06 2.301984526186820812e+00 1.159964758251173095e-02
2.458380488044000231e+06 2.305980338257407780e+00 1.159854352469442615e-02
2.458380991638000123e+06 2.311587833535715397e+00 1.159907025473839656e-02
2.458381484705000184e+06 2.284851609961791929e+00 1.159959667819587814e-02
2.458381977771999780e+06 2.310238409181168961e+00 1.159868254669828638e-02
2.458382481366000138e+06 2.293728442928473665e+00 1.159818480445955202e-02
2.458382974433000199e+06 2.300322884603220874e+00 1.159974931112136252e-02
2.458383467499999795e+06 2.299282850031607595e+00 1.159874020451266870e-02
2.458383971094000153e+06 2.292171983601727359e+00 1.159875927754779913e-02
2.458384464161000215e+06 2.307382529409160554e+00 1.159922068576566337e-02
2.458384957227999810e+06 2.320568538889466126e+00 1.159924980429168952e-02
2.458385460820999928e+06 2.312418312601301373e+00 1.159897779519302244e-02
2.458385953887999989e+06 2.301723755607566257e+00 1.159833356550387003e-02
2.458386446955999825e+06 2.296637226059877968e+00 1.159808603167244295e-02
2.458386950548999943e+06 2.315480884405650919e+00 1.159941104947116719e-02
2.458387443616000004e+06 2.302762773350091052e+00 1.159932730644934462e-02
2.458387936683000065e+06 2.297206307158351279e+00 1.159884410287994466e-02
2.458388440276999958e+06 2.303333372290893966e+00 1.160008004199539894e-02
2.458388933344000019e+06 2.310964105735146656e+00 1.159806899407581776e-02
2.458389426411000080e+06 2.328824707116084802e+00 1.159976425294708541e-02
2.458389930004999973e+06 2.310913022861327271e+00 1.159994105326893690e-02
2.458390423072000034e+06 2.302086298329340419e+00 1.159804011018193519e-02
2.458390916139000095e+06 2.323372261203650257e+00 1.159828474037951848e-02
2.458391419732000213e+06 2.302451018789712478e+00 1.159987759235255045e-02
2.458391912800000049e+06 2.313300224543989980e+00 1.159914016611702896e-02
2.458392405867000110e+06 2.317870669906916259e+00 1.159857366312071203e-02
2.458392909460000228e+06 2.279399244537827940e+00 1.159920869441487257e-02
2.458393402526999824e+06 2.312729286641550086e+00 1.159840752346335928e-02
2.458393895593999885e+06 2.297415781423127079e+00 1.159990176119000960e-02
2.458394399187999777e+06 2.313249090031270327e+00 1.159888377208132676e-02
2.458394892254999839e+06 2.310808732166703905e+00 1.159941755199560103e-02
2.458395385321999900e+06 2.314391363459118445e+00 1.159821635623390669e-02
2.458395888915999793e+06 2.287913495270678332e+00 1.159828310300760335e-02
2.458396381982999854e+06 2.306241591080242959e+00 1.159985756548928028e-02
2.458396875049999915e+06 2.306137511205690771e+00 1.159933406798368226e-02
2.458397378643999808e+06 2.304891041905467119e+00 1.159943326728893158e-02
2.458397871710999869e+06 2.305670271693774698e+00 1.159910756296174232e-02
2.458398364777999930e+06 2.306084411038479942e+00 1.159906698652147378e-02
2.458398868371000048e+06 2.305254083504047369e+00 1.159913706754220342e-02
2.458399361438000109e+06 2.305305041286658252e+00 1.159939346717701707e-02
2.458399854505999945e+06 2.300426702053870009e+00 1.159815405607491495e-02
2.458400358099000063e+06 2.304891041905467119e+00 1.159943326728893158e-02
2.458400851166000124e+06 2.317038232688441113e+00 1.159867630781185460e-02
2.458401344233000185e+06 2.303437325609921427e+00 1.159848202898858954e-02
2.458401847827000078e+06 2.313664590666399068e+00 1.159883617384079718e-02
2.458402340894000139e+06 2.282567345814262350e+00 1.159851167499993674e-02
2.458402833961000200e+06 2.297312099854270429e+00 1.159937826168987163e-02
2.458403337555000093e+06 2.296844532959155583e+00 1.159913293765545833e-02
2.458403830622000154e+06 2.311172705856074927e+00 1.159911589852088976e-02
2.458404323689000215e+06 2.302501914610406430e+00 1.159801332572264233e-02
2.458404827281999867e+06 2.327317311622373541e+00 1.159868660361569603e-02
2.458405320350000169e+06 2.308991850001185231e+00 1.159880410611514347e-02
2.458405813417000230e+06 2.303904112619745259e+00 1.159871046428346403e-02
2.458406317009999882e+06 2.311898695893130018e+00 1.159850076044504318e-02
2.458406810076999944e+06 2.297102635043002383e+00 1.159832065111159397e-02
2.458407303144000005e+06 2.309563992437724700e+00 1.159955097340472675e-02
2.458407806737999897e+06 2.295182373691008415e+00 1.159919474845924094e-02
2.458408299804999959e+06 2.289264638893738990e+00 1.159880707980984020e-02
2.458408792872000020e+06 2.307537672607455903e+00 1.160000059120916416e-02
2.458409296465999912e+06 2.314651437323576477e+00 1.159951967640534057e-02
2.458409789532999974e+06 2.318491990960928728e+00 1.159954732992012072e-02
2.458410282600000035e+06 2.313924582861597745e+00 1.160013956366261895e-02
2.458410786193999927e+06 2.318233620743569645e+00 1.159825468902397558e-02
2.458411279260999989e+06 2.297726854206477931e+00 1.159935611681223167e-02
2.458411772328000050e+06 2.307174271379174080e+00 1.159817377186274368e-02
2.458412275921000168e+06 2.291703352125439963e+00 1.159849866361841418e-02
2.458412768988000229e+06 2.298920748809257564e+00 1.159903096791598497e-02
2.458413262056000065e+06 2.295909684638152815e+00 1.159864114787038762e-02
2.458413765649000183e+06 2.300115263757454009e+00 1.159870234950620069e-02
2.458414258715999778e+06 2.321763609847975030e+00 1.159880803884662422e-02
2.458414751782999840e+06 2.306084411038479942e+00 1.159906698652147378e-02
2.458415255377000198e+06 2.273430070085083354e+00 1.159814796910684821e-02
2.458415748443999793e+06 2.308940810723243864e+00 1.159854771950790536e-02
2.458416241510999855e+06 2.310653369044526784e+00 1.159863768575170734e-02
2.458416745105000213e+06 2.306915037647883082e+00 1.159899535018752564e-02
2.458417238171999808e+06 2.313664590666399068e+00 1.159883617384079718e-02
2.458417731238999870e+06 2.313820156256327643e+00 1.159961605343058123e-02
2.458418234831999987e+06 2.321866256435868969e+00 1.159932082923741808e-02
2.458526481366999913e+06 2.326955081814868542e+00 1.159902455826047722e-02
2.458526984960000031e+06 2.305774330481020318e+00 1.159963105024479010e-02
2.458527478027000092e+06 2.306188488516524693e+00 1.159959047197319827e-02
2.458527971094000153e+06 2.301619879621345177e+00 1.159993000702567827e-02
2.458528474688000046e+06 2.310289477142603687e+00 1.159893893628588524e-02
2.458528967755000107e+06 2.304424054936907940e+00 1.159920559436047188e-02
2.458529460822000168e+06 2.302970633174402426e+00 1.159825321013671813e-02
2.458529964416000061e+06 2.312003035779654603e+00 1.159902422034203053e-02
2.458530457483000122e+06 2.297726854206477931e+00 1.159935611681223167e-02
2.458530950550000183e+06 2.306500749134682504e+00 1.159903670439066913e-02
2.458531454144000076e+06 2.302762773350091052e+00 1.159932730644934462e-02
2.458531947211000137e+06 2.306604845402774995e+00 1.159956018847574724e-02
2.458532440278000198e+06 2.300115263757454009e+00 1.159870234950620069e-02
2.458532943870999850e+06 2.332873554650324088e+00 1.159844480898357226e-02
2.458533436937999912e+06 2.298971566593117632e+00 1.159928736520546115e-02
2.458533930006000213e+06 2.304112075467505516e+00 1.159975742663110938e-02
2.458534433598999865e+06 2.314858238218794551e+00 1.159842396405631575e-02
2.458534926665999927e+06 2.307850115906709298e+00 1.159944563634449088e-02
2.458535419732999988e+06 2.295493144068348812e+00 1.159865106567422102e-02
2.458535923326999880e+06 2.303437325609921427e+00 1.159848202898858954e-02
2.458536416393999942e+06 2.302762773350091052e+00 1.159932730644934462e-02
2.458536909461000003e+06 2.288122122156205140e+00 1.159934071016199830e-02
2.458537413054999895e+06 2.295389549267441875e+00 1.159812762261753366e-02
2.458537906121999957e+06 2.308264646790163521e+00 1.159940311255687299e-02
2.458538399189000018e+06 2.301361269980629398e+00 1.159862664074960172e-02
2.458538902782000136e+06 2.301100570004317447e+00 1.159943213134279755e-02
2.458539395849999972e+06 2.298816999321750654e+00 1.159850750771444262e-02
2.458539888917000033e+06 2.304941991663021383e+00 1.159968967347125776e-02
2.458540392510000151e+06 2.302658850473370933e+00 1.159880383287418756e-02
2.458540885577000212e+06 2.318026518304128647e+00 1.159935352505986859e-02
2.458541378643999808e+06 2.289627328013445151e+00 1.159853585879020398e-02
2.458541882238000166e+06 2.287706994462411103e+00 1.159934332973736743e-02
2.458542375305000227e+06 2.292535133333220454e+00 1.159848537076712052e-02
2.458542868371999823e+06 2.309406585960359859e+00 1.159876041533241739e-02
2.458543371966000181e+06 2.323840947651073741e+00 1.159848408861570770e-02
2.458543865032999776e+06 2.317194025114452050e+00 1.159945617665260852e-02
2.458544358099999838e+06 2.322385974431109723e+00 1.159977818198072719e-02
2.458544861694000196e+06 2.312729286641550086e+00 1.159840752346335928e-02
2.458545354760999791e+06 2.294871645386652226e+00 1.159973807144764300e-02
2.458545847827999853e+06 2.297881348178945515e+00 1.160013603136180946e-02
2.458546351420999970e+06 2.296637226059877968e+00 1.159808603167244295e-02
2.458546844488000032e+06 2.309304490197758408e+00 1.159824764971676726e-02
2.458547337555999868e+06 2.298088767379415476e+00 1.159906650441362708e-02
2.458547841148999985e+06 2.314442523221862391e+00 1.159847273551634084e-02
2.458548334216000047e+06 2.310861941116680640e+00 1.159968464152996703e-02
2.458548827283000108e+06 2.306604845402774995e+00 1.159956018847574724e-02
2.458549330877000000e+06 2.307745963439995496e+00 1.159892215742910904e-02
2.458549823944000062e+06 2.311536736874666875e+00 1.159881386224805716e-02
2.458550317011000123e+06 2.291443746205497956e+00 1.159929527444555214e-02
2.458550820605000015e+06 2.305721238676251339e+00 1.159936396194435719e-02
2.458551313672000077e+06 2.303280336690617602e+00 1.159981294335666983e-02
2.458551806739000138e+06 2.300842018713146864e+00 1.159812882100795355e-02
2.458552310331999790e+06 2.321348792786625204e+00 1.159887378322515226e-02
2.458552803400000092e+06 2.316935799540990271e+00 1.159816354591448537e-02
2.458553296467000153e+06 2.294351745182391600e+00 1.159922334183528456e-02
2.458553800059999805e+06 2.306033436028233741e+00 1.159881059410337693e-02
2.458554293126999866e+06 2.292431672026301381e+00 1.160007334278607451e-02
2.458554786193999927e+06 2.302398003506141766e+00 1.159961049837534078e-02
2.458555289787999820e+06 2.292275433188462941e+00 1.159928274911210117e-02
2.458555782854999881e+06 2.296116925865598457e+00 1.159968810396115602e-02
2.458556275921999943e+06 2.334429700340501235e+00 1.159973129581935367e-02
2.458556779515999835e+06 2.328149153169705166e+00 1.159854365573107296e-02
2.458557272582999896e+06 2.293158111314847147e+00 1.159952508919671194e-02
2.458557765649999958e+06 2.315534200937155340e+00 1.159967813885584564e-02
2.458558269243999850e+06 2.318128999672922408e+00 1.159986633956694435e-02
2.458558762310999911e+06 2.324463869078786438e+00 1.159945223110104423e-02
2.458559255377999973e+06 2.303696168542135325e+00 1.159978537901432474e-02
2.458559758971000090e+06 2.294455293145450270e+00 1.159974683434362823e-02
2.458560252038000152e+06 2.317817299576845791e+00 1.159830659916723759e-02
2.458560745105999988e+06 2.305825299763722303e+00 1.159988746079911905e-02
2.458561248699000105e+06 2.284437075628016345e+00 1.159959623962512551e-02
2.458561741766000167e+06 2.313820156256327643e+00 1.159961605343058123e-02
2.458562234833000228e+06 2.318803781789510410e+00 1.159897153996470275e-02
2.458562738427000120e+06 2.301672876987744587e+00 1.159807718929773031e-02
2.458563231494000182e+06 2.321244031129355623e+00 1.159835033011730014e-02
2.458563724560999777e+06 2.311796489957688827e+00 1.160011724956267441e-02
2.458564228155000135e+06 2.309459762624363144e+00 1.159902748973551737e-02
2.458564721222000197e+06 2.324982027125507500e+00 1.159989653632720850e-02
2.458565214288999792e+06 2.299388738358054685e+00 1.159927435853775300e-02
2.458565717881999910e+06 2.284592780212484353e+00 1.159828266695453816e-02
2.458566210950000212e+06 2.327630289280175457e+00 1.159810256839596647e-02
2.458566704016999807e+06 2.320517243713764888e+00 1.159899340783248495e-02
2.458567207609999925e+06 2.307901131074775680e+00 1.159970204280023898e-02
2.458567700676999986e+06 2.296531464442336912e+00 1.159966711601681869e-02
2.458568193744000047e+06 2.309304490197758408e+00 1.159824764971676726e-02
2.458568697337999940e+06 2.290614470709437800e+00 1.159931694712715636e-02
2.458569190405000001e+06 2.305670271693774698e+00 1.159910756296174232e-02
2.458569683472000062e+06 2.305929365547646270e+00 1.159828714384722979e-02
2.458570187065999955e+06 2.284904221220068976e+00 1.159986377185486493e-02
2.458570680133000016e+06 2.294611680560010303e+00 1.159842404418912759e-02
2.458571173200000077e+06 2.300115263757454009e+00 1.159870234950620069e-02
2.458571676793999970e+06 2.312627043986815067e+00 1.160002478167143809e-02
2.458572169861000031e+06 2.307019152613515089e+00 1.159951883240622171e-02
2.458572662928000093e+06 2.294818804622594577e+00 1.159947098068298335e-02
2.458573166521000210e+06 2.299024502979154505e+00 1.159955445174216948e-02
2.458573659587999806e+06 2.307641815673653340e+00 1.159839870213818548e-02
2.458574152656000108e+06 2.291393094820890042e+00 1.159903887698124358e-02
2.458574656249000225e+06 2.293365104170408397e+00 1.159845985775618399e-02
2.458575149315999821e+06 2.301361269980629398e+00 1.159862664074960172e-02
2.458575642382999882e+06 2.291756121152726866e+00 1.159876573199438744e-02
2.458576145976999775e+06 2.307796976305764858e+00 1.159917855231332173e-02
2.458576639043999836e+06 2.308317797159735729e+00 1.159967020175875670e-02
2.458577132110999897e+06 2.286356770174451825e+00 1.159881473504541759e-02
2.458577635704999790e+06 2.324774321808336097e+00 1.159886024436403498e-02
2.458578128771999851e+06 2.301308279789163524e+00 1.159835957557628361e-02
2.458578621838999912e+06 2.303178511761265757e+00 1.159930013121016762e-02
2.458579125432000030e+06 2.326539337221045223e+00 1.159909504462273977e-02
2.458579618499999866e+06 2.302243205864372921e+00 1.159883061915904096e-02
2.458580111566999927e+06 2.299232025366952925e+00 1.159848381931791010e-02
2.458580615160000045e+06 2.316987015548649165e+00 1.159841992402954429e-02
2.458581108227000106e+06 2.307641815673653340e+00 1.159839870213818548e-02
2.458581601294000167e+06 2.320568538889466126e+00 1.159924980429168952e-02
2.458582104888000060e+06 2.289576716779977872e+00 1.159827947811242072e-02
2.458582597955000121e+06 2.304787022980725464e+00 1.159890978893175946e-02
2.458583091022000182e+06 2.301308279789163524e+00 1.159835957557628361e-02
2.458583594616000075e+06 2.305358123508018053e+00 1.159966055615684055e-02
2.458584087683000136e+06 2.308940810723243864e+00 1.159854771950790536e-02
2.458584580750000197e+06 2.302866700917033604e+00 1.159985080364978570e-02
2.458585084344000090e+06 2.311483512387114914e+00 1.159854679276385407e-02
2.458585577411000151e+06 2.314753769477977841e+00 1.160003249825806819e-02
2.458586070478000212e+06 2.300011460361906401e+00 1.159817890413509384e-02
2.458586574070999864e+06 2.304941991663021383e+00 1.159968967347125776e-02
2.458587067137999926e+06 2.316831237040559266e+00 1.159977400528715286e-02
2.458587560206000227e+06 2.308577188522571877e+00 1.159884740713426621e-02
2.458588063798999880e+06 2.297726854206477931e+00 1.159935611681223167e-02
2.458588556865999941e+06 2.317610234330001795e+00 1.159940504715395795e-02
2.458589049933000002e+06 2.301308279789163524e+00 1.159835957557628361e-02
2.458589553526999895e+06 2.301672876987744587e+00 1.160019710835993173e-02
2.458590046593999956e+06 2.302917605926406264e+00 1.160010721906178099e-02
2.458590539661000017e+06 2.311223794470195436e+00 1.159937229768776175e-02
2.458591043254999910e+06 2.317038232688441113e+00 1.159867630781185460e-02
2.458591536321999971e+06 2.301723755607566257e+00 1.159833356550387003e-02
2.458592029389000032e+06 2.309823523838596682e+00 1.159872701746500305e-02
2.458592532982000150e+06 2.302451018789712478e+00 1.159987759235255045e-02
2.458593026049999986e+06 2.303229423663236020e+00 1.159955653444951287e-02
2.458593519117000047e+06 2.277739220514212182e+00 1.159915280989323901e-02
2.458594022710000165e+06 2.291340334152504710e+00 1.159877180231598526e-02
2.458594515777000226e+06 2.318077758422192769e+00 1.159960992947949021e-02
2.458595008843999822e+06 2.302813676062138271e+00 1.159958371028940033e-02
2.458595512438000180e+06 2.311172705856074927e+00 1.159911589852088976e-02
2.458596005504999775e+06 2.291133524047141545e+00 1.159983514088746420e-02
2.458596498571999837e+06 2.305566217602665890e+00 1.159858409930349284e-02
2.458597002166000195e+06 2.301827636281885692e+00 1.159885701785510516e-02
2.458597495232999790e+06 2.299647126340535586e+00 1.159845974432260896e-02
2.458597988299999852e+06 2.298971566593117632e+00 1.159928736520546115e-02
2.458712204272000119e+06 2.315065057590492970e+00 1.162504726163674819e-02
2.458712697339000180e+06 2.325813033983612499e+00 1.162546415981488383e-02
2.458713200931999832e+06 2.304320057087124507e+00 1.162627276994536787e-02
2.458713694000000134e+06 2.297206307158351279e+00 1.162846537567095544e-02
2.458714187067000195e+06 2.306551734474913129e+00 1.162903487899106733e-02
2.458714690659999847e+06 2.316103698070707484e+00 1.163026277151227132e-02
2.458715183726999909e+06 2.331782292741187756e+00 1.163167705206959862e-02
2.458715676793999970e+06 2.322749632310471046e+00 1.163368454063681834e-02
2.458716180387999862e+06 2.311432418032041358e+00 1.163661075461483105e-02
2.458716673454999924e+06 2.322178501035708997e+00 1.163724039850913723e-02
2.458717166521999985e+06 2.326487910063398612e+00 1.163955136807807468e-02
2.458717670115999877e+06 2.322437310915218323e+00 1.164067642822701545e-02
2.458718163182999939e+06 2.331939076524550014e+00 1.164319811611673472e-02
2.458718656250000000e+06 2.319685992516796524e+00 1.164611467297059499e-02
2.458719159843999892e+06 2.325241149461724444e+00 1.164830513756304198e-02
2.458719652910999954e+06 2.306604845402774995e+00 1.165054726622729089e-02
2.458720145978000015e+06 2.331004972722264146e+00 1.165356274985331585e-02
2.458720649571000133e+06 2.326539337221045223e+00 1.165695123642115222e-02
2.458721142638000194e+06 2.338376296264301768e+00 1.166026260568072716e-02
2.458721635706000030e+06 2.338376296264301768e+00 1.166241632984136266e-02
2.458722139299000148e+06 2.339362910008655039e+00 1.166518233368511737e-02
2.458722632366000209e+06 2.324515251494883028e+00 1.167036024070075562e-02
2.458723125432999805e+06 2.306604845402774995e+00 1.167391634353007884e-02
2.458723629027000163e+06 2.315792270300589983e+00 1.167775618454229905e-02
2.458724122094000224e+06 2.354262039265640816e+00 1.168093092036963203e-02
2.458724615160999820e+06 2.350888329410320221e+00 1.168584436829566732e-02
2.458725118755000178e+06 2.349589539410885219e+00 1.169237262771858493e-02
2.458725611821999773e+06 2.347253525345296854e+00 1.169804301448417946e-02
2.458726104888999835e+06 2.331887530007973997e+00 1.170307768620839316e-02
2.458726608481999952e+06 2.347564859647072844e+00 1.170824336452958025e-02
2.458727101549999788e+06 2.379959682549704247e+00 1.171636761073286022e-02
2.458727594616999850e+06 2.370201125424745481e+00 1.172290284486396730e-02
2.458728098209999967e+06 2.340401673606277821e+00 1.173071861465896371e-02
2.458728591277000029e+06 2.368747669334532180e+00 1.173971278919321709e-02
2.458729084344000090e+06 2.381985974710935761e+00 1.174828180056741028e-02
2.458729587937999982e+06 2.362879639074025206e+00 1.175850877401752974e-02
2.458730081005000044e+06 2.381310352376303729e+00 1.176907548523523604e-02
2.458730574072000105e+06 2.410851165908006521e+00 1.177962508673192736e-02
2.458731077665999997e+06 2.394184418166791062e+00 1.179080519543850188e-02
2.458731570733000059e+06 2.381830213602593282e+00 1.180455097953625639e-02
2.458732063800000120e+06 2.402180294189959042e+00 1.181912058870824948e-02
2.458732567394000012e+06 2.401297672942317440e+00 1.183468303958492597e-02
2.458733060461000074e+06 2.393198930017349291e+00 1.184987420645091695e-02
2.458733553528000135e+06 2.412199371663342529e+00 1.186841609126979176e-02
2.458734057120999787e+06 2.413081554876030488e+00 1.188831428892741029e-02
2.458734550187999848e+06 2.445269889014760167e+00 1.190951090738529179e-02
2.458735043256000150e+06 2.449943111397241857e+00 1.193227150047435417e-02
2.458735546848999802e+06 2.465205908736647800e+00 1.195892654625847762e-02
2.458736039915999863e+06 2.457106608614210597e+00 1.198752850719287007e-02
2.458736532982999925e+06 2.477821403072792084e+00 1.201784323982093422e-02
2.458737036576999817e+06 2.480209690439446835e+00 1.204998604608807471e-02
2.458737529643999878e+06 2.515616299491409080e+00 1.208762328909380145e-02
2.458738022710999940e+06 2.507776336273054962e+00 1.212617365777767658e-02
2.458738526304999832e+06 2.536329073662570099e+00 1.217079656722486192e-02
2.458739019371999893e+06 2.566492503130894942e+00 1.221862151280008260e-02
2.458739512438999955e+06 2.598627320114716532e+00 1.227347935819903847e-02
2.458740016032000072e+06 2.615033158065061869e+00 1.233169688052890636e-02
2.458740509099999908e+06 2.646234943539219397e+00 1.239840497055435219e-02
2.458741002166999970e+06 2.677954538085246305e+00 1.247055968588177063e-02
2.458741505760000087e+06 2.702666135826444105e+00 1.255078590648323923e-02
2.458741998827000149e+06 2.756555875047018933e+00 1.264109241426338362e-02
2.458742491894000210e+06 2.794192997908259812e+00 1.273905694498516684e-02
2.458742995488000102e+06 2.857998522909887207e+00 1.285358886091293729e-02
2.458743488555000164e+06 2.902592040478601643e+00 1.297928934741834385e-02
2.458743981622000225e+06 2.971069424422451366e+00 1.311857038409640699e-02
2.458744485216000117e+06 3.064934515895972655e+00 1.328178689638799016e-02
2.458744978283000179e+06 3.102518644076446286e+00 1.346180155749725042e-02
2.458745471349999774e+06 3.239523986855880722e+00 1.366838401330898803e-02
2.458745974944000132e+06 3.335203977117701779e+00 1.390927514640003838e-02
2.458746468011000194e+06 3.469665437795297347e+00 1.417923200868785073e-02
2.458746961077999789e+06 3.614301683279024680e+00 1.449400826833673744e-02
2.458747464670999907e+06 3.800472549442935222e+00 1.486954871660570165e-02
2.458747957737999968e+06 4.024330127980331184e+00 1.530432440735680737e-02
2.458748450805999804e+06 4.284064491535872321e+00 1.581858877994527651e-02
2.458748954398999922e+06 4.603913973310722163e+00 1.645684287961949113e-02
2.458749447465999983e+06 5.025364876010560700e+00 1.722276794463253533e-02
2.458749940533000045e+06 5.593473694732403523e+00 1.817547863701573022e-02
2.458750444126999937e+06 6.321538685422233961e+00 1.942336726190917878e-02
2.458750937193999998e+06 7.307775549577034901e+00 2.104019951427042734e-02
2.458751430261000060e+06 8.719412021075397590e+00 2.321726036440366001e-02
2.458751933854999952e+06 1.070445103679467280e+01 2.603805147537893369e-02
2.458752426922000013e+06 1.354037835849981697e+01 2.994322957665434756e-02
2.458752919989000075e+06 1.939727844174514360e+01 3.730327607099223619e-02
2.458753423582000192e+06 2.017294014812018688e+01 3.831188681295780163e-02
2.458753916650000028e+06 1.582486449745471191e+01 3.286716357562192298e-02
2.458754409717000090e+06 1.182851976768522739e+01 2.766105759256981544e-02
2.458754913310000207e+06 9.245414783736265463e+00 2.401326360480386668e-02
2.458755406376999803e+06 7.668951655178672056e+00 2.156445488384196862e-02
2.458755899443999864e+06 6.544721943304010914e+00 1.980168984835789514e-02
2.458756403038000222e+06 5.777617679165541809e+00 1.845987601886239435e-02
2.458756896104999818e+06 5.163616739076111628e+00 1.743976345194297659e-02
2.458757389171999879e+06 4.709664818680967535e+00 1.663097798129092864e-02
2.458757892765999772e+06 4.332606031818854397e+00 1.596191050029148809e-02
2.458758385832999833e+06 4.077128505176562001e+00 1.542250014080574078e-02
2.458758878899999894e+06 3.868790386410164928e+00 1.496937132802875908e-02
2.458759382493999787e+06 3.686932613266975078e+00 1.457812831458553393e-02
2.458759875560999848e+06 3.497647191783765486e+00 1.425170415119245831e-02
2.458760368627999909e+06 3.369677980586704535e+00 1.396925010343512234e-02
2.458760872221000027e+06 3.260654625676973506e+00 1.372150152074639445e-02
2.458761365288000088e+06 3.107763774153597502e+00 1.350745898125215762e-02
2.458761858355999924e+06 3.048995616594826874e+00 1.332223715276042997e-02
2.458762361949000042e+06 2.968577558506821923e+00 1.315404844324768313e-02
2.458762855016000103e+06 2.874662078775089391e+00 1.300796153902619191e-02
2.458763348083000164e+06 2.834014056596080522e+00 1.288145251858604373e-02
2.458763851677000057e+06 2.773790139766287410e+00 1.276355663331637559e-02
2.458764344744000118e+06 2.750221038554554021e+00 1.266016983725598566e-02
2.458764837811000179e+06 2.706300389219623792e+00 1.257015544201633452e-02
2.458765341405000072e+06 2.658642849372351513e+00 1.248592414026535903e-02
2.458765834472000133e+06 2.648622109353916176e+00 1.241202903001178796e-02
2.458766327539000195e+06 2.630815548875937271e+00 1.234554504379719447e-02
2.458766831131999847e+06 2.585337228428808753e+00 1.228452611510315318e-02
2.458767324200000148e+06 2.578381639912609824e+00 1.223010284391137445e-02
2.458767817267000210e+06 2.553877135779323737e+00 1.217973182722709158e-02
2.458768320859999862e+06 2.532696790397101161e+00 1.213470513915555424e-02
2.458768813926999923e+06 2.526206219303552380e+00 1.209430050356027561e-02
2.458769306993999984e+06 2.501598454928188886e+00 1.205713197853200240e-02
2.458769810587999877e+06 2.487945141204751298e+00 1.202340688160936748e-02
2.458770303654999938e+06 2.460947789615074655e+00 1.199266884330713913e-02
2.458770796721999999e+06 2.460585157666957290e+00 1.196370627634871578e-02
2.458771300315999892e+06 2.452589134993797604e+00 1.193838201364001012e-02
2.458771793382999953e+06 2.451864129472417719e+00 1.191452867686055433e-02
2.458772286450000014e+06 2.422791269394013458e+00 1.189152081142666462e-02
2.458772790043999907e+06 2.409397192758116812e+00 1.187238200657359834e-02
2.458773283110999968e+06 2.404411519500008421e+00 1.185445857610577768e-02
2.458773776178000029e+06 2.398234244503129275e+00 1.183725591904283281e-02
2.458774279771000147e+06 2.414900269646865105e+00 1.182165140751882670e-02
2.458774772838000208e+06 2.394444637097261630e+00 1.180752426863635081e-02
2.458775265906000044e+06 2.397975822349187158e+00 1.179401666374134232e-02
2.458775769499000162e+06 2.369836586463603734e+00 1.178003275666147064e-02
2.458776262566000223e+06 2.376533825270898959e+00 1.176954615907676270e-02
2.458776755632999819e+06 2.378506814359620414e+00 1.175960101867169934e-02
2.458777259227000177e+06 2.389254430428607634e+00 1.174892146743881927e-02
2.458777752293999773e+06 2.363711129102134656e+00 1.174087597280371216e-02
2.458778245360999834e+06 2.370460920935149929e+00 1.173292088195893382e-02
2.458778748955000192e+06 2.352445658436864040e+00 1.172391912696467767e-02
2.458779242021999788e+06 2.373781823269342617e+00 1.171656313490467005e-02
2.458779735088999849e+06 2.370096342017228519e+00 1.170928695466367381e-02
2.458780238681999967e+06 2.325708070856710385e+00 1.170419558956493217e-02
2.458780731749999803e+06 2.337129622417151165e+00 1.169709761225470358e-02
2.458781224816999864e+06 2.366617109877811043e+00 1.169209806373966432e-02
2.458781728409999982e+06 2.332458900907728339e+00 1.168661076726707458e-02
2.458782221477000043e+06 2.334171703892793825e+00 1.168229352891390904e-02
2.458782714544000104e+06 2.349018299151132361e+00 1.167871230898351494e-02
2.458783218137999997e+06 2.349433732837431954e+00 1.167428601267064825e-02
2.458783711205000058e+06 2.347253525345296854e+00 1.166993830940410426e-02
2.459622427943999879e+06 2.297206307158351279e+00 1.159884410287994466e-02
2.459622921010999940e+06 2.305358123508018053e+00 1.159966055615684055e-02
2.459623424604999833e+06 2.305305041286658252e+00 1.159939346717701707e-02
2.459623917671999894e+06 2.323477118911531747e+00 1.159880819052719510e-02
2.459624410738999955e+06 2.300373733381385843e+00 1.160000572428989546e-02
2.459624914332000073e+06 2.293417911461390624e+00 1.159872692523861160e-02
2.459625407399999909e+06 2.292585809962659038e+00 1.159874175599613470e-02
2.459625900466999970e+06 2.303696168542135325e+00 1.159978537901432474e-02
2.459626404060000088e+06 2.325397493433362328e+00 1.159982762778067819e-02
2.459626897127000149e+06 2.292171983601727359e+00 1.159875927754779913e-02
2.459627390194000211e+06 2.317973144385557127e+00 1.159908644314961400e-02
2.459627893788000103e+06 2.308524032180354180e+00 1.159858033687767576e-02
2.459628386855000164e+06 2.304370994223024383e+00 1.159893851585640928e-02
2.459628879922000226e+06 2.296998967606331821e+00 1.159991283719897202e-02
2.459629383516000118e+06 2.325397493433362328e+00 1.159982762778067819e-02
2.459629876583000179e+06 2.341283475831851479e+00 1.159928513142384834e-02
2.459630369649999775e+06 2.291236926766453408e+00 1.159824835381049329e-02
2.459630873244000133e+06 2.299907661650968826e+00 1.159977377562568246e-02
2.459631366311000194e+06 2.308264646790163521e+00 1.159940311255687299e-02
2.459631859377999790e+06 2.310808732166703905e+00 1.159941755199560103e-02
2.459632362970999908e+06 2.302970633174402426e+00 1.159825321013671813e-02
2.459632856037999969e+06 2.295235222826649935e+00 1.159946183286334961e-02
2.459633349105999805e+06 2.301931521644515755e+00 1.159938049383063031e-02
2.459633852698999923e+06 2.305980338257407780e+00 1.159854352469442615e-02
2.459634345765999984e+06 2.314391363459118445e+00 1.159821635623390669e-02
2.459634838833000045e+06 2.311587833535715397e+00 1.159907025473839656e-02
2.459635342426999938e+06 2.318440741686431661e+00 1.159929092688423771e-02
2.459635835493999999e+06 2.311328103897288155e+00 1.159989579691873308e-02
2.459636328561000060e+06 2.310083084403645515e+00 1.160003039502065930e-02
2.459636832154999953e+06 2.297830554493897726e+00 1.159987961531293299e-02
2.459637325222000014e+06 2.292794862900335850e+00 1.159979940497350703e-02
2.459637818289000075e+06 2.319530032547782117e+00 1.159833161270255701e-02
2.459638321882000193e+06 2.297206307158351279e+00 1.159884410287994466e-02
2.459638814950000029e+06 2.298088767379415476e+00 1.159906650441362708e-02
2.459639308017000090e+06 2.306864044276990988e+00 1.159873895935292082e-02
2.459639811610000208e+06 2.297830554493897726e+00 1.159987961531293299e-02
2.459640304676999804e+06 2.309251317108993895e+00 1.160010749233344150e-02
2.459640797743999865e+06 2.305358123508018053e+00 1.159966055615684055e-02
2.459641301338000223e+06 2.308213623586738095e+00 1.159914671270885315e-02
2.459641794404999819e+06 2.307382529409160554e+00 1.159922068576566337e-02
2.459642287471999880e+06 2.321814932574675971e+00 1.159906443120823673e-02
2.459642791065999772e+06 2.285474605006690307e+00 1.159854946201431362e-02
2.459643284132999834e+06 2.305929365547646270e+00 1.159828714384722979e-02
2.459643777199999895e+06 2.308473003243325383e+00 1.159832395521675878e-02
2.459644280793999787e+06 2.310964105735146656e+00 1.159806899407581776e-02
2.459644773860999849e+06 2.310393744402380101e+00 1.159946241595852766e-02
2.459645266927999910e+06 2.308783446718328136e+00 1.159988369795050822e-02
2.459645770521000028e+06 2.299543344071865114e+00 1.160005426759008924e-02
2.459646263588000089e+06 2.296377061226905880e+00 1.159888723299393187e-02
2.459646756655999925e+06 2.291393094820890042e+00 1.159903887698124358e-02
2.459647260249000043e+06 2.297985055438938939e+00 1.159854304260833809e-02
2.459647753316000104e+06 2.301672876987744587e+00 1.159807718929773031e-02
2.459648246383000165e+06 2.317661465246082741e+00 1.159966145271247584e-02
2.459648749977000058e+06 2.337235101017934635e+00 1.159860256026922637e-02
2.459649243044000119e+06 2.283917435795383977e+00 1.159906125059283373e-02
2.459649736111000180e+06 2.297102635043002383e+00 1.159832065111159397e-02
2.459650239705000073e+06 2.293988307689941220e+00 1.159949880461373650e-02
2.459650732772000134e+06 2.306759936311351566e+00 1.159821551232965986e-02
2.459651225839000195e+06 2.296531464442336912e+00 1.159966711601681869e-02
2.459651729431999847e+06 2.306500749134682504e+00 1.159903670439066913e-02
2.459652222500000149e+06 2.279296376048965289e+00 1.159868522619259511e-02
2.459652715567000210e+06 2.323528479515455381e+00 1.159906458289215909e-02
2.459653219159999862e+06 2.287083390892898471e+00 1.159828795896290787e-02
2.459653712226999924e+06 2.310704446178675209e+00 1.159889407434765499e-02
2.459654205293999985e+06 2.287498405427485171e+00 1.159828572234412186e-02
2.459654708887999877e+06 2.322698288922624421e+00 1.159919883609663097e-02
2.459655201954999939e+06 2.313353490863367057e+00 1.159940724926431486e-02
2.459655695022000000e+06 2.300581377558018836e+00 1.159893388980063993e-02
2.459656198615999892e+06 2.306241591080242959e+00 1.159985756548928028e-02
2.459656691682999954e+06 2.298713254516421500e+00 1.160010126428564527e-02
2.459657184750000015e+06 2.321400106343769920e+00 1.159913017704004845e-02
2.459657688343999907e+06 2.306655833044060522e+00 1.159981659746367466e-02
2.459658181410999969e+06 2.318701270589505814e+00 1.159845876501551520e-02
2.459658674478000030e+06 2.299179084202599199e+00 1.159821675743317841e-02
2.459659178071000148e+06 2.301412141712358750e+00 1.159888302910139744e-02
2.459659671138000209e+06 2.304891041905467119e+00 1.159943326728893158e-02
2.459660164206000045e+06 2.293001822967130288e+00 1.159873453288855910e-02
2.459660667799000163e+06 2.314184604272769175e+00 1.159931165716072098e-02
2.459661160866000224e+06 2.291236926766453408e+00 1.159824835381049329e-02
2.459661653932999820e+06 2.304266998767852570e+00 1.159841505982719782e-02
2.459662157527000178e+06 2.312211729680035965e+00 1.160007121101103156e-02
2.459662650593999773e+06 2.318233620743569645e+00 1.159825468902397558e-02
2.459663143660999835e+06 2.304733953909297917e+00 1.159864271723883011e-02
2.459663647255000193e+06 2.312262841261841562e+00 1.159819795851539485e-02
2.459664140321999788e+06 2.323787439851860093e+00 1.159821702672473621e-02
2.459664633388999850e+06 2.303074570122409348e+00 1.159877665886138200e-02
2.459665136981999967e+06 2.301827636281885692e+00 1.159885701785510516e-02
2.459665630049999803e+06 2.290614470709437800e+00 1.159931694712715636e-02
2.459666123116999865e+06 2.289264638893738990e+00 1.159880707980984020e-02
2.459666626709999982e+06 2.295598857868368370e+00 1.159918521559421753e-02
2.459667119777000044e+06 2.291808891395072045e+00 1.159903280651987389e-02
2.459667612844000105e+06 2.305150048195365731e+00 1.159861360255242356e-02
2.459668116437999997e+06 2.326747200232269996e+00 1.159798834419660529e-02
2.459668609505000059e+06 2.312003035779654603e+00 1.159902422034203053e-02
2.459669102572000120e+06 2.295182373691008415e+00 1.159919474845924094e-02
2.459669606166000012e+06 2.289886728144816530e+00 1.159984989871656012e-02
2.459670099233000074e+06 2.299075323056506193e+00 1.159981086060328515e-02
2.459670592300000135e+06 2.313042432891414979e+00 1.159997796140495134e-02
2.459671095894000027e+06 2.282306672745056719e+00 1.159928918738852531e-02
2.459671588961000089e+06 2.302451018789712478e+00 1.159987759235255045e-02
2.459672082028000150e+06 2.290821233962238690e+00 1.159825403988964596e-02
2.459672585620999802e+06 2.315378520106475602e+00 1.159889825509185547e-02
2.459673078687999863e+06 2.290302251373450115e+00 1.159984536309007462e-02
2.459673571756000165e+06 2.314340204827240122e+00 1.160009156872093133e-02
2.459674075348999817e+06 2.296584344642290887e+00 1.159993421129767478e-02
2.459674568415999878e+06 2.312573794394302773e+00 1.159975768430510611e-02
2.459675061482999939e+06 2.302762773350091052e+00 1.159932730644934462e-02
2.459675565076999832e+06 2.302398003506141766e+00 1.159961049837534078e-02
2.459676058143999893e+06 2.314235759465087749e+00 1.159956806065484507e-02
2.459676551210999954e+06 2.305358123508018053e+00 1.159966055615684055e-02
2.459677054804999847e+06 2.302501914610406430e+00 1.159801332572264233e-02
2.459677547871999908e+06 2.307123272278030601e+00 1.160004233825055048e-02
2.459678040938999970e+06 2.300166107946139959e+00 1.159895873953154487e-02
2.459678544532000087e+06 2.303541283620544888e+00 1.159900548804023400e-02
2.459679037599999923e+06 2.310393744402380101e+00 1.159946241595852766e-02
2.459679530666999985e+06 2.304528057480289771e+00 1.159972908606784342e-02
2.459680034260000102e+06 2.300373733381385843e+00 1.160000572428989546e-02
2.459680527327000163e+06 2.296013302913645582e+00 1.159916461410333451e-02
2.459681020394000225e+06 2.317661465246082741e+00 1.159966145271247584e-02
2.459681523988000117e+06 2.301257410353256816e+00 1.159810319879520102e-02
2.459682017055000179e+06 2.322905808758106261e+00 1.159809568299597499e-02
2.459682510121999774e+06 2.300219071837824369e+00 1.159922581850128011e-02
2.459683013716000132e+06 2.292742069955411743e+00 1.159953231279660726e-02
2.459683506783000194e+06 2.296116925865598457e+00 1.159968810396115602e-02
2.459683999849999789e+06 2.313457896407248970e+00 1.159993075007270842e-02
2.459684503444000147e+06 2.316415167721626922e+00 1.159982435117206181e-02
2.459684996511000209e+06 2.292742069955411743e+00 1.159953231279660726e-02
2.459685489577999804e+06 2.278414836556671208e+00 1.159839631989985353e-02
2.459685993170999922e+06 2.299854704929686910e+00 1.159950668403891307e-02
2.459686486237999983e+06 2.304216063930727643e+00 1.159815868181966053e-02
2.459686979305999819e+06 2.310704446178675209e+00 1.159889407434765499e-02
2.459687482898999937e+06 2.289211927234298116e+00 1.159854001048184549e-02
2.459687975965999998e+06 2.306604845402774995e+00 1.159956018847574724e-02
2.459688469033000059e+06 2.323164699697027658e+00 1.159938830617068470e-02
2.459688972626999952e+06 2.322593466363074732e+00 1.159867536831929447e-02
2.459689465694000013e+06 2.298971566593117632e+00 1.159928736520546115e-02
2.459689958761000074e+06 2.301516008323018170e+00 1.159940650625085334e-02
2.459690462354999967e+06 2.319893243220787049e+00 1.159801107213482771e-02
2.459690955422000028e+06 2.302605830404353959e+00 1.159853676362091607e-02
2.459691448489000089e+06 2.293417911461390624e+00 1.159872692523861160e-02
2.459691952082000207e+06 2.311172705856074927e+00 1.159911589852088976e-02
2.459692445150000043e+06 2.316882450736857280e+00 1.160003041900151306e-02
2.459692938217000104e+06 2.320412519584013289e+00 1.159846994932601377e-02
2.459693441810000222e+06 2.322490787626206643e+00 1.159816260646345971e-02
2.459693934876999818e+06 2.328876185928772991e+00 1.160002066644586632e-02
2.459807647255999967e+06 2.298764067713607417e+00 1.159824044528423581e-02
2.459808150849000085e+06 2.306343551430202865e+00 1.159824618136794973e-02
2.459808643916000146e+06 2.310549090067981481e+00 1.159811424329885293e-02
2.459809136983000208e+06 2.291756121152726866e+00 1.159876573199438744e-02
2.459809640577000100e+06 2.304320057087124507e+00 1.159868212627810161e-02
2.459810133644000161e+06 2.293261605407196146e+00 1.160004859532342246e-02
2.459810626711000223e+06 2.307123272278030601e+00 1.160004233825055048e-02
2.459811130305000115e+06 2.299958501250597642e+00 1.160003018933496860e-02
2.459811623372000176e+06 2.311638931326258195e+00 1.159932665289630828e-02
2.459812116438999772e+06 2.312367197582868350e+00 1.159872140474646138e-02
2.459812620031999890e+06 2.324256210051943050e+00 1.159841597883046020e-02
2.459813113100000191e+06 2.301984526186820812e+00 1.159964758251173095e-02
2.459813606166999787e+06 2.306033436028233741e+00 1.159881059410337693e-02
2.459814109759999905e+06 2.271249266182547188e+00 1.159957375077845694e-02
2.459814602826999966e+06 2.314911540413168378e+00 1.159869103071221527e-02
2.459815095894000027e+06 2.303333372290893966e+00 1.160008004199539894e-02
2.459815599487999920e+06 2.305046017581760864e+00 1.159809016118643413e-02
2.459816092554999981e+06 2.334429700340501235e+00 1.159973129581935367e-02
2.459816585622000042e+06 2.289783386359495410e+00 1.159932640155696137e-02
2.459817089215999935e+06 2.298816999321750654e+00 1.159850750771444262e-02
2.459817582282999996e+06 2.323423619489688008e+00 1.159854112117358893e-02
2.459818075350000057e+06 2.311017318262773568e+00 1.159833605255813395e-02
2.459818578943999950e+06 2.300842018713146864e+00 1.159812882100795355e-02
2.459819072011000011e+06 2.316157028943183427e+00 1.159853167940497198e-02
2.459819565078000072e+06 2.312313953973471836e+00 1.159845433739114563e-02
2.459820068671000190e+06 2.310029893387300692e+00 1.159976329752511644e-02
2.459820561737999786e+06 2.283450491950282935e+00 1.159879297376033985e-02
2.459821054806000087e+06 2.305203126847836792e+00 1.159888067357499677e-02
2.459821558399000205e+06 2.305254083504047369e+00 1.159913706754220342e-02
2.459822051465999801e+06 2.322127170272482388e+00 1.159848551535868147e-02
2.459822544532999862e+06 2.318284865439645959e+00 1.159851106915375969e-02
2.459823048127000220e+06 2.299647126340535586e+00 1.159845974432260896e-02
2.459823541193999816e+06 2.287862921920758463e+00 1.159802672791691164e-02
2.459824034260999877e+06 2.295338810662544304e+00 1.159998533613519449e-02
2.459824537854999769e+06 2.322905808758106261e+00 1.159809568299597499e-02
2.459825030921999831e+06 2.315534200937155340e+00 1.159967813885584564e-02
2.459825523988999892e+06 2.303541283620544888e+00 1.159900548804023400e-02
2.459826027582000010e+06 2.305929365547646270e+00 1.159828714384722979e-02
2.459826520649999846e+06 2.307019152613515089e+00 1.159951883240622171e-02
2.459827013716999907e+06 2.307745963439995496e+00 1.159892215742910904e-02
2.459827517310000025e+06 2.305254083504047369e+00 1.159913706754220342e-02
2.459828010377000086e+06 2.299543344071865114e+00 1.160005426759008924e-02
2.459828503444000147e+06 2.317661465246082741e+00 1.159966145271247584e-02
2.459829007038000040e+06 2.296480700595892266e+00 1.159941071033311448e-02
2.459829500105000101e+06 2.299803867624431231e+00 1.159925028190148845e-02
2.459829993172000162e+06 2.305774330481020318e+00 1.159963105024479010e-02
2.459830496766000055e+06 2.322905808758106261e+00 1.159809568299597499e-02
2.459830989833000116e+06 2.299907661650968826e+00 1.159977377562568246e-02
2.459831482900000177e+06 2.317973144385557127e+00 1.159908644314961400e-02
2.459831986494000070e+06 2.324671546658778620e+00 1.159834747433508007e-02
2.459832479561000131e+06 2.281684541243378828e+00 1.159822885884834003e-02
2.459832972628000192e+06 2.317349828015593971e+00 1.159810173986228730e-02
2.459833476220999844e+06 2.295493144068348812e+00 1.159865106567422102e-02
2.459833969287999906e+06 2.307435659467002687e+00 1.159948777076700438e-02
2.459834462356000207e+06 2.325500300677470378e+00 1.159819859831768586e-02
2.459834965948999859e+06 2.307486665473483800e+00 1.159974417815413245e-02
2.459835459015999921e+06 2.311951929940738282e+00 1.159876782886926083e-02
2.459835952082999982e+06 2.297570254479762042e+00 1.159856557202025573e-02
2.459836455676999874e+06 2.294195375483510713e+00 1.159843280609244333e-02
2.459836948743999936e+06 2.327057957920910969e+00 1.159953735822373024e-02
2.459837441810999997e+06 2.309251317108993895e+00 1.160010749233344150e-02
2.459837945404999889e+06 2.292691389871912566e+00 1.159927591009267227e-02
2.459838438471999951e+06 2.305617182285020217e+00 1.159884048671491058e-02
2.459838931539000012e+06 2.319530032547782117e+00 1.159833161270255701e-02
2.459839435132000130e+06 2.318180242056342877e+00 1.159798763241506360e-02
2.459839928199999966e+06 2.323008505843312310e+00 1.159860844189308099e-02
2.459840421267000027e+06 2.298764067713607417e+00 1.159824044528423581e-02
2.459840924860000145e+06 2.307641815673653340e+00 1.159839870213818548e-02
2.459841417927000206e+06 2.319166878740321458e+00 1.159865176860830349e-02
2.459841910993999802e+06 2.302709750888197071e+00 1.159906022514282931e-02
2.459842414588000160e+06 2.313197956648857634e+00 1.159862738371310667e-02
2.459842907655000221e+06 2.306084411038479942e+00 1.159906698652147378e-02
2.459843400721999817e+06 2.313560175794477036e+00 1.159831272243024188e-02
2.459843904316000175e+06 2.307331525704562569e+00 1.159896428995010886e-02
2.459844397382999770e+06 2.297777645599224705e+00 1.159961252128914252e-02
2.459844890449999832e+06 2.307486665473483800e+00 1.159974417815413245e-02
2.459845394044000190e+06 2.310393744402380101e+00 1.159946241595852766e-02
2.459845887110999785e+06 2.302709750888197071e+00 1.159906022514282931e-02
2.459846380177999847e+06 2.304528057480289771e+00 1.159972908606784342e-02
2.459846883770999964e+06 2.318128999672922408e+00 1.159986633956694435e-02
2.459847376838000026e+06 2.317403187581603241e+00 1.159836879909861146e-02
2.459847869905999862e+06 2.326539337221045223e+00 1.159909504462273977e-02
2.459848373498999979e+06 2.320829306898351430e+00 1.159841567780801018e-02
2.459848866566000041e+06 2.305566217602665890e+00 1.159858409930349284e-02
2.459849359633000102e+06 2.291030125994358624e+00 1.159931164439388131e-02
2.459849863226999994e+06 2.299803867624431231e+00 1.159925028190148845e-02
2.459850356294000056e+06 2.303800138234776362e+00 1.159818701854613970e-02
2.459850849361000117e+06 2.315534200937155340e+00 1.159967813885584564e-02
2.459851352955000009e+06 2.308940810723243864e+00 1.159854771950790536e-02
2.459851846022000071e+06 2.321244031129355623e+00 1.159835033011730014e-02
2.459852339089000132e+06 2.323840947651073741e+00 1.159848408861570770e-02
2.459852842681999784e+06 2.299282850031607595e+00 1.159874020451266870e-02
2.459853335750000086e+06 2.302398003506141766e+00 1.159961049837534078e-02
2.459853828817000147e+06 2.312003035779654603e+00 1.159902422034203053e-02
2.459854332409999799e+06 2.294818804622594577e+00 1.159947098068298335e-02
2.459854825476999860e+06 2.310185214588372560e+00 1.159841548023770284e-02
2.459855318543999922e+06 2.352757681411215884e+00 1.159978990605723369e-02
2.459855822137999814e+06 2.307537672607455903e+00 1.160000059120916416e-02
2.459856315204999875e+06 2.322385974431109723e+00 1.159977818198072719e-02
2.459856808271999937e+06 2.317349828015593971e+00 1.159810173986228730e-02
2.459857311865999829e+06 2.296998967606331821e+00 1.159991283719897202e-02
2.459857804932999890e+06 2.319427489241207230e+00 1.159995513770809873e-02
2.459858297999999952e+06 2.296531464442336912e+00 1.159966711601681869e-02
2.459858801593999844e+06 2.302035411695666944e+00 1.159990399343150715e-02
2.459859294660999905e+06 2.290770596337998288e+00 1.160010754313202559e-02
2.459859787727999967e+06 2.310342674136161900e+00 1.159920601479963280e-02
2.459860291321000084e+06 2.314807069266849204e+00 1.159816758585195673e-02
2.459860784388000146e+06 2.305462168207481621e+00 1.159806065926897306e-02
2.459861277455999982e+06 2.312833664014042778e+00 1.159893097915244004e-02
2.459861781049000099e+06 2.299647126340535586e+00 1.159845974432260896e-02
2.459862274116000161e+06 2.302970633174402426e+00 1.159825321013671813e-02
2.459862767183000222e+06 2.303541283620544888e+00 1.159900548804023400e-02
2.459863270777000114e+06 2.312418312601301373e+00 1.159897779519302244e-02
2.459863763844000176e+06 2.307745963439995496e+00 1.159892215742910904e-02
2.459864256910999771e+06 2.306706821812430697e+00 1.160007301211953869e-02
2.459864760505000129e+06 2.306241591080242959e+00 1.159985756548928028e-02
2.459865253572000191e+06 2.295442403173531876e+00 1.159839468244987411e-02
2.459865746638999786e+06 2.290146157664564086e+00 1.159905478495387374e-02
2.459866250231999904e+06 2.313509035535646685e+00 1.159805634668483083e-02
2.459866743300000206e+06 2.272806171579360601e+00 1.159915174747878225e-02
2.459867236366999801e+06 2.310808732166703905e+00 1.159941755199560103e-02
2.459867739959999919e+06 2.312003035779654603e+00 1.159902422034203053e-02
2.459868233026999980e+06 2.282203673044977954e+00 1.159876571553362760e-02
2.459868726094000041e+06 2.281995585793055170e+00 1.159980995641342154e-02
2.459869229687999934e+06 2.300685206674890626e+00 1.159945736924552356e-02
2.459869722754999995e+06 2.310653369044526784e+00 1.159863768575170734e-02
2.459870215822000057e+06 2.298713254516421500e+00 1.160010126428564527e-02
2.459870719415999949e+06 2.295856819972633023e+00 1.159837408236303463e-02
2.459871212483000010e+06 2.307019152613515089e+00 1.159951883240622171e-02
2.459871705550000072e+06 2.311223794470195436e+00 1.159937229768776175e-02
2.459872209143999964e+06 2.309666099673078676e+00 1.160006379664111319e-02
2.459872702211000025e+06 2.308940810723243864e+00 1.159854771950790536e-02
2.459873195278000087e+06 2.326228648789540276e+00 1.159968862542646445e-02
2.459873698871000204e+06 2.307019152613515089e+00 1.159951883240622171e-02
2.459874191937999800e+06 2.314026882881319302e+00 1.159852111539881950e-02
2.459874685006000102e+06 2.293468607604693954e+00 1.159898331580720178e-02
2.459875188599000219e+06 2.297881348178945515e+00 1.159801960442669380e-02
2.459875681665999815e+06 2.292535133333220454e+00 1.159848537076712052e-02
2.459876174732999876e+06 2.309666099673078676e+00 1.160006379664111319e-02
2.459876678326999769e+06 2.306551734474913129e+00 1.159929310180694666e-02
2.459877171393999830e+06 2.309042890407353443e+00 1.159906049838982378e-02
2.459877664460999891e+06 2.289939455342309138e+00 1.159800788602474188e-02
2.459878168054999784e+06 2.295078792915060006e+00 1.159867128086634197e-02
2.459878661121999845e+06 2.301100570004317447e+00 1.159943213134279755e-02
2.459879154188999906e+06 2.285318840322162259e+00 1.159986382863699601e-02
2.459987411249999888e+06 2.307486665473483800e+00 1.159974417815413245e-02
2.459987904316999950e+06 2.296116925865598457e+00 1.159968810396115602e-02
2.459988407910000067e+06 2.292742069955411743e+00 1.159953231279660726e-02
2.459988900977000128e+06 2.313093562835965233e+00 1.159810394172517724e-02
2.459989394044000190e+06 2.284279277755539628e+00 1.159879499557785881e-02
2.459989897638000082e+06 2.291393094820890042e+00 1.159903887698124358e-02
2.459990390705000143e+06 2.299543344071865114e+00 1.160005426759008924e-02
2.459990883772000205e+06 2.297726854206477931e+00 1.159935611681223167e-02
2.459991387366000097e+06 2.285786166226684291e+00 1.159802531642391450e-02
2.459991880433000159e+06 2.291289685053776282e+00 1.159851541642280791e-02
2.459992373500000220e+06 2.292794862900335850e+00 1.159979940497350703e-02
2.459992877094000112e+06 2.312573794394302773e+00 1.159975768430510611e-02
2.459993370161000174e+06 2.306604845402774995e+00 1.159956018847574724e-02
2.459993863227999769e+06 2.297362882078846535e+00 1.159963466665629543e-02
2.459994366820999887e+06 2.324877101501645615e+00 1.159937303706286803e-02
2.459994859887999948e+06 2.326747200232269996e+00 1.159798834419660529e-02
2.459995352955999784e+06 2.305409083590439501e+00 1.159991696736340297e-02
2.459995856548999902e+06 2.288381351757388327e+00 1.159854716415784949e-02
2.459996349615999963e+06 2.333548330187513731e+00 1.159965034124253724e-02
2.459996842683000024e+06 2.292275433188462941e+00 1.159928274911210117e-02
2.459997346276999917e+06 2.297881348178945515e+00 1.159801960442669380e-02
2.459997839343999978e+06 2.296427822782395545e+00 1.159914362710613364e-02
2.459998332411000039e+06 2.293314410315003826e+00 1.159820347875840756e-02
2.459998836004999932e+06 2.335989035583668549e+00 1.159887349767154720e-02
2.459999329071999993e+06 2.303800138234776362e+00 1.159818701854613970e-02
2.459999822139000054e+06 2.313820156256327643e+00 1.159961605343058123e-02
2.460000325732000172e+06 2.294301029517709534e+00 1.159896694596102007e-02
2.460000818800000008e+06 2.323423619489688008e+00 1.159854112117358893e-02
2.460001311867000069e+06 2.297830554493897726e+00 1.159987961531293299e-02
2.460001815460000187e+06 2.297415781423127079e+00 1.159990176119000960e-02
2.460002308526999783e+06 2.294455293145450270e+00 1.159974683434362823e-02
2.460002801593999844e+06 2.296013302913645582e+00 1.159916461410333451e-02
2.460003305188000202e+06 2.292535133333220454e+00 1.159848537076712052e-02
2.460003798254999798e+06 2.324930634391535023e+00 1.159964012557226747e-02
2.460004291321999859e+06 2.287862921920758463e+00 1.159802672791691164e-02
2.460004794916000217e+06 2.335365176534148990e+00 1.160007775540135289e-02
2.460005287982999813e+06 2.300738182519402653e+00 1.159972445969676552e-02
2.460005781049999874e+06 2.319427489241207230e+00 1.159995513770809873e-02
2.460006284644000232e+06 2.289627328013445151e+00 1.159853585879020398e-02
2.460006777710999828e+06 2.318959692927061500e+00 1.159975142865619924e-02
2.460007270777999889e+06 2.312003035779654603e+00 1.159902422034203053e-02
2.460007774371000007e+06 2.313144693910746952e+00 1.159836031852268246e-02
2.460008267438000068e+06 2.309978831163853386e+00 1.159950688971536116e-02
2.460008760505999904e+06 2.306343551430202865e+00 1.159824618136794973e-02
2.460009264099000022e+06 2.304474994371686680e+00 1.159946199551007556e-02
2.460009757166000083e+06 2.304008091697253846e+00 1.159923393364478000e-02
2.460010250233000144e+06 2.312469428749635014e+00 1.159923419130711071e-02
2.460010753827000037e+06 2.317817299576845791e+00 1.159830659916723759e-02
2.460011246894000098e+06 2.299282850031607595e+00 1.159874020451266870e-02
2.460011739961000159e+06 2.316103698070707484e+00 1.159826461641823465e-02
2.460012243555000052e+06 2.300115263757454009e+00 1.159870234950620069e-02
2.460012736622000113e+06 2.295649602221625063e+00 1.159944161629334301e-02
2.460013229689000174e+06 2.309096058696860521e+00 1.159932757970267084e-02
2.460013733281999826e+06 2.296584344642290887e+00 1.159993421129767478e-02
2.460014226350000128e+06 2.303280336690617602e+00 1.159981294335666983e-02
2.460014719417000189e+06 2.318389493544777746e+00 1.159903452951603457e-02
2.460015223009999841e+06 2.299282850031607595e+00 1.159874020451266870e-02
2.460015716076999903e+06 2.296687993366327341e+00 1.159834240807404090e-02
2.460016209143999964e+06 2.323995056996761566e+00 1.159925326122008583e-02
2.460016712737999856e+06 2.299596293623716203e+00 1.159820336532733920e-02
2.460017205804999918e+06 2.299803867624431231e+00 1.159925028190148845e-02
2.460017698871999979e+06 2.326955081814868542e+00 1.159902455826047722e-02
2.460018202465999871e+06 2.316570918254154510e+00 1.159847065653936936e-02
2.460018695532999933e+06 2.319322814291692847e+00 1.159943163579909772e-02
2.460019188599999994e+06 2.301308279789163524e+00 1.159835957557628361e-02
2.460019692193999887e+06 2.320153935345040441e+00 1.159931436923797993e-02
2.460020185260999948e+06 2.302398003506141766e+00 1.159961049837534078e-02
2.460020678328000009e+06 2.299439566486852105e+00 1.159953076120739252e-02
2.460021181921000127e+06 2.313249090031270327e+00 1.159888377208132676e-02
2.460021674988000188e+06 2.297259202897318886e+00 1.159911117921004139e-02
2.460022168056000024e+06 2.305670271693774698e+00 1.159910756296174232e-02
2.460022671649000142e+06 2.331004972722264146e+00 1.159988937683446332e-02
2.460023164716000203e+06 2.311328103897288155e+00 1.159989579691873308e-02
2.460023657782999799e+06 2.320412519584013289e+00 1.159846994932601377e-02
2.460024161377000157e+06 2.327057957920910969e+00 1.159953735822373024e-02
2.460024654444000218e+06 2.315429701690377318e+00 1.159915464944770436e-02
2.460025147510999814e+06 2.307435659467002687e+00 1.159948777076700438e-02
2.460025651105000172e+06 2.282203673044977954e+00 1.159876571553362760e-02
2.460026144171999767e+06 2.309147101406568314e+00 1.159958398354876685e-02
2.460026637238999829e+06 2.295856819972633023e+00 1.159837408236303463e-02
2.460027140831999946e+06 2.298764067713607417e+00 1.159824044528423581e-02
2.460027633899999782e+06 2.306084411038479942e+00 1.159906698652147378e-02
2.460028126966999844e+06 2.292898340598671592e+00 1.159821108606502726e-02
2.460028630559999961e+06 2.297466565939590755e+00 1.159804213282186920e-02
2.460029123627000023e+06 2.310498016367913632e+00 1.159998591925668829e-02
2.460029616694000084e+06 2.297673947699564678e+00 1.159908903484230085e-02
2.460030120287999976e+06 2.298920748809257564e+00 1.159903096791598497e-02
2.460030613355000038e+06 2.303488243232987731e+00 1.159873841414373573e-02
2.460031106422000099e+06 2.288849303916280054e+00 1.159881084830618157e-02
2.460031610015999991e+06 2.281995585793055170e+00 1.159980995641342154e-02
2.460032103083000053e+06 2.289990074594127289e+00 1.159826426069892995e-02
2.460032596150000114e+06 2.302605830404353959e+00 1.159853676362091607e-02
2.460033099744000006e+06 2.306759936311351566e+00 1.159821551232965986e-02
2.460033592811000068e+06 2.306706821812430697e+00 1.160007301211953869e-02
2.460034085878000129e+06 2.294091839250452569e+00 1.160002230955417719e-02
2.460034589470999781e+06 2.310444815797509488e+00 1.159971882278518565e-02
2.460035082537999842e+06 2.302451018789712478e+00 1.159987759235255045e-02
2.460035575606000144e+06 2.310602293039416999e+00 1.159838130282311863e-02
2.460036079198999796e+06 2.307486665473483800e+00 1.159974417815413245e-02
2.460036572265999857e+06 2.298971566593117632e+00 1.159928736520546115e-02
2.460037065332999919e+06 2.308213623586738095e+00 1.159914671270885315e-02
2.460037568926999811e+06 2.295235222826649935e+00 1.159946183286334961e-02
2.460038061993999872e+06 2.305670271693774698e+00 1.159910756296174232e-02
2.460038555060999934e+06 2.298867814812221688e+00 1.159876389343279801e-02
2.460039058654999826e+06 2.313871303392500689e+00 1.159987246365340452e-02
2.460039551721999887e+06 2.302554932286646316e+00 1.159828038292317134e-02
2.460040044788999949e+06 2.298556587562385456e+00 1.159931066870874272e-02
2.460040548382000066e+06 2.304216063930727643e+00 1.159815868181966053e-02
2.460041041449999902e+06 2.306137511205690771e+00 1.159933406798368226e-02
2.460041534516999964e+06 2.304370994223024383e+00 1.159893851585640928e-02
2.460042038110000081e+06 2.282670361927505720e+00 1.159903513538955433e-02
2.460042531177000143e+06 2.310289477142603687e+00 1.159893893628588524e-02
2.460043024244000204e+06 2.317505641392572091e+00 1.159888157007038685e-02
2.460043527838000096e+06 2.299854704929686910e+00 1.159950668403891307e-02
2.460044020905000158e+06 2.299958501250597642e+00 1.160003018933496860e-02
2.460044513972000219e+06 2.293208801715259870e+00 1.159978149740880510e-02
2.460045017566000111e+06 2.306396657564417918e+00 1.159851324393024186e-02
2.460045510633000173e+06 2.318803781789510410e+00 1.159897153996470275e-02
2.460046003699999768e+06 2.306968156941205716e+00 1.159926243000026364e-02
2.460046507294000126e+06 2.328511568854557012e+00 1.159820452627414143e-02
2.460047000361000188e+06 2.308213623586738095e+00 1.159914671270885315e-02
2.460047493427999783e+06 2.305099093838810731e+00 1.159835722015618506e-02
2.460047997020999901e+06 2.318647881134367594e+00 1.159819170370763458e-02
2.460048490087999962e+06 2.316519711444148477e+00 1.159821427730289151e-02
2.460048983155999798e+06 2.309459762624363144e+00 1.159902748973551737e-02
2.460049486748999916e+06 2.297466565939590755e+00 1.159804213282186920e-02
2.460049979815999977e+06 2.291496509255068315e+00 1.159956236116437694e-02
2.460050472883000039e+06 2.304891041905467119e+00 1.159943326728893158e-02
2.460050976476999931e+06 2.292222652203719679e+00 1.159901566883154295e-02
2.460051469543999992e+06 2.322854461918053559e+00 1.159997874007100832e-02
2.460051962611000054e+06 2.308058434942078740e+00 1.159836686467435700e-02
2.460052466204999946e+06 2.315013884066893013e+00 1.159920381593004465e-02
2.460052959272000007e+06 2.310653369044526784e+00 1.159863768575170734e-02
2.460053452339000069e+06 2.314962711674454887e+00 1.159894742048735508e-02
2.460053955932000186e+06 2.311121618371247077e+00 1.159885950502161783e-02
2.460054449000000022e+06 2.313300224543989980e+00 1.159914016611702896e-02
2.460054942067000084e+06 2.303645246322968632e+00 1.159952897071646859e-02
2.460055445660000201e+06 2.321556192052329770e+00 1.159991007639794847e-02
2.460055938726999797e+06 2.303592203541609429e+00 1.159926188476647496e-02
2.460056431793999858e+06 2.319478760327819078e+00 1.159807523653958068e-02
2.460056935388000216e+06 2.316570918254154510e+00 1.159847065653936936e-02
2.460057428454999812e+06 2.285474605006690307e+00 1.159854946201431362e-02
2.460057921521999873e+06 2.309510813373768734e+00 1.159928388694810714e-02
2.460058425116000231e+06 2.317142804530935241e+00 1.159919977563163111e-02
2.460058918182999827e+06 2.323113347134301065e+00 1.159913190664995340e-02
