2.458346727899000049e+06 1.369936383343696787e-02 4.534001333227975338e-04
2.458347220966000110e+06 1.455408141433973609e-02 4.533906979613660246e-04
2.458347714033000171e+06 1.361626515456958002e-02 4.533963516882235267e-04
2.458348217627000064e+06 1.380027052799289757e-02 4.533969189262671180e-04
2.458348710694000125e+06 1.296928398531460580e-02 4.534021340296477795e-04
2.458349203761000186e+06 1.378246188106072544e-02 4.533957593460826406e-04
2.458349707355000079e+06 1.356284504549955770e-02 4.533914027819202128e-04
2.458350200422000140e+06 1.330167706725374557e-02 4.533960116164586704e-04
2.458350693489000201e+06 1.337290009092575831e-02 4.533972645378732381e-04
2.458351197081999853e+06 1.421575728943790494e-02 4.533912024498784588e-04
2.458351690150000155e+06 1.411485431562500142e-02 4.533971115215790497e-04
2.458352183217000216e+06 1.335508941328669708e-02 4.533961321510973099e-04
2.458352686809999868e+06 1.263094953540525901e-02 4.533937378951195330e-04
2.458353179876999930e+06 1.376465085996303982e-02 4.533930125453638506e-04
2.458353672943999991e+06 1.391897324374630728e-02 4.533995684718275000e-04
2.458354176537999883e+06 1.304643935989118798e-02 4.533958136148526197e-04
2.458354669604999945e+06 1.383588042440749705e-02 4.533944686220140537e-04
2.458355162672000006e+06 1.331354161126606026e-02 4.533957686215553916e-04
2.458355666265999898e+06 1.321263993650863104e-02 4.533912786155675574e-04
2.458356159332999960e+06 1.382400874921886971e-02 4.534001439782033992e-04
2.458356652400000021e+06 1.324825869899306716e-02 4.533933254884394380e-04
2.458357155993999913e+06 1.284463004207919527e-02 4.533978366064975347e-04
2.458357649060999975e+06 1.315329013866224812e-02 4.534020644906447514e-04
2.458358142128000036e+06 1.302864347789131627e-02 4.534013538567685173e-04
2.458358645721000154e+06 1.324825869899306716e-02 4.533933254884394380e-04
2.458359138788000215e+06 1.346193843246139103e-02 4.534031032960838268e-04
2.458359631856000051e+06 1.349754549548797151e-02 4.533964876630462368e-04
2.458360135449000169e+06 1.396052015609082486e-02 4.534028243570817221e-04
2.458360628516000230e+06 1.374685019465485616e-02 4.534017593898463931e-04
2.458361121582999825e+06 1.342039195526168599e-02 4.534005545302950170e-04
2.458361625177000184e+06 1.416826920182669321e-02 4.534034245704584437e-04
2.458362118243999779e+06 1.352129848430955530e-02 4.533973462070572404e-04
2.458362611310999840e+06 1.392491009918868719e-02 4.534005771099644880e-04
2.458363114905000199e+06 1.403768846527424057e-02 4.534007956471354322e-04
2.458363607971999794e+06 1.423950196958388009e-02 4.534009462272179606e-04
2.458364101038999856e+06 1.397239324156054723e-02 4.534023610240812832e-04
2.458364604631999973e+06 1.371122949473025689e-02 4.534013606546028938e-04
2.458365097699999809e+06 1.429885295394992331e-02 4.533943037805363463e-04
2.458365590766999871e+06 1.362813415184552408e-02 4.534024560253370061e-04
2.458366094359999988e+06 1.313548158759593465e-02 4.533931039781507024e-04
2.458366587427000050e+06 1.352129848430955530e-02 4.533973462070572404e-04
2.458367080494000111e+06 1.320076804518677087e-02 4.533972792062537348e-04
2.458367584088000003e+06 1.385368153622561216e-02 4.533908548590462025e-04
2.458368077155000065e+06 1.424543121351826147e-02 4.533929317794090541e-04
2.458368570222000126e+06 1.350348915578883889e-02 4.533971465784781109e-04
2.458369073816000018e+06 1.361626515456958002e-02 4.533963516882235267e-04
2.458369566883000080e+06 1.282089666986498296e-02 4.533984833321456670e-04
2.458370059950000141e+06 1.274372525980931210e-02 4.533924697165057612e-04
2.458370563544000033e+06 1.388930132737912701e-02 4.533924681590896727e-04
2.458371056611000095e+06 1.366375291619079634e-02 4.533919235209329414e-04
2.458371549678000156e+06 1.428697879030072643e-02 4.533993976080642578e-04
2.458372053270999808e+06 1.309986439434958176e-02 4.533943899573021023e-04
2.458372546337999869e+06 1.391897324374630728e-02 4.533995684718275000e-04
2.458373039406000171e+06 1.320670265684897177e-02 4.533943260564396362e-04
2.458373542998999823e+06 1.301083591989140795e-02 4.533927991640969305e-04
2.458374036065999884e+06 1.350348915578883889e-02 4.533971465784781109e-04
2.458374529132999945e+06 1.378839130857015954e-02 4.534003235235543167e-04
2.458375032726999838e+06 1.342039195526168599e-02 4.534005545302950170e-04
2.458375525793999899e+06 1.336696466455610313e-02 4.533930116213357982e-04
2.458376018860999960e+06 1.390116505664414082e-02 4.533956359091344235e-04
2.458376522454999853e+06 1.390710712527899913e-02 4.533973065982120111e-04
2.458377015521999914e+06 1.405549030730901539e-02 4.533932228432467453e-04
2.458377508588999975e+06 1.409110983236250975e-02 4.534001167468192594e-04
2.458378012182000093e+06 1.438789302008504530e-02 4.533950048196584443e-04
2.458378505249999929e+06 1.476776592516837808e-02 4.533962367582887627e-04
2.458378998316999990e+06 1.387149277466160659e-02 4.533988398193417122e-04
2.458379501910000108e+06 1.378839130857015954e-02 4.534003235235543167e-04
2.458379994977000169e+06 1.394865715981314161e-02 4.534029595096630144e-04
2.458380488044000231e+06 1.352129848430955530e-02 4.533973462070572404e-04
2.458380991638000123e+06 1.391303891946946321e-02 4.533984782780014437e-04
2.458381484705000184e+06 1.403768846527424057e-02 4.534007956471354322e-04
2.458381977771999780e+06 1.343226341508916427e-02 4.533933633960841262e-04
2.458382481366000138e+06 1.428104540672602354e-02 4.533952474022077072e-04
2.458382974433000199e+06 1.326012444805123834e-02 4.533963755211767701e-04
2.458383467499999795e+06 1.344413299370661279e-02 4.533977696794452015e-04
2.458383971094000153e+06 1.387743494143018307e-02 4.534013395887606808e-04
2.458384464161000215e+06 1.393084948687622199e-02 4.534015041226424256e-04
2.458384957227999810e+06 1.426917288855742739e-02 4.533994476052373261e-04
2.458385460820999928e+06 1.381213453889590728e-02 4.533923367471312635e-04
2.458385953887999989e+06 1.391897324374630728e-02 4.533995684718275000e-04
2.458386446955999825e+06 1.333729017266900053e-02 4.533937809439658132e-04
2.458386950548999943e+06 1.337290009092575831e-02 4.533972645378732381e-04
2.458387443616000004e+06 1.314735531029659690e-02 4.534033430276006912e-04
2.458387936683000065e+06 1.392491009918868719e-02 4.534005771099644880e-04
2.458388440276999958e+06 1.408517995538756569e-02 4.534039090558469919e-04
2.458388933344000019e+06 1.391897324374630728e-02 4.533995684718275000e-04
2.458389426411000080e+06 1.426917288855742739e-02 4.533994476052373261e-04
2.458389930004999973e+06 1.312360650107297425e-02 4.533941833181385854e-04
2.458390423072000034e+06 1.337290009092575831e-02 4.533972645378732381e-04
2.458390916139000095e+06 1.365187804553139560e-02 4.534002534745359731e-04
2.458391419732000213e+06 1.320076804518677087e-02 4.533972792062537348e-04
2.458391912800000049e+06 1.320670265684897177e-02 4.533943260564396362e-04
2.458392405867000110e+06 1.347974262215130212e-02 4.533944052533518481e-04
2.458392909460000228e+06 1.469654334942818198e-02 4.534024138415012630e-04
2.458393402526999824e+06 1.328979861575521094e-02 4.533950589184337085e-04
2.458393895593999885e+06 1.312954270177367488e-02 4.533936902539443484e-04
2.458394399187999777e+06 1.368748322735611166e-02 4.533977333670346577e-04
2.458394892254999839e+06 1.409110983236250975e-02 4.534001167468192594e-04
2.458395385321999900e+06 1.404362421756515274e-02 4.533984936128892087e-04
2.458395888915999793e+06 1.323637918560089007e-02 4.534012738401287730e-04
2.458396381982999854e+06 1.417420794959006226e-02 4.533976484637227376e-04
2.458396875049999915e+06 1.337290009092575831e-02 4.533972645378732381e-04
2.458397378643999808e+06 1.396052015609082486e-02 4.534028243570817221e-04
2.458397871710999869e+06 1.357471748866285501e-02 4.534006997754431740e-04
2.458398364777999930e+06 1.368154678861579175e-02 4.534027076225661678e-04
2.458398868371000048e+06 1.391897324374630728e-02 4.533995684718275000e-04
2.458399361438000109e+06 1.381807673204008338e-02 4.533964893328681781e-04
2.458399854505999945e+06 1.404956247975332716e-02 4.533961085651189247e-04
2.458400358099000063e+06 1.249442861165676356e-02 4.533955768568369749e-04
2.458400851166000124e+06 1.382994331297693162e-02 4.533909803549038319e-04
2.458401344233000185e+06 1.388336686660060840e-02 4.534033406996770300e-04
2.458401847827000078e+06 1.368154678861579175e-02 4.534027076225661678e-04
2.458402340894000139e+06 1.308799739842216210e-02 4.533935186025383145e-04
2.458402833961000200e+06 1.322451032438886308e-02 4.533966631652615363e-04
2.458403337555000093e+06 1.324231761017714663e-02 4.533973470566809972e-04
2.458403830622000154e+06 1.314141105606184828e-02 4.533920068168703632e-04
2.458404323689000215e+06 1.380620761705675034e-02 4.534012374612118043e-04
2.458404827281999867e+06 1.382994331297693162e-02 4.533909803549038319e-04
2.458405320350000169e+06 1.283275786930234905e-02 4.533924444161834314e-04
2.458405813417000230e+06 1.401394471920862535e-02 4.533954325132819084e-04
2.458406317009999882e+06 1.457189388582541718e-02 4.533953248437701472e-04
2.458406810076999944e+06 1.394865715981314161e-02 4.534029595096630144e-04
2.458407303144000005e+06 1.332541673795933912e-02 4.533951644758469420e-04
2.458407806737999897e+06 1.363407252964847667e-02 4.533991043111174155e-04
2.458408299804999959e+06 1.430479373607325411e-02 4.533982238799456541e-04
2.458408792872000020e+06 1.413859974351607332e-02 4.533915559900309074e-04
2.458409296465999912e+06 1.437602435972503735e-02 4.533917391429043088e-04
2.458409789532999974e+06 1.420388671926448888e-02 4.533919932597362153e-04
2.458410282600000035e+06 1.383588042440749705e-02 4.533944686220140537e-04
2.458410786193999927e+06 1.410891444640202490e-02 4.534012329993890745e-04
2.458411279260999989e+06 1.420982730866554057e-02 4.533983902321503433e-04
2.458411772328000050e+06 1.259534303401041444e-02 4.533917075261308192e-04
2.458412275921000168e+06 1.402582448614114220e-02 4.533922326922477388e-04
2.458412768988000229e+06 1.359252060423681713e-02 4.533944102128411018e-04
2.458413262056000065e+06 1.300489349966488933e-02 4.534013248204056307e-04
2.458413765649000183e+06 1.366375291619079634e-02 4.533919235209329414e-04
2.458414258715999778e+06 1.448879941399922391e-02 4.533987599683124404e-04
2.458414751782999840e+06 1.357471748866285501e-02 4.534006997754431740e-04
2.458415255377000198e+06 1.316515570813731571e-02 4.533988091042191553e-04
2.458415748443999793e+06 1.364000093215309191e-02 4.533952459944614460e-04
2.458416241510999855e+06 1.396052015609082486e-02 4.534028243570817221e-04
2.458416745105000213e+06 1.387149277466160659e-02 4.533988398193417122e-04
2.458417238171999808e+06 1.330760801701441100e-02 4.534020636026056517e-04
2.458417731238999870e+06 1.283275786930234905e-02 4.533924444161834314e-04
2.458418234831999987e+06 1.423950196958388009e-02 4.534009462272179606e-04
2.458526481366999913e+06 1.305237672058010348e-02 4.533977828678395884e-04
2.458526984960000031e+06 1.397239324156054723e-02 4.534023610240812832e-04
2.458527478027000092e+06 1.398426354481426166e-02 4.534011513544543921e-04
2.458527971094000153e+06 1.372310543342909923e-02 4.534022499670012471e-04
2.458528474688000046e+06 1.368154678861579175e-02 4.534027076225661678e-04
2.458528967755000107e+06 1.398426354481426166e-02 4.534011513544543921e-04
2.458529460822000168e+06 1.355097050506006914e-02 4.534063194636562687e-04
2.458529964416000061e+06 1.269030324399039213e-02 4.533970139158201794e-04
2.458530457483000122e+06 1.332541673795933912e-02 4.534074376382223916e-04
2.458530950550000183e+06 1.334322471202593376e-02 4.533988892913787478e-04
2.458531454144000076e+06 1.382400874921886971e-02 4.534001439782033992e-04
2.458531947211000137e+06 1.377652231473354243e-02 4.534033863060121447e-04
2.458532440278000198e+06 1.347380941406227731e-02 4.534058075937929329e-04
2.458532943870999850e+06 1.375277696823788698e-02 4.534072359572286545e-04
2.458533436937999912e+06 1.328386336841264233e-02 4.534005650261059431e-04
2.458533930006000213e+06 1.368748322735611166e-02 4.533977333670346577e-04
2.458534433598999865e+06 1.495177661840250798e-02 4.533995377762577161e-04
2.458534926665999927e+06 1.337883815284414239e-02 4.534014318363499140e-04
2.458535419732999988e+06 1.381807673204008338e-02 4.533964893328681781e-04
2.458535923326999880e+06 1.299302876720733781e-02 4.534065197186800409e-04
2.458536416393999942e+06 1.343226341508916427e-02 4.534057349678859085e-04
2.458536909461000003e+06 1.365781419027625038e-02 4.533961331516895513e-04
2.458537413054999895e+06 1.369342224192397067e-02 4.534052815405858073e-04
2.458537906121999957e+06 1.299302876720733781e-02 4.534065197186800409e-04
2.458538399189000018e+06 1.381807673204008338e-02 4.533964893328681781e-04
2.458538902782000136e+06 1.383588042440749705e-02 4.534072119388194854e-04
2.458539395849999972e+06 1.426917288855742739e-02 4.533994476052373261e-04
2.458539888917000033e+06 1.481525735545890891e-02 4.534078989443432440e-04
2.458540392510000151e+06 1.382994331297693162e-02 4.534037182034277285e-04
2.458540885577000212e+06 1.337290009092575831e-02 4.533972645378732381e-04
2.458541378643999808e+06 1.388336686660060840e-02 4.534033406996770300e-04
2.458541882238000166e+06 1.344413299370661279e-02 4.533977696794452015e-04
2.458542375305000227e+06 1.371716617884780921e-02 4.534081645883369168e-04
2.458542868371999823e+06 1.371122949473025689e-02 4.534013606546028938e-04
2.458543371966000181e+06 1.393084948687622199e-02 4.534015041226424256e-04
2.458543865032999776e+06 1.302270491879357894e-02 4.533985939475785503e-04
2.458544358099999838e+06 1.305831678332825332e-02 4.533996600100229264e-04
2.458544861694000196e+06 1.369342224192397067e-02 4.534052815405858073e-04
2.458545354760999791e+06 1.331947785118781785e-02 4.534016455790152453e-04
2.458545847827999853e+06 1.358064509870550961e-02 4.533985524113023956e-04
2.458546351420999970e+06 1.314141105606184828e-02 4.534041105037497845e-04
2.458546844488000032e+06 1.331354161126606026e-02 4.534080308465349954e-04
2.458547337555999868e+06 1.349161687756564830e-02 4.534085853186423836e-04
2.458547841148999985e+06 1.310580192666767341e-02 4.534067573800367812e-04
2.458548334216000047e+06 1.340257974667033794e-02 4.534036462428426683e-04
2.458548827283000108e+06 1.347380941406227731e-02 4.534058075937929329e-04
2.458549330877000000e+06 1.348567844293556417e-02 4.534077464890156391e-04
2.458549823944000062e+06 1.381807673204008338e-02 4.534092162518668862e-04
2.458550317011000123e+06 1.351535943320179324e-02 4.533973671304185370e-04
2.458550820605000015e+06 1.359252060423681713e-02 4.534069293869689163e-04
2.458551313672000077e+06 1.407330176268715635e-02 4.533974460828610483e-04
2.458551806739000138e+06 1.340851863774511314e-02 4.534069612018140540e-04
2.458552310331999790e+06 1.254191924182635788e-02 4.533977296551035588e-04
2.458552803400000092e+06 1.350348915578883889e-02 4.534095837516116060e-04
2.458553296467000153e+06 1.362813415184552408e-02 4.534024560253370061e-04
2.458553800059999805e+06 1.415046788376206170e-02 4.534072135117427006e-04
2.458554293126999866e+06 1.329573651497393053e-02 4.534017032033802689e-04
2.458554786193999927e+06 1.345006552171086091e-02 4.533996342180387096e-04
2.458555289787999820e+06 1.318889467363320786e-02 4.534024853698456000e-04
2.458555782854999881e+06 1.344413299370661279e-02 4.534101521835329305e-04
2.458556275921999943e+06 1.298708251846528161e-02 4.534023648701033084e-04
2.458556779515999835e+06 1.374685019465485616e-02 4.534017593898463931e-04
2.458557272582999896e+06 1.305831678332825332e-02 4.533996600100229264e-04
2.458557765649999958e+06 1.384774954040690273e-02 4.534007858028361740e-04
2.458558269243999850e+06 1.334322471202593376e-02 4.533988892913787478e-04
2.458558762310999911e+06 1.374091331936641569e-02 4.534084415922072790e-04
2.458559255377999973e+06 1.316515570813731571e-02 4.533988091042191553e-04
2.458559758971000090e+06 1.410891444640202490e-02 4.534012329993890745e-04
2.458560252038000152e+06 1.357471748866285501e-02 4.534006997754431740e-04
2.458560745105999988e+06 1.437008046615940830e-02 4.534028103436853760e-04
2.458561248699000105e+06 1.385368153622561216e-02 4.534036145712816239e-04
2.458561741766000167e+06 1.361626515456958002e-02 4.534088927318905612e-04
2.458562234833000228e+06 1.397239324156054723e-02 4.534023610240812832e-04
2.458562738427000120e+06 1.286837179159424326e-02 4.534062332360955867e-04
2.458563231494000182e+06 1.406736642324581468e-02 4.534005759941737057e-04
2.458563724560999777e+06 1.288025318611872583e-02 4.534096538515303143e-04
2.458564228155000135e+06 1.437008046615940830e-02 4.534028103436853760e-04
2.458564721222000197e+06 1.272592032913806397e-02 4.534036665026868178e-04
2.458565214288999792e+06 1.333135827276079287e-02 4.534008660875681615e-04
2.458565717881999910e+06 1.344413299370661279e-02 4.534101521835329305e-04
2.458566210950000212e+06 1.400207501434857366e-02 4.534111980397060801e-04
2.458566704016999807e+06 1.335508941328669708e-02 4.534084326430166609e-04
2.458567207609999925e+06 1.318889467363320786e-02 4.534024853698456000e-04
2.458567700676999986e+06 1.356877996855895135e-02 4.534023412887695369e-04
2.458568193744000047e+06 1.312360650107297425e-02 4.534062706064167798e-04
2.458568697337999940e+06 1.466686180612065959e-02 4.534053000197217805e-04
2.458569190405000001e+06 1.340257974667033794e-02 4.534036462428426683e-04
2.458569683472000062e+06 1.366375291619079634e-02 4.534045083024445394e-04
2.458570187065999955e+06 1.409704220582248119e-02 4.534092247381519116e-04
2.458570680133000016e+06 1.396052015609082486e-02 4.534028243570817221e-04
2.458571173200000077e+06 1.431072380575918596e-02 4.534016513744005758e-04
2.458571676793999970e+06 1.309986439434958176e-02 4.534064553782920972e-04
2.458572169861000031e+06 1.336696466455610313e-02 4.534053230507658120e-04
2.458572662928000093e+06 1.361032199726835631e-02 4.534115602701702368e-04
2.458573166521000210e+06 1.398426354481426166e-02 4.534011513544543921e-04
2.458573659587999806e+06 1.348567844293556417e-02 4.534077464890156391e-04
2.458574152656000108e+06 1.401394471920862535e-02 4.534083398333638485e-04
2.458574656249000225e+06 1.283275786930234905e-02 4.534042638229722282e-04
2.458575149315999821e+06 1.323637918560089007e-02 4.534012738401287730e-04
2.458575642382999882e+06 1.355690023197634111e-02 4.534049422559231594e-04
2.458576145976999775e+06 1.354503089633930443e-02 4.534071911198922825e-04
2.458576639043999836e+06 1.375277696823788698e-02 4.534072359572286545e-04
2.458577132110999897e+06 1.296928398531460580e-02 4.534140791816363650e-04
2.458577635704999790e+06 1.335508941328669708e-02 4.534084326430166609e-04
2.458578128771999851e+06 1.406143358700195738e-02 4.534036226202998359e-04
2.458578621838999912e+06 1.358658781083466396e-02 4.534092480223028319e-04
2.458579125432000030e+06 1.316515570813731571e-02 4.534109346607313089e-04
2.458579618499999866e+06 1.345600066757737107e-02 4.534138055504794611e-04
2.458580111566999927e+06 1.439975821638446278e-02 4.534108119321694579e-04
2.458580615160000045e+06 1.400207501434857366e-02 4.534111980397060801e-04
2.458581108227000106e+06 1.443537265999728265e-02 4.534153983872677091e-04
2.458581601294000167e+06 1.377058530806865751e-02 4.534109224881316836e-04
2.458582104888000060e+06 1.336696466455610313e-02 4.534053230507658120e-04
2.458582597955000121e+06 1.360439396410997696e-02 4.534145567108092533e-04
2.458583091022000182e+06 1.318889467363320786e-02 4.534146327907530305e-04
2.458583594616000075e+06 1.311767298427982294e-02 4.534066650782074071e-04
2.458584087683000136e+06 1.331947785118781785e-02 4.534139132714739119e-04
2.458584580750000197e+06 1.351535943320179324e-02 4.534098152364815070e-04
2.458585084344000090e+06 1.391897324374630728e-02 4.534123883199478542e-04
2.458585577411000151e+06 1.317703198153037485e-02 4.534073153687079457e-04
2.458586070478000212e+06 1.315921552596911390e-02 4.534123948976829014e-04
2.458586574070999864e+06 1.378839130857015954e-02 4.534130231012675934e-04
2.458587067137999926e+06 1.312360650107297425e-02 4.534062706064167798e-04
2.458587560206000227e+06 1.352722768617022932e-02 4.534092791579823699e-04
2.458588063798999880e+06 1.345006552171086091e-02 4.534120221861867410e-04
2.458588556865999941e+06 1.449472566242777233e-02 4.534106586071716860e-04
2.458589049933000002e+06 1.382400874921886971e-02 4.534128763607918658e-04
2.458589553526999895e+06 1.321263993650863104e-02 4.534156171977731767e-04
2.458590046593999956e+06 1.279120914485569818e-02 4.534089155280427341e-04
2.458590539661000017e+06 1.402582448614114220e-02 4.534180692157506725e-04
2.458591043254999910e+06 1.317703198153037485e-02 4.534073153687079457e-04
2.458591536321999971e+06 1.411485431562500142e-02 4.534101117828338141e-04
2.458592029389000032e+06 1.357471748866285501e-02 4.534132025522956324e-04
2.458592532982000150e+06 1.394865715981314161e-02 4.534158066976804249e-04
2.458593026049999986e+06 1.421575728943790494e-02 4.534173888425347353e-04
2.458593519117000047e+06 1.345600066757737107e-02 4.534138055504794611e-04
2.458594022710000165e+06 1.330760801701441100e-02 4.534143203625429913e-04
2.458594515777000226e+06 1.365781419027625038e-02 4.534087124634324684e-04
2.458595008843999822e+06 1.383588042440749705e-02 4.534199552556250254e-04
2.458595512438000180e+06 1.317703198153037485e-02 4.534194518636721748e-04
2.458596005504999775e+06 1.407923960638223990e-02 4.534072002755225837e-04
2.458596498571999837e+06 1.386555315226418832e-02 4.534090297077769780e-04
2.458597002166000195e+06 1.317108644072996146e-02 4.534089631084830272e-04
2.458597495232999790e+06 1.367561292458587853e-02 4.534201879810313002e-04
2.458597988299999852e+06 1.375871896931398115e-02 4.534130505777151971e-04
2.458712204272000119e+06 1.340257974667033794e-02 4.547244790810671270e-04
2.458712697339000180e+06 1.387743494143018307e-02 4.547689697112763181e-04
2.458713200931999832e+06 1.447098188946145843e-02 4.548137787354976196e-04
2.458713694000000134e+06 1.304050470003237372e-02 4.548590636755481817e-04
2.458714187067000195e+06 1.397832713316457705e-02 4.549081155797563393e-04
2.458714690659999847e+06 1.438789302008504530e-02 4.549587100446750645e-04
2.458715183726999909e+06 1.461937478845186204e-02 4.550073127214342541e-04
2.458715676793999970e+06 1.419201299002879370e-02 4.550651788801031070e-04
2.458716180387999862e+06 1.410297707681851427e-02 4.551198612075823841e-04
2.458716673454999924e+06 1.371122949473025689e-02 4.551693519225092602e-04
2.458717166521999985e+06 1.385961607314855661e-02 4.552317830376956167e-04
2.458717670115999877e+06 1.428104540672602354e-02 4.553024800936297670e-04
2.458718163182999939e+06 1.375277696823788698e-02 4.553705861897576219e-04
2.458718656250000000e+06 1.403175522181970315e-02 4.554320394308689155e-04
2.458719159843999892e+06 1.351535943320179324e-02 4.555135451611181264e-04
2.458719652910999954e+06 1.461937478845186204e-02 4.555863052180908306e-04
2.458720145978000015e+06 1.450066769042906469e-02 4.556532953642984315e-04
2.458720649571000133e+06 1.354503089633930443e-02 4.557400973696011486e-04
2.458721142638000194e+06 1.337290009092575831e-02 4.558360099775108330e-04
2.458721635706000030e+06 1.407923960638223990e-02 4.559228873012183833e-04
2.458722139299000148e+06 1.411485431562500142e-02 4.560101640337890132e-04
2.458722632366000209e+06 1.390116505664414082e-02 4.561099664979952496e-04
2.458723125432999805e+06 1.472621714281787189e-02 4.562167473508608410e-04
2.458723629027000163e+06 1.365187804553139560e-02 4.563299592084599492e-04
2.458724122094000224e+06 1.491021823166861424e-02 4.564376882655107404e-04
2.458724615160999820e+06 1.437008046615940830e-02 4.565528196516164790e-04
2.458725118755000178e+06 1.467872722317625778e-02 4.566788182053191109e-04
2.458725611821999773e+06 1.447098188946145843e-02 4.568130187662773015e-04
2.458726104888999835e+06 1.383588042440749705e-02 4.569498540107417412e-04
2.458726608481999952e+06 1.394272302157916442e-02 4.571011114653486290e-04
2.458727101549999788e+06 1.410297707681851427e-02 4.572501100014074254e-04
2.458727594616999850e+06 1.344413299370661279e-02 4.574097010038974376e-04
2.458728098209999967e+06 1.368154678861579175e-02 4.575862961534765856e-04
2.458728591277000029e+06 1.426917288855742739e-02 4.577627223843595914e-04
2.458729084344000090e+06 1.494582868866337760e-02 4.579545442396101926e-04
2.458729587937999982e+06 1.435227674565793705e-02 4.581550818217143550e-04
2.458730081005000044e+06 1.493989688520287219e-02 4.583644746873461297e-04
2.458730574072000105e+06 1.410891444640202490e-02 4.585861543821742299e-04
2.458731077665999997e+06 1.382400874921886971e-02 4.588241389609248357e-04
2.458731570733000059e+06 1.445318627593041722e-02 4.590733731889991807e-04
2.458732063800000120e+06 1.490428683416981752e-02 4.593447688852674514e-04
2.458732567394000012e+06 1.420982730866554057e-02 4.596281519084054624e-04
2.458733060461000074e+06 1.453627732814821889e-02 4.599319179607902919e-04
2.458733553528000135e+06 1.378246188106072544e-02 4.602505822608538369e-04
2.458734057120999787e+06 1.466093269481623905e-02 4.605947669688202563e-04
2.458734550187999848e+06 1.488647937331402486e-02 4.609622800985167909e-04
2.458735043256000150e+06 1.498738970277548044e-02 4.613538136160338790e-04
2.458735546848999802e+06 1.585991297613523546e-02 4.617875195810164650e-04
2.458736039915999863e+06 1.528416086615039075e-02 4.622400026834479116e-04
2.458736532982999925e+06 1.516544645452607906e-02 4.627143706707305751e-04
2.458737036576999817e+06 1.543256091932357181e-02 4.632456675180322641e-04
2.458737529643999878e+06 1.512984225304135621e-02 4.638158581645639503e-04
2.458738022710999940e+06 1.562842453454410530e-02 4.644180483001024949e-04
2.458738526304999832e+06 1.545036700394431146e-02 4.650893491227026631e-04
2.458739019371999893e+06 1.596676009702745550e-02 4.658103173284255678e-04
2.458739512438999955e+06 1.551565091885801113e-02 4.665972415136409733e-04
2.458740016032000072e+06 1.508235643247493943e-02 4.674721690603607350e-04
2.458740509099999908e+06 1.565810496297045940e-02 4.684151149869561753e-04
2.458741002166999970e+06 1.515357839224236967e-02 4.694563564959243463e-04
2.458741505760000087e+06 1.624572883694294298e-02 4.706271255108391812e-04
2.458741998827000149e+06 1.657219366947693465e-02 4.719185761950630068e-04
2.458742491894000210e+06 1.629915913653032233e-02 4.733459052776323867e-04
2.458742995488000102e+06 1.715388127799067144e-02 4.749746122494974345e-04
2.458743488555000164e+06 1.739724181352413426e-02 4.767938336536788448e-04
2.458743981622000225e+06 1.729039042680796667e-02 4.788499706146471364e-04
2.458744485216000117e+06 1.865558190054630860e-02 4.812453850029806590e-04
2.458744978283000179e+06 1.815699608780360630e-02 4.839697382091945658e-04
2.458745471349999774e+06 1.901764779303392536e-02 4.871347206201804593e-04
2.458745974944000132e+06 1.936785834279499893e-02 4.909500069854908335e-04
2.458746468011000194e+06 1.978333932029669590e-02 4.953778309536279248e-04
2.458746961077999789e+06 2.171834861579520146e-02 5.007435678359058997e-04
2.458747464670999907e+06 2.175396372470113707e-02 5.074753801195878945e-04
2.458747957737999968e+06 2.507196656692459863e-02 5.162246687062065336e-04
2.458748450805999804e+06 3.370826503876332703e-02 5.691747408324794371e-04
2.458748954398999922e+06 3.337585500181348280e-02 5.646685427284693116e-04
2.458749447465999983e+06 2.970765693325243609e-02 5.513668902616444259e-04
2.458749940533000045e+06 3.131621023860360620e-02 5.647517267865774819e-04
2.458750444126999937e+06 3.497846927517628268e-02 5.747720925244825200e-04
2.458750937193999998e+06 3.404066220669642318e-02 5.752576615123595636e-04
2.458751430261000060e+06 3.187416379043353509e-02 5.660946901073926228e-04
2.458751933854999952e+06 3.004006029302729378e-02 5.519196284504499905e-04
2.458752426922000013e+06 2.791512648477477085e-02 5.379723951432080356e-04
2.458752919989000075e+06 2.448433990598291449e-02 5.258646803574231962e-04
2.458753423582000192e+06 2.336251536431798934e-02 5.156925234394074816e-04
2.458753916650000028e+06 2.221694807476906966e-02 5.076148593696139721e-04
2.458754409717000090e+06 2.094079667377141477e-02 5.010232437774725638e-04
2.458754913310000207e+06 2.003857341374460505e-02 4.954938207652813224e-04
2.458755406376999803e+06 1.998515864037601897e-02 4.909886206586852901e-04
2.458755899443999864e+06 1.867339138927133491e-02 4.871912307665251835e-04
2.458756403038000222e+06 1.762279543610494048e-02 4.839005994588140751e-04
2.458756896104999818e+06 1.739724181352413426e-02 4.811522125605816481e-04
2.458757389171999879e+06 1.775336982225838786e-02 4.787543353053238886e-04
2.458757892765999772e+06 1.805014936318286717e-02 4.766164468176403062e-04
2.458758385832999833e+06 1.675026182785643164e-02 4.747831982512896228e-04
2.458758878899999894e+06 1.543848925979435585e-02 4.731638922581211980e-04
2.458759382493999787e+06 1.618637508391921470e-02 4.716806154531852520e-04
2.458759875560999848e+06 1.591333480079832816e-02 4.703928678611170419e-04
2.458760368627999909e+06 1.615669028990210018e-02 4.692233306659275311e-04
2.458760872221000027e+06 1.577088264287512462e-02 4.681575002770574888e-04
2.458761365288000088e+06 1.533757855211680121e-02 4.672034820531399376e-04
2.458761858355999924e+06 1.474402301048936999e-02 4.663420930280297392e-04
2.458762361949000042e+06 1.589553684267358200e-02 4.655332283369268027e-04
2.458762855016000103e+06 1.508828921129696556e-02 4.648072036638704061e-04
2.458763348083000164e+06 1.513577977025780917e-02 4.641372825761342497e-04
2.458763851677000057e+06 1.545630218453272232e-02 4.635170098619826370e-04
2.458764344744000118e+06 1.513577977025780917e-02 4.629523342665598342e-04
2.458764837811000179e+06 1.531383628892905510e-02 4.624181458924309790e-04
2.458765341405000072e+06 1.451846827775967776e-02 4.619224872386527717e-04
2.458765834472000133e+06 1.453627732814821889e-02 4.614715846730275766e-04
2.458766327539000195e+06 1.454220960224712755e-02 4.610571876892224138e-04
2.458766831131999847e+06 1.453034747403065749e-02 4.606543359351529163e-04
2.458767324200000148e+06 1.539693938367841727e-02 4.602903139135576635e-04
2.458767817267000210e+06 1.464905467722673292e-02 4.599517560141675571e-04
2.458768320859999862e+06 1.430479373607325411e-02 4.596300943909506650e-04
2.458768813926999923e+06 1.481525735545890891e-02 4.593299835760346035e-04
2.458769306993999984e+06 1.488054371381891325e-02 4.590515900330336416e-04
2.458769810587999877e+06 1.410297707681851427e-02 4.587698606652949851e-04
2.458770303654999938e+06 1.447098188946145843e-02 4.585323651927477803e-04
2.458770796721999999e+06 1.416233294229587991e-02 4.582875687612071700e-04
2.458771300315999892e+06 1.416826920182669321e-02 4.580620811418113889e-04
2.458771793382999953e+06 1.423356208392260840e-02 4.578526106087971604e-04
2.458772286450000014e+06 1.473215908735157377e-02 4.576627284598808057e-04
2.458772790043999907e+06 1.409704220582248119e-02 4.574731715708040209e-04
2.458773283110999968e+06 1.441163319749969203e-02 4.573022293484884770e-04
2.458773776178000029e+06 1.413859974351607332e-02 4.571289077598313382e-04
2.458774279771000147e+06 1.400207501434857366e-02 4.569706010392783624e-04
2.458774772838000208e+06 1.400800860955236753e-02 4.568158993545867437e-04
2.458775265906000044e+06 1.454220960224712755e-02 4.566773921927701815e-04
2.458775769499000162e+06 1.413266289830511502e-02 4.565334412355506613e-04
2.458776262566000223e+06 1.498145520271713937e-02 4.564106746819474383e-04
2.458776755632999819e+06 1.400800860955236753e-02 4.562869233929538171e-04
2.458777259227000177e+06 1.372310543342909923e-02 4.561702889038537394e-04
2.458777752293999773e+06 1.430479373607325411e-02 4.560596146690006807e-04
2.458778245360999834e+06 1.353909389104470708e-02 4.559518480296417473e-04
2.458778748955000192e+06 1.440570111740496588e-02 4.558535223580758894e-04
2.458779242021999788e+06 1.483899197631217970e-02 4.557606748909302373e-04
2.458779735088999849e+06 1.494582868866337760e-02 4.556694518281704902e-04
2.458780238681999967e+06 1.431072380575918596e-02 4.555764608885368790e-04
2.458780731749999803e+06 1.456002095430989143e-02 4.554933966158568131e-04
2.458781224816999864e+06 1.422168974488298605e-02 4.554142220579656709e-04
2.458781728409999982e+06 1.365781419027625038e-02 4.553459264718491203e-04
2.458782221477000043e+06 1.393084948687622199e-02 4.552619681715933966e-04
2.458782714544000104e+06 1.366375291619079634e-02 4.552041320586134622e-04
2.458783218137999997e+06 1.391303891946946321e-02 4.551284199027691955e-04
2.458783711205000058e+06 1.459562847273797315e-02 4.550748265497834514e-04
2.459622427943999879e+06 1.396052015609082486e-02 4.534028243570817221e-04
2.459622921010999940e+06 1.327793077176193590e-02 4.533937463584579073e-04
2.459623424604999833e+06 1.393084948687622199e-02 4.534015041226424256e-04
2.459623917671999894e+06 1.401394471920862535e-02 4.533954325132819084e-04
2.459624410738999955e+06 1.359252060423681713e-02 4.533944102128411018e-04
2.459624914332000073e+06 1.401394471920862535e-02 4.533954325132819084e-04
2.459625407399999909e+06 1.356284504549955770e-02 4.533914027819202128e-04
2.459625900466999970e+06 1.331354161126606026e-02 4.533957686215553916e-04
2.459626404060000088e+06 1.386555315226418832e-02 4.533962590613792353e-04
2.459626897127000149e+06 1.359845598828483826e-02 4.533919976312970001e-04
2.459627390194000211e+06 1.484492473402267664e-02 4.533997733036728328e-04
2.459627893788000103e+06 1.434634267075196763e-02 4.533937929896838604e-04
2.459628386855000164e+06 1.336696466455610313e-02 4.533930116213357982e-04
2.459628879922000226e+06 1.381807673204008338e-02 4.533964893328681781e-04
2.459629383516000118e+06 1.397239324156054723e-02 4.534023610240812832e-04
2.459629876583000179e+06 1.381213453889590728e-02 4.533923367471312635e-04
2.459630369649999775e+06 1.352722768617022932e-02 4.533968201208544817e-04
2.459630873244000133e+06 1.350942299074348735e-02 4.533973005619402682e-04
2.459631366311000194e+06 1.342039195526168599e-02 4.534005545302950170e-04
2.459631859377999790e+06 1.412078367981135958e-02 4.533924886216410309e-04
2.459632362970999908e+06 1.305237672058010348e-02 4.533977828678395884e-04
2.459632856037999969e+06 1.334916189200606625e-02 4.533916173858066863e-04
2.459633349105999805e+06 1.341444780526597144e-02 4.533974173031366222e-04
2.459633852698999923e+06 1.319483610032317310e-02 4.534001381491383040e-04
2.459634345765999984e+06 1.360439396410997696e-02 4.534020266009128721e-04
2.459634838833000045e+06 1.430479373607325411e-02 4.533982238799456541e-04
2.459635342426999938e+06 1.292179360692131962e-02 4.533961814038777122e-04
2.459635835493999999e+06 1.347974262215130212e-02 4.533944052533518481e-04
2.459636328561000060e+06 1.361032199726835631e-02 4.533990247003534708e-04
2.459636832154999953e+06 1.399020247757992372e-02 4.534004230689434468e-04
2.459637325222000014e+06 1.334322471202593376e-02 4.533988892913787478e-04
2.459637818289000075e+06 1.392491009918868719e-02 4.534005771099644880e-04
2.459638321882000193e+06 1.339070985470332785e-02 4.533967583666118116e-04
2.459638814950000029e+06 1.337883815284414239e-02 4.534014318363499140e-04
2.459639308017000090e+06 1.306424751674314239e-02 4.534010273591850449e-04
2.459639811610000208e+06 1.304050470003237372e-02 4.533937523352503732e-04
2.459640304676999804e+06 1.297522208484338038e-02 4.533946169608812850e-04
2.459640797743999865e+06 1.368748322735611166e-02 4.533977333670346577e-04
2.459641301338000223e+06 1.390116505664414082e-02 4.533956359091344235e-04
2.459641794404999819e+06 1.404956247975332716e-02 4.533961085651189247e-04
2.459642287471999880e+06 1.378246188106072544e-02 4.533957593460826406e-04
2.459642791065999772e+06 1.372310543342909923e-02 4.534022499670012471e-04
2.459643284132999834e+06 1.289806021133184898e-02 4.533949995112801956e-04
2.459643777199999895e+06 1.309986439434958176e-02 4.533943899573021023e-04
2.459644280793999787e+06 1.266656336383999507e-02 4.534004820092942022e-04
2.459644773860999849e+06 1.430479373607325411e-02 4.533982238799456541e-04
2.459645266927999910e+06 1.376465085996303982e-02 4.533930125453638506e-04
2.459645770521000028e+06 1.431072380575918596e-02 4.534016513744005758e-04
2.459646263588000089e+06 1.324231761017714663e-02 4.533973470566809972e-04
2.459646756655999925e+06 1.383588042440749705e-02 4.533944686220140537e-04
2.459647260249000043e+06 1.366968163414960212e-02 4.533997971622025138e-04
2.459647753316000104e+06 1.411485431562500142e-02 4.533971115215790497e-04
2.459648246383000165e+06 1.413266289830511502e-02 4.533964253162461508e-04
2.459648749977000058e+06 1.380027052799289757e-02 4.533969189262671180e-04
2.459649243044000119e+06 1.435821327507414563e-02 4.533986616441338345e-04
2.459649736111000180e+06 1.368748322735611166e-02 4.533977333670346577e-04
2.459650239705000073e+06 1.412078367981135958e-02 4.533924886216410309e-04
2.459650732772000134e+06 1.298115094709535733e-02 4.533985364570335651e-04
2.459651225839000195e+06 1.386555315226418832e-02 4.533962590613792353e-04
2.459651729431999847e+06 1.372903461467312597e-02 4.533958276295877387e-04
2.459652222500000149e+06 1.356284504549955770e-02 4.533914027819202128e-04
2.459652715567000210e+06 1.419201299002879370e-02 4.533920490215217038e-04
2.459653219159999862e+06 1.285650135706672276e-02 4.534024331184106503e-04
2.459653712226999924e+06 1.389523832484952995e-02 4.533943014676451483e-04
2.459654205293999985e+06 1.411485431562500142e-02 4.533971115215790497e-04
2.459654708887999877e+06 1.301676906653820992e-02 4.533957423553035770e-04
2.459655201954999939e+06 1.385961607314855661e-02 4.533935973846916958e-04
2.459655695022000000e+06 1.387149277466160659e-02 4.533988398193417122e-04
2.459656198615999892e+06 1.320670265684897177e-02 4.533943260564396362e-04
2.459656691682999954e+06 1.408517995538756569e-02 4.534039090558469919e-04
2.459657184750000015e+06 1.340851863774511314e-02 4.533946114997604174e-04
2.459657688343999907e+06 1.430479373607325411e-02 4.533982238799456541e-04
2.459658181410999969e+06 1.328979861575521094e-02 4.533950589184337085e-04
2.459658674478000030e+06 1.405549030730901539e-02 4.533932228432467453e-04
2.459659178071000148e+06 1.331354161126606026e-02 4.533957686215553916e-04
2.459659671138000209e+06 1.391303891946946321e-02 4.533984782780014437e-04
2.459660164206000045e+06 1.404362421756515274e-02 4.533984936128892087e-04
2.459660667799000163e+06 1.378246188106072544e-02 4.533957593460826406e-04
2.459661160866000224e+06 1.377058530806865751e-02 4.533982393103508173e-04
2.459661653932999820e+06 1.396646186893244629e-02 4.534028425476764232e-04
2.459662157527000178e+06 1.357471748866285501e-02 4.534006997754431740e-04
2.459662650593999773e+06 1.357471748866285501e-02 4.534006997754431740e-04
2.459663143660999835e+06 1.291585616698251622e-02 4.534019771939319242e-04
2.459663647255000193e+06 1.422168974488298605e-02 4.533970283684544728e-04
2.459664140321999788e+06 1.372310543342909923e-02 4.534022499670012471e-04
2.459664633388999850e+06 1.309392955200728952e-02 4.533940006333091362e-04
2.459665136981999967e+06 1.319483610032317310e-02 4.534001381491383040e-04
2.459665630049999803e+06 1.457782726840756160e-02 4.533919648642910404e-04
2.459666123116999865e+06 1.390710712527899913e-02 4.533973065982120111e-04
2.459666626709999982e+06 1.384182008460426057e-02 4.533978763271779471e-04
2.459667119777000044e+06 1.425137605235093918e-02 4.533983756302664052e-04
2.459667612844000105e+06 1.403768846527424057e-02 4.534007956471354322e-04
2.459668116437999997e+06 1.393084948687622199e-02 4.534015041226424256e-04
2.459668609505000059e+06 1.384774954040690273e-02 4.534007858028361740e-04
2.459669102572000120e+06 1.446505202599385892e-02 4.534017088048450362e-04
2.459669606166000012e+06 1.361032199726835631e-02 4.533990247003534708e-04
2.459670099233000074e+06 1.408517995538756569e-02 4.534039090558469919e-04
2.459670592300000135e+06 1.353909389104470708e-02 4.533955049368162547e-04
2.459671095894000027e+06 1.336696466455610313e-02 4.533930116213357982e-04
2.459671588961000089e+06 1.342632637309321489e-02 4.534031879125995524e-04
2.459672082028000150e+06 1.292179360692131962e-02 4.533961814038777122e-04
2.459672585620999802e+06 1.385961607314855661e-02 4.533935973846916958e-04
2.459673078687999863e+06 1.343226341508916427e-02 4.533933633960841262e-04
2.459673571756000165e+06 1.336103187256533313e-02 4.534009791286839632e-04
2.459674075348999817e+06 1.328979861575521094e-02 4.533950589184337085e-04
2.459674568415999878e+06 1.394272302157916442e-02 4.534026953928098434e-04
2.459675061482999939e+06 1.373497900804627851e-02 4.534023830743042047e-04
2.459675565076999832e+06 1.396052015609082486e-02 4.534028243570817221e-04
2.459676058143999893e+06 1.358658781083466396e-02 4.533967343124795904e-04
2.459676551210999954e+06 1.424543121351826147e-02 4.533929317794090541e-04
2.459677054804999847e+06 1.431665633376269335e-02 4.533918176651008662e-04
2.459677547871999908e+06 1.436415226001586110e-02 4.534009826195930766e-04
2.459678040938999970e+06 1.325419024567800995e-02 4.534009990247965527e-04
2.459678544532000087e+06 1.305237672058010348e-02 4.533977828678395884e-04
2.459679037599999923e+06 1.331947785118781785e-02 4.534016455790152453e-04
2.459679530666999985e+06 1.272592032913806397e-02 4.533919454969089391e-04
2.459680034260000102e+06 1.342039195526168599e-02 4.534005545302950170e-04
2.459680527327000163e+06 1.486867949402997068e-02 4.533994892415033756e-04
2.459681020394000225e+06 1.384182008460426057e-02 4.533978763271779471e-04
2.459681523988000117e+06 1.420388671926448888e-02 4.533919932597362153e-04
2.459682017055000179e+06 1.387149277466160659e-02 4.533988398193417122e-04
2.459682510121999774e+06 1.302270491879357894e-02 4.533985939475785503e-04
2.459683013716000132e+06 1.332541673795933912e-02 4.533951644758469420e-04
2.459683506783000194e+06 1.431665633376269335e-02 4.533918176651008662e-04
2.459683999849999789e+06 1.378839130857015954e-02 4.534003235235543167e-04
2.459684503444000147e+06 1.306424751674314239e-02 4.534010273591850449e-04
2.459684996511000209e+06 1.336696466455610313e-02 4.533930116213357982e-04
2.459685489577999804e+06 1.346786641314943155e-02 4.533918857174769378e-04
2.459685993170999922e+06 1.276746864598861386e-02 4.534022964565759695e-04
2.459686486237999983e+06 1.334322471202593376e-02 4.533988892913787478e-04
2.459686979305999819e+06 1.372310543342909923e-02 4.534022499670012471e-04
2.459687482898999937e+06 1.455408141433973609e-02 4.533906979613660246e-04
2.459687975965999998e+06 1.328386336841264233e-02 4.534005650261059431e-04
2.459688469033000059e+06 1.366968163414960212e-02 4.533997971622025138e-04
2.459688972626999952e+06 1.329573651497393053e-02 4.534017032033802689e-04
2.459689465694000013e+06 1.407923960638223990e-02 4.533942328166272809e-04
2.459689958761000074e+06 1.386555315226418832e-02 4.533962590613792353e-04
2.459690462354999967e+06 1.320076804518677087e-02 4.533972792062537348e-04
2.459690955422000028e+06 1.358064509870550961e-02 4.533985524113023956e-04
2.459691448489000089e+06 1.348567844293556417e-02 4.533953257201548868e-04
2.459691952082000207e+06 1.369936383343696787e-02 4.534001333227975338e-04
2.459692445150000043e+06 1.419201299002879370e-02 4.533920490215217038e-04
2.459692938217000104e+06 1.388336686660060840e-02 4.534033406996770300e-04
2.459693441810000222e+06 1.447692751757878073e-02 4.534005968949089498e-04
2.459693934876999818e+06 1.406143358700195738e-02 4.534036226202998359e-04
2.459807647255999967e+06 1.366968163414960212e-02 4.533997971622025138e-04
2.459808150849000085e+06 1.323637918560089007e-02 4.534012738401287730e-04
2.459808643916000146e+06 1.367561292458587853e-02 4.533949965710651212e-04
2.459809136983000208e+06 1.323637918560089007e-02 4.534012738401287730e-04
2.459809640577000100e+06 1.420388671926448888e-02 4.533919932597362153e-04
2.459810133644000161e+06 1.384182008460426057e-02 4.533978763271779471e-04
2.459810626711000223e+06 1.397832713316457705e-02 4.534017973162472368e-04
2.459811130305000115e+06 1.397239324156054723e-02 4.534023610240812832e-04
2.459811623372000176e+06 1.399614393253216862e-02 4.533996123899041407e-04
2.459812116438999772e+06 1.398426354481426166e-02 4.534011513544543921e-04
2.459812620031999890e+06 1.336103187256533313e-02 4.534009791286839632e-04
2.459813113100000191e+06 1.302270491879357894e-02 4.533985939475785503e-04
2.459813606166999787e+06 1.315329013866224812e-02 4.534020644906447514e-04
2.459814109759999905e+06 1.339070985470332785e-02 4.533967583666118116e-04
2.459814602826999966e+06 1.328386336841264233e-02 4.534005650261059431e-04
2.459815095894000027e+06 1.331354161126606026e-02 4.533957686215553916e-04
2.459815599487999920e+06 1.299302876720733781e-02 4.533945526969391355e-04
2.459816092554999981e+06 1.339664348604476841e-02 4.534002452721609959e-04
2.459816585622000042e+06 1.333729017266900053e-02 4.533937809439658132e-04
2.459817089215999935e+06 1.305237672058010348e-02 4.533977828678395884e-04
2.459817582282999996e+06 1.311173007382549632e-02 4.533944725564044648e-04
2.459818075350000057e+06 1.353315948803523495e-02 4.533962063896956516e-04
2.459818578943999950e+06 1.369936383343696787e-02 4.534001333227975338e-04
2.459819072011000011e+06 1.369936383343696787e-02 4.534001333227975338e-04
2.459819565078000072e+06 1.276153159386112304e-02 4.533912727090655447e-04
2.459820068671000190e+06 1.437008046615940830e-02 4.534028103436853760e-04
2.459820561737999786e+06 1.346786641314943155e-02 4.533918857174769378e-04
2.459821054806000087e+06 1.397239324156054723e-02 4.534023610240812832e-04
2.459821558399000205e+06 1.397239324156054723e-02 4.534023610240812832e-04
2.459822051465999801e+06 1.364594448083445571e-02 4.533917161869758638e-04
2.459822544532999862e+06 1.376465085996303982e-02 4.533930125453638506e-04
2.459823048127000220e+06 1.398426354481426166e-02 4.534011513544543921e-04
2.459823541193999816e+06 1.318296806423073855e-02 4.533930141862612295e-04
2.459824034260999877e+06 1.294553490384969460e-02 4.533945797298444551e-04
2.459824537854999769e+06 1.339664348604476841e-02 4.534002452721609959e-04
2.459825030921999831e+06 1.352129848430955530e-02 4.533973462070572404e-04
2.459825523988999892e+06 1.403175522181970315e-02 4.534030147376042668e-04
2.459826027582000010e+06 1.358658781083466396e-02 4.533967343124795904e-04
2.459826520649999846e+06 1.505267205573340879e-02 4.533951544411403693e-04
2.459827013716999907e+06 1.373497900804627851e-02 4.534023830743042047e-04
2.459827517310000025e+06 1.369342224192397067e-02 4.533926694326151884e-04
2.459828010377000086e+06 1.374091331936641569e-02 4.533957857433380616e-04
2.459828503444000147e+06 1.378839130857015954e-02 4.534003235235543167e-04
2.459829007038000040e+06 1.335508941328669708e-02 4.533961321510973099e-04
2.459829500105000101e+06 1.346193843246139103e-02 4.534031032960838268e-04
2.459829993172000162e+06 1.339070985470332785e-02 4.533967583666118116e-04
2.459830496766000055e+06 1.347380941406227731e-02 4.533933977567118048e-04
2.459830989833000116e+06 1.337883815284414239e-02 4.534014318363499140e-04
2.459831482900000177e+06 1.309986439434958176e-02 4.533943899573021023e-04
2.459831986494000070e+06 1.331947785118781785e-02 4.534016455790152453e-04
2.459832479561000131e+06 1.409110983236250975e-02 4.534001167468192594e-04
2.459832972628000192e+06 1.330760801701441100e-02 4.534020636026056517e-04
2.459833476220999844e+06 1.410297707681851427e-02 4.533922813930778913e-04
2.459833969287999906e+06 1.354503089633930443e-02 4.533947156854018683e-04
2.459834462356000207e+06 1.394272302157916442e-02 4.534026953928098434e-04
2.459834965948999859e+06 1.309392955200728952e-02 4.533940006333091362e-04
2.459835459015999921e+06 1.354503089633930443e-02 4.533947156854018683e-04
2.459835952082999982e+06 1.381213453889590728e-02 4.533923367471312635e-04
2.459836455676999874e+06 1.369342224192397067e-02 4.533926694326151884e-04
2.459836948743999936e+06 1.401394471920862535e-02 4.533954325132819084e-04
2.459837441810999997e+06 1.364594448083445571e-02 4.533917161869758638e-04
2.459837945404999889e+06 1.400800860955236753e-02 4.533969083830567161e-04
2.459838438471999951e+06 1.391897324374630728e-02 4.533995684718275000e-04
2.459838931539000012e+06 1.368748322735611166e-02 4.533977333670346577e-04
2.459839435132000130e+06 1.298708251846528161e-02 4.534023648701033084e-04
2.459839928199999966e+06 1.362219836052807470e-02 4.533931722982983102e-04
2.459840421267000027e+06 1.364000093215309191e-02 4.533952459944614460e-04
2.459840924860000145e+06 1.387743494143018307e-02 4.534013395887606808e-04
2.459841417927000206e+06 1.361032199726835631e-02 4.533990247003534708e-04
2.459841910993999802e+06 1.442944409832789751e-02 4.534019522432883764e-04
2.459842414588000160e+06 1.397832713316457705e-02 4.534017973162472368e-04
2.459842907655000221e+06 1.351535943320179324e-02 4.533973671304185370e-04
2.459843400721999817e+06 1.398426354481426166e-02 4.534011513544543921e-04
2.459843904316000175e+06 1.334916189200606625e-02 4.533916173858066863e-04
2.459844397382999770e+06 1.345006552171086091e-02 4.533996342180387096e-04
2.459844890449999832e+06 1.326606130730182027e-02 4.533916569906690447e-04
2.459845394044000190e+06 1.379433599205787120e-02 4.533925202597803507e-04
2.459845887110999785e+06 1.325419024567800995e-02 4.534009990247965527e-04
2.459846380177999847e+06 1.385961607314855661e-02 4.533935973846916958e-04
2.459846883770999964e+06 1.294553490384969460e-02 4.533945797298444551e-04
2.459847376838000026e+06 1.390116505664414082e-02 4.533956359091344235e-04
2.459847869905999862e+06 1.315921552596911390e-02 4.534002748122807494e-04
2.459848373498999979e+06 1.429291463903399097e-02 4.534034729985574313e-04
2.459848866566000041e+06 1.348567844293556417e-02 4.533953257201548868e-04
2.459849359633000102e+06 1.331354161126606026e-02 4.533957686215553916e-04
2.459849863226999994e+06 1.324825869899306716e-02 4.533933254884394380e-04
2.459850356294000056e+06 1.379433599205787120e-02 4.533925202597803507e-04
2.459850849361000117e+06 1.393084948687622199e-02 4.534015041226424256e-04
2.459851352955000009e+06 1.345006552171086091e-02 4.533996342180387096e-04
2.459851846022000071e+06 1.337883815284414239e-02 4.534014318363499140e-04
2.459852339089000132e+06 1.434041104934139985e-02 4.533912454364587372e-04
2.459852842681999784e+06 1.336103187256533313e-02 4.534009791286839632e-04
2.459853335750000086e+06 1.366375291619079634e-02 4.533919235209329414e-04
2.459853828817000147e+06 1.303457273977508789e-02 4.533915991131640100e-04
2.459854332409999799e+06 1.380027052799289757e-02 4.533969189262671180e-04
2.459854825476999860e+06 1.356284504549955770e-02 4.533914027819202128e-04
2.459855318543999922e+06 1.411485431562500142e-02 4.533971115215790497e-04
2.459855822137999814e+06 1.247068760108122933e-02 4.533955119187938593e-04
2.459856315204999875e+06 1.346193843246139103e-02 4.534031032960838268e-04
2.459856808271999937e+06 1.448286224933469091e-02 4.533997168903014085e-04
2.459857311865999829e+06 1.470247332075568132e-02 4.533957784296276604e-04
2.459857804932999890e+06 1.407923960638223990e-02 4.533942328166272809e-04
2.459858297999999952e+06 1.375871896931398115e-02 4.534003783292361736e-04
2.459858801593999844e+06 1.450066769042906469e-02 4.533961975269574173e-04
2.459859294660999905e+06 1.388930132737912701e-02 4.533924681590896727e-04
2.459859787727999967e+06 1.346193843246139103e-02 4.534031032960838268e-04
2.459860291321000084e+06 1.323044342406953962e-02 4.533929202342642769e-04
2.459860784388000146e+06 1.392491009918868719e-02 4.534005771099644880e-04
2.459861277455999982e+06 1.400207501434857366e-02 4.533983016520265301e-04
2.459861781049000099e+06 1.369342224192397067e-02 4.533926694326151884e-04
2.459862274116000161e+06 1.321263993650863104e-02 4.533912786155675574e-04
2.459862767183000222e+06 1.369936383343696787e-02 4.534001333227975338e-04
2.459863270777000114e+06 1.323637918560089007e-02 4.534012738401287730e-04
2.459863763844000176e+06 1.339070985470332785e-02 4.533967583666118116e-04
2.459864256910999771e+06 1.333135827276079287e-02 4.534008660875681615e-04
2.459864760505000129e+06 1.334322471202593376e-02 4.533988892913787478e-04
2.459865253572000191e+06 1.359845598828483826e-02 4.533919976312970001e-04
2.459865746638999786e+06 1.298115094709535733e-02 4.533985364570335651e-04
2.459866250231999904e+06 1.364000093215309191e-02 4.533952459944614460e-04
2.459866743300000206e+06 1.418607984811814243e-02 4.533984909522396217e-04
2.459867236366999801e+06 1.474995855436885342e-02 4.533929278918801377e-04
2.459867739959999919e+06 1.370529537996397276e-02 4.533944776827339472e-04
2.459868233026999980e+06 1.386555315226418832e-02 4.533962590613792353e-04
2.459868726094000041e+06 1.358064509870550961e-02 4.533985524113023956e-04
2.459869229687999934e+06 1.406143358700195738e-02 4.534036226202998359e-04
2.459869722754999995e+06 1.334916189200606625e-02 4.533916173858066863e-04
2.459870215822000057e+06 1.446505202599385892e-02 4.534017088048450362e-04
2.459870719415999949e+06 1.396646186893244629e-02 4.534028425476764232e-04
2.459871212483000010e+06 1.374091331936641569e-02 4.533957857433380616e-04
2.459871705550000072e+06 1.404362421756515274e-02 4.533984936128892087e-04
2.459872209143999964e+06 1.292179360692131962e-02 4.533961814038777122e-04
2.459872702211000025e+06 1.359845598828483826e-02 4.533919976312970001e-04
2.459873195278000087e+06 1.401988334438288714e-02 4.533938739729458946e-04
2.459873698871000204e+06 1.378839130857015954e-02 4.534003235235543167e-04
2.459874191937999800e+06 1.327200082461933196e-02 4.533990673136109573e-04
2.459874685006000102e+06 1.326012444805123834e-02 4.533963755211767701e-04
2.459875188599000219e+06 1.418607984811814243e-02 4.533984909522396217e-04
2.459875681665999815e+06 1.331947785118781785e-02 4.534016455790152453e-04
2.459876174732999876e+06 1.355097050506006914e-02 4.533938385585841845e-04
2.459876678326999769e+06 1.397239324156054723e-02 4.534023610240812832e-04
2.459877171393999830e+06 1.381807673204008338e-02 4.533964893328681781e-04
2.459877664460999891e+06 1.329573651497393053e-02 4.534017032033802689e-04
2.459878168054999784e+06 1.432852876879947036e-02 4.533982860878607970e-04
2.459878661121999845e+06 1.358658781083466396e-02 4.533967343124795904e-04
2.459879154188999906e+06 1.417420794959006226e-02 4.533976484637227376e-04
2.459987411249999888e+06 1.302270491879357894e-02 4.533985939475785503e-04
2.459987904316999950e+06 1.376465085996303982e-02 4.533930125453638506e-04
2.459988407910000067e+06 1.358658781083466396e-02 4.533967343124795904e-04
2.459988900977000128e+06 1.434041104934139985e-02 4.533912454364587372e-04
2.459989394044000190e+06 1.372903461467312597e-02 4.533958276295877387e-04
2.459989897638000082e+06 1.243507474271227098e-02 4.533949422359122620e-04
2.459990390705000143e+06 1.339070985470332785e-02 4.533967583666118116e-04
2.459990883772000205e+06 1.277933926760770576e-02 4.534001222121726896e-04
2.459991387366000097e+06 1.336103187256533313e-02 4.534009791286839632e-04
2.459991880433000159e+06 1.431665633376269335e-02 4.533918176651008662e-04
2.459992373500000220e+06 1.369936383343696787e-02 4.534001333227975338e-04
2.459992877094000112e+06 1.419794861339831321e-02 4.533985991868163049e-04
2.459993370161000174e+06 1.355097050506006914e-02 4.533938385585841845e-04
2.459993863227999769e+06 1.384182008460426057e-02 4.533978763271779471e-04
2.459994366820999887e+06 1.348567844293556417e-02 4.533953257201548868e-04
2.459994859887999948e+06 1.358064509870550961e-02 4.533985524113023956e-04
2.459995352955999784e+06 1.419201299002879370e-02 4.533920490215217038e-04
2.459995856548999902e+06 1.335508941328669708e-02 4.533961321510973099e-04
2.459996349615999963e+06 1.342039195526168599e-02 4.534005545302950170e-04
2.459996842683000024e+06 1.251224385793674176e-02 4.533966979690693755e-04
2.459997346276999917e+06 1.278527282872904923e-02 4.533986778438676090e-04
2.459997839343999978e+06 1.365781419027625038e-02 4.533961331516895513e-04
2.459998332411000039e+06 1.348567844293556417e-02 4.533953257201548868e-04
2.459998836004999932e+06 1.307018094373638833e-02 4.534023024262620865e-04
2.459999329071999993e+06 1.359845598828483826e-02 4.533919976312970001e-04
2.459999822139000054e+06 1.364594448083445571e-02 4.533917161869758638e-04
2.460000325732000172e+06 1.375277696823788698e-02 4.533945691815349419e-04
2.460000818800000008e+06 1.357471748866285501e-02 4.534006997754431740e-04
2.460001311867000069e+06 1.350348915578883889e-02 4.533971465784781109e-04
2.460001815460000187e+06 1.298708251846528161e-02 4.534023648701033084e-04
2.460002308526999783e+06 1.381807673204008338e-02 4.533964893328681781e-04
2.460002801593999844e+06 1.406143358700195738e-02 4.534036226202998359e-04
2.460003305188000202e+06 1.371716617884780921e-02 4.533955306113922725e-04
2.460003798254999798e+06 1.339070985470332785e-02 4.533967583666118116e-04
2.460004291321999859e+06 1.359845598828483826e-02 4.533919976312970001e-04
2.460004794916000217e+06 1.376465085996303982e-02 4.533930125453638506e-04
2.460005287982999813e+06 1.331947785118781785e-02 4.534016455790152453e-04
2.460005781049999874e+06 1.409704220582248119e-02 4.533962408824566211e-04
2.460006284644000232e+06 1.395459382366543225e-02 4.534031417208846029e-04
2.460006777710999828e+06 1.363407252964847667e-02 4.533991043111174155e-04
2.460007270777999889e+06 1.377652231473354243e-02 4.534033863060121447e-04
2.460007774371000007e+06 1.388336686660060840e-02 4.534033406996770300e-04
2.460008267438000068e+06 1.340851863774511314e-02 4.533946114997604174e-04
2.460008760505999904e+06 1.354503089633930443e-02 4.533947156854018683e-04
2.460009264099000022e+06 1.410891444640202490e-02 4.534012329993890745e-04
2.460009757166000083e+06 1.352129848430955530e-02 4.533973462070572404e-04
2.460010250233000144e+06 1.305237672058010348e-02 4.533977828678395884e-04
2.460010753827000037e+06 1.290398947044109346e-02 4.534013806949744371e-04
2.460011246894000098e+06 1.324231761017714663e-02 4.533973470566809972e-04
2.460011739961000159e+06 1.331354161126606026e-02 4.533957686215553916e-04
2.460012243555000052e+06 1.468466353086725698e-02 4.534010871037753420e-04
2.460012736622000113e+06 1.347380941406227731e-02 4.533933977567118048e-04
2.460013229689000174e+06 1.366968163414960212e-02 4.533997971622025138e-04
2.460013733281999826e+06 1.383588042440749705e-02 4.533944686220140537e-04
2.460014226350000128e+06 1.423356208392260840e-02 4.533953482578453507e-04
2.460014719417000189e+06 1.343819070537316182e-02 4.533954009840654963e-04
2.460015223009999841e+06 1.352722768617022932e-02 4.533968201208544817e-04
2.460015716076999903e+06 1.367561292458587853e-02 4.533949965710651212e-04
2.460016209143999964e+06 1.360439396410997696e-02 4.534020266009128721e-04
2.460016712737999856e+06 1.294553490384969460e-02 4.533945797298444551e-04
2.460017205804999918e+06 1.361032199726835631e-02 4.533990247003534708e-04
2.460017698871999979e+06 1.381807673204008338e-02 4.533964893328681781e-04
2.460018202465999871e+06 1.416233294229587991e-02 4.533960722539649170e-04
2.460018695532999933e+06 1.330167706725374557e-02 4.533960116164586704e-04
2.460019188599999994e+06 1.323044342406953962e-02 4.533929202342642769e-04
2.460019692193999887e+06 1.309392955200728952e-02 4.533940006333091362e-04
2.460020185260999948e+06 1.366375291619079634e-02 4.533919235209329414e-04
2.460020678328000009e+06 1.276746864598861386e-02 4.534022964565759695e-04
2.460021181921000127e+06 1.282089666986498296e-02 4.533984833321456670e-04
2.460021674988000188e+06 1.461937478845186204e-02 4.533915197075086734e-04
2.460022168056000024e+06 1.432852876879947036e-02 4.533982860878607970e-04
2.460022671649000142e+06 1.302270491879357894e-02 4.533985939475785503e-04
2.460023164716000203e+06 1.326606130730182027e-02 4.533916569906690447e-04
2.460023657782999799e+06 1.330760801701441100e-02 4.534020636026056517e-04
2.460024161377000157e+06 1.409110983236250975e-02 4.534001167468192594e-04
2.460024654444000218e+06 1.276153159386112304e-02 4.533912727090655447e-04
2.460025147510999814e+06 1.406736642324581468e-02 4.534005759941737057e-04
2.460025651105000172e+06 1.354503089633930443e-02 4.533947156854018683e-04
2.460026144171999767e+06 1.340257974667033794e-02 4.533913020107097178e-04
2.460026637238999829e+06 1.337883815284414239e-02 4.534014318363499140e-04
2.460027140831999946e+06 1.411485431562500142e-02 4.533971115215790497e-04
2.460027633899999782e+06 1.423950196958388009e-02 4.534009462272179606e-04
2.460028126966999844e+06 1.390116505664414082e-02 4.533956359091344235e-04
2.460028630559999961e+06 1.340851863774511314e-02 4.533946114997604174e-04
2.460029123627000023e+06 1.414452605507941080e-02 4.533992125689432964e-04
2.460029616694000084e+06 1.397239324156054723e-02 4.534023610240812832e-04
2.460030120287999976e+06 1.395459382366543225e-02 4.534031417208846029e-04
2.460030613355000038e+06 1.287431111822462393e-02 4.534020621862007352e-04
2.460031106422000099e+06 1.379433599205787120e-02 4.533925202597803507e-04
2.460031610015999991e+06 1.321263993650863104e-02 4.533912786155675574e-04
2.460032103083000053e+06 1.419201299002879370e-02 4.533920490215217038e-04
2.460032596150000114e+06 1.372310543342909923e-02 4.534022499670012471e-04
2.460033099744000006e+06 1.328386336841264233e-02 4.534005650261059431e-04
2.460033592811000068e+06 1.361626515456958002e-02 4.533963516882235267e-04
2.460034085878000129e+06 1.415046788376206170e-02 4.533941804491795004e-04
2.460034589470999781e+06 1.370529537996397276e-02 4.533944776827339472e-04
2.460035082537999842e+06 1.323637918560089007e-02 4.534012738401287730e-04
2.460035575606000144e+06 1.270811686543659412e-02 4.534014071365353462e-04
2.460036079198999796e+06 1.368748322735611166e-02 4.533977333670346577e-04
2.460036572265999857e+06 1.267250292100230435e-02 4.534029963373288770e-04
2.460037065332999919e+06 1.381807673204008338e-02 4.533964893328681781e-04
2.460037568926999811e+06 1.300489349966488933e-02 4.534013248204056307e-04
2.460038061993999872e+06 1.374091331936641569e-02 4.533957857433380616e-04
2.460038555060999934e+06 1.372310543342909923e-02 4.534022499670012471e-04
2.460039058654999826e+06 1.321857988536518681e-02 4.534003115614525974e-04
2.460039551721999887e+06 1.371716617884780921e-02 4.533955306113922725e-04
2.460040044788999949e+06 1.425137605235093918e-02 4.533983756302664052e-04
2.460040548382000066e+06 1.336696466455610313e-02 4.533930116213357982e-04
2.460041041449999902e+06 1.360439396410997696e-02 4.534020266009128721e-04
2.460041534516999964e+06 1.310580192666767341e-02 4.533946864903775405e-04
2.460042038110000081e+06 1.355690023197634111e-02 4.533924558893707405e-04
2.460042531177000143e+06 1.306424751674314239e-02 4.534010273591850449e-04
2.460043024244000204e+06 1.356877996855895135e-02 4.534023412887695369e-04
2.460043527838000096e+06 1.413266289830511502e-02 4.533964253162461508e-04
2.460044020905000158e+06 1.372903461467312597e-02 4.533958276295877387e-04
2.460044513972000219e+06 1.437602435972503735e-02 4.533917391429043088e-04
2.460045017566000111e+06 1.422762467603350296e-02 4.534027801904459871e-04
2.460045510633000173e+06 1.349161687756564830e-02 4.533961590802813445e-04
2.460046003699999768e+06 1.382994331297693162e-02 4.533909803549038319e-04
2.460046507294000126e+06 1.336103187256533313e-02 4.534009791286839632e-04
2.460047000361000188e+06 1.324825869899306716e-02 4.533933254884394380e-04
2.460047493427999783e+06 1.323637918560089007e-02 4.534012738401287730e-04
2.460047997020999901e+06 1.378246188106072544e-02 4.533957593460826406e-04
2.460048490087999962e+06 1.435821327507414563e-02 4.533986616441338345e-04
2.460048983155999798e+06 1.300489349966488933e-02 4.534013248204056307e-04
2.460049486748999916e+06 1.382994331297693162e-02 4.533909803549038319e-04
2.460049979815999977e+06 1.406736642324581468e-02 4.534005759941737057e-04
2.460050472883000039e+06 1.304050470003237372e-02 4.533937523352503732e-04
2.460050976476999931e+06 1.396052015609082486e-02 4.534028243570817221e-04
2.460051469543999992e+06 1.305237672058010348e-02 4.533977828678395884e-04
2.460051962611000054e+06 1.291585616698251622e-02 4.534019771939319242e-04
2.460052466204999946e+06 1.416826920182669321e-02 4.534034245704584437e-04
2.460052959272000007e+06 1.346786641314943155e-02 4.533918857174769378e-04
2.460053452339000069e+06 1.336103187256533313e-02 4.534009791286839632e-04
2.460053955932000186e+06 1.343226341508916427e-02 4.533933633960841262e-04
2.460054449000000022e+06 1.289212180257173074e-02 4.533999849614143507e-04
2.460054942067000084e+06 1.424543121351826147e-02 4.533929317794090541e-04
2.460055445660000201e+06 1.316515570813731571e-02 4.533988091042191553e-04
2.460055938726999797e+06 1.401394471920862535e-02 4.533954325132819084e-04
2.460056431793999858e+06 1.421575728943790494e-02 4.533912024498784588e-04
2.460056935388000216e+06 1.369936383343696787e-02 4.534001333227975338e-04
2.460057428454999812e+06 1.405549030730901539e-02 4.533932228432467453e-04
2.460057921521999873e+06 1.340851863774511314e-02 4.533946114997604174e-04
2.460058425116000231e+06 1.345006552171086091e-02 4.533996342180387096e-04
2.460058918182999827e+06 1.340851863774511314e-02 4.533946114997604174e-04
