2.458346727899000049e+06 1.584078866493981164e-01 1.284057586264177953e-03
2.458347220966000110e+06 1.599319380342176800e-01 1.284038146406701799e-03
2.458347714033000171e+06 1.563702030118374608e-01 1.284102642928932822e-03
2.458348217627000064e+06 1.590757575101464649e-01 1.284050336268833864e-03
2.458348710694000125e+06 1.601204492739811691e-01 1.284076874031417652e-03
2.458349203761000186e+06 1.586305390384264991e-01 1.284109161598160492e-03
2.458349707355000079e+06 1.612848594180039397e-01 1.284056217983263817e-03
2.458350200422000140e+06 1.578857011143901257e-01 1.284041864617231632e-03
2.458350693489000201e+06 1.592727945055966432e-01 1.284027155213135615e-03
2.458351197081999853e+06 1.610279262369306019e-01 1.284087036288826707e-03
2.458351690150000155e+06 1.603858314904866023e-01 1.283989279537628425e-03
2.458352183217000216e+06 1.593326575839177084e-01 1.284069507629487803e-03
2.458352686809999868e+06 1.602402448884199804e-01 1.284004461138713417e-03
2.458353179876999930e+06 1.627061616897178264e-01 1.284132456308561578e-03
2.458353672943999991e+06 1.596580424022163713e-01 1.284044890597275425e-03
2.458354176537999883e+06 1.594012049487636695e-01 1.284034678379779304e-03
2.458354669604999945e+06 1.599833549602649452e-01 1.284008904754458747e-03
2.458355162672000006e+06 1.586134457767186257e-01 1.284116880571323401e-03
2.458355666265999898e+06 1.579712301177573497e-01 1.284009964556512805e-03
2.458356159332999960e+06 1.583394747692636328e-01 1.284086382339943164e-03
2.458356652400000021e+06 1.598977674451451669e-01 1.284058345152814130e-03
2.458357155993999913e+06 1.580911650522182355e-01 1.284111166677085651e-03
2.458357649060999975e+06 1.617899720569443145e-01 1.284054251028005425e-03
2.458358142128000036e+06 1.594182362750583004e-01 1.284025042285434973e-03
2.458358645721000154e+06 1.611135251200864482e-01 1.284027673346930815e-03
2.458359138788000215e+06 1.615759804796502996e-01 1.283992882865118111e-03
2.458359631856000051e+06 1.578428086008195341e-01 1.284129167159560672e-03
2.458360135449000169e+06 1.594268994581230781e-01 1.284094819396642282e-03
2.458360628516000230e+06 1.589559540410330485e-01 1.284108116487180096e-03
2.458361121582999825e+06 1.561733046031910654e-01 1.284067975335928622e-03
2.458361625177000184e+06 1.582538921475186988e-01 1.284121118656286233e-03
2.458362118243999779e+06 1.596237833138757778e-01 1.284063400809194212e-03
2.458362611310999840e+06 1.601117484037441474e-01 1.284007097895352835e-03
2.458363114905000199e+06 1.599748088818451208e-01 1.284087657108075797e-03
2.458363607971999794e+06 1.610535862919723060e-01 1.283994985921900651e-03
2.458364101038999856e+06 1.589473164489217383e-01 1.284038338653415139e-03
2.458364604631999973e+06 1.587847538035474237e-01 1.284041309744956118e-03
2.458365097699999809e+06 1.577829239807370665e-01 1.284077946543537782e-03
2.458365590766999871e+06 1.592128072780276127e-01 1.284130111185046927e-03
2.458366094359999988e+06 1.585535608476721370e-01 1.284070158500572479e-03
2.458366587427000050e+06 1.579627915241231806e-01 1.284086863717042804e-03
2.458367080494000111e+06 1.603515639238682067e-01 1.284010324648494862e-03
2.458367584088000003e+06 1.597093712728593351e-01 1.284016408158144889e-03
2.458368077155000065e+06 1.594354162664538277e-01 1.284016572095832533e-03
2.458368570222000126e+06 1.591356931009417774e-01 1.284094424729933029e-03
2.458369073816000018e+06 1.573291513359247884e-01 1.284007665838308738e-03
2.458369566883000080e+06 1.600604376344713087e-01 1.284037877420525151e-03
2.458370059950000141e+06 1.587761255143768369e-01 1.284117773757331195e-03
2.458370563544000033e+06 1.591613448113990137e-01 1.284008226946441351e-03
2.458371056611000095e+06 1.580653946529726184e-01 1.284047427662036826e-03
2.458371549678000156e+06 1.590158444930107051e-01 1.284006098867070643e-03
2.458372053270999808e+06 1.585877363052653199e-01 1.284054804242401159e-03
2.458372546337999869e+06 1.616444507929311603e-01 1.284090354525494783e-03
2.458373039406000171e+06 1.585877363052653199e-01 1.284054804242401159e-03
2.458373542998999823e+06 1.598721442945676419e-01 1.283999826236974099e-03
2.458374036065999884e+06 1.559335621367197167e-01 1.284107477446603781e-03
2.458374529132999945e+06 1.616444507929311603e-01 1.284090354525494783e-03
2.458375032726999838e+06 1.602488051468036467e-01 1.284073054455958998e-03
2.458375525793999899e+06 1.602316850873133913e-01 1.284083450321430418e-03
2.458376018860999960e+06 1.601717792812588359e-01 1.284045941135996327e-03
2.458376522454999853e+06 1.570979073560344608e-01 1.284001421126057096e-03
2.458377015521999914e+06 1.571750474020180699e-01 1.284052852199466530e-03
2.458377508588999975e+06 1.596065830249558393e-01 1.284072039426527832e-03
2.458378012182000093e+06 1.607025617940009421e-01 1.284008691479089160e-03
2.458378505249999929e+06 1.595638108563311452e-01 1.284021854795136357e-03
2.458378998316999990e+06 1.597521824599472395e-01 1.284066323125457104e-03
2.458379501910000108e+06 1.609852179876400391e-01 1.284043013084872715e-03
2.458379994977000169e+06 1.592641396965228384e-01 1.284104069472333590e-03
2.458380488044000231e+06 1.584764740496109880e-01 1.284029708233775562e-03
2.458380991638000123e+06 1.586391594160662388e-01 1.284032831215166197e-03
2.458381484705000184e+06 1.598806848885013510e-01 1.284068419306612623e-03
2.458381977771999780e+06 1.579198780675454272e-01 1.284028917402510288e-03
2.458382481366000138e+06 1.619184731900567831e-01 1.284030179758957092e-03
2.458382974433000199e+06 1.570808345664617689e-01 1.284006557640685444e-03
2.458383467499999795e+06 1.585620310010307787e-01 1.283992714299899904e-03
2.458383971094000153e+06 1.607197321646217925e-01 1.283997853886147816e-03
2.458384464161000215e+06 1.592384714188234129e-01 1.284043777081534873e-03
2.458384957227999810e+06 1.595210501500061995e-01 1.284118529161183079e-03
2.458385460820999928e+06 1.593583410438568215e-01 1.284129717405248011e-03
2.458385953887999989e+06 1.595467639776865787e-01 1.284031625294833638e-03
2.458386446955999825e+06 1.605998739211010606e-01 1.284075726128759091e-03
2.458386950548999943e+06 1.602402448884199804e-01 1.284004461138713417e-03
2.458387443616000004e+06 1.600689882872990411e-01 1.284106472522911343e-03
2.458387936683000065e+06 1.581167940219584123e-01 1.284028078627235357e-03
2.458388440276999958e+06 1.569866782033456920e-01 1.284104447299425035e-03
2.458388933344000019e+06 1.593668541897010349e-01 1.284051535116745215e-03
2.458389426411000080e+06 1.582452927051219427e-01 1.284051340115989438e-03
2.458389930004999973e+06 1.616700601884407118e-01 1.283995986221611986e-03
2.458390423072000034e+06 1.590757575101464649e-01 1.284050336268833864e-03
2.458390916139000095e+06 1.597008398302501020e-01 1.284094907776118762e-03
2.458391419732000213e+06 1.594781540180323365e-01 1.284066991886133715e-03
2.458391912800000049e+06 1.604799572554158893e-01 1.284003777868272106e-03
2.458392405867000110e+06 1.616529371780355273e-01 1.284008881820370308e-03
2.458392909460000228e+06 1.579712301177573497e-01 1.284009964556512805e-03
2.458393402526999824e+06 1.593326575839177084e-01 1.284069507629487803e-03
2.458393895593999885e+06 1.574490338384205712e-01 1.284115965304670134e-03
2.458394399187999777e+06 1.615930953384533131e-01 1.284128889199902994e-03
2.458394892254999839e+06 1.559591286134506261e-01 1.284030729164276725e-03
2.458395385321999900e+06 1.586048267963460212e-01 1.284047102261321772e-03
2.458395888915999793e+06 1.579542078999979782e-01 1.284017087038143330e-03
2.458396381982999854e+06 1.596751011704771739e-01 1.284035019012750353e-03
2.458396875049999915e+06 1.596580424022163713e-01 1.284044890597275425e-03
2.458397378643999808e+06 1.603344328862224555e-01 1.284020821849881202e-03
2.458397871710999869e+06 1.600262395905503177e-01 1.284058312878541466e-03
2.458398364777999930e+06 1.590501195936206147e-01 1.283989879059660054e-03
2.458398868371000048e+06 1.595380942812399672e-01 1.284108791632627023e-03
2.458399361438000109e+06 1.611648766019489476e-01 1.283991614627439173e-03
2.458399854505999945e+06 1.581083476525124709e-01 1.284105110882290341e-03
2.458400358099000063e+06 1.596923088433776228e-01 1.284026313291500559e-03
2.458400851166000124e+06 1.566697678868551602e-01 1.284109582341608170e-03
2.458401344233000185e+06 1.609081345582627498e-01 1.284020991197724025e-03
2.458401847827000078e+06 1.603772639123552113e-01 1.284068403614377352e-03
2.458402340894000139e+06 1.610451313713282817e-01 1.284075907362939098e-03
2.458402833961000200e+06 1.592041557286316689e-01 1.284060332156100430e-03
2.458403337555000093e+06 1.585963543568981726e-01 1.284124582970947327e-03
2.458403830622000154e+06 1.581425728011677245e-01 1.284091767139402575e-03
2.458404323689000215e+06 1.570808345664617689e-01 1.284006557640685444e-03
2.458404827281999867e+06 1.592299651309997954e-01 1.284121841545871230e-03
2.458405320350000169e+06 1.595552871893479163e-01 1.284100220063222461e-03
2.458405813417000230e+06 1.583222670509733532e-01 1.284092653022891103e-03
2.458406317009999882e+06 1.588360945050439343e-01 1.284017605161593290e-03
2.458406810076999944e+06 1.605569834438037857e-01 1.284028552361958899e-03
2.458407303144000005e+06 1.590929005937052609e-01 1.284042184273675525e-03
2.458407806737999897e+06 1.593154886653021518e-01 1.284077877480966799e-03
2.458408299804999959e+06 1.586305390384264991e-01 1.284109161598160492e-03
2.458408792872000020e+06 1.597179031712302189e-01 1.284085002113613018e-03
2.458409296465999912e+06 1.574233681128152651e-01 1.284051634179101840e-03
2.458409789532999974e+06 1.604029680198504615e-01 1.284126468214378744e-03
2.458410282600000035e+06 1.580483622884976680e-01 1.284054632826224333e-03
2.458410786193999927e+06 1.575859883955916252e-01 1.284071796837960543e-03
2.458411279260999989e+06 1.611991695057148344e-01 1.284116354363920012e-03
2.458411772328000050e+06 1.585792647787666876e-01 1.284132268800514511e-03
2.458412275921000168e+06 1.605228271562803566e-01 1.284051086942310368e-03
2.458412768988000229e+06 1.583138097054566651e-01 1.284024058658722774e-03
2.458413262056000065e+06 1.593755145805356155e-01 1.284121313667638785e-03
2.458413765649000183e+06 1.594525981092818345e-01 1.284008085168362708e-03
2.458414258715999778e+06 1.588360945050439343e-01 1.284017605161593290e-03
2.458414751782999840e+06 1.586904530417716230e-01 1.284009526312634986e-03
2.458415255377000198e+06 1.579969851647637924e-01 1.284073784206593051e-03
2.458415748443999793e+06 1.596495137015208621e-01 1.284123341420647692e-03
2.458416241510999855e+06 1.601803358821133616e-01 1.284114536669157293e-03
2.458416745105000213e+06 1.587332834981172447e-01 1.284063682185619844e-03
2.458417238171999808e+06 1.587932363075576503e-01 1.284109905030701715e-03
2.458417731238999870e+06 1.587075546023051509e-01 1.284001724836292876e-03
2.458418234831999987e+06 1.589216992329811895e-01 1.284124137392595984e-03
2.458526481366999913e+06 1.602744886658568346e-01 1.284131238135217262e-03
2.458526984960000031e+06 1.612334697063761146e-01 1.284092587537521155e-03
2.458527478027000092e+06 1.617557024505091035e-01 1.284080233588157007e-03
2.458527971094000153e+06 1.586476341422203007e-01 1.284101426047976795e-03
2.458528474688000046e+06 1.609165822865299411e-01 1.284088402708352845e-03
2.458528967755000107e+06 1.586990766752871818e-01 1.284079302580665854e-03
2.458529460822000168e+06 1.593411693577155008e-01 1.283991345781098367e-03
2.458529964416000061e+06 1.608481239946322194e-01 1.284134702955831275e-03
2.458530457483000122e+06 1.585535608476721370e-01 1.284070158500572479e-03
2.458530950550000183e+06 1.586648772239838412e-01 1.284094856611814632e-03
2.458531454144000076e+06 1.579627915241231806e-01 1.284086863717042804e-03
2.458531947211000137e+06 1.590414768845972715e-01 1.284066590264398063e-03
2.458532440278000198e+06 1.602744886658568346e-01 1.284131238135217262e-03
2.458532943870999850e+06 1.603858314904866023e-01 1.284137000347515501e-03
2.458533436937999912e+06 1.589815767786418033e-01 1.284022252055670721e-03
2.458533930006000213e+06 1.573206021435107071e-01 1.284082791092311208e-03
2.458534433598999865e+06 1.601632231374849891e-01 1.284124865047121594e-03
2.458534926665999927e+06 1.588103489447136862e-01 1.284102019694763688e-03
2.458535419732999988e+06 1.608224966751165275e-01 1.284078229653551947e-03
2.458535923326999880e+06 1.602145668568321635e-01 1.284093829309798174e-03
2.458536416393999942e+06 1.570808345664617689e-01 1.284006557640685444e-03
2.458536909461000003e+06 1.587075546023051509e-01 1.284001724836292876e-03
2.458537413054999895e+06 1.590929005937052609e-01 1.284042184273675525e-03
2.458537906121999957e+06 1.591015460972207418e-01 1.284111962316421317e-03
2.458538399189000018e+06 1.607882839033089595e-01 1.284101242655142239e-03
2.458538902782000136e+06 1.603001763012791847e-01 1.284041765562010575e-03
2.458539395849999972e+06 1.596152564432509469e-01 1.283994808007636167e-03
2.458539888917000033e+06 1.594611162904710777e-01 1.284076678679209283e-03
2.458540392510000151e+06 1.590329811199360233e-01 1.283997997292464152e-03
2.458540885577000212e+06 1.623808460978531931e-01 1.284107445700178414e-03
2.458541378643999808e+06 1.593411693577155008e-01 1.284138104421603949e-03
2.458541882238000166e+06 1.593755145805356155e-01 1.284121313667638785e-03
2.458542375305000227e+06 1.579112967753173724e-01 1.284104585551574564e-03
2.458542868371999823e+06 1.603858314904866023e-01 1.284137000347515501e-03
2.458543371966000181e+06 1.589388257141741978e-01 1.284116135258956456e-03
2.458543865032999776e+06 1.601888929400734629e-01 1.284035596444008977e-03
2.458544358099999838e+06 1.582966047763456341e-01 1.284030312478937064e-03
2.458544861694000196e+06 1.598207631104297533e-01 1.284028763619287803e-03
2.458545354760999791e+06 1.600946429866074994e-01 1.284017374586807897e-03
2.458545847827999853e+06 1.598378392646913893e-01 1.284018740424341682e-03
2.458546351420999970e+06 1.593668541897010349e-01 1.284051535116745215e-03
2.458546844488000032e+06 1.585278610828982915e-01 1.284008034597659484e-03
2.458547337555999868e+06 1.599919014952287388e-01 1.284077498309088659e-03
2.458547841148999985e+06 1.597179031712302189e-01 1.284085002113613018e-03
2.458548334216000047e+06 1.604628125009655015e-01 1.284014394011069636e-03
2.458548827283000108e+06 1.563444251488222969e-01 1.284034955215128436e-03
2.458549330877000000e+06 1.601974504551635925e-01 1.284104191424542121e-03
2.458549823944000062e+06 1.581253864814174681e-01 1.284097855903445226e-03
2.458550317011000123e+06 1.607369043698216315e-01 1.284135043479025552e-03
2.458550820605000015e+06 1.597864691058203945e-01 1.284047576970002774e-03
2.458551313672000077e+06 1.594268994581230781e-01 1.284094819396642282e-03
2.458551806739000138e+06 1.585877363052653199e-01 1.284054804242401159e-03
2.458552310331999790e+06 1.576202456445503775e-01 1.284060590976262781e-03
2.458552803400000092e+06 1.604115369711312800e-01 1.284047323563899598e-03
2.458553296467000153e+06 1.588189790936704870e-01 1.284025523303616205e-03
2.458553800059999805e+06 1.602316850873133913e-01 1.284083450321430418e-03
2.458554293126999866e+06 1.569438853749232921e-01 1.284043515980952312e-03
2.458554786193999927e+06 1.591015460972207418e-01 1.284111962316421317e-03
2.458555289787999820e+06 1.595467639776865787e-01 1.284031625294833638e-03
2.458555782854999881e+06 1.573804562475644153e-01 1.284136474207165464e-03
2.458556275921999943e+06 1.606512096528208144e-01 1.284042285094242697e-03
2.458556779515999835e+06 1.570037407592588252e-01 1.284099408154860521e-03
2.458557272582999896e+06 1.592556320375376477e-01 1.284035474498314983e-03
2.458557765649999958e+06 1.594268994581230781e-01 1.284094819396642282e-03
2.458558269243999850e+06 1.597864691058203945e-01 1.284047576970002774e-03
2.458558762310999911e+06 1.574490338384205712e-01 1.284115965304670134e-03
2.458559255377999973e+06 1.584764740496109880e-01 1.284029708233775562e-03
2.458559758971000090e+06 1.587075546023051509e-01 1.284001724836292876e-03
2.458560252038000152e+06 1.580825744523356724e-01 1.284041388677575023e-03
2.458560745105999988e+06 1.593668541897010349e-01 1.284051535116745215e-03
2.458561248699000105e+06 1.588532117608907890e-01 1.284009670400686155e-03
2.458561741766000167e+06 1.580225988665193149e-01 1.284136407802569883e-03
2.458562234833000228e+06 1.581596153184071096e-01 1.284084479196621192e-03
2.458562738427000120e+06 1.583651439937658334e-01 1.284002832794622559e-03
2.458563231494000182e+06 1.587503896743515386e-01 1.284055847092923025e-03
2.458563724560999777e+06 1.581596153184071096e-01 1.284084479196621192e-03
2.458564228155000135e+06 1.615759804796502996e-01 1.284141699842733389e-03
2.458564721222000197e+06 1.576459434683426808e-01 1.284124742201642362e-03
2.458565214288999792e+06 1.563958410791133624e-01 1.284025089399855194e-03
2.458565717881999910e+06 1.589730842137572209e-01 1.284100081073778592e-03
2.458566210950000212e+06 1.596923088433776228e-01 1.284026313291500559e-03
2.458566704016999807e+06 1.593668541897010349e-01 1.284051535116745215e-03
2.458567207609999925e+06 1.608909440598151053e-01 1.284031999825286947e-03
2.458567700676999986e+06 1.587674976940634808e-01 1.284047995398794606e-03
2.458568193744000047e+06 1.615331268739748360e-01 1.284098671426235150e-03
2.458568697337999940e+06 1.589559540410330485e-01 1.284108116487180096e-03
2.458569190405000001e+06 1.587503896743515386e-01 1.284055847092923025e-03
2.458569683472000062e+06 1.572520804916210102e-01 1.284102841490211352e-03
2.458570187065999955e+06 1.589473164489217383e-01 1.284038338653415139e-03
2.458570680133000016e+06 1.583651439937658334e-01 1.284002832794622559e-03
2.458571173200000077e+06 1.599063094079035130e-01 1.284126941348615394e-03
2.458571676793999970e+06 1.616444507929311603e-01 1.284090354525494783e-03
2.458572169861000031e+06 1.579027159493927024e-01 1.284034807909678697e-03
2.458572662928000093e+06 1.604029680198504615e-01 1.284126468214378744e-03
2.458573166521000210e+06 1.610621900001927564e-01 1.284063578732962813e-03
2.458573659587999806e+06 1.588360945050439343e-01 1.284017605161593290e-03
2.458574152656000108e+06 1.606170333199687938e-01 1.284064990287311046e-03
2.458574656249000225e+06 1.589388257141741978e-01 1.284116135258956456e-03
2.458575149315999821e+06 1.588788179370654030e-01 1.284070312188150334e-03
2.458575642382999882e+06 1.590158444930107051e-01 1.284006098867070643e-03
2.458576145976999775e+06 1.593668541897010349e-01 1.284051535116745215e-03
2.458576639043999836e+06 1.607711062090151355e-01 1.284112132334362232e-03
2.458577132110999897e+06 1.611478070972071075e-01 1.284004045447210279e-03
2.458577635704999790e+06 1.602316850873133913e-01 1.284083450321430418e-03
2.458578128771999851e+06 1.592213126492541542e-01 1.284052062966292923e-03
2.458578621838999912e+06 1.603429981762604373e-01 1.284089416041134897e-03
2.458579125432000030e+06 1.574148138007056552e-01 1.284126843816028570e-03
2.458579618499999866e+06 1.558307640314025300e-01 1.284122091239971045e-03
2.458580111566999927e+06 1.609594205762872321e-01 1.284133747149377109e-03
2.458580615160000045e+06 1.583908173796376717e-01 1.284065105746518345e-03
2.458581108227000106e+06 1.570122727326374590e-01 1.284024575659845242e-03
2.458581601294000167e+06 1.584849400848853673e-01 1.284098302899756502e-03
2.458582104888000060e+06 1.590672599142640142e-01 1.284128250525749934e-03
2.458582597955000121e+06 1.587248041966989875e-01 1.284141280316244103e-03
2.458583091022000182e+06 1.589216992329811895e-01 1.284124137392595984e-03
2.458583594616000075e+06 1.591100455247191070e-01 1.284034015608937840e-03
2.458584087683000136e+06 1.590844020820641747e-01 1.284120114754579026e-03
2.458584580750000197e+06 1.583052070071678530e-01 1.284100089876540063e-03
2.458585084344000090e+06 1.594268994581230781e-01 1.284094819396642282e-03
2.458585577411000151e+06 1.566270614446724219e-01 1.284048066012132916e-03
2.458586070478000212e+06 1.592813030814249076e-01 1.284095749742726091e-03
2.458586574070999864e+06 1.566098955816916660e-01 1.284051581183841533e-03
2.458587067137999926e+06 1.617300794888112681e-01 1.284025787372652808e-03
2.458587560206000227e+06 1.587932363075576503e-01 1.284109905030701715e-03
2.458588063798999880e+06 1.601717792812588359e-01 1.284045941135996327e-03
2.458588556865999941e+06 1.583737499491794098e-01 1.284072608698911188e-03
2.458589049933000002e+06 1.612420830242206338e-01 1.284012676115904757e-03
2.458589553526999895e+06 1.586476341422203007e-01 1.284101426047976795e-03
2.458590046593999956e+06 1.587161791651620080e-01 1.284071500680372072e-03
2.458590539661000017e+06 1.607711062090151355e-01 1.284112132334362232e-03
2.458591043254999910e+06 1.600946429866074994e-01 1.284017374586807897e-03
2.458591536321999971e+06 1.595638108563311452e-01 1.284021854795136357e-03
2.458592029389000032e+06 1.593069782633291243e-01 1.284009283906082256e-03
2.458592532982000150e+06 1.612505482848890781e-01 1.284080087189993016e-03
2.458593026049999986e+06 1.594439335297644089e-01 1.284085166060058196e-03
2.458593519117000047e+06 1.605056778218566238e-01 1.284061737511298313e-03
2.458594022710000165e+06 1.600347884164706469e-01 1.284126909072618415e-03
2.458594515777000226e+06 1.597008398302501020e-01 1.284094907776118762e-03
2.458595008843999822e+06 1.593411693577155008e-01 1.284138104421603949e-03
2.458595512438000180e+06 1.620382708225040769e-01 1.284084730754103936e-03
2.458596005504999775e+06 1.603601301290701886e-01 1.284078918278972956e-03
2.458596498571999837e+06 1.610793987955251860e-01 1.284052415739277142e-03
2.458597002166000195e+06 1.580653946529726184e-01 1.284047427662036826e-03
2.458597495232999790e+06 1.588616979220210113e-01 1.284078263996213908e-03
2.458597988299999852e+06 1.601803358821133616e-01 1.284114536669157293e-03
2.458712204272000119e+06 1.576973516856457758e-01 1.285850695919301626e-03
2.458712697339000180e+06 1.598977674451451669e-01 1.285972871874569746e-03
2.458713200931999832e+06 1.623808460978531931e-01 1.286051703421364420e-03
2.458713694000000134e+06 1.595295719879988028e-01 1.286097246726724706e-03
2.458714187067000195e+06 1.599491733856027165e-01 1.286091665302235669e-03
2.458714690659999847e+06 1.611907069423075545e-01 1.286275873299504678e-03
2.458715183726999909e+06 1.603344328862224555e-01 1.286235923900226228e-03
2.458715676793999970e+06 1.590844020820641747e-01 1.286317946991151441e-03
2.458716180387999862e+06 1.609936697628123192e-01 1.286482916145659803e-03
2.458716673454999924e+06 1.586391594160662388e-01 1.286516736327894409e-03
2.458717166521999985e+06 1.611135251200864482e-01 1.286550321035235525e-03
2.458717670115999877e+06 1.596751011704771739e-01 1.286682210668028091e-03
2.458718163182999939e+06 1.608053153257276990e-01 1.286755082337104469e-03
2.458718656250000000e+06 1.604971038417083162e-01 1.286949610708789001e-03
2.458719159843999892e+06 1.595638108563311452e-01 1.286961128813209109e-03
2.458719652910999954e+06 1.607625180500679429e-01 1.287152959701260910e-03
2.458720145978000015e+06 1.592384714188234129e-01 1.287123722177903893e-03
2.458720649571000133e+06 1.582196429071776600e-01 1.287340625942723533e-03
2.458721142638000194e+06 1.614218796233778952e-01 1.287377218824721720e-03
2.458721635706000030e+06 1.602060084274087026e-01 1.287566559364199028e-03
2.458722139299000148e+06 1.607539303498877470e-01 1.287676441225817569e-03
2.458722632366000209e+06 1.594953404665706009e-01 1.287877887596024663e-03
2.458723125432999805e+06 1.595038609311159317e-01 1.287946687837134355e-03
2.458723629027000163e+06 1.617899720569443145e-01 1.288077630948831478e-03
2.458724122094000224e+06 1.624064225788552085e-01 1.288198832386434466e-03
2.458724615160999820e+06 1.604628125009655015e-01 1.288448145371605359e-03
2.458725118755000178e+06 1.625948553497575666e-01 1.288645183013261602e-03
2.458725611821999773e+06 1.603943995263100442e-01 1.288785190486715134e-03
2.458726104888999835e+06 1.605314025106041598e-01 1.288998893980161566e-03
2.458726608481999952e+06 1.610878555152193692e-01 1.289164320428600082e-03
2.458727101549999788e+06 1.603515639238682067e-01 1.289327137586997619e-03
2.458727594616999850e+06 1.611050670528000606e-01 1.289598828536625465e-03
2.458728098209999967e+06 1.608395317215068343e-01 1.289843514991871566e-03
2.458728591277000029e+06 1.606769576663567567e-01 1.290019651034525223e-03
2.458729084344000090e+06 1.653432233870003321e-01 1.290325518867767481e-03
2.458729587937999982e+06 1.609680192540432209e-01 1.290577399432488170e-03
2.458730081005000044e+06 1.605912949091339859e-01 1.290810994908493138e-03
2.458730574072000105e+06 1.635880592035777181e-01 1.291092691919336691e-03
2.458731077665999997e+06 1.619098237404321683e-01 1.291417811663099578e-03
2.458731570733000059e+06 1.613961608895611854e-01 1.291780297998564378e-03
2.458732063800000120e+06 1.634510067909707709e-01 1.292118642759479191e-03
2.458732567394000012e+06 1.636736622500317428e-01 1.292522045393517229e-03
2.458733060461000074e+06 1.585706476557735001e-01 1.292971476445601902e-03
2.458733553528000135e+06 1.619356243272375706e-01 1.293413379798496023e-03
2.458734057120999787e+06 1.641873147036142511e-01 1.293856333101712358e-03
2.458734550187999848e+06 1.624321526938614646e-01 1.294237538360097119e-03
2.458735043256000150e+06 1.657028583499774166e-01 1.294810879549130548e-03
2.458735546848999802e+06 1.620726002939496813e-01 1.295403081510222926e-03
2.458736039915999863e+06 1.622437590485682479e-01 1.295874515654212500e-03
2.458736532982999925e+06 1.629115966138418026e-01 1.296557211752744077e-03
2.458737036576999817e+06 1.636650697817879641e-01 1.297277906336227315e-03
2.458737529643999878e+06 1.614303543234250071e-01 1.298001288957153793e-03
2.458738022710999940e+06 1.629201495245050368e-01 1.298726051461749622e-03
2.458738526304999832e+06 1.610878555152193692e-01 1.299550038282208143e-03
2.458739019371999893e+06 1.650349781432915997e-01 1.300536232287256410e-03
2.458739512438999955e+06 1.624749455145963473e-01 1.301462173728682023e-03
2.458740016032000072e+06 1.644271767779443560e-01 1.302561470520503242e-03
2.458740509099999908e+06 1.645127643551718144e-01 1.303694044933523906e-03
2.458741002166999970e+06 1.660625108003740691e-01 1.304962785563942461e-03
2.458741505760000087e+06 1.665762956703974174e-01 1.306545482882850995e-03
2.458741998827000149e+06 1.668245645818592915e-01 1.308031833203666949e-03
2.458742491894000210e+06 1.684941394991568975e-01 1.309793788897078157e-03
2.458742995488000102e+06 1.684427798231398210e-01 1.311721666057837857e-03
2.458743488555000164e+06 1.672097509428153161e-01 1.313824093773250344e-03
2.458743981622000225e+06 1.673810932009691110e-01 1.316249534175049918e-03
2.458744485216000117e+06 1.699326382490591869e-01 1.318941319492827500e-03
2.458744978283000179e+06 1.701551898839204491e-01 1.322079134480483699e-03
2.458745471349999774e+06 1.717905222656307962e-01 1.325608365304609517e-03
2.458745974944000132e+06 1.716364803000961503e-01 1.329794535686545280e-03
2.458746468011000194e+06 1.779382028732641452e-01 1.334696879268834190e-03
2.458746961077999789e+06 1.748214829962423666e-01 1.340462664471925129e-03
2.458747464670999907e+06 1.760973416721333673e-01 1.347488191146763549e-03
2.458747957737999968e+06 1.824675328588504231e-01 1.356066525354615668e-03
2.458748450805999804e+06 1.838887666593098935e-01 1.366628884319574539e-03
2.458748954398999922e+06 1.903532955183011022e-01 1.380659681087601041e-03
2.458749447465999983e+06 1.948997131809451777e-01 1.398915738613931876e-03
2.458749940533000045e+06 2.025028780698817088e-01 1.424205962889567995e-03
2.458750444126999937e+06 2.142501822381073784e-01 1.462227973449633373e-03
2.458750937193999998e+06 2.328985582184090464e-01 1.521287185272514417e-03
2.458751430261000060e+06 2.694672560370517389e-01 1.628116656565627585e-03
2.458751933854999952e+06 3.208316464400638446e-01 1.759979337359121598e-03
2.458752426922000013e+06 2.772331758109295996e-01 1.651291483246319957e-03
2.458752919989000075e+06 2.477367295277592696e-01 1.559797191647515702e-03
2.458753423582000192e+06 2.235914539245562604e-01 1.489530310538542991e-03
2.458753916650000028e+06 2.092327195828484199e-01 1.443786739582760773e-03
2.458754409717000090e+06 1.993434636582712138e-01 1.412818275864822885e-03
2.458754913310000207e+06 1.903703024988279424e-01 1.390601936733380090e-03
2.458755406376999803e+06 1.863119880416371221e-01 1.374341857337146432e-03
2.458755899443999864e+06 1.815684557952474409e-01 1.362094278491653458e-03
2.458756403038000222e+06 1.825702456890152814e-01 1.352121573501742372e-03
2.458756896104999818e+06 1.775186555186651083e-01 1.344302952483390681e-03
2.458757389171999879e+06 1.762256820084799891e-01 1.337920104745428732e-03
2.458757892765999772e+06 1.728351217882142521e-01 1.332395441017480454e-03
2.458758385832999833e+06 1.716878649784800148e-01 1.327820695217083076e-03
2.458758878899999894e+06 1.722442766345078924e-01 1.324033155099444640e-03
2.458759382493999787e+06 1.696500531335414230e-01 1.320498103267126865e-03
2.458759875560999848e+06 1.703264128187270410e-01 1.317605082150851131e-03
2.458760368627999909e+06 1.699410902014080460e-01 1.315093881566114847e-03
2.458760872221000027e+06 1.662423234198617816e-01 1.312653508681666881e-03
2.458761365288000088e+06 1.666275466473696731e-01 1.310630742654050364e-03
2.458761858355999924e+06 1.658227067791580300e-01 1.308882020208549822e-03
2.458762361949000042e+06 1.649750998925943180e-01 1.307205910750819464e-03
2.458762855016000103e+06 1.676636050553346191e-01 1.305653965051900957e-03
2.458763348083000164e+06 1.618157535451941464e-01 1.304378972370208575e-03
2.458763851677000057e+06 1.651377640527679491e-01 1.303019295515916737e-03
2.458764344744000118e+06 1.637507131266607019e-01 1.301878070856282666e-03
2.458764837811000179e+06 1.648637598295412676e-01 1.300857265577064562e-03
2.458765341405000072e+06 1.635195186386188826e-01 1.299889383060892287e-03
2.458765834472000133e+06 1.641274416693025151e-01 1.298977689132602099e-03
2.458766327539000195e+06 1.637421166134337691e-01 1.298190235926075615e-03
2.458766831131999847e+06 1.639990000368029277e-01 1.297507998851310518e-03
2.458767324200000148e+06 1.623379285422947294e-01 1.296776185667469815e-03
2.458767817267000210e+06 1.632027979388981087e-01 1.296169106694405274e-03
2.458768320859999862e+06 1.609936697628123192e-01 1.295528035772779054e-03
2.458768813926999923e+06 1.617643436667589585e-01 1.294876144542858728e-03
2.458769306993999984e+06 1.624149489677207958e-01 1.294399640777167335e-03
2.458769810587999877e+06 1.610793987955251860e-01 1.293844149932089471e-03
2.458770303654999938e+06 1.637935516035603223e-01 1.293468805124517495e-03
2.458770796721999999e+06 1.613447357142788752e-01 1.293003345838209450e-03
2.458771300315999892e+06 1.625863195162454977e-01 1.292620715707714849e-03
2.458771793382999953e+06 1.608481239946322194e-01 1.292134619194827043e-03
2.458772286450000014e+06 1.618327447483104697e-01 1.291846391956751917e-03
2.458772790043999907e+06 1.618242489237470272e-01 1.291480481887991548e-03
2.458773283110999968e+06 1.607711062090151355e-01 1.291219764063150123e-03
2.458773776178000029e+06 1.606254657653283791e-01 1.290789772562382642e-03
2.458774279771000147e+06 1.607453431084500395e-01 1.290568694067367565e-03
2.458774772838000208e+06 1.614989116713028139e-01 1.290222757330771169e-03
2.458775265906000044e+06 1.599319380342176800e-01 1.290077559507846021e-03
2.458775769499000162e+06 1.589473164489217383e-01 1.289747778307671509e-03
2.458776262566000223e+06 1.613447357142788752e-01 1.289585453991952749e-03
2.458776755632999819e+06 1.614818067878033281e-01 1.289342454372073565e-03
2.458777259227000177e+06 1.630229696332196332e-01 1.289035207786011494e-03
2.458777752293999773e+06 1.609680192540432209e-01 1.288946572161522386e-03
2.458778245360999834e+06 1.624406804335662702e-01 1.288769790601627073e-03
2.458778748955000192e+06 1.597693984396507394e-01 1.288472141397573913e-03
2.458779242021999788e+06 1.615759804796502996e-01 1.288308575215962697e-03
2.458779735088999849e+06 1.594953404665706009e-01 1.288171688870712924e-03
2.458780238681999967e+06 1.610964610541497366e-01 1.288046186801530130e-03
2.458780731749999803e+06 1.614474537568472978e-01 1.287878575716791627e-03
2.458781224816999864e+06 1.579027159493927024e-01 1.287670652308562074e-03
2.458781728409999982e+06 1.594097203844577482e-01 1.287626995991290142e-03
2.458782221477000043e+06 1.577400593884389357e-01 1.287506486542700987e-03
2.458782714544000104e+06 1.602145668568321635e-01 1.287340216835058688e-03
2.458783218137999997e+06 1.594525981092818345e-01 1.287239033112284100e-03
2.458783711205000058e+06 1.595295719879988028e-01 1.287125771886908198e-03
2.459622427943999879e+06 1.581768053584184930e-01 1.284078357449341522e-03
2.459622921010999940e+06 1.585706476557735001e-01 1.284062489654323909e-03
2.459623424604999833e+06 1.575346164819306227e-01 1.284088482778069761e-03
2.459623917671999894e+06 1.574747037484712231e-01 1.284035243713537409e-03
2.459624410738999955e+06 1.613447357142788752e-01 1.284087106239279038e-03
2.459624914332000073e+06 1.601546674507684509e-01 1.284056268962233561e-03
2.459625407399999909e+06 1.591528426435672716e-01 1.284086222277382736e-03
2.459625900466999970e+06 1.589473164489217383e-01 1.284038338653415139e-03
2.459626404060000088e+06 1.589301890528081185e-01 1.284046356989454766e-03
2.459626897127000149e+06 1.597008398302501020e-01 1.284094907776118762e-03
2.459627390194000211e+06 1.579627915241231806e-01 1.284086863717042804e-03
2.459627893788000103e+06 1.577143462228352278e-01 1.284100884266311908e-03
2.459628386855000164e+06 1.588874518067973918e-01 1.283993751008239304e-03
2.459628879922000226e+06 1.609165822865299411e-01 1.284088402708352845e-03
2.459629383516000118e+06 1.585192467531578719e-01 1.284084263824107966e-03
2.459629876583000179e+06 1.581425728011677245e-01 1.284091767139402575e-03
2.459630369649999775e+06 1.578086483270056406e-01 1.283996603605319512e-03
2.459630873244000133e+06 1.595723349786611345e-01 1.284090449041575509e-03
2.459631366311000194e+06 1.605827163554452430e-01 1.284086445020554950e-03
2.459631859377999790e+06 1.604456695781624753e-01 1.284024993230489103e-03
2.459632362970999908e+06 1.604628125009655015e-01 1.284014394011069636e-03
2.459632856037999969e+06 1.589987097126456250e-01 1.284014183786974343e-03
2.459633349105999805e+06 1.598634569171069331e-01 1.284077293972774730e-03
2.459633852698999923e+06 1.575003778436487867e-01 1.284099524877283481e-03
2.459634345765999984e+06 1.589388257141741978e-01 1.284116135258956456e-03
2.459634838833000045e+06 1.592813030814249076e-01 1.284095749742726091e-03
2.459635342426999938e+06 1.579712301177573497e-01 1.284009964556512805e-03
2.459635835493999999e+06 1.591528426435672716e-01 1.284086222277382736e-03
2.459636328561000060e+06 1.598634569171069331e-01 1.284077293972774730e-03
2.459636832154999953e+06 1.596837783122185828e-01 1.284104796666117945e-03
2.459637325222000014e+06 1.613875393411009773e-01 1.284130478709019987e-03
2.459637818289000075e+06 1.575517385921169633e-01 1.284082937173698646e-03
2.459638321882000193e+06 1.597864691058203945e-01 1.284047576970002774e-03
2.459638814950000029e+06 1.594268994581230781e-01 1.284094819396642282e-03
2.459639308017000090e+06 1.590586162738436560e-01 1.284058471597910710e-03
2.459639811610000208e+06 1.587674976940634808e-01 1.284047995398794606e-03
2.459640304676999804e+06 1.588274634260436746e-01 1.284094117746028153e-03
2.459640797743999865e+06 1.597436487304265962e-01 1.283997730167793679e-03
2.459641301338000223e+06 1.591271923033871494e-01 1.284025830271122741e-03
2.459641794404999819e+06 1.588274634260436746e-01 1.284094117746028153e-03
2.459642287471999880e+06 1.574747037484712231e-01 1.284035243713537409e-03
2.459642791065999772e+06 1.595210501500061995e-01 1.284118529161183079e-03
2.459643284132999834e+06 1.590672599142640142e-01 1.284128250525749934e-03
2.459643777199999895e+06 1.593583410438568215e-01 1.284129717405248011e-03
2.459644280793999787e+06 1.587161791651620080e-01 1.284071500680372072e-03
2.459644773860999849e+06 1.591443409299084510e-01 1.284017628256731505e-03
2.459645266927999910e+06 1.593840286438147347e-01 1.284043115111943752e-03
2.459645770521000028e+06 1.608567167267689058e-01 1.284055148719555860e-03
2.459646263588000089e+06 1.602402448884199804e-01 1.284004461138713417e-03
2.459646756655999925e+06 1.608995390794601688e-01 1.284100594613687757e-03
2.459647260249000043e+06 1.603515639238682067e-01 1.284010324648494862e-03
2.459647753316000104e+06 1.607453431084500395e-01 1.284054409045116106e-03
2.459648246383000165e+06 1.597093712728593351e-01 1.284016408158144889e-03
2.459648749977000058e+06 1.595895315767790756e-01 1.284081843955202449e-03
2.459649243044000119e+06 1.600860909633430029e-01 1.284096228982563141e-03
2.459649736111000180e+06 1.573035051523346828e-01 1.284088123851157047e-03
2.459650239705000073e+06 1.589902162325445845e-01 1.284092029015250188e-03
2.459650732772000134e+06 1.598549172434664267e-01 1.284008700429064903e-03
2.459651225839000195e+06 1.592213126492541542e-01 1.284052062966292923e-03
2.459651729431999847e+06 1.607369043698216315e-01 1.283986999319067582e-03
2.459652222500000149e+06 1.585278610828982915e-01 1.284008034597659484e-03
2.459652715567000210e+06 1.618071095827032790e-01 1.284041234007797820e-03
2.459653219159999862e+06 1.578172240410619653e-01 1.284066379171098539e-03
2.459653712226999924e+06 1.579027159493927024e-01 1.284034807909678697e-03
2.459654205293999985e+06 1.592813030814249076e-01 1.284095749742726091e-03
2.459654708887999877e+06 1.591015460972207418e-01 1.284111962316421317e-03
2.459655201954999939e+06 1.621753336144776403e-01 1.284125312367433245e-03
2.459655695022000000e+06 1.597950051228660129e-01 1.284116172590556507e-03
2.459656198615999892e+06 1.600604376344713087e-01 1.284037877420525151e-03
2.459656691682999954e+06 1.608739035681746865e-01 1.284044174093258934e-03
2.459657184750000015e+06 1.596495137015208621e-01 1.284123341420647692e-03
2.459657688343999907e+06 1.582709466612865767e-01 1.284113731336667362e-03
2.459658181410999969e+06 1.612591625150951447e-01 1.284000159369797726e-03
2.459658674478000030e+06 1.580825744523356724e-01 1.284041388677575023e-03
2.459659178071000148e+06 1.605484067229836775e-01 1.284107831969164611e-03
2.459659671138000209e+06 1.588703308614088372e-01 1.284001719017396946e-03
2.459660164206000045e+06 1.567897255824790004e-01 1.284081928713047722e-03
2.459660667799000163e+06 1.569694729274306033e-01 1.284108287474881090e-03
2.459661160866000224e+06 1.577143462228352278e-01 1.284100884266311908e-03
2.459661653932999820e+06 1.589473164489217383e-01 1.284038338653415139e-03
2.459662157527000178e+06 1.603601301290701886e-01 1.284078918278972956e-03
2.459662650593999773e+06 1.586562554488504528e-01 1.284025079498584852e-03
2.459663143660999835e+06 1.604201063801774796e-01 1.284115919170911863e-03
2.459663647255000193e+06 1.594525981092818345e-01 1.284008085168362708e-03
2.459664140321999788e+06 1.593668541897010349e-01 1.284051535116745215e-03
2.459664633388999850e+06 1.601290031327153029e-01 1.283997986954833878e-03
2.459665136981999967e+06 1.570637636322934627e-01 1.284011677874186304e-03
2.459665630049999803e+06 1.589301890528081185e-01 1.284046356989454766e-03
2.459666123116999865e+06 1.608653099179414014e-01 1.284123744744599185e-03
2.459666626709999982e+06 1.608739035681746865e-01 1.284044174093258934e-03
2.459667119777000044e+06 1.590414768845972715e-01 1.284066590264398063e-03
2.459667612844000105e+06 1.602916132987235731e-01 1.284120807947901647e-03
2.459668116437999997e+06 1.596323106400184821e-01 1.284131997275079562e-03
2.459668609505000059e+06 1.605056778218566238e-01 1.284061737511298313e-03
2.459669102572000120e+06 1.563873426023416613e-01 1.284099354143266930e-03
2.459669606166000012e+06 1.582110453258685767e-01 1.284064881784182039e-03
2.459670099233000074e+06 1.597607166453516858e-01 1.283987774689614864e-03
2.459670592300000135e+06 1.604029680198504615e-01 1.284126468214378744e-03
2.459671095894000027e+06 1.595980570731454495e-01 1.284003446163507322e-03
2.459671588961000089e+06 1.602830507535910887e-01 1.284052212079737822e-03
2.459672082028000150e+06 1.568067667320209857e-01 1.284077068540768552e-03
2.459672585620999802e+06 1.579370420510131379e-01 1.284023010446501975e-03
2.459673078687999863e+06 1.578942810156863941e-01 1.284111642642606337e-03
2.459673571756000165e+06 1.593326575839177084e-01 1.284069507629487803e-03
2.459674075348999817e+06 1.584849400848853673e-01 1.284098302899756502e-03
2.459674568415999878e+06 1.606769576663567567e-01 1.284100093154362304e-03
2.459675061482999939e+06 1.597521824599472395e-01 1.284066323125457104e-03
2.459675565076999832e+06 1.584164949275538026e-01 1.284127365143905922e-03
2.459676058143999893e+06 1.574490338384205712e-01 1.284115965304670134e-03
2.459676551210999954e+06 1.579798146669121606e-01 1.284079740848359042e-03
2.459677054804999847e+06 1.605827163554452430e-01 1.284086445020554950e-03
2.459677547871999908e+06 1.597008398302501020e-01 1.284094907776118762e-03
2.459678040938999970e+06 1.585021654837698302e-01 1.284091882987197257e-03
2.459678544532000087e+06 1.581167940219584123e-01 1.284028078627235357e-03
2.459679037599999923e+06 1.588445797517468727e-01 1.284086199181011132e-03
2.459679530666999985e+06 1.614218796233778952e-01 1.284106367824127629e-03
2.459680034260000102e+06 1.586476341422203007e-01 1.284101426047976795e-03
2.459680527327000163e+06 1.603515639238682067e-01 1.284010324648494862e-03
2.459681020394000225e+06 1.611991695057148344e-01 1.284116354363920012e-03
2.459681523988000117e+06 1.575346164819306227e-01 1.284088482778069761e-03
2.459682017055000179e+06 1.582966047763456341e-01 1.284030312478937064e-03
2.459682510121999774e+06 1.567725418919890534e-01 1.284085589976288223e-03
2.459683013716000132e+06 1.578599642077669896e-01 1.284123342090807149e-03
2.459683506783000194e+06 1.585363298633394591e-01 1.284076628105799891e-03
2.459683999849999789e+06 1.596065830249558393e-01 1.284072039426527832e-03
2.459684503444000147e+06 1.590844020820641747e-01 1.284120114754579026e-03
2.459684996511000209e+06 1.612334697063761146e-01 1.284092587537521155e-03
2.459685489577999804e+06 1.598378392646913893e-01 1.284018740424341682e-03
2.459685993170999922e+06 1.604115369711312800e-01 1.284047323563899598e-03
2.459686486237999983e+06 1.602744886658568346e-01 1.284131238135217262e-03
2.459686979305999819e+06 1.576031160892845395e-01 1.284066202099605654e-03
2.459687482898999937e+06 1.594439335297644089e-01 1.284085166060058196e-03
2.459687975965999998e+06 1.593755145805356155e-01 1.284121313667638785e-03
2.459688469033000059e+06 1.603943995263100442e-01 1.284057872043847630e-03
2.459688972626999952e+06 1.606170333199687938e-01 1.284064990287311046e-03
2.459689465694000013e+06 1.608739035681746865e-01 1.284044174093258934e-03
2.459689958761000074e+06 1.603686967918913908e-01 1.283999810545576915e-03
2.459690462354999967e+06 1.580825744523356724e-01 1.284041388677575023e-03
2.459690955422000028e+06 1.595895315767790756e-01 1.284081843955202449e-03
2.459691448489000089e+06 1.573719042672654389e-01 1.284066694832454968e-03
2.459691952082000207e+06 1.607625180500679429e-01 1.284043536929637156e-03
2.459692445150000043e+06 1.586904530417716230e-01 1.284009526312634986e-03
2.459692938217000104e+06 1.587248041966989875e-01 1.283995089369031070e-03
2.459693441810000222e+06 1.592556320375376477e-01 1.284035474498314983e-03
2.459693934876999818e+06 1.570550842077784448e-01 1.284085375805471725e-03
2.459807647255999967e+06 1.603258680537298364e-01 1.284099896904350620e-03
2.459808150849000085e+06 1.588532117608907890e-01 1.284009670400686155e-03
2.459808643916000146e+06 1.619954438102194083e-01 1.284043751438979520e-03
2.459809136983000208e+06 1.599063094079035130e-01 1.284126941348615394e-03
2.459809640577000100e+06 1.594268994581230781e-01 1.284094819396642282e-03
2.459810133644000161e+06 1.596923088433776228e-01 1.284026313291500559e-03
2.459810626711000223e+06 1.549231789778837687e-01 1.284062999384416029e-03
2.459811130305000115e+06 1.594097203844577482e-01 1.284103273311268346e-03
2.459811623372000176e+06 1.584507867797477765e-01 1.284113458467187963e-03
2.459812116438999772e+06 1.586048267963460212e-01 1.284047102261321772e-03
2.459812620031999890e+06 1.595895315767790756e-01 1.284081843955202449e-03
2.459813113100000191e+06 1.587590165649725715e-01 1.284125625878139790e-03
2.459813606166999787e+06 1.593069782633291243e-01 1.284009283906082256e-03
2.459814109759999905e+06 1.592984683159698878e-01 1.284087413306762892e-03
2.459814602826999966e+06 1.573377009929232129e-01 1.284077442005236670e-03
2.459815095894000027e+06 1.593498283527725046e-01 1.284061121061154344e-03
2.459815599487999920e+06 1.594012049487636695e-01 1.284034678379779304e-03
2.459816092554999981e+06 1.590501195936206147e-01 1.283989879059660054e-03
2.459816585622000042e+06 1.588445797517468727e-01 1.284086199181011132e-03
2.459817089215999935e+06 1.585192467531578719e-01 1.284084263824107966e-03
2.459817582282999996e+06 1.591100455247191070e-01 1.284034015608937840e-03
2.459818075350000057e+06 1.599319380342176800e-01 1.284038146406701799e-03
2.459818578943999950e+06 1.571492815989656289e-01 1.284131836293159927e-03
2.459819072011000011e+06 1.590929005937052609e-01 1.284042184273675525e-03
2.459819565078000072e+06 1.584421766381889363e-01 1.284043680343142620e-03
2.459820068671000190e+06 1.611050670528000606e-01 1.284108648274761948e-03
2.459820561737999786e+06 1.603772639123552113e-01 1.284068403614377352e-03
2.459821054806000087e+06 1.590329811199360233e-01 1.283997997292464152e-03
2.459821558399000205e+06 1.592556320375376477e-01 1.284035474498314983e-03
2.459822051465999801e+06 1.615244980089906579e-01 1.284030076740572254e-03
2.459822544532999862e+06 1.594696349267129554e-01 1.283998398892745828e-03
2.459823048127000220e+06 1.577059213515660807e-01 1.284032289462442569e-03
2.459823541193999816e+06 1.586305390384264991e-01 1.284109161598160492e-03
2.459824034260999877e+06 1.592299651309997954e-01 1.284121841545871230e-03
2.459824537854999769e+06 1.594611162904710777e-01 1.284076678679209283e-03
2.459825030921999831e+06 1.617557024505091035e-01 1.284080233588157007e-03
2.459825523988999892e+06 1.604029680198504615e-01 1.284126468214378744e-03
2.459826027582000010e+06 1.563187955101912330e-01 1.284112412430775093e-03
2.459826520649999846e+06 1.571151267095261261e-01 1.283997450931634744e-03
2.459827013716999907e+06 1.578000730789495820e-01 1.284072171069489988e-03
2.459827517310000025e+06 1.602830507535910887e-01 1.284052212079737822e-03
2.459828010377000086e+06 1.626890787844884334e-01 1.283997632200947672e-03
2.459828503444000147e+06 1.596495137015208621e-01 1.284123341420647692e-03
2.459829007038000040e+06 1.591271923033871494e-01 1.284025830271122741e-03
2.459829500105000101e+06 1.587161791651620080e-01 1.284071500680372072e-03
2.459829993172000162e+06 1.595723349786611345e-01 1.284090449041575509e-03
2.459830496766000055e+06 1.596323106400184821e-01 1.284131997275079562e-03
2.459830989833000116e+06 1.587419094591461799e-01 1.284133461396615161e-03
2.459831482900000177e+06 1.605399783230354593e-01 1.284040419438542673e-03
2.459831986494000070e+06 1.571492815989656289e-01 1.284131836293159927e-03
2.459832479561000131e+06 1.583138097054566651e-01 1.284024058658722774e-03
2.459832972628000192e+06 1.566270614446724219e-01 1.284048066012132916e-03
2.459833476220999844e+06 1.591356931009417774e-01 1.284094424729933029e-03
2.459833969287999906e+06 1.621239588168178758e-01 1.284017163429106547e-03
2.459834462356000207e+06 1.617214401029045678e-01 1.284106147531229990e-03
2.459834965948999859e+06 1.614647037159379905e-01 1.284000888773871758e-03
2.459835459015999921e+06 1.603429981762604373e-01 1.284089416041134897e-03
2.459835952082999982e+06 1.566013854732984933e-01 1.284126041628471521e-03
2.459836455676999874e+06 1.603087397612823761e-01 1.284110360872106485e-03
2.459836948743999936e+06 1.580911650522182355e-01 1.284111166677085651e-03
2.459837441810999997e+06 1.603686967918913908e-01 1.283999810545576915e-03
2.459837945404999889e+06 1.589130635022601157e-01 1.284054358688262436e-03
2.459838438471999951e+06 1.594868204571761039e-01 1.283989878486861301e-03
2.459838931539000012e+06 1.600176912212958602e-01 1.283989720348773607e-03
2.459839435132000130e+06 1.585620310010307787e-01 1.283992714299899904e-03
2.459839928199999966e+06 1.582538921475186988e-01 1.284121118656286233e-03
2.459840421267000027e+06 1.586648772239838412e-01 1.284094856611814632e-03
2.459840924860000145e+06 1.597179031712302189e-01 1.284085002113613018e-03
2.459841417927000206e+06 1.605827163554452430e-01 1.284086445020554950e-03
2.459841910993999802e+06 1.604372465716638607e-01 1.284105353213625461e-03
2.459842414588000160e+06 1.577143462228352278e-01 1.284100884266311908e-03
2.459842907655000221e+06 1.589216992329811895e-01 1.284124137392595984e-03
2.459843400721999817e+06 1.604885303195695834e-01 1.284072371149012600e-03
2.459843904316000175e+06 1.595980570731454495e-01 1.284003446163507322e-03
2.459844397382999770e+06 1.587503896743515386e-01 1.284055847092923025e-03
2.459844890449999832e+06 1.620726002939496813e-01 1.284058228526266301e-03
2.459845394044000190e+06 1.592384714188234129e-01 1.284043777081534873e-03
2.459845887110999785e+06 1.576887824853971110e-01 1.284037982563146539e-03
2.459846380177999847e+06 1.579542078999979782e-01 1.284017087038143330e-03
2.459846883770999964e+06 1.584764740496109880e-01 1.284029708233775562e-03
2.459847376838000026e+06 1.601031954667331281e-01 1.284085968593904215e-03
2.459847869905999862e+06 1.576031160892845395e-01 1.284066202099605654e-03
2.459848373498999979e+06 1.596323106400184821e-01 1.284131997275079562e-03
2.459848866566000041e+06 1.594439335297644089e-01 1.284085166060058196e-03
2.459849359633000102e+06 1.584592514427722310e-01 1.284036111243136349e-03
2.459849863226999994e+06 1.587761255143768369e-01 1.284117773757331195e-03
2.459850356294000056e+06 1.602659270354973853e-01 1.284062641709888229e-03
2.459850849361000117e+06 1.591956512739028939e-01 1.283991739518465514e-03
2.459851352955000009e+06 1.575431773044156103e-01 1.284013160708165390e-03
2.459851846022000071e+06 1.600176912212958602e-01 1.283989720348773607e-03
2.459852339089000132e+06 1.626119283612066091e-01 1.283987819261478208e-03
2.459852842681999784e+06 1.580483622884976680e-01 1.284054632826224333e-03
2.459853335750000086e+06 1.602145668568321635e-01 1.284093829309798174e-03
2.459853828817000147e+06 1.605998739211010606e-01 1.284075726128759091e-03
2.459854332409999799e+06 1.583222670509733532e-01 1.284092653022891103e-03
2.459854825476999860e+06 1.605228271562803566e-01 1.284051086942310368e-03
2.459855318543999922e+06 1.595210501500061995e-01 1.284118529161183079e-03
2.459855822137999814e+06 1.594611162904710777e-01 1.284076678679209283e-03
2.459856315204999875e+06 1.577143462228352278e-01 1.284100884266311908e-03
2.459856808271999937e+06 1.592469781610643120e-01 1.284112372499088880e-03
2.459857311865999829e+06 1.589902162325445845e-01 1.284092029015250188e-03
2.459857804932999890e+06 1.607711062090151355e-01 1.284112132334362232e-03
2.459858297999999952e+06 1.594525981092818345e-01 1.284008085168362708e-03
2.459858801593999844e+06 1.599748088818451208e-01 1.284087657108075797e-03
2.459859294660999905e+06 1.603772639123552113e-01 1.284068403614377352e-03
2.459859787727999967e+06 1.617986151039240705e-01 1.284122847005092971e-03
2.459860291321000084e+06 1.566527416258148564e-01 1.284114312813527080e-03
2.459860784388000146e+06 1.584251036735047080e-01 1.284051232902761776e-03
2.459861277455999982e+06 1.567897255824790004e-01 1.284081928713047722e-03
2.459861781049000099e+06 1.609852179876400391e-01 1.284043013084872715e-03
2.459862274116000161e+06 1.576630776784278820e-01 1.284119097991144511e-03
2.459862767183000222e+06 1.590073500975945908e-01 1.284083960308103969e-03
2.459863270777000114e+06 1.600004484867598997e-01 1.283998729669054949e-03
2.459863763844000176e+06 1.617300794888112681e-01 1.284025787372652808e-03
2.459864256910999771e+06 1.614902846340451059e-01 1.284055575503523618e-03
2.459864760505000129e+06 1.604115369711312800e-01 1.284047323563899598e-03
2.459865253572000191e+06 1.606340466027504910e-01 1.284053054835586002e-03
2.459865746638999786e+06 1.589216992329811895e-01 1.284124137392595984e-03
2.459866250231999904e+06 1.584678625122184215e-01 1.284105888955858372e-03
2.459866743300000206e+06 1.619782863373594173e-01 1.284056941636415325e-03
2.459867236366999801e+06 1.590073500975945908e-01 1.284083960308103969e-03
2.459867739959999919e+06 1.590414768845972715e-01 1.284066590264398063e-03
2.459868233026999980e+06 1.577743501305299834e-01 1.284008170349193413e-03
2.459868726094000041e+06 1.590414768845972715e-01 1.284066590264398063e-03
2.459869229687999934e+06 1.603173036787576000e-01 1.284031302153220344e-03
2.459869722754999995e+06 1.573548017007741495e-01 1.284072076586446854e-03
2.459870215822000057e+06 1.585363298633394591e-01 1.284076628105799891e-03
2.459870719415999949e+06 1.590244858091061919e-01 1.284075874948845770e-03
2.459871212483000010e+06 1.611820963688982145e-01 1.284128803553679374e-03
2.459871705550000072e+06 1.552999085536768409e-01 1.284038676224238430e-03
2.459872209143999964e+06 1.600347884164706469e-01 1.284126909072618415e-03
2.459872702211000025e+06 1.585278610828982915e-01 1.284008034597659484e-03
2.459873195278000087e+06 1.614218796233778952e-01 1.284106367824127629e-03
2.459873698871000204e+06 1.593498283527725046e-01 1.284061121061154344e-03
2.459874191937999800e+06 1.585449451214185623e-01 1.284000382729426912e-03
2.459874685006000102e+06 1.587590165649725715e-01 1.284125625878139790e-03
2.459875188599000219e+06 1.598120785249985965e-01 1.284106182461397690e-03
2.459875681665999815e+06 1.588532117608907890e-01 1.284009670400686155e-03
2.459876174732999876e+06 1.596408384217023468e-01 1.284053562759566872e-03
2.459876678326999769e+06 1.609936697628123192e-01 1.284110425751661339e-03
2.459877171393999830e+06 1.582795474977830574e-01 1.284037732416820361e-03
2.459877664460999891e+06 1.600004484867598997e-01 1.283998729669054949e-03
2.459878168054999784e+06 1.596923088433776228e-01 1.284026313291500559e-03
2.459878661121999845e+06 1.580653946529726184e-01 1.284047427662036826e-03
2.459879154188999906e+06 1.600176912212958602e-01 1.283989720348773607e-03
2.459987411249999888e+06 1.605912949091339859e-01 1.284007132668801062e-03
2.459987904316999950e+06 1.604542408106203744e-01 1.284093587644583425e-03
2.459988407910000067e+06 1.582795474977830574e-01 1.284037732416820361e-03
2.459988900977000128e+06 1.575431773044156103e-01 1.284013160708165390e-03
2.459989394044000190e+06 1.606512096528208144e-01 1.284042285094242697e-03
2.459989897638000082e+06 1.603772639123552113e-01 1.284068403614377352e-03
2.459990390705000143e+06 1.590586162738436560e-01 1.284058471597910710e-03
2.459990883772000205e+06 1.572520804916210102e-01 1.284102841490211352e-03
2.459991387366000097e+06 1.588788179370654030e-01 1.284070312188150334e-03
2.459991880433000159e+06 1.620811091570391327e-01 1.284125641991871233e-03
2.459992373500000220e+06 1.586476341422203007e-01 1.284101426047976795e-03
2.459992877094000112e+06 1.587590165649725715e-01 1.284125625878139790e-03
2.459993370161000174e+06 1.596323106400184821e-01 1.284131997275079562e-03
2.459993863227999769e+06 1.584507867797477765e-01 1.284113458467187963e-03
2.459994366820999887e+06 1.581083476525124709e-01 1.284105110882290341e-03
2.459994859887999948e+06 1.619869394443523569e-01 1.284125537757242926e-03
2.459995352955999784e+06 1.604201063801774796e-01 1.284115919170911863e-03
2.459995856548999902e+06 1.597179031712302189e-01 1.284085002113613018e-03
2.459996349615999963e+06 1.583908173796376717e-01 1.284065105746518345e-03
2.459996842683000024e+06 1.572606259603982759e-01 1.284027780440000471e-03
2.459997346276999917e+06 1.588189790936704870e-01 1.284025523303616205e-03
2.459997839343999978e+06 1.553770243681222851e-01 1.284103849116598412e-03
2.459998332411000039e+06 1.611991695057148344e-01 1.284116354363920012e-03
2.459998836004999932e+06 1.598378392646913893e-01 1.284018740424341682e-03
2.459999329071999993e+06 1.580141575288416533e-01 1.284067811101084148e-03
2.459999822139000054e+06 1.598293009595086744e-01 1.284097358234802169e-03
2.460000325732000172e+06 1.593498283527725046e-01 1.284061121061154344e-03
2.460000818800000008e+06 1.592299651309997954e-01 1.284121841545871230e-03
2.460001311867000069e+06 1.598463780260028777e-01 1.284087334504406541e-03
2.460001815460000187e+06 1.599919014952287388e-01 1.284077498309088659e-03
2.460002308526999783e+06 1.584592514427722310e-01 1.284036111243136349e-03
2.460002801593999844e+06 1.594781540180323365e-01 1.284066991886133715e-03
2.460003305188000202e+06 1.594439335297644089e-01 1.284085166060058196e-03
2.460003798254999798e+06 1.592641396965228384e-01 1.284104069472333590e-03
2.460004291321999859e+06 1.595295719879988028e-01 1.284040196406357505e-03
2.460004794916000217e+06 1.572435354872005198e-01 1.284033063943087116e-03
2.460005287982999813e+06 1.599919014952287388e-01 1.284077498309088659e-03
2.460005781049999874e+06 1.607025617940009421e-01 1.284008691479089160e-03
2.460006284644000232e+06 1.600176912212958602e-01 1.283989720348773607e-03
2.460006777710999828e+06 1.596323106400184821e-01 1.284131997275079562e-03
2.460007270777999889e+06 1.588874518067973918e-01 1.283993751008239304e-03
2.460007774371000007e+06 1.603858314904866023e-01 1.283989279537628425e-03
2.460008267438000068e+06 1.595295719879988028e-01 1.284040196406357505e-03
2.460008760505999904e+06 1.583052070071678530e-01 1.284100089876540063e-03
2.460009264099000022e+06 1.601888929400734629e-01 1.284035596444008977e-03
2.460009757166000083e+06 1.596580424022163713e-01 1.284044890597275425e-03
2.460010250233000144e+06 1.614132567010602426e-01 1.284037772727334402e-03
2.460010753827000037e+06 1.606769576663567567e-01 1.284100093154362304e-03
2.460011246894000098e+06 1.601204492739811691e-01 1.284076874031417652e-03
2.460011739961000159e+06 1.588788179370654030e-01 1.284070312188150334e-03
2.460012243555000052e+06 1.601888929400734629e-01 1.284035596444008977e-03
2.460012736622000113e+06 1.611221320303230786e-01 1.284096267904200972e-03
2.460013229689000174e+06 1.573719042672654389e-01 1.284066694832454968e-03
2.460013733281999826e+06 1.573975616023951529e-01 1.284131075821138201e-03
2.460014226350000128e+06 1.607111467500014490e-01 1.284077285022325625e-03
2.460014719417000189e+06 1.609594205762872321e-01 1.284133747149377109e-03
2.460015223009999841e+06 1.590073500975945908e-01 1.284083960308103969e-03
2.460015716076999903e+06 1.588018655265712453e-01 1.284033424830241261e-03
2.460016209143999964e+06 1.599406291331124386e-01 1.284107924230019600e-03
2.460016712737999856e+06 1.604542408106203744e-01 1.284093587644583425e-03
2.460017205804999918e+06 1.607539303498877470e-01 1.284123005030644816e-03
2.460017698871999979e+06 1.592556320375376477e-01 1.284035474498314983e-03
2.460018202465999871e+06 1.602830507535910887e-01 1.284052212079737822e-03
2.460018695532999933e+06 1.604971038417083162e-01 1.283993144798591720e-03
2.460019188599999994e+06 1.569438853749232921e-01 1.284043515980952312e-03
2.460019692193999887e+06 1.580739843192622562e-01 1.284117205989721358e-03
2.460020185260999948e+06 1.608653099179414014e-01 1.284123744744599185e-03
2.460020678328000009e+06 1.580997561189353973e-01 1.284035333211848082e-03
2.460021181921000127e+06 1.588445797517468727e-01 1.284086199181011132e-03
2.460021674988000188e+06 1.606512096528208144e-01 1.284042285094242697e-03
2.460022168056000024e+06 1.582024482117480313e-01 1.283995106299770433e-03
2.460022671649000142e+06 1.594439335297644089e-01 1.284085166060058196e-03
2.460023164716000203e+06 1.596923088433776228e-01 1.284026313291500559e-03
2.460023657782999799e+06 1.593326575839177084e-01 1.284069507629487803e-03
2.460024161377000157e+06 1.601632231374849891e-01 1.284124865047121594e-03
2.460024654444000218e+06 1.570722988674646825e-01 1.284081454259138402e-03
2.460025147510999814e+06 1.585706476557735001e-01 1.284062489654323909e-03
2.460025651105000172e+06 1.607283180378870358e-01 1.284066446850420755e-03
2.460026144171999767e+06 1.567126303111146257e-01 1.284027881853902269e-03
2.460026637238999829e+06 1.588445797517468727e-01 1.284086199181011132e-03
2.460027140831999946e+06 1.589644456908003434e-01 1.284030303676654376e-03
2.460027633899999782e+06 1.582452927051219427e-01 1.284051340115989438e-03
2.460028126966999844e+06 1.604628125009655015e-01 1.284014394011069636e-03
2.460028630559999961e+06 1.594953404665706009e-01 1.284058471025077046e-03
2.460029123627000023e+06 1.560447637402695431e-01 1.284017161024978435e-03
2.460029616694000084e+06 1.573462511145312659e-01 1.284002300711073246e-03
2.460030120287999976e+06 1.573975616023951529e-01 1.284131075821138201e-03
2.460030613355000038e+06 1.598207631104297533e-01 1.284028763619287803e-03
2.460031106422000099e+06 1.596751011704771739e-01 1.284035019012750353e-03
2.460031610015999991e+06 1.593154886653021518e-01 1.284077877480966799e-03
2.460032103083000053e+06 1.593498283527725046e-01 1.284061121061154344e-03
2.460032596150000114e+06 1.583308706763473239e-01 1.284016605687202019e-03
2.460033099744000006e+06 1.611820963688982145e-01 1.284128803553679374e-03
2.460033592811000068e+06 1.585877363052653199e-01 1.284054804242401159e-03
2.460034085878000129e+06 1.580911650522182355e-01 1.284111166677085651e-03
2.460034589470999781e+06 1.592384714188234129e-01 1.284043777081534873e-03
2.460035082537999842e+06 1.610964610541497366e-01 1.284040053056150366e-03
2.460035575606000144e+06 1.586476341422203007e-01 1.284101426047976795e-03
2.460036079198999796e+06 1.617899720569443145e-01 1.284054251028005425e-03
2.460036572265999857e+06 1.605998739211010606e-01 1.284075726128759091e-03
2.460037065332999919e+06 1.580055711135118501e-01 1.283998035457495183e-03
2.460037568926999811e+06 1.574575900101320702e-01 1.284040723557046057e-03
2.460038061993999872e+06 1.598806848885013510e-01 1.284068419306612623e-03
2.460038555060999934e+06 1.591443409299084510e-01 1.284017628256731505e-03
2.460039058654999826e+06 1.572862651531229672e-01 1.284092257592042013e-03
2.460039551721999887e+06 1.593154886653021518e-01 1.284077877480966799e-03
2.460040044788999949e+06 1.591871472734697479e-01 1.284069767325873510e-03
2.460040548382000066e+06 1.608224966751165275e-01 1.284078229653551947e-03
2.460041041449999902e+06 1.623551241100834874e-01 1.284053570861498107e-03
2.460041534516999964e+06 1.569096306072062519e-01 1.284052297266445120e-03
2.460042038110000081e+06 1.585192467531578719e-01 1.284084263824107966e-03
2.460042531177000143e+06 1.587503896743515386e-01 1.284055847092923025e-03
2.460043024244000204e+06 1.581938515647906551e-01 1.284071036528692741e-03
2.460043527838000096e+06 1.603772639123552113e-01 1.284068403614377352e-03
2.460044020905000158e+06 1.590672599142640142e-01 1.284128250525749934e-03
2.460044513972000219e+06 1.567041146201643420e-01 1.284102438203383809e-03
2.460045017566000111e+06 1.552399878222893992e-01 1.284115169524599823e-03
2.460045510633000173e+06 1.593241462648064821e-01 1.284000914501712623e-03
2.460046003699999768e+06 1.605228271562803566e-01 1.284051086942310368e-03
2.460046507294000126e+06 1.606769576663567567e-01 1.284100093154362304e-03
2.460047000361000188e+06 1.584421766381889363e-01 1.284043680343142620e-03
2.460047493427999783e+06 1.593498283527725046e-01 1.284061121061154344e-03
2.460047997020999901e+06 1.587075546023051509e-01 1.284001724836292876e-03
2.460048490087999962e+06 1.576288111203367759e-01 1.284130370019273982e-03
2.460048983155999798e+06 1.605314025106041598e-01 1.284119682750367543e-03
2.460049486748999916e+06 1.581768053584184930e-01 1.284078357449341522e-03
2.460049979815999977e+06 1.585706476557735001e-01 1.284062489654323909e-03
2.460050472883000039e+06 1.575346164819306227e-01 1.284088482778069761e-03
2.460050976476999931e+06 1.601546674507684509e-01 1.284056268962233561e-03
2.460051469543999992e+06 1.594525981092818345e-01 1.284008085168362708e-03
2.460051962611000054e+06 1.592469781610643120e-01 1.284112372499088880e-03
2.460052466204999946e+06 1.611564158388349988e-01 1.284072638742245111e-03
2.460052959272000007e+06 1.571492815989656289e-01 1.284131836293159927e-03
2.460053452339000069e+06 1.588103489447136862e-01 1.284102019694763688e-03
2.460053955932000186e+06 1.591528426435672716e-01 1.284086222277382736e-03
2.460054449000000022e+06 1.605741382600098521e-01 1.284017850988004817e-03
2.460054942067000084e+06 1.591100455247191070e-01 1.284034015608937840e-03
2.460055445660000201e+06 1.595980570731454495e-01 1.284003446163507322e-03
2.460055938726999797e+06 1.601204492739811691e-01 1.284076874031417652e-03
2.460056431793999858e+06 1.586648772239838412e-01 1.284094856611814632e-03
2.460056935388000216e+06 1.589216992329811895e-01 1.284124137392595984e-03
2.460057428454999812e+06 1.597436487304265962e-01 1.283997730167793679e-03
2.460057921521999873e+06 1.600347884164706469e-01 1.284126909072618415e-03
2.460058425116000231e+06 1.576545103406127302e-01 1.284049319560649641e-03
2.460058918182999827e+06 1.612677772054854630e-01 1.284068752457232778e-03
