2.458346727899000049e+06 1.291586806293116174e+00 6.683147016702075012e-03
2.458347220966000110e+06 1.297372834318416546e+00 6.683212948544326425e-03
2.458347714033000171e+06 1.289504315792737055e+00 6.683060538247563923e-03
2.458348217627000064e+06 1.296454262686805858e+00 6.683257384674333793e-03
2.458348710694000125e+06 1.295321577277241065e+00 6.683383536541104286e-03
2.458349203761000186e+06 1.306708752291503073e+00 6.683164538195700798e-03
2.458349707355000079e+06 1.298351846717398450e+00 6.683472872602673476e-03
2.458350200422000140e+06 1.293209243003369702e+00 6.683204475168420984e-03
2.458350693489000201e+06 1.297341766652384099e+00 6.683052908328886155e-03
2.458351197081999853e+06 1.298933148363694556e+00 6.682876130464848047e-03
2.458351690150000155e+06 1.297463651761915804e+00 6.683680780379779029e-03
2.458352183217000216e+06 1.314208888000732989e+00 6.682790201574255635e-03
2.458352686809999868e+06 1.306311649974045697e+00 6.683539872581089475e-03
2.458353179876999930e+06 1.297249762928633698e+00 6.683773776742930016e-03
2.458353672943999991e+06 1.290545140991172568e+00 6.683700235832104597e-03
2.458354176537999883e+06 1.294403265795660340e+00 6.683414144476275930e-03
2.458354669604999945e+06 1.304872264046416985e+00 6.683386469532568569e-03
2.458355162672000006e+06 1.307994747499349630e+00 6.683718224854615780e-03
2.458355666265999898e+06 1.303158376652671535e+00 6.683009933171105664e-03
2.458356159332999960e+06 1.297800687837737499e+00 6.683026331720436607e-03
2.458356652400000021e+06 1.296147420828426267e+00 6.682869402346142650e-03
2.458357155993999913e+06 1.292749564084749725e+00 6.683210223080083244e-03
2.458357649060999975e+06 1.283137507321510329e+00 6.683154316954549590e-03
2.458358142128000036e+06 1.289964028858597844e+00 6.683066872533784467e-03
2.458358645721000154e+06 1.293392683831042334e+00 6.682961224369008031e-03
2.458359138788000215e+06 1.295902715772958125e+00 6.682801286182738464e-03
2.458359631856000051e+06 1.282035349118949785e+00 6.683317774808618557e-03
2.458360135449000169e+06 1.303219591004620703e+00 6.683323859804627363e-03
2.458360628516000230e+06 1.283657610561812046e+00 6.683498662663151305e-03
2.458361121582999825e+06 1.293698873550157558e+00 6.683351766241726888e-03
2.458361625177000184e+06 1.287178568038049198e+00 6.682862334545499293e-03
2.458362118243999779e+06 1.297341766652384099e+00 6.683052908328886155e-03
2.458362611310999840e+06 1.291371507470223889e+00 6.683222378212636504e-03
2.458363114905000199e+06 1.307627363260414954e+00 6.683045298603149456e-03
2.458363607971999794e+06 1.303065960431772474e+00 6.683736161548688506e-03
2.458364101038999856e+06 1.286780289816530587e+00 6.683164863137152148e-03
2.458364604631999973e+06 1.289474624200425357e+00 6.682906656863480017e-03
2.458365097699999809e+06 1.303342028335073177e+00 6.682751334941172683e-03
2.458365590766999871e+06 1.292841248644786889e+00 6.683684210622574569e-03
2.458366094359999988e+06 1.287881782475957637e+00 6.682954782820340299e-03
2.458366587427000050e+06 1.288402622083790972e+00 6.683284149295178056e-03
2.458367080494000111e+06 1.311423011652429249e+00 6.683118322548100253e-03
2.458367584088000003e+06 1.312311093161057762e+00 6.682809325405026334e-03
2.458368077155000065e+06 1.287943465466853787e+00 6.683274862384036910e-03
2.458368570222000126e+06 1.294892155779057585e+00 6.683553158847082253e-03
2.458369073816000018e+06 1.303893138687018061e+00 6.683175236299427474e-03
2.458369566883000080e+06 1.295167684870889291e+00 6.683782401774291011e-03
2.458370059950000141e+06 1.302607576859123872e+00 6.683784494686525156e-03
2.458370563544000033e+06 1.297463651761915804e+00 6.683680780379779029e-03
2.458371056611000095e+06 1.289841660282959879e+00 6.683620891474742476e-03
2.458371549678000156e+06 1.286412940043934361e+00 6.683626614813316380e-03
2.458372053270999808e+06 1.299791222957850767e+00 6.683699379252321798e-03
2.458372546337999869e+06 1.300494141155140948e+00 6.683720480024225863e-03
2.458373039406000171e+06 1.303861914881872197e+00 6.683015196987046949e-03
2.458373542998999823e+06 1.300861917554786640e+00 6.683214342785107412e-03
2.458374036065999884e+06 1.290270595281903576e+00 6.683466753770045399e-03
2.458374529132999945e+06 1.300096532558705498e+00 6.682874455518895279e-03
2.458375032726999838e+06 1.306219010132132041e+00 6.683065895274654077e-03
2.458375525793999899e+06 1.300769664192121144e+00 6.682740388564281826e-03
2.458376018860999960e+06 1.294862340128573930e+00 6.683399266120122056e-03
2.458376522454999853e+06 1.301229797960652412e+00 6.682707384750928570e-03
2.458377015521999914e+06 1.302209322108140332e+00 6.682940396560657637e-03
2.458377508588999975e+06 1.299453669944300227e+00 6.683160477811857410e-03
2.458378012182000093e+06 1.285586194409888972e+00 6.682883419979354818e-03
2.458378505249999929e+06 1.290453619264445573e+00 6.683226247153151688e-03
2.458378998316999990e+06 1.304504555344269123e+00 6.682704606356177322e-03
2.458379501910000108e+06 1.293055601555710643e+00 6.683601416374628304e-03
2.458379994977000169e+06 1.302178138624678017e+00 6.682780362871912350e-03
2.458380488044000231e+06 1.310230183612413279e+00 6.683073406824436430e-03
2.458380991638000123e+06 1.299545829973843158e+00 6.683634461826310630e-03
2.458381484705000184e+06 1.291279927139977524e+00 6.682748423421962930e-03
2.458381977771999780e+06 1.293636914917671410e+00 6.683031682994901822e-03
2.458382481366000138e+06 1.292015131647402670e+00 6.682983350406216175e-03
2.458382974433000199e+06 1.293086566580211816e+00 6.683761469725284579e-03
2.458383467499999795e+06 1.301505476854080134e+00 6.682924454083117270e-03
2.458383971094000153e+06 1.293790625437249542e+00 6.683825763822763728e-03
2.458384464161000215e+06 1.295351403502168486e+00 6.683537428905855088e-03
2.458384957227999810e+06 1.281330606369209812e+00 6.683184361053246328e-03
2.458385460820999928e+06 1.295871683311259570e+00 6.683834797753360375e-03
2.458385953887999989e+06 1.302300478110803628e+00 6.683408209317214660e-03
2.458386446955999825e+06 1.296300235710254212e+00 6.683657308013029111e-03
2.458386950548999943e+06 1.303984412558583328e+00 6.683643065494986567e-03
2.458387443616000004e+06 1.310535531136023168e+00 6.683423840984178098e-03
2.458387936683000065e+06 1.296147420828426267e+00 6.682869402346142650e-03
2.458388440276999958e+06 1.302607576859123872e+00 6.683784494686525156e-03
2.458388933344000019e+06 1.290422717290076182e+00 6.683066206619255219e-03
2.458389426411000080e+06 1.295810814102531738e+00 6.683520847120249034e-03
2.458389930004999973e+06 1.290147009354906782e+00 6.682826591592177373e-03
2.458390423072000034e+06 1.293147307820574632e+00 6.682884398975750054e-03
2.458390916139000095e+06 1.295290558731832631e+00 6.683223492240642633e-03
2.458391419732000213e+06 1.296117576274733674e+00 6.682715525363098173e-03
2.458391912800000049e+06 1.302116973191447480e+00 6.683665755820050736e-03
2.458392405867000110e+06 1.296117576274733674e+00 6.682715525363098173e-03
2.458392909460000228e+06 1.307382899145009603e+00 6.683000031182734918e-03
2.458393402526999824e+06 1.293943162454535667e+00 6.683422016549184393e-03
2.458393895593999885e+06 1.287362339122674504e+00 6.683816449918545538e-03
2.458394399187999777e+06 1.278085771444239294e+00 6.682740146908248968e-03
2.458394892254999839e+06 1.301902317251133034e+00 6.683763039820911876e-03
2.458395385321999900e+06 1.289657535275025690e+00 6.683854622503997492e-03
2.458395888915999793e+06 1.287515304094337010e+00 6.683424778574283479e-03
2.458396381982999854e+06 1.302882347649619854e+00 6.682794367787620385e-03
2.458396875049999915e+06 1.295015003500278761e+00 6.682994481360674671e-03
2.458397378643999808e+06 1.297157765729525458e+00 6.683299782848688836e-03
2.458397871710999869e+06 1.287178568038049198e+00 6.682862334545499293e-03
2.458398364777999930e+06 1.289779886382534713e+00 6.683300795338804022e-03
2.458398868371000048e+06 1.299545829973843158e+00 6.683634461826310630e-03
2.458399361438000109e+06 1.301045245601485600e+00 6.682957888777318022e-03
2.458399854505999945e+06 1.309740327968546669e+00 6.682987437599693936e-03
2.458400358099000063e+06 1.278881779720084433e+00 6.683368562576643551e-03
2.458400851166000124e+06 1.288218702498683532e+00 6.683516603180447886e-03
2.458401344233000185e+06 1.300556428213907711e+00 6.682842739523246929e-03
2.458401847827000078e+06 1.292046071755596381e+00 6.683143388955963687e-03
2.458402340894000139e+06 1.298903239666989284e+00 6.682722253326861539e-03
2.458402833961000200e+06 1.288464330020256954e+00 6.683604244633854947e-03
2.458403337555000093e+06 1.301657724575378650e+00 6.683706210316830987e-03
2.458403830622000154e+06 1.290882757769473255e+00 6.683070850565075993e-03
2.458404323689000215e+06 1.305576727554788485e+00 6.683387198427290926e-03
2.458404827281999867e+06 1.301902317251133034e+00 6.683763039820911876e-03
2.458405320350000169e+06 1.286504175197056954e+00 6.682915717752823531e-03
2.458405813417000230e+06 1.301076401955368445e+00 6.683117926717327580e-03
2.458406317009999882e+06 1.299208340688323915e+00 6.683095351288144415e-03
2.458406810076999944e+06 1.295259540929217135e+00 6.683063451772718565e-03
2.458407303144000005e+06 1.289750188445053070e+00 6.683146908422681748e-03
2.458407806737999897e+06 1.291586806293116174e+00 6.683147016702075012e-03
2.458408299804999959e+06 1.293484414002501026e+00 6.683435194251956257e-03
2.458408792872000020e+06 1.295382423504636948e+00 6.683697480724211902e-03
2.458409296465999912e+06 1.296515162120783993e+00 6.683571322931603463e-03
2.458409789532999974e+06 1.303770649584671260e+00 6.683748228884825796e-03
2.458410282600000035e+06 1.294188689479221388e+00 6.683498210807602667e-03
2.458410786193999927e+06 1.285126857855901417e+00 6.682862934529117636e-03
2.458411279260999989e+06 1.306740044270348955e+00 6.683324581084358618e-03
2.458411772328000050e+06 1.281820461858832028e+00 6.683378156482643051e-03
2.458412275921000168e+06 1.309066171210079288e+00 6.683164616983487856e-03
2.458412768988000229e+06 1.298076835811375673e+00 6.683252783121543944e-03
2.458413262056000065e+06 1.298536017019815025e+00 6.683224922690316275e-03
2.458413765649000183e+06 1.289321426449126617e+00 6.683300194149995217e-03
2.458414258715999778e+06 1.294126707388165487e+00 6.683178120547162218e-03
2.458414751782999840e+06 1.296973790903363177e+00 6.683546452907381148e-03
2.458415255377000198e+06 1.299453669944300227e+00 6.683160477811857410e-03
2.458415748443999793e+06 1.286351330353915134e+00 6.683306518403271668e-03
2.458416241510999855e+06 1.290820934008158671e+00 6.682750780772038490e-03
2.458416745105000213e+06 1.296973790903363177e+00 6.683546452907381148e-03
2.458417238171999808e+06 1.293055601555710643e+00 6.683601416374628304e-03
2.458417731238999870e+06 1.308300779046329021e+00 6.682872035392179062e-03
2.458418234831999987e+06 1.291127704079272354e+00 6.683149797461131192e-03
2.458526481366999913e+06 1.293851399749959885e+00 6.682948047600736907e-03
2.458526984960000031e+06 1.289810772962926233e+00 6.683460841490457618e-03
2.458527478027000092e+06 1.295627030313418304e+00 6.683766245413233845e-03
2.458527971094000153e+06 1.297770805216599266e+00 6.682872451123977875e-03
2.458528474688000046e+06 1.311606620019551750e+00 6.682845971378971808e-03
2.458528967755000107e+06 1.297310699730312322e+00 6.682892871945843825e-03
2.458529460822000168e+06 1.291678408387883170e+00 6.683620999761815361e-03
2.458529964416000061e+06 1.286994823186762060e+00 6.683093721410356125e-03
2.458530457483000122e+06 1.292167459335202606e+00 6.683771269507501195e-03
2.458530950550000183e+06 1.286504175197056954e+00 6.682915717752823531e-03
2.458531454144000076e+06 1.289381990826402591e+00 6.683614134418188434e-03
2.458531947211000137e+06 1.301107559055353802e+00 6.683277968489773242e-03
2.458532440278000198e+06 1.293515389295851525e+00 6.683595243622084819e-03
2.458532943870999850e+06 1.296147420828426267e+00 6.682869402346142650e-03
2.458533436937999912e+06 1.303494490892792346e+00 6.683533070923728010e-03
2.458533930006000213e+06 1.298780023099884939e+00 6.683284537495503240e-03
2.458534433598999865e+06 1.308851575180318028e+00 6.683274538511103230e-03
2.458534926665999927e+06 1.297953697638599024e+00 6.683814255889187171e-03
2.458535419732999988e+06 1.304565832931403602e+00 6.683018518647347930e-03
2.458535923326999880e+06 1.294034931667118471e+00 6.682704168895135105e-03
2.458536416393999942e+06 1.302546391254478353e+00 6.683470546416230354e-03
2.458536909461000003e+06 1.310658655798212724e+00 6.682844586651037061e-03
2.458537413054999895e+06 1.291279927139977524e+00 6.682748423421962930e-03
2.458537906121999957e+06 1.304504555344269123e+00 6.682704606356177322e-03
2.458538399189000018e+06 1.297831766493634298e+00 6.683186371299439793e-03
2.458538902782000136e+06 1.291433357601208698e+00 6.683542470592793681e-03
2.458539395849999972e+06 1.296759982824380097e+00 6.683639020310470219e-03
2.458539888917000033e+06 1.303158376652671535e+00 6.683009933171105664e-03
2.458540392510000151e+06 1.307658677237399703e+00 6.683205338636377842e-03
2.458540885577000212e+06 1.303097165176056338e+00 6.682696021283207957e-03
2.458541378643999808e+06 1.288371769223827012e+00 6.683124107374723184e-03
2.458541882238000166e+06 1.307321489235679923e+00 6.682686119759972954e-03
2.458542375305000227e+06 1.292290048561735905e+00 6.683215122489739868e-03
2.458542868371999823e+06 1.301902317251133034e+00 6.683763039820911876e-03
2.458543371966000181e+06 1.302913547996900956e+00 6.682954401811765782e-03
2.458543865032999776e+06 1.289259677464064335e+00 6.682980113373092855e-03
2.458544358099999838e+06 1.299208340688323915e+00 6.683095351288144415e-03
2.458544861694000196e+06 1.291678408387883170e+00 6.683620999761815361e-03
2.458545354760999791e+06 1.285800528699267753e+00 6.682813331315909725e-03
2.458545847827999853e+06 1.285219185527399777e+00 6.683343053024747363e-03
2.458546351420999970e+06 1.291739083481653783e+00 6.682745219436435520e-03
2.458546844488000032e+06 1.297433776901234959e+00 6.683526884714280532e-03
2.458547337555999868e+06 1.305760720050881840e+00 6.683126425667275904e-03
2.458547841148999985e+06 1.297310699730312322e+00 6.682892871945843825e-03
2.458548334216000047e+06 1.301627753143710153e+00 6.683552314065772243e-03
2.458548827283000108e+06 1.309555774712749754e+00 6.683251894782148844e-03
2.458549330877000000e+06 1.285892904769463385e+00 6.683293446247906555e-03
2.458549823944000062e+06 1.289504315792737055e+00 6.683060538247563923e-03
2.458550317011000123e+06 1.297372834318416546e+00 6.683212948544326425e-03
2.458550820605000015e+06 1.300433054822016876e+00 6.683406534760783640e-03
2.458551313672000077e+06 1.302178138624678017e+00 6.682780362871912350e-03
2.458551806739000138e+06 1.289719303315454590e+00 6.682986869788657032e-03
2.458552310331999790e+06 1.295413444249942758e+00 6.683857536375337888e-03
2.458552803400000092e+06 1.286534983333430304e+00 6.683075754682958614e-03
2.458553296467000153e+06 1.289290551586923517e+00 6.683140151845319912e-03
2.458553800059999805e+06 1.295167684870889291e+00 6.683782401774291011e-03
2.458554293126999866e+06 1.292932939707284623e+00 6.682967396535970453e-03
2.458554786193999927e+06 1.300617520342349342e+00 6.683156658303041411e-03
2.458555289787999820e+06 1.298626915887309385e+00 6.683692755363972518e-03
2.458555782854999881e+06 1.289596957954976864e+00 6.683540670939684854e-03
2.458556275921999943e+06 1.291341772884730066e+00 6.683068493102094221e-03
2.458556779515999835e+06 1.297004849757421585e+00 6.683706504941839405e-03
2.458557272582999896e+06 1.296515162120783993e+00 6.683571322931603463e-03
2.458557765649999958e+06 1.303035956574648324e+00 6.683582264607985240e-03
2.458558269243999850e+06 1.295779783841565447e+00 6.683360799531664134e-03
2.458558762310999911e+06 1.305576727554788485e+00 6.683387198427290926e-03
2.458559255377999973e+06 1.310352072707821280e+00 6.683695124887637472e-03
2.458559758971000090e+06 1.304780928028677289e+00 6.682918658297736132e-03
2.458560252038000152e+06 1.290086409043461391e+00 6.683700901809809872e-03
2.458560745105999988e+06 1.300647468512280414e+00 6.683310545443687210e-03
2.458561248699000105e+06 1.299882209691062274e+00 6.682970009378958430e-03
2.458561741766000167e+06 1.287544950571112068e+00 6.683578671888673953e-03
2.458562234833000228e+06 1.290606951543403547e+00 6.682831658168197214e-03
2.458562738427000120e+06 1.298351846717398450e+00 6.683472872602673476e-03
2.458563231494000182e+06 1.279463791577513110e+00 6.682874836666671814e-03
2.458563724560999777e+06 1.299699045525751995e+00 6.683225390634136252e-03
2.458564228155000135e+06 1.289168246898690695e+00 6.683693543598207346e-03
2.458564721222000197e+06 1.298964254138818220e+00 6.683036166446958484e-03
2.458565214288999792e+06 1.310750403262989972e+00 6.683312392700774957e-03
2.458565717881999910e+06 1.309525621423849762e+00 6.683098008991968791e-03
2.458566210950000212e+06 1.293239020589447064e+00 6.683358363410100977e-03
2.458566704016999807e+06 1.302668765337896328e+00 6.682898655432126592e-03
2.458567207609999925e+06 1.283749832677835157e+00 6.682796449540426981e-03
2.458567700676999986e+06 1.294831332580332894e+00 6.683239221442986884e-03
2.458568193744000047e+06 1.300157603084082680e+00 6.683188375788511049e-03
2.458568697337999940e+06 1.298565917260809055e+00 6.683378811402825373e-03
2.458569190405000001e+06 1.293269990006319370e+00 6.683518410940347994e-03
2.458569683472000062e+06 1.313964403658651747e+00 6.682757197563875956e-03
2.458570187065999955e+06 1.298106725479210022e+00 6.683406672475570263e-03
2.458570680133000016e+06 1.285279557206670864e+00 6.683656995306187787e-03
2.458571173200000077e+06 1.293943162454535667e+00 6.683422016549184393e-03
2.458571676793999970e+06 1.292688841527059429e+00 6.682896301784262312e-03
2.458572169861000031e+06 1.293055601555710643e+00 6.683601416374628304e-03
2.458572662928000093e+06 1.301137518508973079e+00 6.683431858423721089e-03
2.458573166521000210e+06 1.295259540929217135e+00 6.683063451772718565e-03
2.458573659587999806e+06 1.299760097379637269e+00 6.683539327388521301e-03
2.458574152656000108e+06 1.297372834318416546e+00 6.683212948544326425e-03
2.458574656249000225e+06 1.306219010132132041e+00 6.683065895274654077e-03
2.458575149315999821e+06 1.299514710271952422e+00 6.683474411517039207e-03
2.458575642382999882e+06 1.299575753466903016e+00 6.683788359968892770e-03
2.458576145976999775e+06 1.294555875042819881e+00 6.683009784343912907e-03
2.458576639043999836e+06 1.296300235710254212e+00 6.683657308013029111e-03
2.458577132110999897e+06 1.305760720050881840e+00 6.683126425667275904e-03
2.458577635704999790e+06 1.300280950343585706e+00 6.683822416591673338e-03
2.458578128771999851e+06 1.297249762928633698e+00 6.683773776742930016e-03
2.458578621838999912e+06 1.295382423504636948e+00 6.683697480724211902e-03
2.458579125432000030e+06 1.297892730634258918e+00 6.683500306220960252e-03
2.458579618499999866e+06 1.293882383831581162e+00 6.683108085305079944e-03
2.458580111566999927e+06 1.300739713208562964e+00 6.683784540101232741e-03
2.458580615160000045e+06 1.293515389295851525e+00 6.683595243622084819e-03
2.458581108227000106e+06 1.298903239666989284e+00 6.682722253326861539e-03
2.458581601294000167e+06 1.297923811494320567e+00 6.683660357150314653e-03
2.458582104888000060e+06 1.297616621826457761e+00 6.683273632631638039e-03
2.458582597955000121e+06 1.307107179212717130e+00 6.682794513079873440e-03
2.458583091022000182e+06 1.311239428988160149e+00 6.683390466505622317e-03
2.458583594616000075e+06 1.295382423504636948e+00 6.683697480724211902e-03
2.458584087683000136e+06 1.291524948813070894e+00 6.682826943261241902e-03
2.458584580750000197e+06 1.288187854042963654e+00 6.683356555693490027e-03
2.458585084344000090e+06 1.288371769223827012e+00 6.683124107374723184e-03
2.458585577411000151e+06 1.301168677072531255e+00 6.683591907713966503e-03
2.458586070478000212e+06 1.303678189943147769e+00 6.683274236802343692e-03
2.458586574070999864e+06 1.298750117928978653e+00 6.683130650953706536e-03
2.458587067137999926e+06 1.297831766493634298e+00 6.683186371299439793e-03
2.458587560206000227e+06 1.302392840042057243e+00 6.682682662765809800e-03
2.458588063798999880e+06 1.301535445470200836e+00 6.683078335877000974e-03
2.458588556865999941e+06 1.295167684870889291e+00 6.683782401774291011e-03
2.458589049933000002e+06 1.283810135335961888e+00 6.683110366145801964e-03
2.458589553526999895e+06 1.301964671754376690e+00 6.682884004318098009e-03
2.458590046593999956e+06 1.306036155962372769e+00 6.683333254179771483e-03
2.458590539661000017e+06 1.292657886026716163e+00 6.682736269151414582e-03
2.458591043254999910e+06 1.294923164783837954e+00 6.683713211042107381e-03
2.458591536321999971e+06 1.290637857929666454e+00 6.682991693085341828e-03
2.458592029389000032e+06 1.302484008891162004e+00 6.683150457480711848e-03
2.458592532982000150e+06 1.293055601555710643e+00 6.683601416374628304e-03
2.458593026049999986e+06 1.296851951811879289e+00 6.682918593475351693e-03
2.458593519117000047e+06 1.292688841527059429e+00 6.682896301784262312e-03
2.458594022710000165e+06 1.293423656927710441e+00 6.683121262388874717e-03
2.458594515777000226e+06 1.297892730634258918e+00 6.683500306220960252e-03
2.458595008843999822e+06 1.310198808056602715e+00 6.682913369950545419e-03
2.458595512438000180e+06 1.296025659367022520e+00 6.683435290262319979e-03
2.458596005504999775e+06 1.294126707388165487e+00 6.683178120547162218e-03
2.458596498571999837e+06 1.288647097785333484e+00 6.683365421387713057e-03
2.458597002166000195e+06 1.283412899373395533e+00 6.683406615029198819e-03
2.458597495232999790e+06 1.292351942686170041e+00 6.683535214522385096e-03
2.458597988299999852e+06 1.285953308095913794e+00 6.683607386199126761e-03
2.458712204272000119e+06 1.298689113515477223e+00 6.682816733395519071e-03
2.458712697339000180e+06 1.296270387637909582e+00 6.683503412887994988e-03
2.458713200931999832e+06 1.304443280635446900e+00 6.683592145471060030e-03
2.458713694000000134e+06 1.295566172596441357e+00 6.683452298000137036e-03
2.458714187067000195e+06 1.299147314751351256e+00 6.682781435388041209e-03
2.458714690659999847e+06 1.304597073593391610e+00 6.683178558039250781e-03
2.458715183726999909e+06 1.294219681637977626e+00 6.683658261686798406e-03
2.458715676793999970e+06 1.296759982824380097e+00 6.683639020310470219e-03
2.458716180387999862e+06 1.299392632483812093e+00 6.682846558852655224e-03
2.458716673454999924e+06 1.303709409348600801e+00 6.683434282317994753e-03
2.458717166521999985e+06 1.294954174531200319e+00 6.682680570198596542e-03
2.458717670115999877e+06 1.295994623961242986e+00 6.683275244722531108e-03
2.458718163182999939e+06 1.293024637272712551e+00 6.683441366856685689e-03
2.458718656250000000e+06 1.288218702498683532e+00 6.683516603180447886e-03
2.458719159843999892e+06 1.296209499701384438e+00 6.683189477820550457e-03
2.458719652910999954e+06 1.299545829973843158e+00 6.683634461826310630e-03
2.458720145978000015e+06 1.287269857491144531e+00 6.683336297414972649e-03
2.458720649571000133e+06 1.288005151412052074e+00 6.683594957277921161e-03
2.458721142638000194e+06 1.295718918949505971e+00 6.683046871163025177e-03
2.458721635706000030e+06 1.303464477168503111e+00 6.683379178659304941e-03
2.458722139299000148e+06 1.300525284311626839e+00 6.682682708173032921e-03
2.458722632366000209e+06 1.287728773964342599e+00 6.683346847502037898e-03
2.458723125432999805e+06 1.298504921499509468e+00 6.683064882188115806e-03
2.458723629027000163e+06 1.276738633134162582e+00 6.682751869472572728e-03
2.458724122094000224e+06 1.291250194663178696e+00 6.683783834604349605e-03
2.458724615160999820e+06 1.293330739862784906e+00 6.683832361459023097e-03
2.458725118755000178e+06 1.293759643552933936e+00 6.683665708932482255e-03
2.458725611821999773e+06 1.290790023237846196e+00 6.683779613170200314e-03
2.458726104888999835e+06 1.291524948813070894e+00 6.682826943261241902e-03
2.458726608481999952e+06 1.293974148733610052e+00 6.683582065603723386e-03
2.458727101549999788e+06 1.302637570852327009e+00 6.682738622742916829e-03
2.458727594616999850e+06 1.289994919848676647e+00 6.683226913083626514e-03
2.458728098209999967e+06 1.296607113745076090e+00 6.682851116799436511e-03
2.458728591277000029e+06 1.291127704079272354e+00 6.683149797461131192e-03
2.458729084344000090e+06 1.300157603084082680e+00 6.683188375788511049e-03
2.458729587937999982e+06 1.292290048561735905e+00 6.683215122489739868e-03
2.458730081005000044e+06 1.288371769223827012e+00 6.683124107374723184e-03
2.458730574072000105e+06 1.284147172926418889e+00 6.683682134210288533e-03
2.458731077665999997e+06 1.291127704079272354e+00 6.683149797461131192e-03
2.458731570733000059e+06 1.292963901794385473e+00 6.683127434703665069e-03
2.458732063800000120e+06 1.291739083481653783e+00 6.682745219436435520e-03
2.458732567394000012e+06 1.300800813946604517e+00 6.682900421295757259e-03
2.458733060461000074e+06 1.292626931267656154e+00 6.683766793751920801e-03
2.458733553528000135e+06 1.285402676870070149e+00 6.683113337413293560e-03
2.458734057120999787e+06 1.308423693753816952e+00 6.683499890450102406e-03
2.458734550187999848e+06 1.302422829090705614e+00 6.682836538992179172e-03
2.458735043256000150e+06 1.302759953502057533e+00 6.683366465266737076e-03
2.458735546848999802e+06 1.297004849757421585e+00 6.683706504941839405e-03
2.458736039915999863e+06 1.291127704079272354e+00 6.683149797461131192e-03
2.458736532982999925e+06 1.297065775054588199e+00 6.682825822568701397e-03
2.458737036576999817e+06 1.293698873550157558e+00 6.683351766241726888e-03
2.458737529643999878e+06 1.293851399749959885e+00 6.682948047600736907e-03
2.458738022710999940e+06 1.291770016979270519e+00 6.682905252283597060e-03
2.458738526304999832e+06 1.291127704079272354e+00 6.683149797461131192e-03
2.458739019371999893e+06 1.286136904249605584e+00 6.683377032078236663e-03
2.458739512438999955e+06 1.289290551586923517e+00 6.683140151845319912e-03
2.458740016032000072e+06 1.293851399749959885e+00 6.682948047600736907e-03
2.458740509099999908e+06 1.304565832931403602e+00 6.683018518647347930e-03
2.458741002166999970e+06 1.296607113745076090e+00 6.682851116799436511e-03
2.458741505760000087e+06 1.298933148363694556e+00 6.682876130464848047e-03
2.458741998827000149e+06 1.292626931267656154e+00 6.683766793751920801e-03
2.458742491894000210e+06 1.289290551586923517e+00 6.683140151845319912e-03
2.458742995488000102e+06 1.297280828391441432e+00 6.682738994422396557e-03
2.458743488555000164e+06 1.290637857929666454e+00 6.682991693085341828e-03
2.458743981622000225e+06 1.294555875042819881e+00 6.683009784343912907e-03
2.458744485216000117e+06 1.280443441513442471e+00 6.683274400592698235e-03
2.458744978283000179e+06 1.291402432165434488e+00 6.683382422486399028e-03
2.458745471349999774e+06 1.305208820337150577e+00 6.682705983697550221e-03
2.458745974944000132e+06 1.301015288272508341e+00 6.682804009756820873e-03
2.458746468011000194e+06 1.291616546520773401e+00 6.683300903620690084e-03
2.458746961077999789e+06 1.303893138687018061e+00 6.683175236299427474e-03
2.458747464670999907e+06 1.288831078532640229e+00 6.683132551295198343e-03
2.458747957737999968e+06 1.300647468512280414e+00 6.683310545443687210e-03
2.458748450805999804e+06 1.291800951217661142e+00 6.683065288963114040e-03
2.458748954398999922e+06 1.296759982824380097e+00 6.683639020310470219e-03
2.458749447465999983e+06 1.294157698062625927e+00 6.683338163761100639e-03
2.458749940533000045e+06 1.280994308015520611e+00 6.683789969520761293e-03
2.458750444126999937e+06 1.292075822558357734e+00 6.683297275791065702e-03
2.458750937193999998e+06 1.294770512238577531e+00 6.682925298785068885e-03
2.458751430261000060e+06 1.288127345756241882e+00 6.683042627524189011e-03
2.458751933854999952e+06 1.285493840373175045e+00 6.683587318084447185e-03
2.458752426922000013e+06 1.293117532346241827e+00 6.682730521647400196e-03
2.458752919989000075e+06 1.297494722346756113e+00 6.683840835631000080e-03
2.458753423582000192e+06 1.301259760228958839e+00 6.682861261546548318e-03
2.458753916650000028e+06 1.302698760740028217e+00 6.683052536631945567e-03
2.458754409717000090e+06 1.292657886026716163e+00 6.682736269151414582e-03
2.458754913310000207e+06 1.291739083481653783e+00 6.682745219436435520e-03
2.458755406376999803e+06 1.309036029194586837e+00 6.683010733202932041e-03
2.458755899443999864e+06 1.303097165176056338e+00 6.682696021283207957e-03
2.458756403038000222e+06 1.298811125208091610e+00 6.683444583257805958e-03
2.458756896104999818e+06 1.282341212331101987e+00 6.683731175933571578e-03
2.458757389171999879e+06 1.290177904726855340e+00 6.682986626387991957e-03
2.458757892765999772e+06 1.293759643552933936e+00 6.683665708932482255e-03
2.458758385832999833e+06 1.291555877182767986e+00 6.682986978065456884e-03
2.458758878899999894e+06 1.298872135352954871e+00 6.683758530308531176e-03
2.458759382493999787e+06 1.300249813038067304e+00 6.683662361781548232e-03
2.458759875560999848e+06 1.294433070875445013e+00 6.683568037545825798e-03
2.458760368627999909e+06 1.293453439450907627e+00 6.683275148714489314e-03
2.458760872221000027e+06 1.291709340432507069e+00 6.683781053581458464e-03
2.458761365288000088e+06 1.294433070875445013e+00 6.683568037545825798e-03
2.458761858355999924e+06 1.295474294792687386e+00 6.682978326904238930e-03
2.458762361949000042e+06 1.293392683831042334e+00 6.682961224369008031e-03
2.458762855016000103e+06 1.289535195773988008e+00 6.683220578645717412e-03
2.458763348083000164e+06 1.287606617429472466e+00 6.682712851812314635e-03
2.458763851677000057e+06 1.308239326022681670e+00 6.683763062929655961e-03
2.458764344744000118e+06 1.292474549414820206e+00 6.682978875178264069e-03
2.458764837811000179e+06 1.310198808056602715e+00 6.682913369950545419e-03
2.458765341405000072e+06 1.292932939707284623e+00 6.682967396535970453e-03
2.458765834472000133e+06 1.296607113745076090e+00 6.682851116799436511e-03
2.458766327539000195e+06 1.288524854136423370e+00 6.682731423936033761e-03
2.458766831131999847e+06 1.296454262686805858e+00 6.683257384674333793e-03
2.458767324200000148e+06 1.303586937505982535e+00 6.682806433423367845e-03
2.458767817267000210e+06 1.299117401123339510e+00 6.683824091775216435e-03
2.458768320859999862e+06 1.284912635862911490e+00 6.682932394553671787e-03
2.458768813926999923e+06 1.298933148363694556e+00 6.682876130464848047e-03
2.458769306993999984e+06 1.299514710271952422e+00 6.683474411517039207e-03
2.458769810587999877e+06 1.301107559055353802e+00 6.683277968489773242e-03
2.458770303654999938e+06 1.296055501804229904e+00 6.683589183818778104e-03
2.458770796721999999e+06 1.299300483318591937e+00 6.683569330683685611e-03
2.458771300315999892e+06 1.303372039239841351e+00 6.682905212748795412e-03
2.458771793382999953e+06 1.284300938754924015e+00 6.683299564079484695e-03
2.458772286450000014e+06 1.287515304094337010e+00 6.683424778574283479e-03
2.458772790043999907e+06 1.288739678362262442e+00 6.683845575983647820e-03
2.458773283110999968e+06 1.310382245026684656e+00 6.683849024427077068e-03
2.458773776178000029e+06 1.300403111589091054e+00 6.683252645409950080e-03
2.458774279771000147e+06 1.295597197742022200e+00 6.683612347779851158e-03
2.458774772838000208e+06 1.291923505673196582e+00 6.683699318088903718e-03
2.458775265906000044e+06 1.307290183333200684e+00 6.683730150915613913e-03
2.458775769499000162e+06 1.310473973142421533e+00 6.683109909654376575e-03
2.458776262566000223e+06 1.278728662712629971e+00 6.683746133814130741e-03
2.458776755632999819e+06 1.298076835811375673e+00 6.683252783121543944e-03
2.458777259227000177e+06 1.295779783841565447e+00 6.683360799531664134e-03
2.458777752293999773e+06 1.297739728020517624e+00 6.682712419062293921e-03
2.458778245360999834e+06 1.291065868586836363e+00 6.682829723887121626e-03
2.458778748955000192e+06 1.293943162454535667e+00 6.683422016549184393e-03
2.458779242021999788e+06 1.296851951811879289e+00 6.682918593475351693e-03
2.458779735088999849e+06 1.295689084262315882e+00 6.682892990093633988e-03
2.458780238681999967e+06 1.302116973191447480e+00 6.683665755820050736e-03
2.458780731749999803e+06 1.291616546520773401e+00 6.683300903620690084e-03
2.458781224816999864e+06 1.288096499488209590e+00 6.682882591387360321e-03
2.458781728409999982e+06 1.293239020589447064e+00 6.683358363410100977e-03
2.458782221477000043e+06 1.303861914881872197e+00 6.683015196987046949e-03
2.458782714544000104e+06 1.298994164240449667e+00 6.683190050813143067e-03
2.458783218137999997e+06 1.292137706422455068e+00 6.683617371758435871e-03
2.458783711205000058e+06 1.295902715772958125e+00 6.682801286182738464e-03
2.459622427943999879e+06 1.390527557047671836e+00 6.905659546714040982e-03
2.459622921010999940e+06 1.390037126564594550e+00 6.914746406792108072e-03
2.459623424604999833e+06 1.385537868189889110e+00 6.922991885127949968e-03
2.459623917671999894e+06 1.402924824331336362e+00 6.932339227109359132e-03
2.459624410738999955e+06 1.390037126564594550e+00 6.941632108429328547e-03
2.459624914332000073e+06 1.405618938628255599e+00 6.952124896779366542e-03
2.459625407399999909e+06 1.416088513333920940e+00 6.962170415842782248e-03
2.459625900466999970e+06 1.404976952328288897e+00 6.973536263151363344e-03
2.459626404060000088e+06 1.411924908796081901e+00 6.985914789257892735e-03
2.459626897127000149e+06 1.429283565368701270e+00 6.999398826124926705e-03
2.459627390194000211e+06 1.435925804093118430e+00 7.012088737519563304e-03
2.459627893788000103e+06 1.438895319827859121e+00 7.027915111983378330e-03
2.459628386855000164e+06 1.444925980580612945e+00 7.042731241458446978e-03
2.459628879922000226e+06 1.453007981760396694e+00 7.059373234674023133e-03
2.459629383516000118e+06 1.453895525602559191e+00 7.078415286010646817e-03
2.459629876583000179e+06 1.459834422562627632e+00 7.097917415791517998e-03
2.459630369649999775e+06 1.467457729044576498e+00 7.118764046925747657e-03
2.459630873244000133e+06 1.489222537177971928e+00 7.142049530173999461e-03
2.459631366311000194e+06 1.497488858950382973e+00 7.166521736133466165e-03
2.459631859377999790e+06 1.514141280782568488e+00 7.193221237396534365e-03
2.459632362970999908e+06 1.520967730591735956e+00 7.222849882470287752e-03
2.459632856037999969e+06 1.537253887542279207e+00 7.254882802329854288e-03
2.459633349105999805e+06 1.547938136243466545e+00 7.291048777831423029e-03
2.459633852698999923e+06 1.567959352784238591e+00 7.330474603180263567e-03
2.459634345765999984e+06 1.571051421486130639e+00 7.373870382886277622e-03
2.459634838833000045e+06 1.613817423519567251e+00 7.422985599759124309e-03
2.459635342426999938e+06 1.644704951886353239e+00 7.480226796180254947e-03
2.459635835493999999e+06 1.666410525231906359e+00 7.543644299251681118e-03
2.459636328561000060e+06 1.693685619113744822e+00 7.615637349364526645e-03
2.459636832154999953e+06 1.725615368575356356e+00 7.700403121962857110e-03
2.459637325222000014e+06 1.763820557333762196e+00 7.797786090303686531e-03
2.459637818289000075e+06 1.824310677415782456e+00 7.912307743172912466e-03
2.459638321882000193e+06 1.884464671319052931e+00 8.053444323401095714e-03
2.459638814950000029e+06 1.960906111157128651e+00 8.222996971982993869e-03
2.459639308017000090e+06 2.097285720800371234e+00 8.433677920001093203e-03
2.459639811610000208e+06 2.222063164187112250e+00 8.708265158867422445e-03
2.459640304676999804e+06 2.402372788515994895e+00 9.058659141218844066e-03
2.459640797743999865e+06 2.625325760425267330e+00 9.534230716440814102e-03
2.459641301338000223e+06 3.000118437738614752e+00 1.020453894971374079e-02
2.459641794404999819e+06 3.525740951473277818e+00 1.109936513061225011e-02
2.459642287471999880e+06 4.137050287970296836e+00 1.212076829377276878e-02
2.459642791065999772e+06 4.583875357537601225e+00 1.284303569920626845e-02
2.459643284132999834e+06 4.160500705598007443e+00 1.215498587992357854e-02
2.459643777199999895e+06 3.340777868925600913e+00 1.079708817914148272e-02
2.459644280793999787e+06 2.829238765225227326e+00 9.894318292492911004e-03
2.459644773860999849e+06 2.506088479210907938e+00 9.302016942015709985e-03
2.459645266927999910e+06 2.309340648597475010e+00 8.882274079357441524e-03
2.459645770521000028e+06 2.145195118336531870e+00 8.565083118012545293e-03
2.459646263588000089e+06 2.023937979136327669e+00 8.327005135484113682e-03
2.459646756655999925e+06 1.929802212584207366e+00 8.136999107604228273e-03
2.459647260249000043e+06 1.855046498112930431e+00 7.980688269132363635e-03
2.459647753316000104e+06 1.779585260393074853e+00 7.854368796427263141e-03
2.459648246383000165e+06 1.751360699817440914e+00 7.749153767785866079e-03
2.459648749977000058e+06 1.696808378605540790e+00 7.657809529359249807e-03
2.459649243044000119e+06 1.682297501790792404e+00 7.579925347146285186e-03
2.459649736111000180e+06 1.654684504825600921e+00 7.513422296355576867e-03
2.459650239705000073e+06 1.625634097577435266e+00 7.451884599763611804e-03
2.459650732772000134e+06 1.604603000615306918e+00 7.399815156638936756e-03
2.459651225839000195e+06 1.568969134408538135e+00 7.353981464386887337e-03
2.459651729431999847e+06 1.557887167519091509e+00 7.312082779302609553e-03
2.459652222500000149e+06 1.541325629452758861e+00 7.274098893179422459e-03
2.459652715567000210e+06 1.532386791853556529e+00 7.240381418394333662e-03
2.459653219159999862e+06 1.524030294691405940e+00 7.209319869073337224e-03
2.459653712226999924e+06 1.507376012907997831e+00 7.181906692068138094e-03
2.459654205293999985e+06 1.476518184441409254e+00 7.155917480214728579e-03
2.459654708887999877e+06 1.480344518831798517e+00 7.132194859187004216e-03
2.459655201954999939e+06 1.469600191873563277e+00 7.110207593778801634e-03
2.459655695022000000e+06 1.466967188050219084e+00 7.089361856008298719e-03
2.459656198615999892e+06 1.472814326407706931e+00 7.071497708113880405e-03
2.459656691682999954e+06 1.454538429592329596e+00 7.053412051880159246e-03
2.459657184750000015e+06 1.436843937855394993e+00 7.037746395513459763e-03
2.459657688343999907e+06 1.431057881919269859e+00 7.022586482288695892e-03
2.459658181410999969e+06 1.424476208235572416e+00 7.007344320696263368e-03
2.459658674478000030e+06 1.418598838737621826e+00 6.994111046940872101e-03
2.459659178071000148e+06 1.409353700063858739e+00 6.982279415037379554e-03
2.459659671138000209e+06 1.412446477897409736e+00 6.970282648224139684e-03
2.459660164206000045e+06 1.405251313811272107e+00 6.959366631829760202e-03
2.459660667799000163e+06 1.402006412460502949e+00 6.948461764826748335e-03
2.459661160866000224e+06 1.406384269031446310e+00 6.939070923659411416e-03
2.459661653932999820e+06 1.396343925316754220e+00 6.929400564000433652e-03
2.459662157527000178e+06 1.390312412193949854e+00 6.921237916702190074e-03
2.459662650593999773e+06 1.384619360948834643e+00 6.912026055182068918e-03
2.459663143660999835e+06 1.384741793391206954e+00 6.904984872536425351e-03
2.459663647255000193e+06 1.374026788623309070e+00 6.897113649871557464e-03
2.459664140321999788e+06 1.383058022006835808e+00 6.890219565535732338e-03
2.459664633388999850e+06 1.375802201330059704e+00 6.883216682720580751e-03
2.459665136981999967e+06 1.367843465356981980e+00 6.876154263992280934e-03
2.459665630049999803e+06 1.391567893268597755e+00 6.869812275976639425e-03
2.459666123116999865e+06 1.375955536313479888e+00 6.863706996244023709e-03
2.459666626709999982e+06 1.366618199491214325e+00 6.858666530961391415e-03
2.459667119777000044e+06 1.373231003654805882e+00 6.852645739541485433e-03
2.459667612844000105e+06 1.359363485640231684e+00 6.847297594375224838e-03
2.459668116437999997e+06 1.348464755852404107e+00 6.843320478938937079e-03
2.459668609505000059e+06 1.353699909877691843e+00 6.837471453227485403e-03
2.459669102572000120e+06 1.358138310470392573e+00 6.833620871796024579e-03
2.459669606166000012e+06 1.354740143630449589e+00 6.829000242965265095e-03
2.459670099233000074e+06 1.341668427618508241e+00 6.824894199220114983e-03
2.459670592300000135e+06 1.361536222936439833e+00 6.820621329654383454e-03
2.459671095894000027e+06 1.348832432622945054e+00 6.816613027517893358e-03
2.459671588961000089e+06 1.351036866435921580e+00 6.812821393742223008e-03
2.459672082028000150e+06 1.351189930271399664e+00 6.809859767080535947e-03
2.459672585620999802e+06 1.347577031099578937e+00 6.805303930308738425e-03
2.459673078687999863e+06 1.340475250762541704e+00 6.802774559172958951e-03
2.459673571756000165e+06 1.351525984872016029e+00 6.799105433732363993e-03
2.459674075348999817e+06 1.348097179306479765e+00 6.796755903675151880e-03
2.459674568415999878e+06 1.334994879727646966e+00 6.793405873518213248e-03
2.459675061482999939e+06 1.344239955489563210e+00 6.790927781120443055e-03
2.459675565076999832e+06 1.332179664687931808e+00 6.787668931695406763e-03
2.459676058143999893e+06 1.329454872292321843e+00 6.784805936367203916e-03
2.459676551210999954e+06 1.338148772371571926e+00 6.782340555734907295e-03
2.459677054804999847e+06 1.341914358891075132e+00 6.779179165492810188e-03
2.459677547871999908e+06 1.336955031478289868e+00 6.777521520428427676e-03
2.459678040938999970e+06 1.338730629664494964e+00 6.775425538697196944e-03
2.459678544532000087e+06 1.317424088332911358e+00 6.771943133851663146e-03
2.459679037599999923e+06 1.340812345310307352e+00 6.769907132855117887e-03
2.459679530666999985e+06 1.332393176805976465e+00 6.767894759226449064e-03
2.459680034260000102e+06 1.320699459181953417e+00 6.765667719081396372e-03
2.459680527327000163e+06 1.334536326754162339e+00 6.764031054637416329e-03
2.459681020394000225e+06 1.334994879727646966e+00 6.762666480425370136e-03
2.459681523988000117e+06 1.322781157710873678e+00 6.760493582115375232e-03
2.459682017055000179e+06 1.326975180572739665e+00 6.758706872266439375e-03
2.459682510121999774e+06 1.340995127971366996e+00 6.757243898637172071e-03
2.459683013716000132e+06 1.324280548417410497e+00 6.754739912877266023e-03
2.459683506783000194e+06 1.327036291445247596e+00 6.752906901422084905e-03
2.459683999849999789e+06 1.318556670025143873e+00 6.751047350680043635e-03
2.459684503444000147e+06 1.332607950520910745e+00 6.750575043684552481e-03
2.459684996511000209e+06 1.321923733886242402e+00 6.748806224587288426e-03
2.459685489577999804e+06 1.310198808056602715e+00 6.746870467929486255e-03
2.459685993170999922e+06 1.326485173154231312e+00 6.745215466602203641e-03
2.459686486237999983e+06 1.319229639010196742e+00 6.744772527666574938e-03
2.459686979305999819e+06 1.324740457972323204e+00 6.742444194707365897e-03
2.459687482898999937e+06 1.313107857157486569e+00 6.741290530535776378e-03
2.459687975965999998e+06 1.309433959689069615e+00 6.740519813772391858e-03
2.459688469033000059e+06 1.313198566567767012e+00 6.739337217317575152e-03
2.459688972626999952e+06 1.329301821954242735e+00 6.737500227178849083e-03
2.459689465694000013e+06 1.312219236454016391e+00 6.736728490714835940e-03
2.459689958761000074e+06 1.310810766939686012e+00 6.735534135002558230e-03
2.459690462354999967e+06 1.303127170442576865e+00 6.734459550404480604e-03
2.459690955422000028e+06 1.307077082304163085e+00 6.733202862066985268e-03
2.459691448489000089e+06 1.317179005862070262e+00 6.731862004322557852e-03
2.459691952082000207e+06 1.305882193357616128e+00 6.730655864660208335e-03
2.459692445150000043e+06 1.310810766939686012e+00 6.729497628339176779e-03
2.459692938217000104e+06 1.305852124655078939e+00 6.729298153111497316e-03
2.459693441810000222e+06 1.312678584294371564e+00 6.728205515837553351e-03
2.459693934876999818e+06 1.315494994740367574e+00 6.726890177182179645e-03
2.459807647255999967e+06 1.291464283777555178e+00 6.684892005095048953e-03
2.459808150849000085e+06 1.304658355526459479e+00 6.684694127346084772e-03
2.459808643916000146e+06 1.296912869926842404e+00 6.684427016714779464e-03
2.459809136983000208e+06 1.290729392722988811e+00 6.684654470832707834e-03
2.459809640577000100e+06 1.293453439450907627e+00 6.684466463357752360e-03
2.459810133644000161e+06 1.299575753466903016e+00 6.684985313471750352e-03
2.459810626711000223e+06 1.305668119279319805e+00 6.685057607239557574e-03
2.459811130305000115e+06 1.305606789915999988e+00 6.684743599169086677e-03
2.459811623372000176e+06 1.295474294792687386e+00 6.684171502824057601e-03
2.459812116438999772e+06 1.290820934008158671e+00 6.685128560804336380e-03
2.459812620031999890e+06 1.289750188445053070e+00 6.684334812245722179e-03
2.459813113100000191e+06 1.303678189943147769e+00 6.684474968788833155e-03
2.459813606166999787e+06 1.298565917260809055e+00 6.684574834812166862e-03
2.459814109759999905e+06 1.294188689479221388e+00 6.684690202641169546e-03
2.459814602826999966e+06 1.297157765729525458e+00 6.684494509302541139e-03
2.459815095894000027e+06 1.308821438106024804e+00 6.684326121292646916e-03
2.459815599487999920e+06 1.287790449626909028e+00 6.684853044680525054e-03
2.459816092554999981e+06 1.305392760984760869e+00 6.684850076167570508e-03
2.459816585622000042e+06 1.293178275041185543e+00 6.684235496363367252e-03
2.459817089215999935e+06 1.291494021183998919e+00 6.685045932193989238e-03
2.459817582282999996e+06 1.291861632067734966e+00 6.684569066731394296e-03
2.459818075350000057e+06 1.295106848730117610e+00 6.684661291091791024e-03
2.459818578943999950e+06 1.294065920143805837e+00 6.684056079518080340e-03
2.459819072011000011e+06 1.299699045525751995e+00 6.684422457693179123e-03
2.459819565078000072e+06 1.295259540929217135e+00 6.684256429896919677e-03
2.459820068671000190e+06 1.294616685302246273e+00 6.684516097002751907e-03
2.459820561737999786e+06 1.304872264046416985e+00 6.684588301301951259e-03
2.459821054806000087e+06 1.285616980563214717e+00 6.684227553133925866e-03
2.459821558399000205e+06 1.301015288272508341e+00 6.684002289120232615e-03
2.459822051465999801e+06 1.299760097379637269e+00 6.684736450678400131e-03
2.459822544532999862e+06 1.292290048561735905e+00 6.684405365610397026e-03
2.459823048127000220e+06 1.300127666193590104e+00 6.684231953294161171e-03
2.459823541193999816e+06 1.296362321902268411e+00 6.683977421224113549e-03
2.459824034260999877e+06 1.291770016979270519e+00 6.684095016437466980e-03
2.459824537854999769e+06 1.297586743443551516e+00 6.684314867897882262e-03
2.459825030921999831e+06 1.307413003095337922e+00 6.684358086593392666e-03
2.459825523988999892e+06 1.293943162454535667e+00 6.684613782244004654e-03
2.459826027582000010e+06 1.292075822558357734e+00 6.684487321602281505e-03
2.459826520649999846e+06 1.292106764119922868e+00 6.684647396167861695e-03
2.459827013716999907e+06 1.299086291680866756e+00 6.684860539616870219e-03
2.459827517310000025e+06 1.295689084262315882e+00 6.684086363841864296e-03
2.459828010377000086e+06 1.308024865538169212e+00 6.683872124925958023e-03
2.459828503444000147e+06 1.288831078532640229e+00 6.684319608586725484e-03
2.459829007038000040e+06 1.291188353304347558e+00 6.684652959086465757e-03
2.459829500105000101e+06 1.296147420828426267e+00 6.684063198237950865e-03
2.459829993172000162e+06 1.306922996989380303e+00 6.684260293133317127e-03
2.459830496766000055e+06 1.285678555081611663e+00 6.684547693656852328e-03
2.459830989833000116e+06 1.286229304486104841e+00 6.683857187508298464e-03
2.459831482900000177e+06 1.298689113515477223e+00 6.684012870272805669e-03
2.459831986494000070e+06 1.292504310083757657e+00 6.684323198688064960e-03
2.459832479561000131e+06 1.307964630154015762e+00 6.684769008270735786e-03
2.459832972628000192e+06 1.284177924619254174e+00 6.683842189493928963e-03
2.459833476220999844e+06 1.289137375704616950e+00 6.684720831275798095e-03
2.459833969287999906e+06 1.295933748977792233e+00 6.684154919465301950e-03
2.459834462356000207e+06 1.289290551586923517e+00 6.684327632327168381e-03
2.459834965948999859e+06 1.287699123254926192e+00 6.684378974247726264e-03
2.459835459015999921e+06 1.300525284311626839e+00 6.683880536226119613e-03
2.459835952082999982e+06 1.299606874630605757e+00 6.683948417796341246e-03
2.459836455676999874e+06 1.302270491879358172e+00 6.684453755376460089e-03
2.459836948743999936e+06 1.294923164783837954e+00 6.683713211042107381e-03
2.459837441810999997e+06 1.295229716819475074e+00 6.684102520976728697e-03
2.459837945404999889e+06 1.296728929834051858e+00 6.684673301373435239e-03
2.459838438471999951e+06 1.302116973191447480e+00 6.683665755820050736e-03
2.459838931539000012e+06 1.286627412169219165e+00 6.684740916108077198e-03
2.459839435132000130e+06 1.294433070875445013e+00 6.683568037545825798e-03
2.459839928199999966e+06 1.286841920051527532e+00 6.684670177971490171e-03
2.459840421267000027e+06 1.297586743443551516e+00 6.684314867897882262e-03
2.459840924860000145e+06 1.287575783631112136e+00 6.683738724694686904e-03
2.459841417927000206e+06 1.285708159265195327e+00 6.684701612827638820e-03
2.459841910993999802e+06 1.292811480217641584e+00 6.683530314878069825e-03
2.459842414588000160e+06 1.296178459893258639e+00 6.684223262646999189e-03
2.459842907655000221e+06 1.283320701462016267e+00 6.684108474014083430e-03
2.459843400721999817e+06 1.293117532346241827e+00 6.683921526908788956e-03
2.459843904316000175e+06 1.299025271476735188e+00 6.684546540802989607e-03
2.459844397382999770e+06 1.278085771444239294e+00 6.683917307406206550e-03
2.459844890449999832e+06 1.300403111589091054e+00 6.684450360937801115e-03
2.459845394044000190e+06 1.292075822558357734e+00 6.684487321602281505e-03
2.459845887110999785e+06 1.309249449603103965e+00 6.684100306636355307e-03
2.459846380177999847e+06 1.306708752291503073e+00 6.684368061433264285e-03
2.459846883770999964e+06 1.290055515862523317e+00 6.683540849909528139e-03
2.459847376838000026e+06 1.295933748977792233e+00 6.684154919465301950e-03
2.459847869905999862e+06 1.289750188445053070e+00 6.684334812245722179e-03
2.459848373498999979e+06 1.294433070875445013e+00 6.683568037545825798e-03
2.459848866566000041e+06 1.299882209691062274e+00 6.684167245138431662e-03
2.459849359633000102e+06 1.297555670655119009e+00 6.684154801295201509e-03
2.459849863226999994e+06 1.299545829973843158e+00 6.683634461826310630e-03
2.459850356294000056e+06 1.295841845106580736e+00 6.683680898541499889e-03
2.459850849361000117e+06 1.301964671754376690e+00 6.684083158096012361e-03
2.459851352955000009e+06 1.305515402484287213e+00 6.684275692940423730e-03
2.459851846022000071e+06 1.290974309931619546e+00 6.683544828222972439e-03
2.459852339089000132e+06 1.301015288272508341e+00 6.684002289120232615e-03
2.459852842681999784e+06 1.297249762928633698e+00 6.683773776742930016e-03
2.459853335750000086e+06 1.286351330353915134e+00 6.684491291762322505e-03
2.459853828817000147e+06 1.304810972065712615e+00 6.684274315275524903e-03
2.459854332409999799e+06 1.288402622083790972e+00 6.684470811963733744e-03
2.459854825476999860e+06 1.293667893862987528e+00 6.684383234865153706e-03
2.459855318543999922e+06 1.297739728020517624e+00 6.683907681523226091e-03
2.459855822137999814e+06 1.291005225115072541e+00 6.683704880218500899e-03
2.459856315204999875e+06 1.293361711476070264e+00 6.683992420340161694e-03
2.459856808271999937e+06 1.290117302964199464e+00 6.683860957542860776e-03
2.459857311865999829e+06 1.294372269240692264e+00 6.684446260359654113e-03
2.459857804932999890e+06 1.295229716819475074e+00 6.684102520976728697e-03
2.459858297999999952e+06 1.294495067639754637e+00 6.683888146481308662e-03
2.459858801593999844e+06 1.294555875042819881e+00 6.684202114367882551e-03
2.459859294660999905e+06 1.306096302534958342e+00 6.683641040137189293e-03
2.459859787727999967e+06 1.293453439450907627e+00 6.684466463357752360e-03
2.459860291321000084e+06 1.299821152101362287e+00 6.683853278889722097e-03
2.459860784388000146e+06 1.307107179212717130e+00 6.683998403282193253e-03
2.459861277455999982e+06 1.292137706422455068e+00 6.683617371758435871e-03
2.459861781049000099e+06 1.295841845106580736e+00 6.683680898541499889e-03
2.459862274116000161e+06 1.284881866576245368e+00 6.683955780989439890e-03
2.459862767183000222e+06 1.299852279141668232e+00 6.684013338271795057e-03
2.459863270777000114e+06 1.305270131006311507e+00 6.684222094271792709e-03
2.459863763844000176e+06 1.298536017019815025e+00 6.684420918560517524e-03
2.459864256910999771e+06 1.292412649418428261e+00 6.683849165830388871e-03
2.459864760505000129e+06 1.306587202098165035e+00 6.683746280773431372e-03
2.459865253572000191e+06 1.292320995253408045e+00 6.683375166589750754e-03
2.459865746638999786e+06 1.289596957954976864e+00 6.683540670939684854e-03
2.459866250231999904e+06 1.287116921680097059e+00 6.683727753233562746e-03
2.459866743300000206e+06 1.298903239666989284e+00 6.683918587421622259e-03
2.459867236366999801e+06 1.299361516450480147e+00 6.683883283594255556e-03
2.459867739959999919e+06 1.295351403502168486e+00 6.683537428905855088e-03
2.459868233026999980e+06 1.301198637933456803e+00 6.683745804876692689e-03
2.459868726094000041e+06 1.293178275041185543e+00 6.684235496363367252e-03
2.459869229687999934e+06 1.298536017019815025e+00 6.683224922690316275e-03
2.459869722754999995e+06 1.292412649418428261e+00 6.683849165830388871e-03
2.459870215822000057e+06 1.303097165176056338e+00 6.683896218126110858e-03
2.459870719415999949e+06 1.300800813946604517e+00 6.684098503121016499e-03
2.459871212483000010e+06 1.279157436537855519e+00 6.683630982993542767e-03
2.459871705550000072e+06 1.301320885395605531e+00 6.683175181196394227e-03
2.459872209143999964e+06 1.288034809168112638e+00 6.683748854510888904e-03
2.459872702211000025e+06 1.290177904726855340e+00 6.684174924152287006e-03
2.459873195278000087e+06 1.296881813275388096e+00 6.684266947426515185e-03
2.459873698871000204e+06 1.286749475805901488e+00 6.684189964137736764e-03
2.459874191937999800e+06 1.283320701462016267e+00 6.684108474014083430e-03
2.459874685006000102e+06 1.292841248644786889e+00 6.683684210622574569e-03
2.459875188599000219e+06 1.300678615340522759e+00 6.683470591828805096e-03
2.459875681665999815e+06 1.297494722346756113e+00 6.683840835631000080e-03
2.459876174732999876e+06 1.304872264046416985e+00 6.683386469532568569e-03
2.459876678326999769e+06 1.299943270148875785e+00 6.683283934137126958e-03
2.459877171393999830e+06 1.299361516450480147e+00 6.683883283594255556e-03
2.459877664460999891e+06 1.294862340128573930e+00 6.683399266120122056e-03
2.459878168054999784e+06 1.306587202098165035e+00 6.683746280773431372e-03
2.459878661121999845e+06 1.304749682963996849e+00 6.683960343997558812e-03
2.459879154188999906e+06 1.292872208536141931e+00 6.683844265955918296e-03
2.459987411249999888e+06 1.313290491828931650e+00 6.682958471456019317e-03
2.459987904316999950e+06 1.301443144342884661e+00 6.683803064734808973e-03
2.459988407910000067e+06 1.303004753296102214e+00 6.683422215548680961e-03
2.459988900977000128e+06 1.305913465542713370e+00 6.683908205527233810e-03
2.459989394044000190e+06 1.286627412169219165e+00 6.683555888468277993e-03
2.459989897638000082e+06 1.296973790903363177e+00 6.683546452907381148e-03
2.459990390705000143e+06 1.294126707388165487e+00 6.683178120547162218e-03
2.459990883772000205e+06 1.287759611426392947e+00 6.683506894756510719e-03
2.459991387366000097e+06 1.294157698062625927e+00 6.683338163761100639e-03
2.459991880433000159e+06 1.299852279141668232e+00 6.682816130079376367e-03
2.459992373500000220e+06 1.288127345756241882e+00 6.683042627524189011e-03
2.459992877094000112e+06 1.288402622083790972e+00 6.683284149295178056e-03
2.459993370161000174e+06 1.289657535275025690e+00 6.683854622503997492e-03
2.459993863227999769e+06 1.299453669944300227e+00 6.683160477811857410e-03
2.459994366820999887e+06 1.292718607130307840e+00 6.683050182929886791e-03
2.459994859887999948e+06 1.295290558731832631e+00 6.683223492240642633e-03
2.459995352955999784e+06 1.290667576306728792e+00 6.683145576427459295e-03
2.459995856548999902e+06 1.300371971358222023e+00 6.683092604243884814e-03
2.459996349615999963e+06 1.302759953502057533e+00 6.683366465266737076e-03
2.459996842683000024e+06 1.298842228061109827e+00 6.683604632852772898e-03
2.459997346276999917e+06 1.299361516450480147e+00 6.683883283594255556e-03
2.459997839343999978e+06 1.295810814102531738e+00 6.683520847120249034e-03
2.459998332411000039e+06 1.301902317251133034e+00 6.683763039820911876e-03
2.459998836004999932e+06 1.302698760740028217e+00 6.683052536631945567e-03
2.459999329071999993e+06 1.301596583586841716e+00 6.683392265723660762e-03
2.459999822139000054e+06 1.293515389295851525e+00 6.683595243622084819e-03
2.460000325732000172e+06 1.295535148193811104e+00 6.683292252053093206e-03
2.460000818800000008e+06 1.298536017019815025e+00 6.683224922690316275e-03
2.460001311867000069e+06 1.292811480217641584e+00 6.683530314878069825e-03
2.460001815460000187e+06 1.296851951811879289e+00 6.682918593475351693e-03
2.460002308526999783e+06 1.282862174362679131e+00 6.682901819426487373e-03
2.460002801593999844e+06 1.304106921743932945e+00 6.683069866128008539e-03
2.460003305188000202e+06 1.294403265795660340e+00 6.683414144476275930e-03
2.460003798254999798e+06 1.299025271476735188e+00 6.683350094312779169e-03
2.460004291321999859e+06 1.297678771066675507e+00 6.683593727466622357e-03
2.460004794916000217e+06 1.292718607130307840e+00 6.683050182929886791e-03
2.460005287982999813e+06 1.282831454177586705e+00 6.683923318094796631e-03
2.460005781049999874e+06 1.294126707388165487e+00 6.683178120547162218e-03
2.460006284644000232e+06 1.295259540929217135e+00 6.683063451772718565e-03
2.460006777710999828e+06 1.288555710662342202e+00 6.682891456452852777e-03
2.460007270777999889e+06 1.302698760740028217e+00 6.683052536631945567e-03
2.460007774371000007e+06 1.290515425433251151e+00 6.683546339718610292e-03
2.460008267438000068e+06 1.295994623961242986e+00 6.683275244722531108e-03
2.460008760505999904e+06 1.298658014329031385e+00 6.683852810901939889e-03
2.460009264099000022e+06 1.299117401123339510e+00 6.683824091775216435e-03
2.460009757166000083e+06 1.293698873550157558e+00 6.683351766241726888e-03
2.460010250233000144e+06 1.292994864622936557e+00 6.683287476703800994e-03
2.460010753827000037e+06 1.296055501804229904e+00 6.683589183818778104e-03
2.460011246894000098e+06 1.308944401729371432e+00 6.683748530614982281e-03
2.460011739961000159e+06 1.293423656927710441e+00 6.683121262388874717e-03
2.460012243555000052e+06 1.304321941176534105e+00 6.682970436987014165e-03
2.460012736622000113e+06 1.298903239666989284e+00 6.683918587421622259e-03
2.460013229689000174e+06 1.285647767453785839e+00 6.683203496125136173e-03
2.460013733281999826e+06 1.287912623602128992e+00 6.683114820685971853e-03
2.460014226350000128e+06 1.298076835811375673e+00 6.683252783121543944e-03
2.460014719417000189e+06 1.300647468512280414e+00 6.683310545443687210e-03
2.460015223009999841e+06 1.292229347588235822e+00 6.682901200963766233e-03
2.460015716076999903e+06 1.292688841527059429e+00 6.682896301784262312e-03
2.460016209143999964e+06 1.291524948813070894e+00 6.682826943261241902e-03
2.460016712737999856e+06 1.293024637272712551e+00 6.683441366856685689e-03
2.460017205804999918e+06 1.299208340688323915e+00 6.683095351288144415e-03
2.460017698871999979e+06 1.289779886382534713e+00 6.683300795338804022e-03
2.460018202465999871e+06 1.293729853979207700e+00 6.683511813613990903e-03
2.460018695532999933e+06 1.296636969570919451e+00 6.683004996904647575e-03
2.460019188599999994e+06 1.295015003500278761e+00 6.682994481360674671e-03
2.460019692193999887e+06 1.305392760984760869e+00 6.683647765002791175e-03
2.460020185260999948e+06 1.302698760740028217e+00 6.683052536631945567e-03
2.460020678328000009e+06 1.299882209691062274e+00 6.682970009378958430e-03
2.460021181921000127e+06 1.292903169168903021e+00 6.682813517296552069e-03
2.460021674988000188e+06 1.299699045525751995e+00 6.683225390634136252e-03
2.460022168056000024e+06 1.293269990006319370e+00 6.683518410940347994e-03
2.460022671649000142e+06 1.294280476105104993e+00 6.682780142402625426e-03
2.460023164716000203e+06 1.285157633009415656e+00 6.683022970195221305e-03
2.460023657782999799e+06 1.294188689479221388e+00 6.683498210807602667e-03
2.460024161377000157e+06 1.297004849757421585e+00 6.683706504941839405e-03
2.460024654444000218e+06 1.290147009354906782e+00 6.682826591592177373e-03
2.460025147510999814e+06 1.291096785962864590e+00 6.682989758757945653e-03
2.460025651105000172e+06 1.305024905608296093e+00 6.682966307454524767e-03
2.460026144171999767e+06 1.297739728020517624e+00 6.683907681523226091e-03
2.460026637238999829e+06 1.288493998349417469e+00 6.683758142080675931e-03
2.460027140831999946e+06 1.293423656927710441e+00 6.683121262388874717e-03
2.460027633899999782e+06 1.292597167775294098e+00 6.683612896105892848e-03
2.460028126966999844e+06 1.300218676478176905e+00 6.683502310804168012e-03
2.460028630559999961e+06 1.298443928603284725e+00 6.682750967719195030e-03
2.460029123627000023e+06 1.285341115564204273e+00 6.682793265585450573e-03
2.460029616694000084e+06 1.290637857929666454e+00 6.682991693085341828e-03
2.460030120287999976e+06 1.298780023099884939e+00 6.683284537495503240e-03
2.460030613355000038e+06 1.299178425655158398e+00 6.682941469102494231e-03
2.460031106422000099e+06 1.289199118832046631e+00 6.683853599155071060e-03
2.460031610015999991e+06 1.296484114993083026e+00 6.683411274134316155e-03
2.460032103083000053e+06 1.297800687837737499e+00 6.683026331720436607e-03
2.460032596150000114e+06 1.294495067639754637e+00 6.683888146481308662e-03
2.460033099744000006e+06 1.304015639297197993e+00 6.683803119843021237e-03
2.460033592811000068e+06 1.298689113515477223e+00 6.682816733395519071e-03
2.460034085878000129e+06 1.298320755607349275e+00 6.683312826162936954e-03
2.460034589470999781e+06 1.294586875994631736e+00 6.683169823526676628e-03
2.460035082537999842e+06 1.298872135352954871e+00 6.683758530308531176e-03
2.460035575606000144e+06 1.292504310083757657e+00 6.683132758225253899e-03
2.460036079198999796e+06 1.288371769223827012e+00 6.683124107374723184e-03
2.460036572265999857e+06 1.292320995253408045e+00 6.683375166589750754e-03
2.460037065332999919e+06 1.311331217107662983e+00 6.683858310767516742e-03
2.460037568926999811e+06 1.291127704079272354e+00 6.683149797461131192e-03
2.460038061993999872e+06 1.301168677072531255e+00 6.683591907713966503e-03
2.460038555060999934e+06 1.308270654654443588e+00 6.683923120151310376e-03
2.460039058654999826e+06 1.286780289816530587e+00 6.683164863137152148e-03
2.460039551721999887e+06 1.292198403091213699e+00 6.682741168213621706e-03
2.460040044788999949e+06 1.291219273613533947e+00 6.683623780718109600e-03
2.460040548382000066e+06 1.294311470461891433e+00 6.682940176086115368e-03
2.460041041449999902e+06 1.292963901794385473e+00 6.683127434703665069e-03
2.460041534516999964e+06 1.302209322108140332e+00 6.682940396560657637e-03
2.460042038110000081e+06 1.291402432165434488e+00 6.683382422486399028e-03
2.460042531177000143e+06 1.295106848730117610e+00 6.683468453602303856e-03
2.460043024244000204e+06 1.300066597074397645e+00 6.683917984006005307e-03
2.460043527838000096e+06 1.298933148363694556e+00 6.682876130464848047e-03
2.460044020905000158e+06 1.294983992296269371e+00 6.682834446376759684e-03
2.460044513972000219e+06 1.301045245601485600e+00 6.682957888777318022e-03
2.460045017566000111e+06 1.283719091236345644e+00 6.683818768275929210e-03
2.460045510633000173e+06 1.300800813946604517e+00 6.682900421295757259e-03
2.460046003699999768e+06 1.292046071755596381e+00 6.683143388955963687e-03
2.460046507294000126e+06 1.294065920143805837e+00 6.682864200759250535e-03
2.460047000361000188e+06 1.293943162454535667e+00 6.683422016549184393e-03
2.460047493427999783e+06 1.295994623961242986e+00 6.683275244722531108e-03
2.460047997020999901e+06 1.291524948813070894e+00 6.682826943261241902e-03
2.460048490087999962e+06 1.299852279141668232e+00 6.682816130079376367e-03
2.460048983155999798e+06 1.285310336016906918e+00 6.683817049987824527e-03
2.460049486748999916e+06 1.290270595281903576e+00 6.683466753770045399e-03
2.460049979815999977e+06 1.294096909362583814e+00 6.683024236455699721e-03
2.460050472883000039e+06 1.299361516450480147e+00 6.683883283594255556e-03
2.460050976476999931e+06 1.287178568038049198e+00 6.682862334545499293e-03
2.460051469543999992e+06 1.312586701864370431e+00 6.683003897362584274e-03
2.460051962611000054e+06 1.290667576306728792e+00 6.683145576427459295e-03
2.460052466204999946e+06 1.305638055505963679e+00 6.683701142782408518e-03
2.460052959272000007e+06 1.290882757769473255e+00 6.683070850565075993e-03
2.460053452339000069e+06 1.302361652163964711e+00 6.683722154659295367e-03
2.460053955932000186e+06 1.306892904321733884e+00 6.682902691276342705e-03
2.460054449000000022e+06 1.306954294098785052e+00 6.683216612872302023e-03
2.460054942067000084e+06 1.310842157150185150e+00 6.683780231497424805e-03
2.460055445660000201e+06 1.292780521780518832e+00 6.683370267062765241e-03
2.460055938726999797e+06 1.297126703213649757e+00 6.683139740553841607e-03
2.460056431793999858e+06 1.304597073593391610e+00 6.683178558039250781e-03
2.460056935388000216e+06 1.294219681637977626e+00 6.683658261686798406e-03
2.460057428454999812e+06 1.297126703213649757e+00 6.683139740553841607e-03
2.460057921521999873e+06 1.297157765729525458e+00 6.683299782848688836e-03
2.460058425116000231e+06 1.293576150679663916e+00 6.683909197749886809e-03
2.460058918182999827e+06 1.290974309931619546e+00 6.683544828222972439e-03
