2.458346727899000049e+06 7.808679536303450019e-01 5.098451077735481618e-03
2.458347220966000110e+06 7.819042973119938456e-01 5.098736139320463566e-03
2.458347714033000171e+06 7.875773178365208516e-01 5.098734796548613259e-03
2.458348217627000064e+06 7.873756864775934838e-01 5.098879845180467885e-03
2.458348710694000125e+06 7.750797669362912146e-01 5.098494156499246144e-03
2.458349203761000186e+06 7.794567099091986861e-01 5.098569550794636307e-03
2.458349707355000079e+06 7.709332908312764854e-01 5.098910708879486262e-03
2.458350200422000140e+06 7.764330258916207761e-01 5.098814472932225624e-03
2.458350693489000201e+06 7.765481689488471506e-01 5.098855386948797884e-03
2.458351197081999853e+06 7.844961200488109743e-01 5.099018615131989049e-03
2.458351690150000155e+06 7.774985719129964279e-01 5.098650858063398690e-03
2.458352183217000216e+06 7.861952217765669770e-01 5.098476528893110954e-03
2.458352686809999868e+06 7.848704890182317540e-01 5.098560345308537217e-03
2.458353179876999930e+06 7.812995964649920300e-01 5.098390950486558770e-03
2.458353672943999991e+06 7.789098573356677546e-01 5.098579500089330842e-03
2.458354176537999883e+06 7.867993636546756209e-01 5.098771044397050478e-03
2.458354669604999945e+06 7.935377650888031376e-01 5.098586033144846680e-03
2.458355162672000006e+06 7.772680210494112840e-01 5.098570740898432201e-03
2.458355666265999898e+06 7.679094285876069126e-01 5.098714629232878326e-03
2.458356159332999960e+06 7.807521700549476806e-01 5.098414201746856098e-03
2.458356652400000021e+06 7.823941598179230406e-01 5.099048047407550230e-03
2.458357155993999913e+06 7.786502009230906740e-01 5.099031334039819639e-03
2.458357649060999975e+06 7.834880917411476409e-01 5.098961268843602707e-03
2.458358142128000036e+06 7.781031975216528007e-01 5.099032551465727120e-03
2.458358645721000154e+06 7.847837467196560057e-01 5.098719675276633043e-03
2.458359138788000215e+06 7.762892998257470145e-01 5.098585616651329921e-03
2.458359631856000051e+06 7.738414704313839598e-01 5.098901423020516487e-03
2.458360135449000169e+06 7.856190394173587777e-01 5.099081477169167126e-03
2.458360628516000230e+06 7.705875711970152642e-01 5.098753350232616485e-03
2.458361121582999825e+06 7.815586966856141737e-01 5.098642031429187829e-03
2.458361625177000184e+06 7.823653358828134285e-01 5.098860194995571971e-03
2.458362118243999779e+06 7.798595593323599529e-01 5.099049831292798950e-03
2.458362611310999840e+06 7.844672186760511812e-01 5.098830763804317046e-03
2.458363114905000199e+06 7.820771549294183167e-01 5.098422690826250395e-03
2.458363607971999794e+06 7.816162861802010697e-01 5.099017727098514169e-03
2.458364101038999856e+06 7.775852251619287392e-01 5.098502927017110192e-03
2.458364604631999973e+06 7.788804443889121298e-01 5.098386969148872155e-03
2.458365097699999809e+06 7.932498524670648088e-01 5.098927986472484054e-03
2.458365590766999871e+06 7.770375385508401234e-01 5.098490222926074095e-03
2.458366094359999988e+06 7.785928299696905919e-01 5.098655637367932418e-03
2.458366587427000050e+06 7.769223229320980639e-01 5.098449813713602265e-03
2.458367080494000111e+06 7.782759316383506265e-01 5.098730868035132591e-03
2.458367584088000003e+06 7.761741951524657734e-01 5.098544504243158505e-03
2.458368077155000065e+06 7.808679536303450019e-01 5.098451077735481618e-03
2.458368570222000126e+06 7.825664049598982652e-01 5.098729069202913994e-03
2.458369073816000018e+06 7.762313878877008522e-01 5.098920192726153454e-03
2.458369566883000080e+06 7.746187409512617084e-01 5.099028767132226039e-03
2.458370059950000141e+06 7.758282689611405436e-01 5.098415871902231208e-03
2.458370563544000033e+06 7.862234626735822296e-01 5.098659671128779464e-03
2.458371056611000095e+06 7.753960780193964730e-01 5.098432360200821391e-03
2.458371549678000156e+06 7.824806379949985624e-01 5.098890954868624294e-03
2.458372053270999808e+06 7.819042973119938456e-01 5.098736139320463566e-03
2.458372546337999869e+06 7.638779958693795447e-01 5.098682176946116827e-03
2.458373039406000171e+06 7.807521700549476806e-01 5.098414201746856098e-03
2.458373542998999823e+06 7.792550043810292371e-01 5.098685598640466561e-03
2.458374036065999884e+06 7.755403530084745700e-01 5.098666706990497358e-03
2.458374529132999945e+06 7.763465010425179003e-01 5.098961308163693293e-03
2.458375032726999838e+06 7.823076911982380643e-01 5.098484510933211887e-03
2.458375525793999899e+06 7.823653358828134285e-01 5.098860194995571971e-03
2.458376018860999960e+06 7.803783279375513526e-01 5.098847983633602622e-03
2.458376522454999853e+06 7.721996492108726962e-01 5.098751668160485598e-03
2.458377015521999914e+06 7.800039464138565082e-01 5.098557074397579332e-03
2.458377508588999975e+06 7.788804443889121298e-01 5.098386969148872155e-03
2.458378012182000093e+06 7.809830350638669039e-01 5.098483156657617442e-03
2.458378505249999929e+06 7.790533510496240321e-01 5.098801244996595955e-03
2.458378998316999990e+06 7.731789113029592375e-01 5.098808514138514561e-03
2.458379501910000108e+06 7.750504986201932622e-01 5.099015476671280717e-03
2.458379994977000169e+06 7.804933372118479928e-01 5.098880572078654493e-03
2.458380488044000231e+06 7.796003043664002652e-01 5.098790790106382843e-03
2.458380991638000123e+06 7.803495782670673009e-01 5.098660138592127876e-03
2.458381484705000184e+06 7.808391859217160835e-01 5.098982426784102150e-03
2.458381977771999780e+06 7.740139713638030106e-01 5.098612258607627262e-03
2.458382481366000138e+06 7.752811057890152124e-01 5.098390447951139243e-03
2.458382974433000199e+06 7.832579290299651609e-01 5.098906178243423765e-03
2.458383467499999795e+06 7.739854561605584715e-01 5.098424422250406353e-03
2.458383971094000153e+06 7.719408077360269127e-01 5.098464533112090531e-03
2.458384464161000215e+06 7.747343285109684619e-01 5.099076080614532540e-03
2.458384957227999810e+06 7.857919945209786983e-01 5.098756564568586620e-03
2.458385460820999928e+06 7.801763839157609404e-01 5.098965656671207436e-03
2.458385953887999989e+06 7.842078765119173678e-01 5.098589672185450256e-03
2.458386446955999825e+06 7.842367683299826808e-01 5.098777514630814175e-03
2.458386950548999943e+06 7.790246501921933575e-01 5.098613401677004262e-03
2.458387443616000004e+06 7.771241404169915157e-01 5.099058456435981088e-03
2.458387936683000065e+06 7.775272165465899610e-01 5.098838702762960307e-03
2.458388440276999958e+06 7.783046049114623610e-01 5.098918715682424808e-03
2.458388933344000019e+06 7.815874909024900230e-01 5.098829875803573795e-03
2.458389426411000080e+06 7.818178828309245709e-01 5.098892718198569027e-03
2.458389930004999973e+06 7.777864984776677870e-01 5.098389908530970120e-03
2.458390423072000034e+06 7.790246501921933575e-01 5.098613401677004262e-03
2.458390916139000095e+06 7.796584676476483455e-01 5.098453101259038667e-03
2.458391419732000213e+06 7.773832879343086644e-01 5.098610849597132177e-03
2.458391912800000049e+06 7.866269113360062626e-01 5.099102505489475252e-03
2.458392405867000110e+06 7.825952363028002567e-01 5.098916916783931969e-03
2.458392909460000228e+06 7.783332792409558554e-01 5.098389698807942981e-03
2.458393402526999824e+06 7.729489294313554026e-01 5.098715699381689039e-03
2.458393895593999885e+06 7.812995964649920300e-01 5.098390950486558770e-03
2.458394399187999777e+06 7.827970854470674977e-01 5.098790078124832738e-03
2.458394892254999839e+06 7.793992795322097766e-01 5.098911741411960713e-03
2.458395385321999900e+06 7.833726411760305597e-01 5.098931426371924869e-03
2.458395888915999793e+06 7.834880917411476409e-01 5.098961268843602707e-03
2.458396381982999854e+06 7.812132488142370379e-01 5.098547010625727877e-03
2.458396875049999915e+06 7.913780494176232416e-01 5.098558408033806826e-03
2.458397378643999808e+06 7.798020992734220336e-01 5.098674133258034903e-03
2.458397871710999869e+06 7.783332792409558554e-01 5.098389698807942981e-03
2.458398364777999930e+06 7.789385539638954414e-01 5.098767342159919030e-03
2.458398868371000048e+06 7.873466790196400611e-01 5.098691998965175151e-03
2.458399361438000109e+06 7.882398733469972996e-01 5.098668172117536146e-03
2.458399854505999945e+06 7.753096687266327613e-01 5.098578283056660020e-03
2.458400358099000063e+06 7.682546542771130360e-01 5.098884070052860790e-03
2.458400851166000124e+06 7.754824969425906378e-01 5.099000587261850494e-03
2.458401344233000185e+06 7.834592275048389842e-01 5.098773419628607056e-03
2.458401847827000078e+06 7.783913479938432411e-01 5.098770072022656800e-03
2.458402340894000139e+06 7.905147905426515020e-01 5.098821476072490366e-03
2.458402833961000200e+06 7.772393859647543923e-01 5.099098770000275171e-03
2.458403337555000093e+06 7.825952363028002567e-01 5.098916916783931969e-03
2.458403830622000154e+06 7.796003043664002652e-01 5.098790790106382843e-03
2.458404323689000215e+06 7.820483426729879506e-01 5.098955154595189582e-03
2.458404827281999867e+06 7.724592889394927830e-01 5.099043118915475709e-03
2.458405320350000169e+06 7.816738799182950670e-01 5.098673502201746949e-03
2.458405813417000230e+06 7.836035593209398353e-01 5.098991009363767341e-03
2.458406317009999882e+06 7.781605323962715870e-01 5.098691563573952076e-03
2.458406810076999944e+06 7.762892998257470145e-01 5.098585616651329921e-03
2.458407303144000005e+06 7.866558922762472150e-01 5.098565829976302310e-03
2.458407806737999897e+06 7.767785062921035433e-01 5.098936914954498544e-03
2.458408299804999959e+06 7.928466581869147989e-01 5.098527011627307023e-03
2.458408792872000020e+06 7.793992795322097766e-01 5.098911741411960713e-03
2.458409296465999912e+06 7.785354632433828526e-01 5.098997026038192514e-03
2.458409789532999974e+06 7.810981334576626578e-01 5.098515134297871947e-03
2.458410282600000035e+06 7.778438100161790825e-01 5.098765585622511316e-03
2.458410786193999927e+06 7.733519768241214898e-01 5.098525245679032258e-03
2.458411279260999989e+06 7.782185882611146743e-01 5.099071959309753321e-03
2.458411772328000050e+06 7.814435304257135728e-01 5.098610459221959886e-03
2.458412275921000168e+06 7.795715833588359178e-01 5.098602947171957007e-03
2.458412768988000229e+06 7.858491721537994579e-01 5.098403778369459648e-03
2.458413262056000065e+06 7.818754914237561193e-01 5.098548298399408971e-03
2.458413765649000183e+06 7.844672186760511812e-01 5.098830763804317046e-03
2.458414258715999778e+06 7.812132488142370379e-01 5.098547010625727877e-03
2.458414751782999840e+06 7.765481689488471506e-01 5.098855386948797884e-03
2.458415255377000198e+06 7.768937005831983988e-01 5.098977528882501359e-03
2.458415748443999793e+06 7.816162861802010697e-01 5.099017727098514169e-03
2.458416241510999855e+06 7.755982133907969311e-01 5.099047100871816757e-03
2.458416745105000213e+06 7.826529021752625104e-01 5.098571782746092428e-03
2.458417238171999808e+06 7.741872238017351027e-01 5.099040460421522085e-03
2.458417731238999870e+06 7.897084771761955224e-01 5.098712192468850789e-03
2.458418234831999987e+06 7.767785062921035433e-01 5.098936914954498544e-03
2.458526481366999913e+06 7.912053222597960067e-01 5.098903044395638323e-03
2.458526984960000031e+06 7.804933372118479928e-01 5.098880572078654493e-03
2.458527478027000092e+06 7.864255232950971841e-01 5.098521385042485699e-03
2.458527971094000153e+06 7.945455506382399502e-01 5.098474958316222792e-03
2.458528474688000046e+06 7.781899181569125190e-01 5.098884106016843450e-03
2.458528967755000107e+06 7.771241404169915157e-01 5.099058456435981088e-03
2.458529460822000168e+06 7.800039464138565082e-01 5.098557074397579332e-03
2.458529964416000061e+06 7.770668819037425123e-01 5.098682757765715841e-03
2.458530457483000122e+06 7.834592275048389842e-01 5.098773419628607056e-03
2.458530950550000183e+06 7.839486200854107745e-01 5.099070226065166404e-03
2.458531454144000076e+06 7.736112914817350195e-01 5.098809800743954804e-03
2.458531947211000137e+06 7.722288098700348380e-01 5.098944212873112586e-03
2.458532440278000198e+06 7.874910016903836629e-01 5.098901296302145447e-03
2.458532943870999850e+06 7.848994052482910488e-01 5.098748186673423416e-03
2.458533436937999912e+06 7.763178999072898323e-01 5.098773458947265629e-03
2.458533930006000213e+06 7.784773837393574869e-01 5.098616635892488230e-03
2.458534433598999865e+06 7.783046049114623610e-01 5.098918715682424808e-03
2.458534926665999927e+06 7.925589963136712157e-01 5.098867077463129643e-03
2.458535419732999988e+06 7.842367683299826808e-01 5.098777514630814175e-03
2.458535923326999880e+06 7.799170236252673805e-01 5.098707226886087240e-03
2.458536416393999942e+06 7.722864231895842924e-01 5.098613325375978000e-03
2.458536909461000003e+06 7.780745316685268032e-01 5.098844699624647224e-03
2.458537413054999895e+06 7.775558622355102090e-01 5.099026554383104086e-03
2.458537906121999957e+06 7.753389468297995357e-01 5.098770821221726771e-03
2.458538399189000018e+06 7.745609536385376082e-01 5.098648374618621609e-03
2.458538902782000136e+06 7.842367683299826808e-01 5.098777514630814175e-03
2.458539395849999972e+06 7.759726243663378487e-01 5.098649817487359293e-03
2.458539888917000033e+06 7.732657953237642712e-01 5.098669275706843758e-03
2.458540392510000151e+06 7.762313878877008522e-01 5.098920192726153454e-03
2.458540885577000212e+06 7.826529021752625104e-01 5.098571782746092428e-03
2.458541378643999808e+06 7.777578442919509394e-01 5.098918421812584888e-03
2.458541882238000166e+06 7.690326879456266251e-01 5.099089720190260952e-03
2.458542375305000227e+06 7.763465010425179003e-01 5.098961308163693293e-03
2.458542868371999823e+06 7.851871797791144525e-01 5.098448032941777994e-03
2.458543371966000181e+06 7.823365130095998321e-01 5.098672349504221844e-03
2.458543865032999776e+06 7.810693572690518005e-01 5.099046692982250016e-03
2.458544358099999838e+06 7.840063856825493227e-01 5.098723856719608767e-03
2.458544861694000196e+06 7.806658829046494441e-01 5.098569755173691653e-03
2.458545354760999791e+06 7.784487041009557906e-01 5.098428799374021304e-03
2.458545847827999853e+06 7.750797669362912146e-01 5.098494156499246144e-03
2.458546351420999970e+06 7.787369825226063691e-01 5.098882384590351646e-03
2.458546844488000032e+06 7.818178828309245709e-01 5.098892718198569027e-03
2.458547337555999868e+06 7.736112914817350195e-01 5.098809800743954804e-03
2.458547841148999985e+06 7.827682466679026785e-01 5.098602235216620308e-03
2.458548334216000047e+06 7.819619122723142635e-01 5.098391628387176355e-03
2.458548827283000108e+06 7.750219452305794343e-01 5.098827625459247982e-03
2.458549330877000000e+06 7.797159171230270136e-01 5.098828783006962781e-03
2.458549823944000062e+06 7.888441333060807192e-01 5.098944019072624775e-03
2.458550317011000123e+06 7.900249371150912525e-01 5.098572480226575519e-03
2.458550820605000015e+06 7.829124511889080651e-01 5.098820429949670052e-03
2.458551313672000077e+06 7.818754914237561193e-01 5.098548298399408971e-03
2.458551806739000138e+06 7.852450366400659520e-01 5.098823714316242164e-03
2.458552310331999790e+06 7.913496233694895521e-01 5.099104129373923169e-03
2.458552803400000092e+06 7.815874909024900230e-01 5.098829875803573795e-03
2.458553296467000153e+06 7.840063856825493227e-01 5.098723856719608767e-03
2.458553800059999805e+06 7.849275995983162613e-01 5.098931338667301791e-03
2.458554293126999866e+06 7.757996869179362154e-01 5.098942580697746370e-03
2.458554786193999927e+06 7.812132488142370379e-01 5.098547010625727877e-03
2.458555289787999820e+06 7.823941598179230406e-01 5.099048047407550230e-03
2.458555782854999881e+06 7.806083634357864343e-01 5.098913059383401898e-03
2.458556275921999943e+06 7.667574422585713423e-01 5.098834052733963035e-03
2.458556779515999835e+06 7.755689254972886193e-01 5.098854552273966029e-03
2.458557272582999896e+06 7.848126597539520910e-01 5.098907522511560673e-03
2.458557765649999958e+06 7.857630454073210036e-01 5.098568722895051482e-03
2.458558269243999850e+06 7.795715833588359178e-01 5.098602947171957007e-03
2.458558762310999911e+06 7.863965508418068184e-01 5.099057850023185241e-03
2.458559255377999973e+06 7.858209447011833548e-01 5.098944413162606777e-03
2.458559758971000090e+06 7.814147415124399476e-01 5.098422622931030566e-03
2.458560252038000152e+06 7.725745542686941469e-01 5.099092423764926309e-03
2.458560745105999988e+06 7.809830350638669039e-01 5.098483156657617442e-03
2.458561248699000105e+06 7.836605777137286566e-01 5.098640255993849152e-03
2.458561741766000167e+06 7.730927490888348519e-01 5.098952353217726247e-03
2.458562234833000228e+06 7.872031078392908165e-01 5.098487302962386586e-03
2.458562738427000120e+06 7.791107559367214108e-01 5.098459364872680311e-03
2.458563231494000182e+06 7.791401775807570429e-01 5.098651898547025899e-03
2.458563724560999777e+06 7.884409998257804197e-01 5.098516781072051640e-03
2.458564228155000135e+06 7.832579290299651609e-01 5.098906178243423765e-03
2.458564721222000197e+06 7.793411355866501911e-01 5.098531357628588098e-03
2.458565214288999792e+06 7.739562291674767502e-01 5.098944737196312027e-03
2.458565717881999910e+06 7.808391859217160835e-01 5.098982426784102150e-03
2.458566210950000212e+06 7.838049466233248941e-01 5.098857635712541678e-03
2.458566704016999807e+06 7.836324288747269495e-01 5.098457114455567235e-03
2.458567207609999925e+06 7.839197388829260982e-01 5.098882372836129051e-03
2.458567700676999986e+06 7.867421168868315995e-01 5.098400062701142349e-03
2.458568193744000047e+06 7.825087454605516024e-01 5.099074111990876089e-03
2.458568697337999940e+06 7.810118080721916156e-01 5.098670995178716803e-03
2.458569190405000001e+06 7.772966571890406184e-01 5.098758582646312383e-03
2.458569683472000062e+06 7.769802864184172098e-01 5.098830191413281435e-03
2.458570187065999955e+06 7.789385539638954414e-01 5.098767342159919030e-03
2.458570680133000016e+06 7.727183042676158964e-01 5.098617792713660071e-03
2.458571173200000077e+06 7.729774064468405426e-01 5.098903546470154834e-03
2.458571676793999970e+06 7.878653485427100645e-01 5.098422540025952798e-03
2.458572169861000031e+06 7.717680580150708680e-01 5.098745216270409580e-03
2.458572662928000093e+06 7.829701404354854066e-01 5.098474996614903859e-03
2.458573166521000210e+06 7.891900480204434576e-01 5.098999335751826407e-03
2.458573659587999806e+06 7.737837411037953306e-01 5.098521040006890118e-03
2.458574152656000108e+06 7.826529021752625104e-01 5.098571782746092428e-03
2.458574656249000225e+06 7.846399202047630306e-01 5.098507918208164402e-03
2.458575149315999821e+06 7.799752105358408460e-01 5.099087623790456332e-03
2.458575642382999882e+06 7.713935443233912448e-01 5.098402401804229787e-03
2.458576145976999775e+06 7.721712008484952205e-01 5.098563826667320935e-03
2.458576639043999836e+06 7.795715833588359178e-01 5.098602947171957007e-03
2.458577132110999897e+06 7.716529130121909663e-01 5.098695220523370708e-03
2.458577635704999790e+06 7.835169570408710982e-01 5.098427479193174718e-03
2.458578128771999851e+06 7.794279941917522381e-01 5.099099595723012752e-03
2.458578621838999912e+06 7.861952217765669770e-01 5.098476528893110954e-03
2.458579125432000030e+06 7.736397928999894091e-01 5.098997651299306232e-03
2.458579618499999866e+06 7.871161077443995513e-01 5.098648789186849446e-03
2.458580111566999927e+06 7.862234626735822296e-01 5.098659671128779464e-03
2.458580615160000045e+06 7.829412952808590953e-01 5.099008280896605814e-03
2.458581108227000106e+06 7.746479929628479200e-01 5.098507845140606322e-03
2.458581601294000167e+06 7.854461223816628923e-01 5.098682577117506776e-03
2.458582104888000060e+06 7.779305017423566726e-01 5.098617349351277674e-03
2.458582597955000121e+06 7.900824227551697110e-01 5.098943474468329955e-03
2.458583091022000182e+06 7.775272165465899610e-01 5.098838702762960307e-03
2.458583594616000075e+06 7.780745316685268032e-01 5.098844699624647224e-03
2.458584087683000136e+06 7.898234065835892936e-01 5.098726774039564688e-03
2.458584580750000197e+06 7.780745316685268032e-01 5.098844699624647224e-03
2.458585084344000090e+06 7.897368442727615845e-01 5.098895343169781644e-03
2.458585577411000151e+06 7.860221779214553450e-01 5.098802245738926972e-03
2.458586070478000212e+06 7.797446434481417610e-01 5.099016634261642825e-03
2.458586574070999864e+06 7.762027909933200132e-01 5.098732345024445563e-03
2.458587067137999926e+06 7.855900966754852943e-01 5.098893623525630608e-03
2.458587560206000227e+06 7.815586966856141737e-01 5.098642031429187829e-03
2.458588063798999880e+06 7.821635980678826039e-01 5.098986220467584089e-03
2.458588556865999941e+06 7.828259252887093123e-01 5.098977927953544931e-03
2.458589049933000002e+06 7.899383527171129904e-01 5.098741251863074184e-03
2.458589553526999895e+06 7.789672516493679755e-01 5.098955191151007850e-03
2.458590046593999956e+06 7.790820529644529868e-01 5.098989095236719504e-03
2.458590539661000017e+06 7.755117815722880614e-01 5.098478868627361049e-03
2.458591043254999910e+06 7.690036479774058353e-01 5.098897169983032662e-03
2.458591536321999971e+06 7.857630454073210036e-01 5.098568722895051482e-03
2.458592029389000032e+06 7.700405579204827600e-01 5.098680090642800956e-03
2.458592532982000150e+06 7.760583927698638806e-01 5.098498596038451153e-03
2.458593026049999986e+06 7.874046950042382642e-01 5.099067698316382680e-03
2.458593519117000047e+06 7.732081089421021236e-01 5.099001060997822819e-03
2.458594022710000165e+06 7.797446434481417610e-01 5.099016634261642825e-03
2.458594515777000226e+06 7.765767785676565005e-01 5.099043239183620978e-03
2.458595008843999822e+06 7.769802864184172098e-01 5.098830191413281435e-03
2.458595512438000180e+06 7.879807354690242516e-01 5.098443473111462579e-03
2.458596005504999775e+06 7.765195603840331362e-01 5.098667541634563025e-03
2.458596498571999837e+06 7.735535793257227732e-01 5.098429424565457252e-03
2.458597002166000195e+06 7.839775023519405250e-01 5.098536016251053321e-03
2.458597495232999790e+06 7.809542631155568237e-01 5.099014610514424409e-03
2.458597988299999852e+06 7.961006893896365177e-01 5.098921975480049350e-03
2.458712204272000119e+06 7.849275995983162613e-01 5.098931338667301791e-03
2.458712697339000180e+06 7.776138729880047729e-01 5.098690766266590450e-03
2.458713200931999832e+06 7.789959503921193296e-01 5.098425565277672072e-03
2.458713694000000134e+06 7.733227737522853085e-01 5.099044973383677105e-03
2.458714187067000195e+06 7.729489294313554026e-01 5.098715699381689039e-03
2.458714690659999847e+06 7.772393859647543923e-01 5.099098770000275171e-03
2.458715183726999909e+06 7.770375385508401234e-01 5.098490222926074095e-03
2.458715676793999970e+06 7.806946442284441456e-01 5.098757596885273614e-03
2.458716180387999862e+06 7.739562291674767502e-01 5.098944737196312027e-03
2.458716673454999924e+06 7.809830350638669039e-01 5.098483156657617442e-03
2.458717166521999985e+06 7.765481689488471506e-01 5.098855386948797884e-03
2.458717670115999877e+06 7.888731959333050714e-01 5.098405295508364604e-03
2.458718163182999939e+06 7.723440408074615515e-01 5.098993715274679345e-03
2.458718656250000000e+06 7.793124241270380503e-01 5.099061297520047012e-03
2.458719159843999892e+06 7.809254922272276245e-01 5.098826759334301913e-03
2.458719652910999954e+06 7.785641460781683731e-01 5.098467799412607915e-03
2.458720145978000015e+06 7.810981334576626578e-01 5.098515134297871947e-03
2.458720649571000133e+06 7.709616935865208909e-01 5.098388481191313930e-03
2.458721142638000194e+06 7.838915807349375875e-01 5.098699222601086808e-03
2.458721635706000030e+06 7.775272165465899610e-01 5.098838702762960307e-03
2.458722139299000148e+06 7.762599858356497018e-01 5.098393085479883263e-03
2.458722632366000209e+06 7.770955106329953122e-01 5.098870603640527459e-03
2.458723125432999805e+06 7.690610206787832359e-01 5.098569249681671883e-03
2.458723629027000163e+06 7.861662578077418528e-01 5.099012783418619028e-03
2.458724122094000224e+06 7.814435304257135728e-01 5.098610459221959886e-03
2.458724615160999820e+06 7.734381679295213585e-01 5.099093483092271770e-03
2.458725118755000178e+06 7.815011114342216292e-01 5.098986152564858980e-03
2.458725611821999773e+06 7.783913479938432411e-01 5.098770072022656800e-03
2.458726104888999835e+06 7.740432005374096036e-01 5.098804798055716313e-03
2.458726608481999952e+06 7.791107559367214108e-01 5.098459364872680311e-03
2.458727101549999788e+06 7.821635980678826039e-01 5.098986220467584089e-03
2.458727594616999850e+06 7.815586966856141737e-01 5.098642031429187829e-03
2.458728098209999967e+06 7.750797669362912146e-01 5.098494156499246144e-03
2.458728591277000029e+06 7.857051503794790781e-01 5.098916721495060089e-03
2.458729084344000090e+06 7.825375746791600751e-01 5.098541228542309914e-03
2.458729587937999982e+06 7.932213591843603195e-01 5.098744834599015438e-03
2.458730081005000044e+06 7.698100915074008732e-01 5.098572142818904272e-03
2.458730574072000105e+06 7.763751032314726297e-01 5.098434096405177023e-03
2.458731077665999997e+06 7.784773837393574869e-01 5.098616635892488230e-03
2.458731570733000059e+06 7.799752105358408460e-01 5.099087623790456332e-03
2.458732063800000120e+06 7.742735079965205047e-01 5.098895623001163668e-03
2.458732567394000012e+06 7.729197415792670167e-01 5.098523163298116986e-03
2.458733060461000074e+06 7.847266466061664225e-01 5.099071457269696225e-03
2.458733553528000135e+06 7.751368790281042420e-01 5.098869841272344119e-03
2.458734057120999787e+06 7.789959503921193296e-01 5.098425565277672072e-03
2.458734550187999848e+06 7.800326833505579760e-01 5.098744915641960362e-03
2.458735043256000150e+06 7.795715833588359178e-01 5.098602947171957007e-03
2.458735546848999802e+06 7.775272165465899610e-01 5.098838702762960307e-03
2.458736039915999863e+06 7.776998227990569168e-01 5.098538037530832290e-03
2.458736532982999925e+06 7.791688826944523916e-01 5.098839743284920567e-03
2.458737036576999817e+06 7.857340973601658618e-01 5.098380888141716867e-03
2.458737529643999878e+06 7.799170236252673805e-01 5.098707226886087240e-03
2.458738022710999940e+06 7.829982654844421797e-01 5.098658138795529593e-03
2.458738526304999832e+06 7.800326833505579760e-01 5.098744915641960362e-03
2.458739019371999893e+06 7.834015022223196345e-01 5.098397741959855706e-03
2.458739512438999955e+06 7.713075810686147449e-01 5.098544641939647265e-03
2.458740016032000072e+06 7.821635980678826039e-01 5.098986220467584089e-03
2.458740509099999908e+06 7.857340973601658618e-01 5.098380888141716867e-03
2.458741002166999970e+06 7.778151537190659548e-01 5.098577743616635252e-03
2.458741505760000087e+06 7.845821079287955691e-01 5.098854886927938965e-03
2.458741998827000149e+06 7.728912666881975202e-01 5.099047189386918255e-03
2.458742491894000210e+06 7.830848104334333648e-01 5.098500446696551010e-03
2.458742995488000102e+06 7.822212321348925856e-01 5.098641489119215726e-03
2.458743488555000164e+06 7.812995964649920300e-01 5.098390950486558770e-03
2.458743981622000225e+06 7.821924145705595466e-01 5.098453651685140066e-03
2.458744485216000117e+06 7.816450825187915008e-01 5.098485663588288308e-03
2.458744978283000179e+06 7.820771549294183167e-01 5.098422690826250395e-03
2.458745471349999774e+06 7.728912666881975202e-01 5.099047189386918255e-03
2.458745974944000132e+06 7.803208296557382351e-01 5.098472300470975951e-03
2.458746468011000194e+06 7.908891179300086005e-01 5.099050580839174437e-03
2.458746961077999789e+06 7.862813958934923297e-01 5.099035368097895073e-03
2.458747464670999907e+06 7.786502009230906740e-01 5.099031334039819639e-03
2.458747957737999968e+06 7.738414704313839598e-01 5.098901423020516487e-03
2.458748450805999804e+06 7.720851509325267203e-01 5.098706764982055724e-03
2.458748954398999922e+06 7.860221779214553450e-01 5.098802245738926972e-03
2.458749447465999983e+06 7.812420303041085479e-01 5.098734851499354265e-03
2.458749940533000045e+06 7.781605323962715870e-01 5.098691563573952076e-03
2.458750444126999937e+06 7.834015022223196345e-01 5.098397741959855706e-03
2.458750937193999998e+06 7.780164865504459737e-01 5.098464320842641118e-03
2.458751430261000060e+06 7.829982654844421797e-01 5.098658138795529593e-03
2.458751933854999952e+06 7.735243686410344655e-01 5.098949341564205928e-03
2.458752426922000013e+06 7.870878347838595746e-01 5.098465647342075718e-03
2.458752919989000075e+06 7.771814031493591290e-01 5.098718372264388933e-03
2.458753423582000192e+06 7.724877479156232463e-01 5.098519490557596422e-03
2.458753916650000028e+06 7.728620810135512498e-01 5.098854640785723848e-03
2.458754409717000090e+06 7.758282689611405436e-01 5.098415871902231208e-03
2.458754913310000207e+06 7.832002185791191451e-01 5.098530490793017761e-03
2.458755406376999803e+06 7.760583927698638806e-01 5.098498596038451153e-03
2.458755899443999864e+06 7.770668819037425123e-01 5.098682757765715841e-03
2.458756403038000222e+06 7.846977367406533510e-01 5.098883603995300190e-03
2.458756896104999818e+06 7.807234066118622362e-01 5.098945445517311104e-03
2.458757389171999879e+06 7.823653358828134285e-01 5.098860194995571971e-03
2.458757892765999772e+06 7.866269113360062626e-01 5.099102505489475252e-03
2.458758385832999833e+06 7.846110135343098424e-01 5.099042739144356642e-03
2.458758878899999894e+06 7.759433223344410768e-01 5.098457283891596678e-03
2.458759382493999787e+06 7.808104192729066195e-01 5.098794576789632792e-03
2.458759875560999848e+06 7.812420303041085479e-01 5.098734851499354265e-03
2.458760368627999909e+06 7.755982133907969311e-01 5.099047100871816757e-03
2.458760872221000027e+06 7.786788879850463641e-01 5.098502002997010174e-03
2.458761365288000088e+06 7.818178828309245709e-01 5.098892718198569027e-03
2.458761858355999924e+06 7.861952217765669770e-01 5.098476528893110954e-03
2.458762361949000042e+06 7.792837137251782398e-01 5.098873444619941853e-03
2.458762855016000103e+06 7.813571668676658755e-01 5.098766627654877093e-03
2.458763348083000164e+06 7.828836081595904606e-01 5.098632585923275687e-03
2.458763851677000057e+06 7.805796052906349702e-01 5.098725211944474256e-03
2.458764344744000118e+06 7.848126597539520910e-01 5.098907522511560673e-03
2.458764837811000179e+06 7.840352700772789118e-01 5.098911704108589384e-03
2.458765341405000072e+06 7.803495782670673009e-01 5.098660138592127876e-03
2.458765834472000133e+06 7.757132326474373007e-01 5.099088818391276506e-03
2.458766327539000195e+06 7.749355776307654819e-01 5.098973159716527030e-03
2.458766831131999847e+06 7.833156437332309263e-01 5.098560433006778247e-03
2.458767324200000148e+06 7.833437811930021866e-01 5.098743578256362263e-03
2.458767817267000210e+06 7.776998227990569168e-01 5.098538037530832290e-03
2.458768320859999862e+06 7.885274201003201755e-01 5.099075624688839507e-03
2.458768813926999923e+06 7.777864984776677870e-01 5.098389908530970120e-03
2.458769306993999984e+06 7.851871797791144525e-01 5.098448032941777994e-03
2.458769810587999877e+06 7.899958320569353543e-01 5.098384645334817777e-03
2.458770303654999938e+06 7.783626715250572259e-01 5.098582229851498886e-03
2.458770796721999999e+06 7.775558622355102090e-01 5.099026554383104086e-03
2.458771300315999892e+06 7.731212314029271004e-01 5.098428138055981912e-03
2.458771793382999953e+06 7.775852251619287392e-01 5.098502927017110192e-03
2.458772286450000014e+06 7.760876991471779007e-01 5.098691131194287886e-03
2.458772790043999907e+06 7.774119283206076814e-01 5.098798692822716604e-03
2.458773283110999968e+06 7.819619122723142635e-01 5.098391628387176355e-03
2.458773776178000029e+06 7.729197415792670167e-01 5.098523163298116986e-03
2.458774279771000147e+06 7.680247223693926761e-01 5.098772772408216060e-03
2.458774772838000208e+06 7.887576783207124187e-01 5.098385189879441580e-03
2.458775265906000044e+06 7.821347826268278958e-01 5.098798370333369745e-03
2.458775769499000162e+06 7.798882909495467031e-01 5.098519387030171074e-03
2.458776262566000223e+06 7.773260103270682730e-01 5.098951127620052551e-03
2.458776755632999819e+06 7.762892998257470145e-01 5.098585616651329921e-03
2.458777259227000177e+06 7.821059682473511243e-01 5.098610527119665572e-03
2.458777752293999773e+06 7.867131327700145338e-01 5.098936823734155632e-03
2.458778245360999834e+06 7.970507962942090519e-01 5.098400289135089462e-03
2.458778748955000192e+06 7.792837137251782398e-01 5.098873444619941853e-03
2.458779242021999788e+06 7.721427535341773840e-01 5.099087161851963666e-03
2.458779735088999849e+06 7.785354632433828526e-01 5.098997026038192514e-03
2.458780238681999967e+06 7.809830350638669039e-01 5.098483156657617442e-03
2.458780731749999803e+06 7.783046049114623610e-01 5.098918715682424808e-03
2.458781224816999864e+06 7.760583927698638806e-01 5.098498596038451153e-03
2.458781728409999982e+06 7.848415738534634256e-01 5.099095376667164142e-03
2.458782221477000043e+06 7.711917944730125596e-01 5.098489556181337416e-03
2.458782714544000104e+06 7.863675794558788734e-01 5.098869997250073116e-03
2.458783218137999997e+06 7.760298022487412961e-01 5.099025513730404656e-03
2.458783711205000058e+06 7.833726411760305597e-01 5.098931426371924869e-03
2.459622427943999879e+06 7.788230564711715598e-01 5.099445965041724677e-03
2.459622921010999940e+06 7.772966571890406184e-01 5.099474499324584825e-03
2.459623424604999833e+06 7.753096687266327613e-01 5.100006456245191611e-03
2.459623917671999894e+06 7.726898367976344773e-01 5.099853303432350105e-03
2.459624410738999955e+06 7.812132488142370379e-01 5.099986058610662260e-03
2.459624914332000073e+06 7.784200255191290330e-01 5.099674872453043191e-03
2.459625407399999909e+06 7.731789113029592375e-01 5.099520638232667852e-03
2.459625900466999970e+06 7.792550043810292371e-01 5.099403319023159201e-03
2.459626404060000088e+06 7.808967223988348971e-01 5.100077379996458514e-03
2.459626897127000149e+06 7.757996869179362154e-01 5.099657118615445218e-03
2.459627390194000211e+06 7.784487041009557906e-01 5.099862754879400453e-03
2.459627893788000103e+06 7.772393859647543923e-01 5.099814633929800403e-03
2.459628386855000164e+06 7.773546486031435165e-01 5.099854953472511901e-03
2.459628879922000226e+06 7.840063856825493227e-01 5.099445953286202773e-03
2.459629383516000118e+06 7.843805209460977812e-01 5.099712133659552345e-03
2.459629876583000179e+06 7.846399202047630306e-01 5.099953278355068981e-03
2.459630369649999775e+06 7.811844683846977944e-01 5.099798171641728613e-03
2.459630873244000133e+06 7.864827470262185649e-01 5.099616752946012355e-03
2.459631366311000194e+06 7.905723118265894911e-01 5.099920632440320574e-03
2.459631859377999790e+06 7.943157975648547087e-01 5.099927036197640998e-03
2.459632362970999908e+06 7.735535793257227732e-01 5.099854362917766171e-03
2.459632856037999969e+06 7.777864984776677870e-01 5.099822644208511571e-03
2.459633349105999805e+06 7.714802277181088686e-01 5.099685881402777655e-03
2.459633852698999923e+06 7.765195603840331362e-01 5.100097943525890715e-03
2.459634345765999984e+06 7.768650792887655809e-01 5.100220717429160278e-03
2.459634838833000045e+06 7.795141445179701867e-01 5.099663200182773942e-03
2.459635342426999938e+06 7.732365955062866503e-01 5.099901095822843150e-03
2.459635835493999999e+06 7.797159171230270136e-01 5.100265072804993464e-03
2.459636328561000060e+06 7.763178999072898323e-01 5.100203489366265594e-03
2.459636832154999953e+06 7.793992795322097766e-01 5.099629594676976553e-03
2.459637325222000014e+06 7.799464757164772388e-01 5.100336484423129667e-03
2.459637818289000075e+06 7.841219296465898880e-01 5.100197490787189425e-03
2.459638321882000193e+06 7.779591622891263158e-01 5.100238246552347109e-03
2.459638814950000029e+06 7.779305017423566726e-01 5.100050350292636113e-03
2.459639308017000090e+06 7.798020992734220336e-01 5.100110581809452759e-03
2.459639811610000208e+06 7.816738799182950670e-01 5.100113398700534262e-03
2.459640304676999804e+06 7.848994052482910488e-01 5.100194024809442429e-03
2.459640797743999865e+06 7.805508482049559049e-01 5.099975199223913923e-03
2.459641301338000223e+06 7.875192891330710099e-01 5.099809785866094708e-03
2.459641794404999819e+06 7.786502009230906740e-01 5.100465660716061063e-03
2.459642287471999880e+06 7.801763839157609404e-01 5.100402794680415630e-03
2.459642791065999772e+06 7.759147360525894266e-01 5.100413384889353717e-03
2.459643284132999834e+06 7.777578442919509394e-01 5.100351104707165177e-03
2.459643777199999895e+06 7.736397928999894091e-01 5.100422748462889178e-03
2.459644280793999787e+06 7.801476416850324780e-01 5.100214892358639722e-03
2.459644773860999849e+06 7.762313878877008522e-01 5.100350063784123839e-03
2.459645266927999910e+06 7.838338235966285650e-01 5.100489363292291800e-03
2.459645770521000028e+06 7.802338715540264591e-01 5.100059998139677350e-03
2.459646263588000089e+06 7.804358304561505033e-01 5.099942502442307048e-03
2.459646756655999925e+06 7.906298372960254284e-01 5.100291724779475871e-03
2.459647260249000043e+06 7.804070786672344662e-01 5.100473398560334375e-03
2.459647753316000104e+06 7.851004024805164905e-01 5.100053875359747586e-03
2.459648246383000165e+06 7.745324182840926941e-01 5.100600649091321763e-03
2.459648749977000058e+06 7.720559956981651872e-01 5.100647498787825099e-03
2.459649243044000119e+06 7.856190394173587777e-01 5.100528640920314223e-03
2.459649736111000180e+06 7.706159612152455596e-01 5.100360725767988206e-03
2.459650239705000073e+06 7.806658829046494441e-01 5.100726814723194162e-03
2.459650732772000134e+06 7.871741067392523661e-01 5.100474513645140116e-03
2.459651225839000195e+06 7.818754914237561193e-01 5.100708700220764856e-03
2.459651729431999847e+06 7.830271127379695439e-01 5.100288373009105071e-03
2.459652222500000149e+06 7.844961200488109743e-01 5.100463710389218329e-03
2.459652715567000210e+06 7.808104192729066195e-01 5.100232882735131201e-03
2.459653219159999862e+06 7.838338235966285650e-01 5.100489363292291800e-03
2.459653712226999924e+06 7.809830350638669039e-01 5.100641092530919934e-03
2.459654205293999985e+06 7.863965508418068184e-01 5.100506446003304911e-03
2.459654708887999877e+06 7.765195603840331362e-01 5.100813144471553692e-03
2.459655201954999939e+06 7.820195314780180595e-01 5.100928105424179168e-03
2.459655695022000000e+06 7.796003043664002652e-01 5.100944905353576447e-03
2.459656198615999892e+06 7.720851509325267203e-01 5.100840115092926223e-03
2.459656691682999954e+06 7.776998227990569168e-01 5.100686901553394548e-03
2.459657184750000015e+06 7.863386091372790432e-01 5.100854885268933832e-03
2.459657688343999907e+06 7.835169570408710982e-01 5.100592416551643152e-03
2.459658181410999969e+06 7.766061045208296765e-01 5.100666356218394419e-03
2.459658674478000030e+06 7.768937005831983988e-01 5.101124165507065801e-03
2.459659178071000148e+06 7.707025572310319816e-01 5.100933865879476829e-03
2.459659671138000209e+06 7.793411355866501911e-01 5.100684756765979169e-03
2.459660164206000045e+06 7.853311066080944647e-01 5.100829224935004950e-03
2.459660667799000163e+06 7.856190394173587777e-01 5.101252222795888205e-03
2.459661160866000224e+06 7.772680210494112840e-01 5.100718411808667641e-03
2.459661653932999820e+06 7.811844683846977944e-01 5.101237166611153478e-03
2.459662157527000178e+06 7.723724955376157775e-01 5.101315716679172968e-03
2.459662650593999773e+06 7.788517499014783185e-01 5.101068536977829658e-03
2.459663143660999835e+06 7.714510953266682236e-01 5.100914374117156320e-03
2.459663647255000193e+06 7.836324288747269495e-01 5.101344123014148191e-03
2.459664140321999788e+06 7.866841497209947631e-01 5.100922664055001013e-03
2.459664633388999850e+06 7.776998227990569168e-01 5.101403189560914722e-03
2.459665136981999967e+06 7.803208296557382351e-01 5.101347108647165049e-03
2.459665630049999803e+06 7.882972290980958530e-01 5.101217319060532239e-03
2.459666123116999865e+06 7.767785062921035433e-01 5.101083233285473584e-03
2.459666626709999982e+06 7.870015722836154470e-01 5.101531146754009413e-03
2.459667119777000044e+06 7.787082933204055868e-01 5.101563405654288737e-03
2.459667612844000105e+06 7.868863287397791506e-01 5.101508859818495306e-03
2.459668116437999997e+06 7.794567099091986861e-01 5.101441175436030248e-03
2.459668609505000059e+06 7.806083634357864343e-01 5.101788926873183569e-03
2.459669102572000120e+06 7.853889740743548176e-01 5.101205081768625006e-03
2.459669606166000012e+06 7.856769281000768324e-01 5.101628110798308441e-03
2.459670099233000074e+06 7.889880037789034350e-01 5.101327341075232412e-03
2.459670592300000135e+06 7.798595593323599529e-01 5.101922940086315271e-03
2.459671095894000027e+06 7.813859536597720368e-01 5.101833208857677743e-03
2.459671588961000089e+06 7.887576783207124187e-01 5.102017553223613111e-03
2.459672082028000150e+06 7.801763839157609404e-01 5.101839932689624692e-03
2.459672585620999802e+06 7.796003043664002652e-01 5.101662943769307360e-03
2.459673078687999863e+06 7.823365130095998321e-01 5.101554583732319757e-03
2.459673571756000165e+06 7.825375746791600751e-01 5.102144947250638468e-03
2.459674075348999817e+06 7.886138498473020952e-01 5.101813550153675401e-03
2.459674568415999878e+06 7.841789857582487366e-01 5.102013114346035973e-03
2.459675061482999939e+06 7.806946442284441456e-01 5.101633782245242922e-03
2.459675565076999832e+06 7.794279941917522381e-01 5.101971114571793309e-03
2.459676058143999893e+06 7.784487041009557906e-01 5.102013688137468743e-03
2.459676551210999954e+06 7.860511365820860297e-01 5.101886015423016951e-03
2.459677054804999847e+06 7.824806379949985624e-01 5.102494411373832521e-03
2.459677547871999908e+06 7.766061045208296765e-01 5.102096917529911832e-03
2.459678040938999970e+06 7.810981334576626578e-01 5.102112224134400936e-03
2.459678544532000087e+06 7.803783279375513526e-01 5.102441758643213449e-03
2.459679037599999923e+06 7.891609737201719099e-01 5.102445705722541761e-03
2.459679530666999985e+06 7.755403530084745700e-01 5.102238202302202159e-03
2.459680034260000102e+06 7.839486200854107745e-01 5.102680442877730212e-03
2.459680527327000163e+06 7.775558622355102090e-01 5.102607331457811174e-03
2.459681020394000225e+06 7.859642638007275917e-01 5.102769964980156600e-03
2.459681523988000117e+06 7.782185882611146743e-01 5.102655788350594218e-03
2.459682017055000179e+06 7.854171860101684111e-01 5.102835113939996337e-03
2.459682510121999774e+06 7.793705659305375510e-01 5.103030854934477098e-03
2.459683013716000132e+06 7.788517499014783185e-01 5.102503234921011016e-03
2.459683506783000194e+06 7.805508482049559049e-01 5.102850854819754832e-03
2.459683999849999789e+06 7.853600398082455358e-01 5.103187179874398710e-03
2.459684503444000147e+06 7.865979314634403696e-01 5.103261551882027486e-03
2.459684996511000209e+06 7.887867377627560961e-01 5.102932021392662942e-03
2.459685489577999804e+06 7.772393859647543923e-01 5.103393953577420490e-03
2.459685993170999922e+06 7.845250224863538069e-01 5.102819344624187452e-03
2.459686486237999983e+06 7.792837137251782398e-01 5.103179925569790304e-03
2.459686979305999819e+06 7.818754914237561193e-01 5.103589235982572414e-03
2.459687482898999937e+06 7.774405697620745403e-01 5.103282838328706585e-03
2.459687975965999998e+06 7.848126597539520910e-01 5.103244557546302365e-03
2.459688469033000059e+06 7.874046950042382642e-01 5.103419057467271924e-03
2.459688972626999952e+06 7.783332792409558554e-01 5.103407798905194512e-03
2.459689465694000013e+06 7.801476416850324780e-01 5.103807605018796482e-03
2.459689958761000074e+06 7.813571668676658755e-01 5.103804223476131677e-03
2.459690462354999967e+06 7.812420303041085479e-01 5.103771705007750965e-03
2.459690955422000028e+06 7.827970854470674977e-01 5.103836957444243295e-03
2.459691448489000089e+06 7.916951784043292362e-01 5.104247444769397651e-03
2.459691952082000207e+06 7.796871918562071624e-01 5.103667767767301224e-03
2.459692445150000043e+06 7.851293271810568797e-01 5.103857425919008234e-03
2.459692938217000104e+06 7.766919429430417798e-01 5.104091572715982982e-03
2.459693441810000222e+06 7.834303643319111554e-01 5.104358105584710925e-03
2.459693934876999818e+06 7.751947093086314355e-01 5.104248115297927053e-03
2.459807647255999967e+06 9.964079867865897056e-01 5.709171397835309698e-03
2.459808150849000085e+06 1.001129825502100168e+00 5.708564126830639046e-03
2.459808643916000146e+06 1.005709146798235976e+00 5.708739788315619380e-03
2.459809136983000208e+06 9.940174305126074916e-01 5.707375911993320915e-03
2.459809640577000100e+06 9.963501717467132535e-01 5.705169442267267466e-03
2.459810133644000161e+06 9.888053328521151375e-01 5.702949728658372047e-03
2.459810626711000223e+06 9.915695920122411522e-01 5.700627248327989026e-03
2.459811130305000115e+06 9.926926355317310380e-01 5.697026390840635897e-03
2.459811623372000176e+06 9.852635130539969532e-01 5.693411764119853981e-03
2.459812116438999772e+06 9.853497256426223538e-01 5.689372246207531625e-03
2.459812620031999890e+06 1.005103534013230382e+00 5.684010233605527040e-03
2.459813113100000191e+06 9.978471011712304328e-01 5.678817019379556186e-03
2.459813606166999787e+06 9.732840358911168943e-01 5.673491070998345348e-03
2.459814109759999905e+06 9.750120879419109654e-01 5.667399926460200271e-03
2.459814602826999966e+06 9.767683976342287355e-01 5.660515630759204060e-03
2.459815095894000027e+06 9.746376857887482092e-01 5.654451565563267668e-03
2.459815599487999920e+06 9.721319122878380181e-01 5.647077019196625539e-03
2.459816092554999981e+06 9.645296887350833792e-01 5.639338945553813882e-03
2.459816585622000042e+06 9.661718947097127641e-01 5.632032803935091599e-03
2.459817089215999935e+06 9.575899952908746293e-01 5.624341689269052140e-03
2.459817582282999996e+06 9.603837432648052452e-01 5.615983292503900180e-03
2.459818075350000057e+06 9.548254803146865033e-01 5.608104492861773135e-03
2.459818578943999950e+06 9.558910602781425236e-01 5.599396167067410661e-03
2.459819072011000011e+06 9.418384146832059489e-01 5.590813455452115291e-03
2.459819565078000072e+06 9.501898785708409179e-01 5.581752748933047244e-03
2.459820068671000190e+06 9.446897429670173540e-01 5.572935467369512230e-03
2.459820561737999786e+06 9.367126817586138854e-01 5.563837751921544422e-03
2.459821054806000087e+06 9.375188315940199413e-01 5.554810291131330284e-03
2.459821558399000205e+06 9.354461674258252035e-01 5.545976042183695109e-03
2.459822051465999801e+06 9.378651537329851795e-01 5.536994722182697268e-03
2.459822544532999862e+06 9.263177797868386021e-01 5.527689754599197057e-03
2.459823048127000220e+06 9.262026089695362119e-01 5.518471845339895793e-03
2.459823541193999816e+06 9.320190731662321149e-01 5.509347837316916699e-03
2.459824034260999877e+06 9.160373885745822786e-01 5.500934524732728481e-03
2.459824537854999769e+06 9.205580921192005883e-01 5.491623781657280733e-03
2.459825030921999831e+06 9.092991811650331657e-01 5.483083011322872902e-03
2.459825523988999892e+06 9.080320966298205398e-01 5.473769822169759214e-03
2.459826027582000010e+06 9.073983808892760461e-01 5.464935208600492540e-03
2.459826520649999846e+06 9.128697163934890169e-01 5.456688681311457241e-03
2.459827013716999907e+06 8.987597194424362668e-01 5.447674755368690780e-03
2.459827517310000025e+06 9.021858265589278725e-01 5.439358469187607209e-03
2.459828010377000086e+06 8.965134304353282735e-01 5.431582109502675060e-03
2.459828503444000147e+06 8.971180608216564600e-01 5.422851156081840394e-03
2.459829007038000040e+06 8.853112846416613113e-01 5.415083530916261698e-03
2.459829500105000101e+06 8.859450786191872540e-01 5.407536388930935314e-03
2.459829993172000162e+06 8.787173469751246024e-01 5.399840323390610666e-03
2.459830496766000055e+06 8.741388050422593814e-01 5.391832336172428485e-03
2.459830989833000116e+06 8.806464728335916536e-01 5.384117487333528462e-03
2.459831482900000177e+06 8.633975262302240328e-01 5.377267559820737321e-03
2.459831986494000070e+06 8.835835055363947532e-01 5.370335379332399212e-03
2.459832479561000131e+06 8.729576998772750063e-01 5.362838443320159208e-03
2.459832972628000192e+06 8.678031055957121653e-01 5.355949801722154416e-03
2.459833476220999844e+06 8.679477866468678915e-01 5.349648066248985714e-03
2.459833969287999906e+06 8.716047733546568033e-01 5.343288126549100049e-03
2.459834462356000207e+06 8.743111159038806646e-01 5.336526257209748582e-03
2.459834965948999859e+06 8.483369823086605033e-01 5.330350842080409067e-03
2.459835459015999921e+06 8.536353668807133976e-01 5.324330789728054167e-03
2.459835952082999982e+06 8.549604008454229076e-01 5.318421290553127824e-03
2.459836455676999874e+06 8.548737859938723149e-01 5.312370913693131858e-03
2.459836948743999936e+06 8.426064902599975648e-01 5.306761582737690684e-03
2.459837441810999997e+06 8.502377824004334617e-01 5.301573035536039785e-03
2.459837945404999889e+06 8.574657857119519777e-01 5.296098199346056107e-03
2.459838438471999951e+06 8.424055122946874086e-01 5.290754018483847208e-03
2.459838931539000012e+06 8.466673257997903157e-01 5.285548284308523061e-03
2.459839435132000130e+06 8.313187960966564871e-01 5.280846039352552965e-03
2.459839928199999966e+06 8.400725615229918120e-01 5.275328113185380474e-03
2.459840421267000027e+06 8.313478921762894602e-01 5.271076772296172733e-03
2.459840924860000145e+06 8.309727839714067255e-01 5.266402374213023305e-03
2.459841417927000206e+06 8.314336549666896392e-01 5.261665419501016829e-03
2.459841910993999802e+06 8.373657627808219761e-01 5.257559230189355615e-03
2.459842414588000160e+06 8.324420307234777772e-01 5.253479408276646133e-03
2.459842907655000221e+06 8.265387136699511306e-01 5.248958638184016666e-03
2.459843400721999817e+06 8.385751721095346944e-01 5.245071472093425571e-03
2.459843904316000175e+06 8.384021821491832727e-01 5.241672873657614307e-03
2.459844397382999770e+06 8.350621513208424940e-01 5.237711725530776012e-03
2.459844890449999832e+06 8.259048187197216562e-01 5.234283459191106311e-03
2.459845394044000190e+06 8.074752135468684644e-01 5.230527592234282021e-03
2.459845887110999785e+06 8.139834971259011231e-01 5.226953763806770764e-03
2.459846380177999847e+06 8.229965222295713145e-01 5.223431815048823305e-03
2.459846883770999964e+06 8.236016348086701022e-01 5.220445284880170442e-03
2.459847376838000026e+06 8.297345988842451669e-01 5.217287663207888053e-03
2.459847869905999862e+06 8.140412265739588316e-01 5.213828796338592503e-03
2.459848373498999979e+06 8.144732027230280336e-01 5.210594287379817675e-03
2.459848866566000041e+06 8.088865237074791548e-01 5.206889011729110874e-03
2.459849359633000102e+06 8.089729497186592955e-01 5.202974795469627635e-03
2.459849863226999994e+06 8.052582816485827077e-01 5.199108705796613022e-03
2.459850356294000056e+06 8.128604624986025540e-01 5.195036072813220829e-03
2.459850849361000117e+06 8.196559578640029153e-01 5.189395941357890368e-03
2.459851352955000009e+06 8.055171661842506214e-01 5.183716279759822618e-03
2.459851846022000071e+06 8.102107478147987374e-01 5.178101600046872491e-03
2.459852339089000132e+06 8.182740903701898327e-01 5.173110495612703516e-03
2.459852842681999784e+06 8.028100489332786749e-01 5.169252924878599970e-03
2.459853335750000086e+06 7.960141722629774375e-01 5.166551366118291196e-03
2.459853828817000147e+06 7.995852977547526219e-01 5.165427157972686360e-03
2.459854332409999799e+06 7.957839945187452635e-01 5.166523279577165360e-03
2.459854825476999860e+06 8.031850200734258483e-01 5.173146866392559252e-03
2.459855318543999922e+06 8.079074259420314652e-01 5.201330564999302221e-03
2.459855822137999814e+06 8.760683687143693277e-01 5.369037985358539669e-03
2.459856315204999875e+06 8.157111523617243121e-01 5.204990713946911624e-03
2.459856808271999937e+06 8.156247576975964586e-01 5.185658982092033673e-03
2.459857311865999829e+06 8.092896756434202477e-01 5.177432660331581990e-03
2.459857804932999890e+06 7.975119513027564278e-01 5.172600062945409589e-03
2.459858297999999952e+06 8.073599463906901974e-01 5.169548848708089422e-03
2.459858801593999844e+06 7.970221664828097685e-01 5.166487018783385426e-03
2.459859294660999905e+06 7.949488766979355692e-01 5.164030086479032278e-03
2.459859787727999967e+06 8.044228529008803363e-01 5.161856067431162473e-03
2.459860291321000084e+06 8.041924657412348187e-01 5.160377708936515241e-03
2.459860784388000146e+06 8.042502415299397356e-01 5.158526221626914821e-03
2.459861277455999982e+06 8.021189931524027594e-01 5.156676684140803699e-03
2.459861781049000099e+06 7.980299671007109463e-01 5.155379515497801428e-03
2.459862274116000161e+06 7.950931282540425471e-01 5.153982534734161125e-03
2.459862767183000222e+06 7.976845858631255171e-01 5.152413612203635661e-03
2.459863270777000114e+06 7.992399795088956926e-01 5.150682193442689127e-03
2.459863763844000176e+06 8.075904971597922533e-01 5.149454340138489780e-03
2.459864256910999771e+06 7.954388526942389737e-01 5.148164713847418889e-03
2.459864760505000129e+06 8.017740575962933880e-01 5.147074544401962493e-03
2.459865253572000191e+06 7.992973994949684746e-01 5.145898974341075148e-03
2.459865746638999786e+06 7.785060644343780867e-01 5.144694436675816170e-03
2.459866250231999904e+06 7.950352780398303176e-01 5.143355972177233310e-03
2.459866743300000206e+06 7.867131327700145338e-01 5.142412198101648652e-03
2.459867236366999801e+06 7.939990814369038974e-01 5.141771562113942907e-03
2.459867739959999919e+06 8.016876622913278183e-01 5.140612867483393411e-03
2.459868233026999980e+06 7.932498524670648088e-01 5.139842152863435820e-03
2.459868726094000041e+06 7.882108340518121370e-01 5.138408629066170373e-03
2.459869229687999934e+06 7.941716870377134585e-01 5.137769105706090078e-03
2.459869722754999995e+06 7.928466581869147989e-01 5.136499427067671257e-03
2.459870215822000057e+06 7.988366835752523931e-01 5.135575314629401388e-03
2.459870719415999949e+06 7.925874658036545783e-01 5.134820235367271689e-03
2.459871212483000010e+06 7.990096048956796260e-01 5.134479249127587436e-03
2.459871705550000072e+06 8.025801236816009210e-01 5.133029878179816083e-03
2.459872209143999964e+06 7.933367998354055040e-01 5.132367933963533774e-03
2.459872702211000025e+06 7.931636451582747549e-01 5.131978267665997587e-03
2.459873195278000087e+06 7.956975118092529664e-01 5.130784306320121391e-03
2.459873698871000204e+06 7.937687552937436886e-01 5.130044785728597907e-03
2.459874191937999800e+06 7.871741067392523661e-01 5.129475079465439097e-03
2.459874685006000102e+06 7.848704890182317540e-01 5.128921827586001292e-03
2.459875188599000219e+06 7.838627016338214348e-01 5.128111916416541044e-03
2.459875681665999815e+06 7.936532517876546677e-01 5.127836335282446971e-03
2.459876174732999876e+06 7.933937957179507672e-01 5.126890718355649537e-03
2.459876678326999769e+06 7.914647916193991994e-01 5.126088998669308706e-03
2.459877171393999830e+06 7.960141722629774375e-01 5.125494621900521068e-03
2.459877664460999891e+06 7.878936494323031114e-01 5.125455724468591136e-03
2.459878168054999784e+06 7.890170717066095074e-01 5.124770054909002538e-03
2.459878661121999845e+06 7.840063856825493227e-01 5.123997236550395518e-03
2.459879154188999906e+06 7.840063856825493227e-01 5.123275139983801511e-03
2.459987411249999888e+06 7.729197415792670167e-01 5.099946934078150931e-03
2.459987904316999950e+06 7.918388395437998550e-01 5.099339178178763018e-03
2.459988407910000067e+06 7.858209447011833548e-01 5.099668180999820943e-03
2.459988900977000128e+06 7.781031975216528007e-01 5.099749210995097037e-03
2.459989394044000190e+06 7.795715833588359178e-01 5.099320959134662386e-03
2.459989897638000082e+06 7.735535793257227732e-01 5.099854362917766171e-03
2.459990390705000143e+06 7.802338715540264591e-01 5.099341376187001978e-03
2.459990883772000205e+06 7.793992795322097766e-01 5.099629594676976553e-03
2.459991387366000097e+06 7.844961200488109743e-01 5.099741162760603255e-03
2.459991880433000159e+06 7.818178828309245709e-01 5.099612799079545483e-03
2.459992373500000220e+06 7.804933372118479928e-01 5.099599433008032007e-03
2.459992877094000112e+06 7.754824969425906378e-01 5.099714833036785369e-03
2.459993370161000174e+06 7.842945551594506792e-01 5.099875582263771294e-03
2.459993863227999769e+06 7.782472594215793515e-01 5.099259819523542861e-03
2.459994366820999887e+06 7.760012127809104987e-01 5.099552385678459906e-03
2.459994859887999948e+06 7.704718926873387330e-01 5.099407200927423382e-03
2.459995352955999784e+06 7.821635980678826039e-01 5.099706619764061977e-03
2.459995856548999902e+06 7.812708128543464081e-01 5.099642276304313347e-03
2.459996349615999963e+06 7.747628713041981863e-01 5.099263940980178038e-03
2.459996842683000024e+06 7.851293271810568797e-01 5.099518640915393607e-03
2.459997346276999917e+06 7.662103250288065937e-01 5.099430031341322181e-03
2.459997839343999978e+06 7.828836081595904606e-01 5.099353648373554544e-03
2.459998332411000039e+06 7.850432793274596532e-01 5.099682800326288228e-03
2.459998836004999932e+06 7.793705659305375510e-01 5.099441720840417434e-03
2.459999329071999993e+06 7.777291911618712250e-01 5.099446889232884909e-03
2.459999822139000054e+06 7.767498892415045653e-01 5.099464479723096917e-03
2.460000325732000172e+06 7.816162861802010697e-01 5.099737622302114373e-03
2.460000818800000008e+06 7.857340973601658618e-01 5.099104575989572147e-03
2.460001311867000069e+06 7.796871918562071624e-01 5.099359057114901707e-03
2.460001815460000187e+06 7.729774064468405426e-01 5.099615484971477090e-03
2.460002308526999783e+06 7.737837411037953306e-01 5.099233721169876311e-03
2.460002801593999844e+06 7.830271127379695439e-01 5.099567178386225225e-03
2.460003305188000202e+06 7.742735079965205047e-01 5.099608755256129604e-03
2.460003798254999798e+06 7.799170236252673805e-01 5.099425557011036565e-03
2.460004291321999859e+06 7.806946442284441456e-01 5.099476643225265941e-03
2.460004794916000217e+06 7.918103969442312762e-01 5.099156011535418108e-03
2.460005287982999813e+06 7.820771549294183167e-01 5.099143010505655799e-03
2.460005781049999874e+06 7.837760707138660132e-01 5.099391674754129300e-03
2.460006284644000232e+06 7.830559610542859872e-01 5.099033835651734653e-03
2.460006777710999828e+06 7.848126597539520910e-01 5.099630361684017767e-03
2.460007270777999889e+06 7.731504268638976773e-01 5.099332768410121813e-03
2.460007774371000007e+06 7.829701404354854066e-01 5.099196138764354458e-03
2.460008267438000068e+06 7.802338715540264591e-01 5.099341376187001978e-03
2.460008760505999904e+06 7.769223229320980639e-01 5.099165385617282151e-03
2.460009264099000022e+06 7.775272165465899610e-01 5.099554831794247262e-03
2.460009757166000083e+06 7.779591622891263158e-01 5.099521719684328713e-03
2.460010250233000144e+06 7.828547661928723089e-01 5.099165784703044851e-03
2.460010753827000037e+06 7.783046049114623610e-01 5.099635560714856422e-03
2.460011246894000098e+06 7.692629216189557084e-01 5.099199255425926509e-03
2.460011739961000159e+06 7.876346253772075201e-01 5.099105802601208194e-03
2.460012243555000052e+06 7.795715833588359178e-01 5.099320959134662386e-03
2.460012736622000113e+06 7.773546486031435165e-01 5.099138983382173890e-03
2.460013229689000174e+06 7.832579290299651609e-01 5.099627585455965631e-03
2.460013733281999826e+06 7.818466865967468316e-01 5.099080571808768496e-03
2.460014226350000128e+06 7.844094191247363845e-01 5.099177549684576378e-03
2.460014719417000189e+06 7.825087454605516024e-01 5.099074111990876089e-03
2.460015223009999841e+06 7.882681876898856022e-01 5.099577343068516407e-03
2.460015716076999903e+06 7.808391859217160835e-01 5.098982426784102150e-03
2.460016209143999964e+06 7.944884720158416069e-01 5.099572195542505064e-03
2.460016712737999856e+06 7.868283509484117477e-01 5.098958893524521523e-03
2.460017205804999918e+06 7.841789857582487366e-01 5.099124092197482305e-03
2.460017698871999979e+06 7.841789857582487366e-01 5.099124092197482305e-03
2.460018202465999871e+06 7.805796052906349702e-01 5.099444152329690380e-03
2.460018695532999933e+06 7.728044247493672803e-01 5.099186040441388429e-03
2.460019188599999994e+06 7.702129209641772611e-01 5.099111968108156930e-03
2.460019692193999887e+06 7.787943640979477777e-01 5.099258097970188995e-03
2.460020185260999948e+06 7.762599858356497018e-01 5.099108047348552795e-03
2.460020678328000009e+06 7.701554623299163849e-01 5.099440908782417597e-03
2.460021181921000127e+06 7.928466581869147989e-01 5.099257250385774883e-03
2.460021674988000188e+06 7.680530179670410629e-01 5.098960621599351456e-03
2.460022168056000024e+06 7.841219296465898880e-01 5.099475287800671330e-03
2.460022671649000142e+06 7.751947093086314355e-01 5.099250250308825366e-03
2.460023164716000203e+06 7.814435304257135728e-01 5.099330195311630592e-03
2.460023657782999799e+06 7.774985719129964279e-01 5.099366960712003148e-03
2.460024161377000157e+06 7.798020992734220336e-01 5.099392357533743397e-03
2.460024654444000218e+06 7.821924145705595466e-01 5.099174077522597437e-03
2.460025147510999814e+06 7.823941598179230406e-01 5.099048047407550230e-03
2.460025651105000172e+06 7.911193371425970788e-01 5.099077563280862528e-03
2.460026144171999767e+06 7.869435860011028128e-01 5.098980860411716186e-03
2.460026637238999829e+06 7.746479929628479200e-01 5.099221322308972182e-03
2.460027140831999946e+06 7.737552343823933532e-01 5.099045861917567667e-03
2.460027633899999782e+06 7.822500507609261300e-01 5.098829333473622882e-03
2.460028126966999844e+06 7.828259252887093123e-01 5.098977927953544931e-03
2.460028630559999961e+06 7.851871797791144525e-01 5.099171217059926889e-03
2.460029123627000023e+06 7.830559610542859872e-01 5.099033835651734653e-03
2.460029616694000084e+06 7.777291911618712250e-01 5.099446889232884909e-03
2.460030120287999976e+06 7.896502914489099689e-01 5.099063814107240855e-03
2.460030613355000038e+06 7.766919429430417798e-01 5.099084054704908393e-03
2.460031106422000099e+06 7.821059682473511243e-01 5.099330873337117043e-03
2.460031610015999991e+06 7.805220921787048294e-01 5.099068425241348214e-03
2.460032103083000053e+06 7.784773837393574869e-01 5.099333640060099704e-03
2.460032596150000114e+06 7.871741067392523661e-01 5.099024485354125558e-03
2.460033099744000006e+06 7.823653358828134285e-01 5.098860194995571971e-03
2.460033592811000068e+06 7.827394089511806596e-01 5.099135328866584438e-03
2.460034085878000129e+06 7.770089119573158065e-01 5.099018042719849660e-03
2.460034589470999781e+06 7.829412952808590953e-01 5.099008280896605814e-03
2.460035082537999842e+06 7.812132488142370379e-01 5.099266534618195068e-03
2.460035575606000144e+06 7.802626169616416751e-01 5.098810597898501169e-03
2.460036079198999796e+06 7.814147415124399476e-01 5.099142332505132019e-03
2.460036572265999857e+06 7.815011114342216292e-01 5.098986152564858980e-03
2.460037065332999919e+06 7.792837137251782398e-01 5.098873444619941853e-03
2.460037568926999811e+06 7.880380723641295937e-01 5.098814457966116542e-03
2.460038061993999872e+06 7.863965508418068184e-01 5.099057850023185241e-03
2.460038555060999934e+06 7.870588379305590854e-01 5.099002724365125222e-03
2.460039058654999826e+06 7.824229848149626410e-01 5.099235906740377799e-03
2.460039551721999887e+06 7.846688279401995425e-01 5.099418464340007076e-03
2.460040044788999949e+06 7.707316613553473195e-01 5.098996882717711163e-03
2.460040548382000066e+06 7.830271127379695439e-01 5.098845983763344511e-03
2.460041041449999902e+06 7.810693572690518005e-01 5.099046692982250016e-03
2.460041534516999964e+06 7.826240687079077940e-01 5.099104771285639659e-03
2.460042038110000081e+06 7.772966571890406184e-01 5.098758582646312383e-03
2.460042531177000143e+06 7.802051272054142395e-01 5.099153512968608061e-03
2.460043024244000204e+06 7.827682466679026785e-01 5.099323191415037690e-03
2.460043527838000096e+06 7.655479537604328311e-01 5.099252265267150558e-03
2.460044020905000158e+06 7.808967223988348971e-01 5.099358147535593133e-03
2.460044513972000219e+06 7.770089119573158065e-01 5.099018042719849660e-03
2.460045017566000111e+06 7.836894493681871854e-01 5.098828100302809155e-03
2.460045510633000173e+06 7.793992795322097766e-01 5.098911741411960713e-03
2.460046003699999768e+06 7.837471958682179496e-01 5.099203809682702031e-03
2.460046507294000126e+06 7.696661736387929720e-01 5.099036729844653830e-03
2.460047000361000188e+06 7.825664049598982652e-01 5.098729069202913994e-03
2.460047493427999783e+06 7.764044215687582184e-01 5.099341724024203729e-03
2.460047997020999901e+06 7.770955106329953122e-01 5.098870603640527459e-03
2.460048490087999962e+06 7.883836336140616075e-01 5.098871946037027841e-03
2.460048983155999798e+06 7.851004024805164905e-01 5.099330771166445814e-03
2.460049486748999916e+06 7.842945551594506792e-01 5.099153220283280698e-03
2.460049979815999977e+06 7.776425218695250940e-01 5.098878612436451643e-03
2.460050472883000039e+06 7.814147415124399476e-01 5.099142332505132019e-03
2.460050976476999931e+06 7.783046049114623610e-01 5.098918715682424808e-03
2.460051469543999992e+06 7.783913479938432411e-01 5.098770072022656800e-03
2.460051962611000054e+06 7.837183220863364053e-01 5.099015951532335708e-03
2.460052466204999946e+06 7.737260160828732802e-01 5.098853313366501563e-03
2.460052959272000007e+06 7.802626169616416751e-01 5.098810597898501169e-03
2.460053452339000069e+06 7.799464757164772388e-01 5.098899769920475084e-03
2.460053955932000186e+06 7.814147415124399476e-01 5.099142332505132019e-03
2.460054449000000022e+06 7.894488564872269576e-01 5.099217292637186691e-03
2.460054942067000084e+06 7.728620810135512498e-01 5.098854640785723848e-03
2.460055445660000201e+06 7.824229848149626410e-01 5.099235906740377799e-03
2.460055938726999797e+06 7.749355776307654819e-01 5.098973159716527030e-03
2.460056431793999858e+06 7.751661506061948703e-01 5.099062390447555923e-03
2.460056935388000216e+06 7.830271127379695439e-01 5.098845983763344511e-03
2.460057428454999812e+06 7.775558622355102090e-01 5.099026554383104086e-03
2.460057921521999873e+06 7.694067640845185796e-01 5.098735441746961999e-03
2.460058425116000231e+06 7.753389468297995357e-01 5.098770821221726771e-03
2.460058918182999827e+06 7.851582529472448391e-01 5.098983360110311003e-03
