2.458346727899000049e+06 4.377200095244789674e-02 8.674686727460070509e-04
2.458347220966000110e+06 4.372393097199303580e-02 8.674825366788985193e-04
2.458347714033000171e+06 4.510833530227157523e-02 8.674869982080500672e-04
2.458348217627000064e+06 4.505062287903007640e-02 8.674559416749069371e-04
2.458348710694000125e+06 4.426230230301831520e-02 8.674828439710595288e-04
2.458349203761000186e+06 4.443532899584685947e-02 8.674770439342466104e-04
2.458349707355000079e+06 4.226261835478645895e-02 8.674894587903985094e-04
2.458350200422000140e+06 4.376236660771904569e-02 8.674792735139075879e-04
2.458350693489000201e+06 4.430076236558529168e-02 8.674613628659060861e-04
2.458351197081999853e+06 4.256062530184445691e-02 8.674520322497001994e-04
2.458351690150000155e+06 4.392579192463762217e-02 8.674821990097477406e-04
2.458352183217000216e+06 4.390657898169068180e-02 8.674667212981643227e-04
2.458352686809999868e+06 4.419500628536912612e-02 8.674664939973298098e-04
2.458353179876999930e+06 4.283946120094803134e-02 8.674533927996386446e-04
2.458353672943999991e+06 4.383929889220462145e-02 8.674699188187609284e-04
2.458354176537999883e+06 4.426230230301831520e-02 8.674828439710595288e-04
2.458354669604999945e+06 4.397388132284598544e-02 8.674598728910658555e-04
2.458355162672000006e+06 4.301251132729995430e-02 8.674712664147575265e-04
2.458355666265999898e+06 4.462760700659749308e-02 8.674903183172936972e-04
2.458356159332999960e+06 4.484875587297049854e-02 8.674518443844207683e-04
2.458356652400000021e+06 4.432957830542168937e-02 8.674540063687024736e-04
2.458357155993999913e+06 4.461803090815693457e-02 8.674685529622731209e-04
2.458357649060999975e+06 4.431035199320467605e-02 8.674858937557285848e-04
2.458358142128000036e+06 4.357008427837824605e-02 8.674800634980395176e-04
2.458358645721000154e+06 4.442575323836953777e-02 8.674537742464302238e-04
2.458359138788000215e+06 4.282021070575257188e-02 8.674579795216835710e-04
2.458359631856000051e+06 4.375277468131370806e-02 8.674906265785442072e-04
2.458360135449000169e+06 4.357971643027346714e-02 8.674711475619309659e-04
2.458360628516000230e+06 4.387775511651584304e-02 8.674630259620258899e-04
2.458361121582999825e+06 4.416615578678189519e-02 8.674697113586070547e-04
2.458361625177000184e+06 4.314709888127490900e-02 8.674832959900869887e-04
2.458362118243999779e+06 4.576206356268319037e-02 8.674565940199026673e-04
2.458362611310999840e+06 4.448340263486975227e-02 8.674732221883616834e-04
2.458363114905000199e+06 4.452189078924365800e-02 8.674856705697391469e-04
2.458363607971999794e+06 4.442575323836953777e-02 8.674537742464302238e-04
2.458364101038999856e+06 4.506025032002867331e-02 8.674753112788166718e-04
2.458364604631999973e+06 4.439687478110825730e-02 8.674623702138073607e-04
2.458365097699999809e+06 4.481989141122918324e-02 8.674714852355743530e-04
2.458365590766999871e+06 4.378159709383114967e-02 8.674572263087682467e-04
2.458366094359999988e+06 4.534865387159790068e-02 8.674724008757106562e-04
2.458366587427000050e+06 4.316629754555641879e-02 8.674717136804990054e-04
2.458367080494000111e+06 4.531020217354957830e-02 8.674880403305653027e-04
2.458367584088000003e+06 4.355086647273161138e-02 8.674584435996648014e-04
2.458368077155000065e+06 4.354124069736189928e-02 8.674672295140514484e-04
2.458368570222000126e+06 4.352203561398430148e-02 8.674854615648131505e-04
2.458369073816000018e+06 4.436805596043165434e-02 8.674713874332475689e-04
2.458369566883000080e+06 4.442575323836953777e-02 8.674537742464302238e-04
2.458370059950000141e+06 4.532944482036077583e-02 8.674807014354599631e-04
2.458370563544000033e+06 4.265677321367405961e-02 8.674865482336407713e-04
2.458371056611000095e+06 4.325285706046740064e-02 8.674583737414286351e-04
2.458371549678000156e+06 4.370468556143906197e-02 8.674629893721058855e-04
2.458372053270999808e+06 4.355086647273161138e-02 8.674584435996648014e-04
2.458372546337999869e+06 4.393542178163541145e-02 8.674700471490069892e-04
2.458373039406000171e+06 4.399312371641447839e-02 8.674747894720285721e-04
2.458373542998999823e+06 4.346435107794056202e-02 8.674565878713663431e-04
2.458374036065999884e+06 4.441609772690483654e-02 8.674697851757025031e-04
2.458374529132999945e+06 4.284905022823626980e-02 8.674896986387976806e-04
2.458375032726999838e+06 4.539671212031286263e-02 8.674718428220295910e-04
2.458375525793999899e+06 4.382004306134253818e-02 8.674521319174821480e-04
2.458376018860999960e+06 4.447381651758372523e-02 8.674910922945675701e-04
2.458376522454999853e+06 4.295478998305183455e-02 8.674544710224583750e-04
2.458377015521999914e+06 4.411809992409325420e-02 8.674604319650147752e-04
2.458377508588999975e+06 4.293556675346152374e-02 8.674617169220635252e-04
2.458378012182000093e+06 4.506025032002867331e-02 8.674753112788166718e-04
2.458378505249999929e+06 4.521406975589468275e-02 8.674798564858210610e-04
2.458378998316999990e+06 4.494489808724144719e-02 8.674899853100616646e-04
2.458379501910000108e+06 4.255102243813022739e-02 8.674522655854380836e-04
2.458379994977000169e+06 4.357971643027346714e-02 8.674711475619309659e-04
2.458380488044000231e+06 4.357008427837824605e-02 8.674800634980395176e-04
2.458380991638000123e+06 4.388737444239804164e-02 8.674915129298143646e-04
2.458381484705000184e+06 4.404116513820727913e-02 8.674891318149613320e-04
2.458381977771999780e+06 4.436805596043165434e-02 8.674713874332475689e-04
2.458382481366000138e+06 4.437766015485488519e-02 8.674547991851270720e-04
2.458382974433000199e+06 4.332015481381120553e-02 8.674913867974991602e-04
2.458383467499999795e+06 4.436805596043165434e-02 8.674713874332475689e-04
2.458383971094000153e+06 4.480065875805122610e-02 8.674706111327719522e-04
2.458384464161000215e+06 4.437766015485488519e-02 8.674547991851270720e-04
2.458384957227999810e+06 4.459880272118624950e-02 8.674644096222484209e-04
2.458385460820999928e+06 4.427192438125597540e-02 8.674675442886741568e-04
2.458385953887999989e+06 4.356049437609669367e-02 8.674897321028203576e-04
2.458386446955999825e+06 4.420461373428313800e-02 8.674515007376468623e-04
2.458386950548999943e+06 4.378159709383114967e-02 8.674572263087682467e-04
2.458387443616000004e+06 4.440652611374176773e-02 8.674873461388187901e-04
2.458387936683000065e+06 4.503141564295337629e-02 8.674593829006400176e-04
2.458388440276999958e+06 4.415655669633400393e-02 8.674845235934849387e-04
2.458388933344000019e+06 4.402194227722638908e-02 8.674754059906066234e-04
2.458389426411000080e+06 4.467568292752107512e-02 8.674784384553307220e-04
2.458389930004999973e+06 4.414691903132268724e-02 8.674578286021610322e-04
2.458390423072000034e+06 4.392579192463762217e-02 8.674821990097477406e-04
2.458390916139000095e+06 4.593511415569726669e-02 8.674792058336440676e-04
2.458391419732000213e+06 4.494489808724144719e-02 8.674899853100616646e-04
2.458391912800000049e+06 4.402194227722638908e-02 8.674754059906066234e-04
2.458392405867000110e+06 4.218569418330338217e-02 8.674646789974599023e-04
2.458392909460000228e+06 4.279139059368862463e-02 8.674653224600729559e-04
2.458393402526999824e+06 4.270484992586416617e-02 8.674809414914485053e-04
2.458393895593999885e+06 4.428150776642000852e-02 8.674513980067544931e-04
2.458394399187999777e+06 4.365660908756380243e-02 8.674737752389106169e-04
2.458394892254999839e+06 4.431035199320467605e-02 8.674858937557285848e-04
2.458395385321999900e+06 4.372393097199303580e-02 8.674825366788985193e-04
2.458395888915999793e+06 4.338743739262878457e-02 8.674800442240052176e-04
2.458396381982999854e+06 4.453148726870776591e-02 8.674675778569842892e-04
2.458396875049999915e+06 4.476221820691192455e-02 8.674683861181998416e-04
2.458397378643999808e+06 4.449303179797515356e-02 8.674561030313529368e-04
2.458397871710999869e+06 4.369506603302356768e-02 8.674732814603335626e-04
2.458398364777999930e+06 4.370468556143906197e-02 8.674629893721058855e-04
2.458398868371000048e+06 4.440652611374176773e-02 8.674873461388187901e-04
2.458399361438000109e+06 4.338743739262878457e-02 8.674800442240052176e-04
2.458399854505999945e+06 4.301251132729995430e-02 8.674712664147575265e-04
2.458400358099000063e+06 4.444494775262351760e-02 8.674601470397296952e-04
2.458400851166000124e+06 4.245487827244476264e-02 8.674864763158620729e-04
2.458401344233000185e+06 4.361818598886967741e-02 8.674735961922531253e-04
2.458401847827000078e+06 4.371430720760683536e-02 8.674526507087424246e-04
2.458402340894000139e+06 4.365660908756380243e-02 8.674737752389106169e-04
2.458402833961000200e+06 4.542557151236529395e-02 8.674794076220381130e-04
2.458403337555000093e+06 4.392579192463762217e-02 8.674821990097477406e-04
2.458403830622000154e+06 4.485834017443923738e-02 8.674719569771942957e-04
2.458404323689000215e+06 4.337780778650963259e-02 8.674872739260852759e-04
2.458404827281999867e+06 4.568516523337858709e-02 8.674716402785415332e-04
2.458405320350000169e+06 4.373351657498827927e-02 8.674713147000227441e-04
2.458405813417000230e+06 4.412769065451349615e-02 8.674864347364702336e-04
2.458406317009999882e+06 4.359894696661690411e-02 8.674523777004096870e-04
2.458406810076999944e+06 4.240680956826817921e-02 8.674807346237977832e-04
2.458407303144000005e+06 4.411809992409325420e-02 8.674604319650147752e-04
2.458407806737999897e+06 4.321439129132770285e-02 8.674829613923631120e-04
2.458408299804999959e+06 4.498332979377728941e-02 8.674860017511603011e-04
2.458408792872000020e+06 4.412769065451349615e-02 8.674864347364702336e-04
2.458409296465999912e+06 4.397388132284598544e-02 8.674598728910658555e-04
2.458409789532999974e+06 4.489682192093728819e-02 8.674717911495255333e-04
2.458410282600000035e+06 4.456033016129567342e-02 8.674548515207312384e-04
2.458410786193999927e+06 4.442575323836953777e-02 8.674537742464302238e-04
2.458411279260999989e+06 4.608894850091600076e-02 8.674553344438121032e-04
2.458411772328000050e+06 4.383929889220462145e-02 8.674699188187609284e-04
2.458412275921000168e+06 4.360854533428860230e-02 8.674826887068610038e-04
2.458412768988000229e+06 4.453148726870776591e-02 8.674675778569842892e-04
2.458413262056000065e+06 4.449303179797515356e-02 8.674561030313529368e-04
2.458413765649000183e+06 4.318554452778296249e-02 8.674607482728568901e-04
2.458414258715999778e+06 4.394505374978815992e-02 8.674578482673627909e-04
2.458414751782999840e+06 4.374314456834305781e-02 8.674608450685381694e-04
2.458415255377000198e+06 4.334897171554756568e-02 8.674695605950777898e-04
2.458415748443999793e+06 4.489682192093728819e-02 8.674717911495255333e-04
2.458416241510999855e+06 4.485834017443923738e-02 8.674719569771942957e-04
2.458416745105000213e+06 4.420461373428313800e-02 8.674515007376468623e-04
2.458417238171999808e+06 4.456033016129567342e-02 8.674548515207312384e-04
2.458417731238999870e+06 4.306055271264119105e-02 8.674883137874365990e-04
2.458418234831999987e+06 4.425268231604707198e-02 8.674573377998776686e-04
2.458526481366999913e+06 4.400272780654101989e-02 8.674615268825979159e-04
2.458526984960000031e+06 4.440652611374176773e-02 8.674873461388187901e-04
2.458527478027000092e+06 4.381043849329214340e-02 8.674637564827345935e-04
2.458527971094000153e+06 4.515638841604983217e-02 8.674545336759429889e-04
2.458528474688000046e+06 4.454108581664688316e-02 8.674904608975764556e-04
2.458528967755000107e+06 4.530060477529169322e-02 8.674711866064237567e-04
2.458529460822000168e+06 4.407001516949743403e-02 8.674891378539957305e-04
2.458529964416000061e+06 4.388737444239804164e-02 8.674915129298143646e-04
2.458530457483000122e+06 4.371430720760683536e-02 8.674526507087424246e-04
2.458530950550000183e+06 4.367583332758514375e-02 8.674534990622859805e-04
2.458531454144000076e+06 4.303172937301996681e-02 8.674625168247950338e-04
2.458531947211000137e+06 4.443532899584685947e-02 8.674770439342466104e-04
2.458532440278000198e+06 4.517560734843450998e-02 8.674908633237773253e-04
2.458532943870999850e+06 4.420461373428313800e-02 8.674515007376468623e-04
2.458533436937999912e+06 4.338743739262878457e-02 8.674800442240052176e-04
2.458533930006000213e+06 4.481989141122918324e-02 8.674714852355743530e-04
2.458534433598999865e+06 4.381043849329214340e-02 8.674637564827345935e-04
2.458534926665999927e+06 4.383929889220462145e-02 8.674699188187609284e-04
2.458535419732999988e+06 4.464684761215683556e-02 8.674531126907201626e-04
2.458535923326999880e+06 4.357008427837824605e-02 8.674800634980395176e-04
2.458536416393999942e+06 4.331054014069505437e-02 8.674584137215607957e-04
2.458536909461000003e+06 4.177230111996377976e-02 8.674667651537309619e-04
2.458537413054999895e+06 4.478143435779260301e-02 8.674695780481129007e-04
2.458537906121999957e+06 4.287790917421295533e-02 8.674815749840267785e-04
2.458538399189000018e+06 4.275290206953052952e-02 8.674726222301610504e-04
2.458538902782000136e+06 4.279139059368862463e-02 8.674653224600729559e-04
2.458539395849999972e+06 4.270484992586416617e-02 8.674809414914485053e-04
2.458539888917000033e+06 4.414691903132268724e-02 8.674578286021610322e-04
2.458540392510000151e+06 4.309900063456087449e-02 8.674689641365271623e-04
2.458540885577000212e+06 4.368544862189428779e-02 8.674835269934279020e-04
2.458541378643999808e+06 4.305095600538753897e-02 8.674535862416734959e-04
2.458541882238000166e+06 4.436805596043165434e-02 8.674713874332475689e-04
2.458542375305000227e+06 4.579090216372239813e-02 8.674549780839758235e-04
2.458542868371999823e+06 4.395464734581337740e-02 8.674852871245167414e-04
2.458543371966000181e+06 4.272408790913866800e-02 8.674782270586429153e-04
2.458543865032999776e+06 4.309900063456087449e-02 8.674689641365271623e-04
2.458544358099999838e+06 4.520445108510526971e-02 8.674618514429863550e-04
2.458544861694000196e+06 4.274329519082809697e-02 8.674745351608808023e-04
2.458545354760999791e+06 4.393542178163541145e-02 8.674700471490069892e-04
2.458545847827999853e+06 4.430076236558529168e-02 8.674613628659060861e-04
2.458546351420999970e+06 4.308939535859576675e-02 8.674740693187095409e-04
2.458546844488000032e+06 4.499294285405985860e-02 8.674641857170536886e-04
2.458547337555999868e+06 4.393542178163541145e-02 8.674700471490069892e-04
2.458547841148999985e+06 4.325285706046740064e-02 8.674583737414286351e-04
2.458548334216000047e+06 4.396428352878885282e-02 8.674730030275262620e-04
2.458548827283000108e+06 4.378159709383114967e-02 8.674572263087682467e-04
2.458549330877000000e+06 4.486796784900577706e-02 8.674515126151579898e-04
2.458549823944000062e+06 4.445456859153806145e-02 8.674841463527835882e-04
2.458550317011000123e+06 4.231067949424831970e-02 8.674627606728665431e-04
2.458550820605000015e+06 4.430076236558529168e-02 8.674613628659060861e-04
2.458551313672000077e+06 4.498332979377728941e-02 8.674860017511603011e-04
2.458551806739000138e+06 4.496410983446790660e-02 8.674880735992581164e-04
2.458552310331999790e+06 4.371430720760683536e-02 8.674526507087424246e-04
2.458552803400000092e+06 4.318554452778296249e-02 8.674607482728568901e-04
2.458553296467000153e+06 4.391620462663253788e-02 8.674546545425122377e-04
2.458553800059999805e+06 4.392579192463762217e-02 8.674821990097477406e-04
2.458554293126999866e+06 4.430076236558529168e-02 8.674613628659060861e-04
2.458554786193999927e+06 4.455072746622436991e-02 8.674730797737980345e-04
2.458555289787999820e+06 4.347395985512218786e-02 8.674881947692276822e-04
2.458555782854999881e+06 4.541594967710562564e-02 8.674629806727594122e-04
2.458556275921999943e+06 4.405077971620344202e-02 8.674756510693706554e-04
2.458556779515999835e+06 4.357971643027346714e-02 8.674711475619309659e-04
2.458557272582999896e+06 4.380083603039106044e-02 8.674753342791177713e-04
2.458557765649999958e+06 4.435845384454413509e-02 8.674879278719690480e-04
2.458558269243999850e+06 4.443532899584685947e-02 8.674770439342466104e-04
2.458558762310999911e+06 4.506025032002867331e-02 8.674753112788166718e-04
2.458559255377999973e+06 4.482951083377009760e-02 8.674512178733940083e-04
2.458559758971000090e+06 4.520445108510526971e-02 8.674618514429863550e-04
2.458560252038000152e+06 4.584859167014820880e-02 8.674921353384135256e-04
2.458560745105999988e+06 4.422383489818747931e-02 8.674621033168109950e-04
2.458561248699000105e+06 4.288750680755383515e-02 8.674782445985646873e-04
2.458561741766000167e+06 4.440652611374176773e-02 8.674873461388187901e-04
2.458562234833000228e+06 4.471413153096162607e-02 8.674837059320449724e-04
2.458562738427000120e+06 4.336822026121791435e-02 8.674553130727379220e-04
2.458563231494000182e+06 4.427192438125597540e-02 8.674675442886741568e-04
2.458563724560999777e+06 4.513717765992199260e-02 8.674596508106177488e-04
2.458564228155000135e+06 4.348357075654105813e-02 8.674797233979105772e-04
2.458564721222000197e+06 4.440652611374176773e-02 8.674873461388187901e-04
2.458565214288999792e+06 4.491605448714836024e-02 8.674710693200378582e-04
2.458565717881999910e+06 4.418540092454203982e-02 8.674814397640507203e-04
2.458566210950000212e+06 4.353165714363642358e-02 8.674767681432662796e-04
2.458566704016999807e+06 4.467568292752107512e-02 8.674784384553307220e-04
2.458567207609999925e+06 4.447381651758372523e-02 8.674910922945675701e-04
2.458567700676999986e+06 4.394505374978815992e-02 8.674578482673627909e-04
2.458568193744000047e+06 4.395464734581337740e-02 8.674852871245167414e-04
2.458568697337999940e+06 4.313748288587488516e-02 8.674886194294426610e-04
2.458569190405000001e+06 4.470453686627001016e-02 8.674622606956264867e-04
2.458569683472000062e+06 4.413732412179915271e-02 8.674725548503637793e-04
2.458570187065999955e+06 4.238759732900760496e-02 8.674781300678524078e-04
2.458570680133000016e+06 4.246449854968952636e-02 8.674874925460678531e-04
2.458571173200000077e+06 4.445456859153806145e-02 8.674841463527835882e-04
2.458571676793999970e+06 4.424306441988774818e-02 8.674725511068192424e-04
2.458572169861000031e+06 4.431998451685194990e-02 8.674703734112249693e-04
2.458572662928000093e+06 4.462760700659749308e-02 8.674903183172936972e-04
2.458573166521000210e+06 4.302209946465516271e-02 8.674665147507404101e-04
2.458573659587999806e+06 4.526215213067883575e-02 8.674852321951583706e-04
2.458574152656000108e+06 4.419500628536912612e-02 8.674664939973298098e-04
2.458574656249000225e+06 4.351241621091880146e-02 8.674540323495513478e-04
2.458575149315999821e+06 4.478143435779260301e-02 8.674695780481129007e-04
2.458575642382999882e+06 4.506987981843764424e-02 8.674531386523144736e-04
2.458576145976999775e+06 4.215687402289092917e-02 8.674544686065968103e-04
2.458576639043999836e+06 4.234912094859699661e-02 8.674707961006171376e-04
2.458577132110999897e+06 4.348357075654105813e-02 8.674797233979105772e-04
2.458577635704999790e+06 4.420461373428313800e-02 8.674515007376468623e-04
2.458578128771999851e+06 4.471413153096162607e-02 8.674837059320449724e-04
2.458578621838999912e+06 4.456033016129567342e-02 8.674548515207312384e-04
2.458579125432000030e+06 4.539671212031286263e-02 8.674718428220295910e-04
2.458579618499999866e+06 4.241641895314250676e-02 8.674819709676602486e-04
2.458580111566999927e+06 4.402194227722638908e-02 8.674754059906066234e-04
2.458580615160000045e+06 4.531980160511499267e-02 8.674631211798942022e-04
2.458581108227000106e+06 4.375277468131370806e-02 8.674906265785442072e-04
2.458581601294000167e+06 4.385852278944079446e-02 8.674867548633147544e-04
2.458582104888000060e+06 4.182038243556762680e-02 8.674637805241397449e-04
2.458582597955000121e+06 4.298364096616070357e-02 8.674828533145692187e-04
2.458583091022000182e+06 4.389695544651766451e-02 8.674787410909821786e-04
2.458583594616000075e+06 4.351241621091880146e-02 8.674540323495513478e-04
2.458584087683000136e+06 4.435845384454413509e-02 8.674879278719690480e-04
2.458584580750000197e+06 4.320476029877787921e-02 8.674885947302252718e-04
2.458585084344000090e+06 4.345474442452679914e-02 8.674649758658531601e-04
2.458585577411000151e+06 4.544482129877046306e-02 8.674703093527523588e-04
2.458586070478000212e+06 4.239720236038756196e-02 8.674794543171998476e-04
2.458586574070999864e+06 4.520445108510526971e-02 8.674618514429863550e-04
2.458587067137999926e+06 4.407963604571182165e-02 8.674755242214118693e-04
2.458587560206000227e+06 4.360854533428860230e-02 8.674826887068610038e-04
2.458588063798999880e+06 4.486796784900577706e-02 8.674515126151579898e-04
2.458588556865999941e+06 4.419500628536912612e-02 8.674664939973298098e-04
2.458589049933000002e+06 4.323361989793250704e-02 8.674707588721104019e-04
2.458589553526999895e+06 4.415655669633400393e-02 8.674845235934849387e-04
2.458590046593999956e+06 4.406039639314732193e-02 8.674621230943759973e-04
2.458590539661000017e+06 4.371430720760683536e-02 8.674526507087424246e-04
2.458591043254999910e+06 4.474301030186909889e-02 8.674670354795428273e-04
2.458591536321999971e+06 4.461803090815693457e-02 8.674685529622731209e-04
2.458592029389000032e+06 4.431998451685194990e-02 8.674703734112249693e-04
2.458592532982000150e+06 4.446419151304117218e-02 8.674671623749094377e-04
2.458593026049999986e+06 4.321439129132770285e-02 8.674829613923631120e-04
2.458593519117000047e+06 4.448340263486975227e-02 8.674732221883616834e-04
2.458594022710000165e+06 4.462760700659749308e-02 8.674903183172936972e-04
2.458594515777000226e+06 4.273369047085921746e-02 8.674764034303840974e-04
2.458595008843999822e+06 4.365660908756380243e-02 8.674737752389106169e-04
2.458595512438000180e+06 4.272408790913866800e-02 8.674782270586429153e-04
2.458596005504999775e+06 4.454108581664688316e-02 8.674904608975764556e-04
2.458596498571999837e+06 4.357008427837824605e-02 8.674800634980395176e-04
2.458597002166000195e+06 4.395464734581337740e-02 8.674852871245167414e-04
2.458597495232999790e+06 4.431998451685194990e-02 8.674703734112249693e-04
2.458597988299999852e+06 4.547362750897721018e-02 8.674756988284763534e-04
2.458712204272000119e+06 4.396428352878885282e-02 8.674730030275262620e-04
2.458712697339000180e+06 4.410847065270490086e-02 8.674742259856980595e-04
2.458713200931999832e+06 4.404116513820727913e-02 8.674891318149613320e-04
2.458713694000000134e+06 4.505062287903007640e-02 8.674559416749069371e-04
2.458714187067000195e+06 4.360854533428860230e-02 8.674826887068610038e-04
2.458714690659999847e+06 4.291635212669670657e-02 8.674687826057169218e-04
2.458715183726999909e+06 4.296440482510993641e-02 8.674903521209191776e-04
2.458715676793999970e+06 4.434881295995734413e-02 8.674627747542303308e-04
2.458716180387999862e+06 4.339702916630187868e-02 8.674719695895794988e-04
2.458716673454999924e+06 4.369506603302356768e-02 8.674732814603335626e-04
2.458717166521999985e+06 4.369506603302356768e-02 8.674732814603335626e-04
2.458717670115999877e+06 4.398348121218675910e-02 8.674872059623239210e-04
2.458718163182999939e+06 4.497371878739288287e-02 8.674663465380122668e-04
2.458718656250000000e+06 4.423344861408608913e-02 8.674877168248752929e-04
2.458719159843999892e+06 4.480065875805122610e-02 8.674706111327719522e-04
2.458719652910999954e+06 4.389695544651766451e-02 8.674787410909821786e-04
2.458720145978000015e+06 4.513717765992199260e-02 8.674596508106177488e-04
2.458720649571000133e+06 4.447381651758372523e-02 8.674910922945675701e-04
2.458721142638000194e+06 4.437766015485488519e-02 8.674547991851270720e-04
2.458721635706000030e+06 4.527174138234927453e-02 8.674605337750595450e-04
2.458722139299000148e+06 4.372393097199303580e-02 8.674825366788985193e-04
2.458722632366000209e+06 4.346435107794056202e-02 8.674565878713663431e-04
2.458723125432999805e+06 4.325285706046740064e-02 8.674583737414286351e-04
2.458723629027000163e+06 4.485834017443923738e-02 8.674719569771942957e-04
2.458724122094000224e+06 4.428150776642000852e-02 8.674513980067544931e-04
2.458724615160999820e+06 4.500255796867977387e-02 8.674837696292145815e-04
2.458725118755000178e+06 4.340666303944894222e-02 8.674646479526555883e-04
2.458725611821999773e+06 4.478143435779260301e-02 8.674695780481129007e-04
2.458726104888999835e+06 4.309900063456087449e-02 8.674689641365271623e-04
2.458726608481999952e+06 4.390657898169068180e-02 8.674667212981643227e-04
2.458727101549999788e+06 4.516599685999255626e-02 8.674727142687858189e-04
2.458727594616999850e+06 4.346435107794056202e-02 8.674565878713663431e-04
2.458728098209999967e+06 4.363739330923355891e-02 8.674536739824381280e-04
2.458728591277000029e+06 4.370468556143906197e-02 8.674629893721058855e-04
2.458729084344000090e+06 4.435845384454413509e-02 8.674879278719690480e-04
2.458729587937999982e+06 4.447381651758372523e-02 8.674910922945675701e-04
2.458730081005000044e+06 4.333935064667655823e-02 8.674766155222688423e-04
2.458730574072000105e+06 4.415655669633400393e-02 8.674845235934849387e-04
2.458731077665999997e+06 4.406039639314732193e-02 8.674621230943759973e-04
2.458731570733000059e+06 4.439687478110825730e-02 8.674623702138073607e-04
2.458732063800000120e+06 4.451225538048759339e-02 8.674619188972799164e-04
2.458732567394000012e+06 4.341625906338582308e-02 8.674564813575879685e-04
2.458733060461000074e+06 4.299326226611665386e-02 8.674790361933589584e-04
2.458733553528000135e+06 4.442575323836953777e-02 8.674537742464302238e-04
2.458734057120999787e+06 4.457954176132838259e-02 8.674593097882349986e-04
2.458734550187999848e+06 4.395464734581337740e-02 8.674852871245167414e-04
2.458735043256000150e+06 4.510833530227157523e-02 8.674869982080500672e-04
2.458735546848999802e+06 4.316629754555641879e-02 8.674717136804990054e-04
2.458736039915999863e+06 4.513717765992199260e-02 8.674596508106177488e-04
2.458736532982999925e+06 4.419500628536912612e-02 8.674664939973298098e-04
2.458737036576999817e+06 4.446419151304117218e-02 8.674671623749094377e-04
2.458737529643999878e+06 4.293556675346152374e-02 8.674617169220635252e-04
2.458738022710999940e+06 4.408925902224904159e-02 8.674618633014062000e-04
2.458738526304999832e+06 4.368544862189428779e-02 8.674835269934279020e-04
2.458739019371999893e+06 4.298364096616070357e-02 8.674828533145692187e-04
2.458739512438999955e+06 4.400272780654101989e-02 8.674615268825979159e-04
2.458740016032000072e+06 4.377200095244789674e-02 8.674686727460070509e-04
2.458740509099999908e+06 4.342589720545155657e-02 8.674890644351856365e-04
2.458741002166999970e+06 4.428150776642000852e-02 8.674513980067544931e-04
2.458741505760000087e+06 4.391620462663253788e-02 8.674546545425122377e-04
2.458741998827000149e+06 4.609854308426484387e-02 8.674660839595283541e-04
2.458742491894000210e+06 4.521406975589468275e-02 8.674798564858210610e-04
2.458742995488000102e+06 4.410847065270490086e-02 8.674742259856980595e-04
2.458743488555000164e+06 4.391620462663253788e-02 8.674546545425122377e-04
2.458743981622000225e+06 4.222413875143790629e-02 8.674774174997610700e-04
2.458744485216000117e+06 4.479104552652831556e-02 8.674907414933796671e-04
2.458744978283000179e+06 4.400272780654101989e-02 8.674615268825979159e-04
2.458745471349999774e+06 4.357971643027346714e-02 8.674711475619309659e-04
2.458745974944000132e+06 4.310864775620031758e-02 8.674646125365955297e-04
2.458746468011000194e+06 4.334897171554756568e-02 8.674695605950777898e-04
2.458746961077999789e+06 4.350279893396960529e-02 8.674626422080634718e-04
2.458747464670999907e+06 4.454108581664688316e-02 8.674904608975764556e-04
2.458747957737999968e+06 4.315671702022532558e-02 8.674779270708900692e-04
2.458748450805999804e+06 4.485834017443923738e-02 8.674719569771942957e-04
2.458748954398999922e+06 4.315671702022532558e-02 8.674779270708900692e-04
2.458749447465999983e+06 4.411809992409325420e-02 8.674604319650147752e-04
2.458749940533000045e+06 4.461803090815693457e-02 8.674685529622731209e-04
2.458750444126999937e+06 4.280096886102909004e-02 8.674623869586799933e-04
2.458750937193999998e+06 4.534865387159790068e-02 8.674724008757106562e-04
2.458751430261000060e+06 4.373351657498827927e-02 8.674713147000227441e-04
2.458751933854999952e+06 4.467568292752107512e-02 8.674784384553307220e-04
2.458752426922000013e+06 4.411809992409325420e-02 8.674604319650147752e-04
2.458752919989000075e+06 4.330092760150325987e-02 8.674652941780749017e-04
2.458753423582000192e+06 4.246449854968952636e-02 8.674874925460678531e-04
2.458753916650000028e+06 4.324321749522857389e-02 8.674641896609613890e-04
2.458754409717000090e+06 4.439687478110825730e-02 8.674623702138073607e-04
2.458754913310000207e+06 4.383929889220462145e-02 8.674699188187609284e-04
2.458755406376999803e+06 4.374314456834305781e-02 8.674608450685381694e-04
2.458755899443999864e+06 4.407001516949743403e-02 8.674891378539957305e-04
2.458756403038000222e+06 4.458915066718245612e-02 8.674820139692341215e-04
2.458756896104999818e+06 4.499294285405985860e-02 8.674641857170536886e-04
2.458757389171999879e+06 4.404116513820727913e-02 8.674891318149613320e-04
2.458757892765999772e+06 4.381043849329214340e-02 8.674637564827345935e-04
2.458758385832999833e+06 4.374314456834305781e-02 8.674608450685381694e-04
2.458758878899999894e+06 4.444494775262351760e-02 8.674601470397296952e-04
2.458759382493999787e+06 4.380083603039106044e-02 8.674753342791177713e-04
2.458759875560999848e+06 4.310864775620031758e-02 8.674646125365955297e-04
2.458760368627999909e+06 4.342589720545155657e-02 8.674890644351856365e-04
2.458760872221000027e+06 4.468531255614117959e-02 8.674596357921035387e-04
2.458761365288000088e+06 4.523331323793468306e-02 8.674741102974386315e-04
2.458761858355999924e+06 4.314709888127490900e-02 8.674832959900869887e-04
2.458762361949000042e+06 4.414691903132268724e-02 8.674578286021610322e-04
2.458762855016000103e+06 4.487759758990210457e-02 8.674723533135669795e-04
2.458763348083000164e+06 4.395464734581337740e-02 8.674852871245167414e-04
2.458763851677000057e+06 4.484875587297049854e-02 8.674518443844207683e-04
2.458764344744000118e+06 4.431998451685194990e-02 8.674703734112249693e-04
2.458764837811000179e+06 4.388737444239804164e-02 8.674915129298143646e-04
2.458765341405000072e+06 4.233952680999856361e-02 8.674692524398533618e-04
2.458765834472000133e+06 4.332015481381120553e-02 8.674913867974991602e-04
2.458766327539000195e+06 4.443532899584685947e-02 8.674770439342466104e-04
2.458766831131999847e+06 4.256062530184445691e-02 8.674520322497001994e-04
2.458767324200000148e+06 4.590626929394411165e-02 8.674841301010774441e-04
2.458767817267000210e+06 4.525252323102622876e-02 8.674674031130462197e-04
2.458768320859999862e+06 4.388737444239804164e-02 8.674915129298143646e-04
2.458768813926999923e+06 4.434881295995734413e-02 8.674627747542303308e-04
2.458769306993999984e+06 4.169538612248769455e-02 8.674824262037876890e-04
2.458769810587999877e+06 4.446419151304117218e-02 8.674671623749094377e-04
2.458770303654999938e+06 4.546403736862423411e-02 8.674602486321552480e-04
2.458770796721999999e+06 4.394505374978815992e-02 8.674578482673627909e-04
2.458771300315999892e+06 4.456993492618158831e-02 8.674776255341754179e-04
2.458771793382999953e+06 4.374314456834305781e-02 8.674608450685381694e-04
2.458772286450000014e+06 4.403155265870103280e-02 8.674620107924175746e-04
2.458772790043999907e+06 4.450266304547118718e-02 8.674799242825008980e-04
2.458773283110999968e+06 4.557937860079407794e-02 8.674780073458323616e-04
2.458773776178000029e+06 4.481027405280381404e-02 8.674917039592540272e-04
2.458774279771000147e+06 4.317591996417859818e-02 8.674662537466054386e-04
2.458774772838000208e+06 4.337780778650963259e-02 8.674872739260852759e-04
2.458775265906000044e+06 4.358931056431649548e-02 8.674613863254194979e-04
2.458775769499000162e+06 4.533904832867833440e-02 8.674556920955279636e-04
2.458776262566000223e+06 4.393542178163541145e-02 8.674700471490069892e-04
2.458776755632999819e+06 4.481027405280381404e-02 8.674917039592540272e-04
2.458777259227000177e+06 4.442575323836953777e-02 8.674537742464302238e-04
2.458777752293999773e+06 4.365660908756380243e-02 8.674737752389106169e-04
2.458778245360999834e+06 4.421422327173780975e-02 8.674771827696177613e-04
2.458778748955000192e+06 4.510833530227157523e-02 8.674869982080500672e-04
2.458779242021999788e+06 4.516599685999255626e-02 8.674727142687858189e-04
2.458779735088999849e+06 4.232989585764697360e-02 8.674668659892940600e-04
2.458780238681999967e+06 4.561784865219453700e-02 8.674538982358242795e-04
2.458780731749999803e+06 4.506025032002867331e-02 8.674753112788166718e-04
2.458781224816999864e+06 4.350279893396960529e-02 8.674626422080634718e-04
2.458781728409999982e+06 4.414691903132268724e-02 8.674578286021610322e-04
2.458782221477000043e+06 4.463722627268389143e-02 8.674717396602298503e-04
2.458782714544000104e+06 4.499294285405985860e-02 8.674641857170536886e-04
2.458783218137999997e+06 4.336822026121791435e-02 8.674553130727379220e-04
2.458783711205000058e+06 4.407001516949743403e-02 8.674891378539957305e-04
2.459622427943999879e+06 4.464684761215683556e-02 8.680288104189813440e-04
2.459622921010999940e+06 4.444494775262351760e-02 8.680332413749926269e-04
2.459623424604999833e+06 4.407001516949743403e-02 8.680573976298686881e-04
2.459623917671999894e+06 4.387775511651584304e-02 8.680692195510977469e-04
2.459624410738999955e+06 4.481027405280381404e-02 8.681107807735360558e-04
2.459624914332000073e+06 4.346435107794056202e-02 8.681371343660735512e-04
2.459625407399999909e+06 4.523331323793468306e-02 8.681823544562637142e-04
2.459625900466999970e+06 4.402194227722638908e-02 8.682052287205823358e-04
2.459626404060000088e+06 4.325285706046740064e-02 8.682152834590444119e-04
2.459626897127000149e+06 4.474301030186909889e-02 8.682500223524223116e-04
2.459627390194000211e+06 4.386813789901746613e-02 8.682829948181542377e-04
2.459627893788000103e+06 4.305095600538753897e-02 8.683259169496001031e-04
2.459628386855000164e+06 4.422383489818747931e-02 8.683581997751370352e-04
2.459628879922000226e+06 4.485834017443923738e-02 8.684222263147096900e-04
2.459629383516000118e+06 4.409884348301317675e-02 8.684627695212976698e-04
2.459629876583000179e+06 4.388737444239804164e-02 8.685020570714316194e-04
2.459630369649999775e+06 4.582933969351516562e-02 8.685630254759179637e-04
2.459630873244000133e+06 4.461803090815693457e-02 8.686192052661692413e-04
2.459631366311000194e+06 4.463722627268389143e-02 8.686639993972036528e-04
2.459631859377999790e+06 4.282983487179825577e-02 8.687180361244917302e-04
2.459632362970999908e+06 4.445456859153806145e-02 8.687534156470175586e-04
2.459632856037999969e+06 4.357008427837824605e-02 8.688444675392539666e-04
2.459633349105999805e+06 4.409884348301317675e-02 8.689095514156354406e-04
2.459633852698999923e+06 4.564668045526545925e-02 8.689691236188073912e-04
2.459634345765999984e+06 4.423344861408608913e-02 8.690358562716112229e-04
2.459634838833000045e+06 4.404116513820727913e-02 8.691116683001666107e-04
2.459635342426999938e+06 4.448340263486975227e-02 8.692349634887961037e-04
2.459635835493999999e+06 4.503141564295337629e-02 8.693257788954059659e-04
2.459636328561000060e+06 4.431035199320467605e-02 8.694040268478680578e-04
2.459636832154999953e+06 4.406039639314732193e-02 8.694911793329015157e-04
2.459637325222000014e+06 4.449303179797515356e-02 8.696280216566676727e-04
2.459637818289000075e+06 4.422383489818747931e-02 8.697430761198227632e-04
2.459638321882000193e+06 4.446419151304117218e-02 8.698424383364683704e-04
2.459638814950000029e+06 4.384890978732381567e-02 8.699621156495933663e-04
2.459639308017000090e+06 4.499294285405985860e-02 8.701163477523992393e-04
2.459639811610000208e+06 4.464684761215683556e-02 8.702493587994174998e-04
2.459640304676999804e+06 4.358931056431649548e-02 8.704322819883102830e-04
2.459640797743999865e+06 4.520445108510526971e-02 8.705844642991527119e-04
2.459641301338000223e+06 4.320476029877787921e-02 8.707516252241646621e-04
2.459641794404999819e+06 4.342589720545155657e-02 8.709687798949053428e-04
2.459642287471999880e+06 4.426230230301831520e-02 8.711518817997824116e-04
2.459642791065999772e+06 4.575245473228629900e-02 8.713619890431605975e-04
2.459643284132999834e+06 4.548326156387778180e-02 8.715972958724859049e-04
2.459643777199999895e+06 4.530060477529169322e-02 8.718521434913101970e-04
2.459644280793999787e+06 4.424306441988774818e-02 8.721179790862525552e-04
2.459644773860999849e+06 4.438726642826374552e-02 8.723849072747136106e-04
2.459645266927999910e+06 4.501217513807589249e-02 8.726855404693578504e-04
2.459645770521000028e+06 4.502179436268736318e-02 8.729964355649439366e-04
2.459646263588000089e+06 4.471413153096162607e-02 8.733729088350208848e-04
2.459646756655999925e+06 4.681958932593247025e-02 8.737036631693064501e-04
2.459647260249000043e+06 4.513717765992199260e-02 8.741113111254694701e-04
2.459647753316000104e+06 4.557937860079407794e-02 8.745306740722213167e-04
2.459648246383000165e+06 4.624274434132529671e-02 8.749924112181760479e-04
2.459648749977000058e+06 4.494489808724144719e-02 8.754793710308502201e-04
2.459649243044000119e+06 4.442575323836953777e-02 8.760055590963125539e-04
2.459649736111000180e+06 4.508910346062746516e-02 8.765441389655732494e-04
2.459650239705000073e+06 4.721373955467274286e-02 8.771452369219460022e-04
2.459650732772000134e+06 4.667539479130335123e-02 8.778051998882531416e-04
2.459651225839000195e+06 4.584859167014820880e-02 8.784714448447166445e-04
2.459651729431999847e+06 4.720413024577137934e-02 8.791840206181921347e-04
2.459652222500000149e+06 4.665613941115372143e-02 8.799784134254295346e-04
2.459652715567000210e+06 4.552173434432892074e-02 8.808038185653967699e-04
2.459653219159999862e+06 4.822319711801140857e-02 8.816862528802734853e-04
2.459653712226999924e+06 4.587744254526353316e-02 8.826158837532211083e-04
2.459654205293999985e+06 4.750218645346008378e-02 8.836415840201811795e-04
2.459654708887999877e+06 4.581975893843746872e-02 8.847134526561994949e-04
2.459655201954999939e+06 4.725219635585781869e-02 8.858240154581424781e-04
2.459655695022000000e+06 4.705030033573896764e-02 8.870226426563583653e-04
2.459656198615999892e+06 4.706954497847730401e-02 8.882958608015219595e-04
2.459656691682999954e+06 4.657924019462338777e-02 8.895964972365252681e-04
2.459657184750000015e+06 4.700226643624089151e-02 8.909656335350556525e-04
2.459657688343999907e+06 4.690612969015722777e-02 8.922970408233994689e-04
2.459658181410999969e+06 5.007867158320665479e-02 8.933327515219199356e-04
2.459658674478000030e+06 5.200146752954561136e-02 9.137910246045631308e-04
2.459659178071000148e+06 4.806941092238752045e-02 8.954770975264655193e-04
2.459659671138000209e+06 4.951149043356022766e-02 8.984460315932000715e-04
2.459660164206000045e+06 5.068436385649458670e-02 9.003562020094748458e-04
2.459660667799000163e+06 5.205916524123098410e-02 9.021465708900843839e-04
2.459661160866000224e+06 5.106893487051348407e-02 9.038011067849758022e-04
2.459661653932999820e+06 5.100162339208845486e-02 9.054283043840299222e-04
2.459662157527000178e+06 4.979026067345075635e-02 9.069899035179390407e-04
2.459662650593999773e+06 5.187646805293452679e-02 9.083932232342799805e-04
2.459663143660999835e+06 5.146310670646044721e-02 9.096868461989028772e-04
2.459663647255000193e+06 5.191494520948624486e-02 9.107883406822441831e-04
2.459664140321999788e+06 5.214568778049901571e-02 9.117146382327091878e-04
2.459664633388999850e+06 5.120354149383071762e-02 9.124084772523798374e-04
2.459665136981999967e+06 5.205916524123098410e-02 9.128869818323846145e-04
2.459665630049999803e+06 5.120354149383071762e-02 9.131158803204930847e-04
2.459666123116999865e+06 5.149193353500160913e-02 9.130893784372193451e-04
2.459666626709999982e+06 5.305901703093934135e-02 9.127781829147525120e-04
2.459667119777000044e+06 5.267444883319052917e-02 9.122267978814637291e-04
2.459667612844000105e+06 5.186686516328895685e-02 9.114735080018924974e-04
2.459668116437999997e+06 5.174190330245770353e-02 9.104689134076265509e-04
2.459668609505000059e+06 5.173227767497761559e-02 9.092989464869190123e-04
2.459669102572000120e+06 5.219373785831980805e-02 9.079878854068055638e-04
2.459669606166000012e+06 5.158806044243114536e-02 9.065264664361136378e-04
2.459670099233000074e+06 4.827127832472197233e-02 9.049729261985900268e-04
2.459670592300000135e+06 5.070360050008752145e-02 9.034065064567876847e-04
2.459671095894000027e+06 4.959798124059150437e-02 9.017057250348686640e-04
2.459671588961000089e+06 5.094392472425936236e-02 9.000872437547312874e-04
2.459672082028000150e+06 4.978067716419097566e-02 8.984248335438208694e-04
2.459672585620999802e+06 4.935764158612209601e-02 8.967907593966049093e-04
2.459673078687999863e+06 4.963645992210983376e-02 8.951820133430578958e-04
2.459673571756000165e+06 4.827127832472197233e-02 8.936357561577821596e-04
2.459674075348999817e+06 4.852125216819642289e-02 8.921409756705018894e-04
2.459674568415999878e+06 4.886735128770827719e-02 8.907180931662727437e-04
2.459675061482999939e+06 4.783863728576866203e-02 8.893274911018158755e-04
2.459675565076999832e+06 4.767523034101998208e-02 8.880022412085159834e-04
2.459676058143999893e+06 4.940571627523946546e-02 8.867431967694846618e-04
2.459676551210999954e+06 4.832897673957175372e-02 8.855788247827431174e-04
2.459677054804999847e+06 4.735798329538114942e-02 8.844485640914642125e-04
2.459677547871999908e+06 4.599277354205492246e-02 8.834367759093311734e-04
2.459678040938999970e+06 4.531980160511499267e-02 8.824481688415044493e-04
2.459678544532000087e+06 4.746370105706823606e-02 8.815267719924623499e-04
2.459679037599999923e+06 4.549285575936402870e-02 8.806640491124819543e-04
2.459679530666999985e+06 4.763678024771907105e-02 8.798273007026739334e-04
2.459680034260000102e+06 4.667539479130335123e-02 8.790518990800235896e-04
2.459680527327000163e+06 4.683882588284783016e-02 8.783766532065844651e-04
2.459681020394000225e+06 4.622353972544736289e-02 8.776943154365119152e-04
2.459681523988000117e+06 4.596393480753606375e-02 8.770830310062956939e-04
2.459682017055000179e+06 4.536787106296653188e-02 8.764895738452261557e-04
2.459682510121999774e+06 4.704072429126351929e-02 8.759672557227071808e-04
2.459683013716000132e+06 4.584859167014820880e-02 8.754310206737404712e-04
2.459683506783000194e+06 4.680036066941008904e-02 8.749828154067939038e-04
2.459683999849999789e+06 4.617545674906056025e-02 8.745272681981299890e-04
2.459684503444000147e+06 4.487759758990210457e-02 8.740857604956402344e-04
2.459684996511000209e+06 4.460837469279705508e-02 8.737312913207605789e-04
2.459685489577999804e+06 4.532944482036077583e-02 8.733674460163819240e-04
2.459685993170999922e+06 4.535826144955019956e-02 8.730035761517268220e-04
2.459686486237999983e+06 4.512753378285345313e-02 8.726776312261467442e-04
2.459686979305999819e+06 4.614663097482162718e-02 8.724087335746519506e-04
2.459687482898999937e+06 4.464684761215683556e-02 8.720998157831141157e-04
2.459687975965999998e+06 4.441609772690483654e-02 8.718470201209418350e-04
2.459688469033000059e+06 4.438726642826374552e-02 8.716081457939401332e-04
2.459688972626999952e+06 4.492565317051453594e-02 8.713804752680481651e-04
2.459689465694000013e+06 4.458915066718245612e-02 8.711781452601128706e-04
2.459689958761000074e+06 4.425268231604707198e-02 8.709625452918098344e-04
2.459690462354999967e+06 4.523331323793468306e-02 8.708070239860274918e-04
2.459690955422000028e+06 4.585822069101435500e-02 8.706309128877753054e-04
2.459691448489000089e+06 4.399312371641447839e-02 8.704326884692474087e-04
2.459691952082000207e+06 4.474301030186909889e-02 8.703105141231574655e-04
2.459692445150000043e+06 4.446419151304117218e-02 8.701291095732082304e-04
2.459692938217000104e+06 4.534865387159790068e-02 8.700202277548776692e-04
2.459693441810000222e+06 4.506025032002867331e-02 8.698824286864413700e-04
2.459693934876999818e+06 4.497371878739288287e-02 8.697445744560521573e-04
2.459807647255999967e+06 4.423344861408608913e-02 8.674877168248752929e-04
2.459808150849000085e+06 4.357008427837824605e-02 8.674800634980395176e-04
2.459808643916000146e+06 4.485834017443923738e-02 8.674719569771942957e-04
2.459809136983000208e+06 4.403155265870103280e-02 8.674620107924175746e-04
2.459809640577000100e+06 4.558899307111569793e-02 8.674930362657211087e-04
2.459810133644000161e+06 4.461803090815693457e-02 8.674685529622731209e-04
2.459810626711000223e+06 4.584859167014820880e-02 8.674921353384135256e-04
2.459811130305000115e+06 4.353165714363642358e-02 8.674767681432662796e-04
2.459811623372000176e+06 4.407001516949743403e-02 8.674891378539957305e-04
2.459812116438999772e+06 4.480065875805122610e-02 8.674706111327719522e-04
2.459812620031999890e+06 4.484875587297049854e-02 8.674931516151056666e-04
2.459813113100000191e+06 4.374314456834305781e-02 8.674608450685381694e-04
2.459813606166999787e+06 4.367583332758514375e-02 8.674937259913837601e-04
2.459814109759999905e+06 4.363739330923355891e-02 8.674938655069702352e-04
2.459814602826999966e+06 4.358931056431649548e-02 8.674613863254194979e-04
2.459815095894000027e+06 4.506025032002867331e-02 8.674753112788166718e-04
2.459815599487999920e+06 4.426230230301831520e-02 8.674828439710595288e-04
2.459816092554999981e+06 4.357008427837824605e-02 8.674800634980395176e-04
2.459816585622000042e+06 4.469490309483524493e-02 8.674811513053314613e-04
2.459817089215999935e+06 4.437766015485488519e-02 8.674956725206209264e-04
2.459817582282999996e+06 4.282983487179825577e-02 8.674951563170329137e-04
2.459818075350000057e+06 4.404116513820727913e-02 8.674891318149613320e-04
2.459818578943999950e+06 4.353165714363642358e-02 8.674767681432662796e-04
2.459819072011000011e+06 4.342589720545155657e-02 8.674890644351856365e-04
2.459819565078000072e+06 4.344509987997742517e-02 8.674725188038163049e-04
2.459820068671000190e+06 4.278177506634341792e-02 8.674674142374804928e-04
2.459820561737999786e+06 4.510833530227157523e-02 8.674869982080500672e-04
2.459821054806000087e+06 4.392579192463762217e-02 8.674821990097477406e-04
2.459821558399000205e+06 4.351241621091880146e-02 8.674941087659222795e-04
2.459822051465999801e+06 4.383929889220462145e-02 8.674699188187609284e-04
2.459822544532999862e+06 4.441609772690483654e-02 8.674697851757025031e-04
2.459823048127000220e+06 4.588703536178639908e-02 8.674587774389255074e-04
2.459823541193999816e+06 4.487759758990210457e-02 8.674723533135669795e-04
2.459824034260999877e+06 4.310864775620031758e-02 8.674646125365955297e-04
2.459824537854999769e+06 4.299326226611665386e-02 8.674790361933589584e-04
2.459825030921999831e+06 4.400272780654101989e-02 8.674615268825979159e-04
2.459825523988999892e+06 4.398348121218675910e-02 8.674872059623239210e-04
2.459826027582000010e+06 4.357008427837824605e-02 8.674800634980395176e-04
2.459826520649999846e+06 4.350279893396960529e-02 8.674626422080634718e-04
2.459827013716999907e+06 4.551209214030108724e-02 8.674968585517077446e-04
2.459827517310000025e+06 4.249333332530689372e-02 8.674894776722008810e-04
2.459828010377000086e+06 4.415655669633400393e-02 8.674845235934849387e-04
2.459828503444000147e+06 4.304132179436735012e-02 8.674576746882626957e-04
2.459829007038000040e+06 4.419500628536912612e-02 8.674664939973298098e-04
2.459829500105000101e+06 4.311825732381513454e-02 8.674594165660221316e-04
2.459829993172000162e+06 4.383929889220462145e-02 8.674699188187609284e-04
2.459830496766000055e+06 4.547362750897721018e-02 8.674756988284763534e-04
2.459830989833000116e+06 4.476221820691192455e-02 8.674683861181998416e-04
2.459831482900000177e+06 4.314709888127490900e-02 8.674832959900869887e-04
2.459831986494000070e+06 4.409884348301317675e-02 8.674879726609238196e-04
2.459832479561000131e+06 4.327206292767838552e-02 8.674848619362996414e-04
2.459832972628000192e+06 4.304132179436735012e-02 8.674576746882626957e-04
2.459833476220999844e+06 4.498332979377728941e-02 8.674860017511603011e-04
2.459833969287999906e+06 4.512753378285345313e-02 8.674821318975477202e-04
2.459834462356000207e+06 4.522369047335926540e-02 8.674561773575489593e-04
2.459834965948999859e+06 4.353165714363642358e-02 8.674767681432662796e-04
2.459835459015999921e+06 4.454108581664688316e-02 8.674904608975764556e-04
2.459835952082999982e+06 4.389695544651766451e-02 8.674787410909821786e-04
2.459836455676999874e+06 4.352203561398430148e-02 8.674854615648131505e-04
2.459836948743999936e+06 4.379123567217773488e-02 8.674868653265718939e-04
2.459837441810999997e+06 4.506025032002867331e-02 8.674753112788166718e-04
2.459837945404999889e+06 4.327206292767838552e-02 8.674848619362996414e-04
2.459838438471999951e+06 4.450266304547118718e-02 8.674799242825008980e-04
2.459838931539000012e+06 4.339702916630187868e-02 8.674719695895794988e-04
2.459839435132000130e+06 4.319517123684770560e-02 8.674949814621735894e-04
2.459839928199999966e+06 4.426230230301831520e-02 8.674828439710595288e-04
2.459840421267000027e+06 4.353165714363642358e-02 8.674767681432662796e-04
2.459840924860000145e+06 4.473336823945753965e-02 8.674861021988281712e-04
2.459841417927000206e+06 4.228185183312552220e-02 8.674948180847719213e-04
2.459841910993999802e+06 4.417575696395358714e-02 8.674955390644599820e-04
2.459842414588000160e+06 4.250296231646831513e-02 8.674903174503222720e-04
2.459842907655000221e+06 4.342589720545155657e-02 8.674890644351856365e-04
2.459843400721999817e+06 4.413732412179915271e-02 8.674725548503637793e-04
2.459843904316000175e+06 4.270484992586416617e-02 8.674809414914485053e-04
2.459844397382999770e+06 4.456033016129567342e-02 8.674958931015185493e-04
2.459844890449999832e+06 4.339702916630187868e-02 8.674719695895794988e-04
2.459845394044000190e+06 4.543519538610972519e-02 8.674958025958767228e-04
2.459845887110999785e+06 4.355086647273161138e-02 8.674584435996648014e-04
2.459846380177999847e+06 4.503141564295337629e-02 8.674593829006400176e-04
2.459846883770999964e+06 4.393542178163541145e-02 8.674700471490069892e-04
2.459847376838000026e+06 4.221453404635413381e-02 8.674744979311283183e-04
2.459847869905999862e+06 4.357971643027346714e-02 8.674711475619309659e-04
2.459848373498999979e+06 4.519483446055562459e-02 8.674854407823662066e-04
2.459848866566000041e+06 4.432957830542168937e-02 8.674948354191763409e-04
2.459849359633000102e+06 4.518521988181044280e-02 8.674673637011781364e-04
2.459849863226999994e+06 4.464684761215683556e-02 8.674942339570245560e-04
2.459850356294000056e+06 4.367583332758514375e-02 8.674937259913837601e-04
2.459850849361000117e+06 4.379123567217773488e-02 8.674868653265718939e-04
2.459851352955000009e+06 4.531020217354957830e-02 8.674880403305653027e-04
2.459851846022000071e+06 4.368544862189428779e-02 8.674835269934279020e-04
2.459852339089000132e+06 4.380083603039106044e-02 8.674753342791177713e-04
2.459852842681999784e+06 4.477182525140123437e-02 8.674896201177595932e-04
2.459853335750000086e+06 4.443532899584685947e-02 8.674770439342466104e-04
2.459853828817000147e+06 4.464684761215683556e-02 8.674942339570245560e-04
2.459854332409999799e+06 4.513717765992199260e-02 8.674596508106177488e-04
2.459854825476999860e+06 4.596393480753606375e-02 8.674731339101265926e-04
2.459855318543999922e+06 4.374314456834305781e-02 8.674608450685381694e-04
2.459855822137999814e+06 4.372393097199303580e-02 8.674825366788985193e-04
2.459856315204999875e+06 4.384890978732381567e-02 8.674581626682890912e-04
2.459856808271999937e+06 4.383929889220462145e-02 8.674699188187609284e-04
2.459857311865999829e+06 4.325285706046740064e-02 8.674583737414286351e-04
2.459857804932999890e+06 4.268562060515040946e-02 8.674834775934018400e-04
2.459858297999999952e+06 4.496410983446790660e-02 8.674880735992581164e-04
2.459858801593999844e+06 4.338743739262878457e-02 8.674800442240052176e-04
2.459859294660999905e+06 4.371430720760683536e-02 8.674929130735930605e-04
2.459859787727999967e+06 4.447381651758372523e-02 8.674910922945675701e-04
2.459860291321000084e+06 4.285868087618263655e-02 8.674873019867742480e-04
2.459860784388000146e+06 4.434881295995734413e-02 8.674627747542303308e-04
2.459861277455999982e+06 4.412769065451349615e-02 8.674864347364702336e-04
2.459861781049000099e+06 4.505062287903007640e-02 8.674559416749069371e-04
2.459862274116000161e+06 4.488718805492442759e-02 8.674923640096355660e-04
2.459862767183000222e+06 4.334897171554756568e-02 8.674695605950777898e-04
2.459863270777000114e+06 4.189729647864312567e-02 8.674770360538125663e-04
2.459863763844000176e+06 4.532944482036077583e-02 8.674807014354599631e-04
2.459864256910999771e+06 4.357971643027346714e-02 8.674711475619309659e-04
2.459864760505000129e+06 4.471413153096162607e-02 8.674837059320449724e-04
2.459865253572000191e+06 4.359894696661690411e-02 8.674523777004096870e-04
2.459865746638999786e+06 4.535826144955019956e-02 8.674890778001917869e-04
2.459866250231999904e+06 4.195494924115758528e-02 8.674728275498216293e-04
2.459866743300000206e+06 4.566593982014734154e-02 8.674851263713343830e-04
2.459867236366999801e+06 4.238759732900760496e-02 8.674781300678524078e-04
2.459867739959999919e+06 4.487759758990210457e-02 8.674723533135669795e-04
2.459868233026999980e+06 4.226261835478645895e-02 8.674894587903985094e-04
2.459868726094000041e+06 4.244526017466133949e-02 8.674854160229043647e-04
2.459869229687999934e+06 4.412769065451349615e-02 8.674864347364702336e-04
2.459869722754999995e+06 4.478143435779260301e-02 8.674695780481129007e-04
2.459870215822000057e+06 4.357971643027346714e-02 8.674711475619309659e-04
2.459870719415999949e+06 4.307979222331433794e-02 8.674791291390517673e-04
2.459871212483000010e+06 4.459880272118624950e-02 8.674644096222484209e-04
2.459871705550000072e+06 4.337780778650963259e-02 8.674872739260852759e-04
2.459872209143999964e+06 4.416615578678189519e-02 8.674697113586070547e-04
2.459872702211000025e+06 4.605046289045838098e-02 8.674520227917296598e-04
2.459873195278000087e+06 4.307019122823946972e-02 8.674841436175185572e-04
2.459873698871000204e+06 4.445456859153806145e-02 8.674841463527835882e-04
2.459874191937999800e+06 4.301251132729995430e-02 8.674712664147575265e-04
2.459874685006000102e+06 4.421422327173780975e-02 8.674771827696177613e-04
2.459875188599000219e+06 4.511793352140079649e-02 8.674638076281665586e-04
2.459875681665999815e+06 4.298364096616070357e-02 8.674828533145692187e-04
2.459876174732999876e+06 4.448340263486975227e-02 8.674732221883616834e-04
2.459876678326999769e+06 4.532944482036077583e-02 8.674807014354599631e-04
2.459877171393999830e+06 4.477182525140123437e-02 8.674896201177595932e-04
2.459877664460999891e+06 4.455072746622436991e-02 8.674730797737980345e-04
2.459878168054999784e+06 4.304132179436735012e-02 8.674576746882626957e-04
2.459878661121999845e+06 4.531020217354957830e-02 8.674880403305653027e-04
2.459879154188999906e+06 4.535826144955019956e-02 8.674890778001917869e-04
2.459987411249999888e+06 4.518521988181044280e-02 8.674673637011781364e-04
2.459987904316999950e+06 4.336822026121791435e-02 8.674553130727379220e-04
2.459988407910000067e+06 4.433921500863181875e-02 8.674792284587900734e-04
2.459988900977000128e+06 4.443532899584685947e-02 8.674770439342466104e-04
2.459989394044000190e+06 4.293556675346152374e-02 8.674617169220635252e-04
2.459989897638000082e+06 4.410847065270490086e-02 8.674742259856980595e-04
2.459990390705000143e+06 4.276255049319784701e-02 8.674714635886148460e-04
2.459990883772000205e+06 4.477182525140123437e-02 8.674896201177595932e-04
2.459991387366000097e+06 4.492565317051453594e-02 8.674909380309905058e-04
2.459991880433000159e+06 4.309900063456087449e-02 8.674689641365271623e-04
2.459992373500000220e+06 4.431998451685194990e-02 8.674703734112249693e-04
2.459992877094000112e+06 4.415655669633400393e-02 8.674845235934849387e-04
2.459993370161000174e+06 4.514678201617126213e-02 8.674779032823928555e-04
2.459993863227999769e+06 4.308939535859576675e-02 8.674740693187095409e-04
2.459994366820999887e+06 4.506025032002867331e-02 8.674753112788166718e-04
2.459994859887999948e+06 4.306055271264119105e-02 8.674883137874365990e-04
2.459995352955999784e+06 4.373351657498827927e-02 8.674713147000227441e-04
2.459995856548999902e+06 4.545440738570412365e-02 8.674858324808229710e-04
2.459996349615999963e+06 4.523331323793468306e-02 8.674741102974386315e-04
2.459996842683000024e+06 4.423344861408608913e-02 8.674877168248752929e-04
2.459997346276999917e+06 4.537752450650367475e-02 8.674813407984387562e-04
2.459997839343999978e+06 4.410847065270490086e-02 8.674742259856980595e-04
2.459998332411000039e+06 4.394505374978815992e-02 8.674578482673627909e-04
2.459998836004999932e+06 4.418540092454203982e-02 8.674814397640507203e-04
2.459999329071999993e+06 4.284905022823626980e-02 8.674896986387976806e-04
2.459999822139000054e+06 4.453148726870776591e-02 8.674675778569842892e-04
2.460000325732000172e+06 4.398348121218675910e-02 8.674872059623239210e-04
2.460000818800000008e+06 4.361818598886967741e-02 8.674735961922531253e-04
2.460001311867000069e+06 4.483913232086940426e-02 8.674722002198295310e-04
2.460001815460000187e+06 4.389695544651766451e-02 8.674787410909821786e-04
2.460002308526999783e+06 4.239720236038756196e-02 8.674794543171998476e-04
2.460002801593999844e+06 4.481989141122918324e-02 8.674714852355743530e-04
2.460003305188000202e+06 4.424306441988774818e-02 8.674725511068192424e-04
2.460003798254999798e+06 4.475261322388193741e-02 8.674883399689514545e-04
2.460004291321999859e+06 4.668498246276678310e-02 8.674508891537498385e-04
2.460004794916000217e+06 4.351241621091880146e-02 8.674540323495513478e-04
2.460005287982999813e+06 4.274329519082809697e-02 8.674745351608808023e-04
2.460005781049999874e+06 4.556015574264157125e-02 8.674898152424138746e-04
2.460006284644000232e+06 4.423344861408608913e-02 8.674877168248752929e-04
2.460006777710999828e+06 4.263756554114578323e-02 8.674886392074677988e-04
2.460007270777999889e+06 4.365660908756380243e-02 8.674737752389106169e-04
2.460007774371000007e+06 4.271444816370254666e-02 8.674792070873780549e-04
2.460008267438000068e+06 4.399312371641447839e-02 8.674747894720285721e-04
2.460008760505999904e+06 4.478143435779260301e-02 8.674695780481129007e-04
2.460009264099000022e+06 4.409884348301317675e-02 8.674879726609238196e-04
2.460009757166000083e+06 4.390657898169068180e-02 8.674667212981643227e-04
2.460010250233000144e+06 4.296440482510993641e-02 8.674903521209191776e-04
2.460010753827000037e+06 4.491605448714836024e-02 8.674710693200378582e-04
2.460011246894000098e+06 4.340666303944894222e-02 8.674646479526555883e-04
2.460011739961000159e+06 4.358931056431649548e-02 8.674613863254194979e-04
2.460012243555000052e+06 4.543519538610972519e-02 8.674539552344395256e-04
2.460012736622000113e+06 4.419500628536912612e-02 8.674664939973298098e-04
2.460013229689000174e+06 4.380083603039106044e-02 8.674753342791177713e-04
2.460013733281999826e+06 4.481989141122918324e-02 8.674714852355743530e-04
2.460014226350000128e+06 4.383929889220462145e-02 8.674699188187609284e-04
2.460014719417000189e+06 4.282021070575257188e-02 8.674579795216835710e-04
2.460015223009999841e+06 4.357008427837824605e-02 8.674800634980395176e-04
2.460015716076999903e+06 4.367583332758514375e-02 8.674534990622859805e-04
2.460016209143999964e+06 4.288750680755383515e-02 8.674782445985646873e-04
2.460016712737999856e+06 4.392579192463762217e-02 8.674821990097477406e-04
2.460017205804999918e+06 4.302209946465516271e-02 8.674665147507404101e-04
2.460017698871999979e+06 4.369506603302356768e-02 8.674732814603335626e-04
2.460018202465999871e+06 4.385852278944079446e-02 8.674867548633147544e-04
2.460018695532999933e+06 4.322398461999157893e-02 8.674764834607624720e-04
2.460019188599999994e+06 4.333935064667655823e-02 8.674766155222688423e-04
2.460019692193999887e+06 4.424306441988774818e-02 8.674725511068192424e-04
2.460020185260999948e+06 4.398348121218675910e-02 8.674872059623239210e-04
2.460020678328000009e+06 4.427192438125597540e-02 8.674675442886741568e-04
2.460021181921000127e+06 4.295478998305183455e-02 8.674544710224583750e-04
2.460021674988000188e+06 4.390657898169068180e-02 8.674667212981643227e-04
2.460022168056000024e+06 4.291635212669670657e-02 8.674687826057169218e-04
2.460022671649000142e+06 4.402194227722638908e-02 8.674754059906066234e-04
2.460023164716000203e+06 4.511793352140079649e-02 8.674638076281665586e-04
2.460023657782999799e+06 4.244526017466133949e-02 8.674854160229043647e-04
2.460024161377000157e+06 4.502179436268736318e-02 8.674813770967855714e-04
2.460024654444000218e+06 4.239720236038756196e-02 8.674794543171998476e-04
2.460025147510999814e+06 4.276255049319784701e-02 8.674714635886148460e-04
2.460025651105000172e+06 4.324321749522857389e-02 8.674641896609613890e-04
2.460026144171999767e+06 4.329127732300415421e-02 8.674713298789683011e-04
2.460026637238999829e+06 4.497371878739288287e-02 8.674663465380122668e-04
2.460027140831999946e+06 4.318554452778296249e-02 8.674607482728568901e-04
2.460027633899999782e+06 4.516599685999255626e-02 8.674727142687858189e-04
2.460028126966999844e+06 4.491605448714836024e-02 8.674710693200378582e-04
2.460028630559999961e+06 4.321439129132770285e-02 8.674829613923631120e-04
2.460029123627000023e+06 4.478143435779260301e-02 8.674695780481129007e-04
2.460029616694000084e+06 4.256062530184445691e-02 8.674520322497001994e-04
2.460030120287999976e+06 4.438726642826374552e-02 8.674790452908825826e-04
2.460030613355000038e+06 4.408925902224904159e-02 8.674618633014062000e-04
2.460031106422000099e+06 4.317591996417859818e-02 8.674662537466054386e-04
2.460031610015999991e+06 4.336822026121791435e-02 8.674553130727379220e-04
2.460032103083000053e+06 4.340666303944894222e-02 8.674646479526555883e-04
2.460032596150000114e+06 4.392579192463762217e-02 8.674821990097477406e-04
2.460033099744000006e+06 4.190690620073030115e-02 8.674830154265990734e-04
2.460033592811000068e+06 4.504103897931322625e-02 8.674788240171436675e-04
2.460034085878000129e+06 4.228185183312552220e-02 8.674558750600778328e-04
2.460034589470999781e+06 4.371430720760683536e-02 8.674526507087424246e-04
2.460035082537999842e+06 4.573320100202006577e-02 8.674570649004134659e-04
2.460035575606000144e+06 4.315671702022532558e-02 8.674779270708900692e-04
2.460036079198999796e+06 4.473336823945753965e-02 8.674861021988281712e-04
2.460036572265999857e+06 4.410847065270490086e-02 8.674742259856980595e-04
2.460037065332999919e+06 4.356049437609669367e-02 8.674897321028203576e-04
2.460037568926999811e+06 4.254142174108981045e-02 8.674524546556854976e-04
2.460038061993999872e+06 4.312786903354749041e-02 8.674541751736296498e-04
2.460038555060999934e+06 4.356049437609669367e-02 8.674897321028203576e-04
2.460039058654999826e+06 4.385852278944079446e-02 8.674867548633147544e-04
2.460039551721999887e+06 4.359894696661690411e-02 8.674523777004096870e-04
2.460040044788999949e+06 4.321439129132770285e-02 8.674829613923631120e-04
2.460040548382000066e+06 4.480065875805122610e-02 8.674706111327719522e-04
2.460041041449999902e+06 4.325285706046740064e-02 8.674583737414286351e-04
2.460041534516999964e+06 4.436805596043165434e-02 8.674713874332475689e-04
2.460042038110000081e+06 4.420461373428313800e-02 8.674515007376468623e-04
2.460042531177000143e+06 4.390657898169068180e-02 8.674667212981643227e-04
2.460043024244000204e+06 4.426230230301831520e-02 8.674828439710595288e-04
2.460043527838000096e+06 4.269521452105360521e-02 8.674818323335369702e-04
2.460044020905000158e+06 4.334897171554756568e-02 8.674695605950777898e-04
2.460044513972000219e+06 4.253178403699545834e-02 8.674909737481629980e-04
2.460045017566000111e+06 4.439687478110825730e-02 8.674623702138073607e-04
2.460045510633000173e+06 4.423344861408608913e-02 8.674877168248752929e-04
2.460046003699999768e+06 4.549285575936402870e-02 8.674654015023178190e-04
2.460046507294000126e+06 4.455072746622436991e-02 8.674730797737980345e-04
2.460047000361000188e+06 4.390657898169068180e-02 8.674667212981643227e-04
2.460047493427999783e+06 4.448340263486975227e-02 8.674732221883616834e-04
2.460047997020999901e+06 4.397388132284598544e-02 8.674598728910658555e-04
2.460048490087999962e+06 4.476221820691192455e-02 8.674683861181998416e-04
2.460048983155999798e+06 4.197419733939768832e-02 8.674842102263354351e-04
2.460049486748999916e+06 4.389695544651766451e-02 8.674787410909821786e-04
2.460049979815999977e+06 4.462760700659749308e-02 8.674903183172936972e-04
2.460050472883000039e+06 4.351241621091880146e-02 8.674540323495513478e-04
2.460050976476999931e+06 4.236835477106189879e-02 8.674745508468353992e-04
2.460051469543999992e+06 4.558899307111569793e-02 8.674510472513809623e-04
2.460051962611000054e+06 4.419500628536912612e-02 8.674664939973298098e-04
2.460052466204999946e+06 4.311825732381513454e-02 8.674594165660221316e-04
2.460052959272000007e+06 4.381043849329214340e-02 8.674637564827345935e-04
2.460053452339000069e+06 4.389695544651766451e-02 8.674787410909821786e-04
2.460053955932000186e+06 4.390657898169068180e-02 8.674667212981643227e-04
2.460054449000000022e+06 4.418540092454203982e-02 8.674814397640507203e-04
2.460054942067000084e+06 4.563709585228804128e-02 8.674836300677099760e-04
2.460055445660000201e+06 4.475261322388193741e-02 8.674883399689514545e-04
2.460055938726999797e+06 4.436805596043165434e-02 8.674713874332475689e-04
2.460056431793999858e+06 4.420461373428313800e-02 8.674515007376468623e-04
2.460056935388000216e+06 4.368544862189428779e-02 8.674835269934279020e-04
2.460057428454999812e+06 4.510833530227157523e-02 8.674869982080500672e-04
2.460057921521999873e+06 4.445456859153806145e-02 8.674841463527835882e-04
2.460058425116000231e+06 4.440652611374176773e-02 8.674873461388187901e-04
2.460058918182999827e+06 4.486796784900577706e-02 8.674515126151579898e-04
