2.458346727899000049e+06 6.131196003836357489e-02 7.996773638921666648e-04
2.458347220966000110e+06 5.981851122191539361e-02 7.997022541764887841e-04
2.458347714033000171e+06 6.055421799958414508e-02 7.997775908260139777e-04
2.458348217627000064e+06 6.056158041657882379e-02 7.998190516146381351e-04
2.458348710694000125e+06 6.210652068543531801e-02 7.998586350336399017e-04
2.458349203761000186e+06 6.028199269289447743e-02 7.999020986133583777e-04
2.458349707355000079e+06 6.009074660598362483e-02 7.999102884201566037e-04
2.458350200422000140e+06 6.006866775958317334e-02 7.999483330569205630e-04
2.458350693489000201e+06 6.206975054747768811e-02 8.000139309666869048e-04
2.458351197081999853e+06 5.931825955539121731e-02 8.000622887238623485e-04
2.458351690150000155e+06 6.026728122003017357e-02 8.000954446379859517e-04
2.458352183217000216e+06 5.961989406148809900e-02 8.001220485812841855e-04
2.458352686809999868e+06 6.116480563452253438e-02 8.001804631966732365e-04
2.458353179876999930e+06 6.141493548958127519e-02 8.002285348536002617e-04
2.458353672943999991e+06 5.951691336927505266e-02 8.002748867268448529e-04
2.458354176537999883e+06 6.086320245368263826e-02 8.003269464748138549e-04
2.458354669604999945e+06 6.288635166785533359e-02 8.004029799224452423e-04
2.458355162672000006e+06 5.954630259023801359e-02 8.004506826758432322e-04
2.458355666265999898e+06 6.056158041657882379e-02 8.004884029375599697e-04
2.458356159332999960e+06 6.076758819859656019e-02 8.005808204455723293e-04
2.458356652400000021e+06 5.974494972375039153e-02 8.006447741827128241e-04
2.458357155993999913e+06 6.101766721790870956e-02 8.007283156910438441e-04
2.458357649060999975e+06 5.994359702154951342e-02 8.007671913217964850e-04
2.458358142128000036e+06 6.039235983191119234e-02 8.008659866450369355e-04
2.458358645721000154e+06 6.166512270182189503e-02 8.009326358743046759e-04
2.458359138788000215e+06 6.117956715088979786e-02 8.009934118791178954e-04
2.458359631856000051e+06 6.184166872552412930e-02 8.010612754223522900e-04
2.458360135449000169e+06 6.077492058217237592e-02 8.011252268830987592e-04
2.458360628516000230e+06 6.106185589862057200e-02 8.012519589705001258e-04
2.458361121582999825e+06 6.113540590146017417e-02 8.013161554076522926e-04
2.458361625177000184e+06 6.056158041657882379e-02 8.014366506450326319e-04
2.458362118243999779e+06 6.051006228969933037e-02 8.014794035370870076e-04
2.458362611310999840e+06 5.917850642031552422e-02 8.016111925801226723e-04
2.458363114905000199e+06 6.064983169153916054e-02 8.017107476220527735e-04
2.458363607971999794e+06 6.079697903786113883e-02 8.018079705070416769e-04
2.458364101038999856e+06 6.127520882559682469e-02 8.019069810763682733e-04
2.458364604631999973e+06 6.119427586776518546e-02 8.020314159020666168e-04
2.458365097699999809e+06 6.229781288910473530e-02 8.021501174713986659e-04
2.458365590766999871e+06 6.092203474799460367e-02 8.022789044055821280e-04
2.458366094359999988e+06 6.092203474799460367e-02 8.023911269408184888e-04
2.458366587427000050e+06 6.045123809162376155e-02 8.025376164431905239e-04
2.458367080494000111e+06 6.064983169153916054e-02 8.026603771308023520e-04
2.458367584088000003e+06 6.156212466192011179e-02 8.028268001639560095e-04
2.458368077155000065e+06 6.116480563452253438e-02 8.029972065900717196e-04
2.458368570222000126e+06 5.995828470546392397e-02 8.031171205770118102e-04
2.458369073816000018e+06 5.967873377756983261e-02 8.033302107241463517e-04
2.458369566883000080e+06 6.034821098224878860e-02 8.035043264986568021e-04
2.458370059950000141e+06 6.243021060454981980e-02 8.036823768018125239e-04
2.458370563544000033e+06 6.120160336785763350e-02 8.038748839764916099e-04
2.458371056611000095e+06 6.098092391146068408e-02 8.040653916583273726e-04
2.458371549678000156e+06 6.110596401909878378e-02 8.042508134169167825e-04
2.458372053270999808e+06 6.180488461960849389e-02 8.044556547129985864e-04
2.458372546337999869e+06 6.175338949993121329e-02 8.046954230836015926e-04
2.458373039406000171e+06 6.078964399297275001e-02 8.049586150455994519e-04
2.458373542998999823e+06 6.171660106035516125e-02 8.051823732033333526e-04
2.458374036065999884e+06 6.338662083731304298e-02 8.054275221174741995e-04
2.458374529132999945e+06 6.031881486598628106e-02 8.057240498821534877e-04
2.458375032726999838e+06 6.142234598385371697e-02 8.060388718205311557e-04
2.458375525793999899e+06 6.321736648499924616e-02 8.063045952117723226e-04
2.458376018860999960e+06 6.329829324539830437e-02 8.066371753150045065e-04
2.458376522454999853e+06 6.028937754022243439e-02 8.069966903123043179e-04
2.458377015521999914e+06 6.185636570836108156e-02 8.073476362045591210e-04
2.458377508588999975e+06 6.082638409229301768e-02 8.076860434565170900e-04
2.458378012182000093e+06 6.336449821055496756e-02 8.081228229070760169e-04
2.458378505249999929e+06 6.284217387373752794e-02 8.085226623144591311e-04
2.458378998316999990e+06 6.129722303480437257e-02 8.089698998859283464e-04
2.458379501910000108e+06 6.396040425567556253e-02 8.094783162112816370e-04
2.458379994977000169e+06 6.231985009384976432e-02 8.099530998602168588e-04
2.458380488044000231e+06 6.334244164535431099e-02 8.104668477305591737e-04
2.458380991638000123e+06 6.438714968452403931e-02 8.110837995233036689e-04
2.458381484705000184e+06 6.274657138995201611e-02 8.116848193048869717e-04
2.458381977771999780e+06 6.212854744502924187e-02 8.122734851405780674e-04
2.458382481366000138e+06 6.166512270182189503e-02 8.130301150574861758e-04
2.458382974433000199e+06 6.411493406784599114e-02 8.137370639231256142e-04
2.458383467499999795e+06 6.290842323944793868e-02 8.145317527632508874e-04
2.458383971094000153e+06 6.509337654617726454e-02 8.153637293740455825e-04
2.458384464161000215e+06 6.404871190570624040e-02 8.163180627734582112e-04
2.458384957227999810e+06 6.278333769632830907e-02 8.173069030129533237e-04
2.458385460820999928e+06 6.378386031607362339e-02 8.184059389095990709e-04
2.458385953887999989e+06 6.424001001839907410e-02 8.195253827453093890e-04
2.458386446955999825e+06 6.549799413494976352e-02 8.207939500356371820e-04
2.458386950548999943e+06 6.723422450678397111e-02 8.222402726267687232e-04
2.458387443616000004e+06 6.451222191179656340e-02 8.237704892454915948e-04
2.458387936683000065e+06 6.679279234572496615e-02 8.254543633778801829e-04
2.458388440276999958e+06 6.699882711727170315e-02 8.273218404477602171e-04
2.458388933344000019e+06 6.515221722876704535e-02 8.293624090019062825e-04
2.458389426411000080e+06 6.753585463024439073e-02 8.317139175276601695e-04
2.458389930004999973e+06 6.814650699739882578e-02 8.343385009604838230e-04
2.458390423072000034e+06 6.905138597382483312e-02 8.372765800399154835e-04
2.458390916139000095e+06 7.039768860262522743e-02 8.405684834353867535e-04
2.458391419732000213e+06 6.950012728929326478e-02 8.445100893839201095e-04
2.458391912800000049e+06 6.989742873987446481e-02 8.489515121198901388e-04
2.458392405867000110e+06 7.181751933726869541e-02 8.542143484365959322e-04
2.458392909460000228e+06 7.557692190390348508e-02 8.605750470540001612e-04
2.458393402526999824e+06 7.505458016968134805e-02 8.681072010312375700e-04
2.458393895593999885e+06 7.732779028885480854e-02 8.773779896016402563e-04
2.458394399187999777e+06 8.227161071230751355e-02 8.893706322941176759e-04
2.458394892254999839e+06 8.264679185651965798e-02 9.046161214101537543e-04
2.458395385321999900e+06 9.032001478311452169e-02 9.251316111603541392e-04
2.458395888915999793e+06 9.464585524859463195e-02 9.547955092542887313e-04
2.458396381982999854e+06 1.093669246208652801e-01 9.989459564045178631e-04
2.458396875049999915e+06 1.299440504759332704e-01 1.071520944786215259e-03
2.458397378643999808e+06 1.657865141088328276e-01 1.202320606397901072e-03
2.458397871710999869e+06 2.123774490438570250e-01 1.339711379363474168e-03
2.458398364777999930e+06 1.754460520454940997e-01 1.225673693972033525e-03
2.458398868371000048e+06 1.334458892337763158e-01 1.086754358410571726e-03
2.458399361438000109e+06 1.101614389184575327e-01 1.007927827606840522e-03
2.458399854505999945e+06 9.900848155519717531e-02 9.605061815666449338e-04
2.458400358099000063e+06 9.029797270409177512e-02 9.289810459340796210e-04
2.458400851166000124e+06 8.533209339136624272e-02 9.073649878174488460e-04
2.458401344233000185e+06 8.136671824561281241e-02 8.914293447064105570e-04
2.458401847827000078e+06 7.709979086170928864e-02 8.789807386950286659e-04
2.458402340894000139e+06 7.503246252586316667e-02 8.693717446639205549e-04
2.458402833961000200e+06 7.431149525022455460e-02 8.616341700730895201e-04
2.458403337555000093e+06 7.180283634212211719e-02 8.550978311628302684e-04
2.458403830622000154e+06 7.087586952828414666e-02 8.496726126818780972e-04
2.458404323689000215e+06 7.136143916697862410e-02 8.451089507634298049e-04
2.458404827281999867e+06 6.930886708882708080e-02 8.411008390070434269e-04
2.458405320350000169e+06 6.891897345064321168e-02 8.377022785481801374e-04
2.458405813417000230e+06 6.796992645405314226e-02 8.347432786772036959e-04
2.458406317009999882e+06 6.788165153574203525e-02 8.320336143150900430e-04
2.458406810076999944e+06 6.738871886099540021e-02 8.297157171197679397e-04
2.458407303144000005e+06 6.808759590366826597e-02 8.275969790846953670e-04
2.458407806737999897e+06 6.521111109996230448e-02 8.256675427811550720e-04
2.458408299804999959e+06 6.596883278668252970e-02 8.239601272387279008e-04
2.458408792872000020e+06 6.487270393889035813e-02 8.224583152016692140e-04
2.458409296465999912e+06 6.401928213831743764e-02 8.210138711295081500e-04
2.458409789532999974e+06 6.487270393889035813e-02 8.197098166546822008e-04
2.458410282600000035e+06 6.403402482003790752e-02 8.185489500880088060e-04
2.458410786193999927e+06 6.331304483434271879e-02 8.174382125219176827e-04
2.458411279260999989e+06 6.351905086333134443e-02 8.164122656251064127e-04
2.458411772328000050e+06 6.460783676533655984e-02 8.154704532759046547e-04
2.458412275921000168e+06 6.348226300278224377e-02 8.146531050005885542e-04
2.458412768988000229e+06 6.338662083731304298e-02 8.138344199998251080e-04
2.458413262056000065e+06 6.367351132072965325e-02 8.130608126374963551e-04
2.458413765649000183e+06 6.285687705792321334e-02 8.123591117358604924e-04
2.458414258715999778e+06 6.196670447035846491e-02 8.116985204281402730e-04
2.458414751782999840e+06 6.349694049985649125e-02 8.110985559228822781e-04
2.458415255377000198e+06 6.443128605578096746e-02 8.105122598779834937e-04
2.458415748443999793e+06 6.316591622698271291e-02 8.100117208711837304e-04
2.458416241510999855e+06 6.396776839325032937e-02 8.095125997194289273e-04
2.458416745105000213e+06 6.295253164364646159e-02 8.090148142563560697e-04
2.458417238171999808e+06 6.218745731593675052e-02 8.085760897368710152e-04
2.458417731238999870e+06 6.316591622698271291e-02 8.081500261884373704e-04
2.458418234831999987e+06 6.154738421575323137e-02 8.077364223896682516e-04
2.458526481366999913e+06 6.109859169573448462e-02 7.984701198795364366e-04
2.458526984960000031e+06 5.953895392475060111e-02 7.984874265949564766e-04
2.458527478027000092e+06 6.070135700162894443e-02 7.984782831207079025e-04
2.458527971094000153e+06 6.043648531539520113e-02 7.984452775590634641e-04
2.458528474688000046e+06 5.956105750011387451e-02 7.984547149804959061e-04
2.458528967755000107e+06 5.922261773602510715e-02 7.984450316944676374e-04
2.458529460822000168e+06 6.001718199408135473e-02 7.984335172056168531e-04
2.458529964416000061e+06 6.014224008584399817e-02 7.984354254728692930e-04
2.458530457483000122e+06 6.029670775688555223e-02 7.984312981566829906e-04
2.458530950550000183e+06 6.061308657913064279e-02 7.984336899291701950e-04
2.458531454144000076e+06 5.973757654303246678e-02 7.984551928850987332e-04
2.458531947211000137e+06 6.051006228969933037e-02 7.984698848811518611e-04
2.458532440278000198e+06 6.131196003836357489e-02 7.984350150463487240e-04
2.458532943870999850e+06 6.131930163014633062e-02 7.984741437632507334e-04
2.458533436937999912e+06 5.990678319847615729e-02 7.984545931746571618e-04
2.458533930006000213e+06 5.917850642031552422e-02 7.984498782964722383e-04
2.458534433598999865e+06 6.003188770815863495e-02 7.984632791964819216e-04
2.458534926665999927e+06 6.018634912093848849e-02 7.984666707610837836e-04
2.458535419732999988e+06 5.884744341814327623e-02 7.984275417856076876e-04
2.458535923326999880e+06 5.982589439209135690e-02 7.984234162427316164e-04
2.458536416393999942e+06 6.022316833943349573e-02 7.984559273670607457e-04
2.458536909461000003e+06 5.980380269625541062e-02 7.984590732866297556e-04
2.458537413054999895e+06 6.036294221037625390e-02 7.984188141504661856e-04
2.458537906121999957e+06 5.944333951286776691e-02 7.984643596266447927e-04
2.458538399189000018e+06 6.039235983191119234e-02 7.984185562093945804e-04
2.458538902782000136e+06 5.937712971335421669e-02 7.984500194576206553e-04
2.458539395849999972e+06 6.014224008584399817e-02 7.984354254728692930e-04
2.458539888917000033e+06 5.942861376497064058e-02 7.984307654019363138e-04
2.458540392510000151e+06 6.025257333741602939e-02 7.984573245136144691e-04
2.458540885577000212e+06 6.066458067226117995e-02 7.984415127795538390e-04
2.458541378643999808e+06 5.909021905937508062e-02 7.984560153939186840e-04
2.458541882238000166e+06 6.031881486598628106e-02 7.984462555958291886e-04
2.458542375305000227e+06 5.971551746001543814e-02 7.984353502885741969e-04
2.458542868371999823e+06 5.959046851927738558e-02 7.984647948730534770e-04
2.458543371966000181e+06 6.060571790057796282e-02 7.984482649199197649e-04
2.458543865032999776e+06 6.112071133462852052e-02 7.984214259965209410e-04
2.458544358099999838e+06 6.000242461808907857e-02 7.984582508006856033e-04
2.458544861694000196e+06 5.971551746001543814e-02 7.984353502885741969e-04
2.458545354760999791e+06 5.947274717974487812e-02 7.984211626111114299e-04
2.458545847827999853e+06 5.923734699999079478e-02 7.984253745973046322e-04
2.458546351420999970e+06 5.847960089017872204e-02 7.984458838131219208e-04
2.458546844488000032e+06 6.053213611841961467e-02 7.984266505555124302e-04
2.458547337555999868e+06 6.012750733929154295e-02 7.984059751453871515e-04
2.458547841148999985e+06 5.995828470546392397e-02 7.984231127898258010e-04
2.458548334216000047e+06 6.143705648367357025e-02 7.984231005520804787e-04
2.458548827283000108e+06 5.978171915814167042e-02 7.984395341272895611e-04
2.458549330877000000e+06 6.195934243344681375e-02 7.984196862804888994e-04
2.458549823944000062e+06 6.021579160207234799e-02 7.984135852746537072e-04
2.458550317011000123e+06 6.023049050612481331e-02 7.984420580759523690e-04
2.458550820605000015e+06 5.882533376926305652e-02 7.984526443518127426e-04
2.458551313672000077e+06 6.125308969008026738e-02 7.984017862673426988e-04
2.458551806739000138e+06 6.028199269289447743e-02 7.984030109016515900e-04
2.458552310331999790e+06 5.985532592899840687e-02 7.984303016060892086e-04
2.458552803400000092e+06 5.850901677574076726e-02 7.984164005496055625e-04
2.458553296467000153e+06 5.955370701370908681e-02 7.984110279206001410e-04
2.458553800059999805e+06 6.059098323077465736e-02 7.984215625155539984e-04
2.458554293126999866e+06 6.119427586776518546e-02 7.984242472008906688e-04
2.458554786193999927e+06 5.944333951286776691e-02 7.984096102876688493e-04
2.458555289787999820e+06 5.987738150853206404e-02 7.984487628591593021e-04
2.458555782854999881e+06 5.869290426866503180e-02 7.984390612094413413e-04
2.458556275921999943e+06 5.942861376497064058e-02 7.984307654019363138e-04
2.458556779515999835e+06 5.984793912664869431e-02 7.984420105458544560e-04
2.458557272582999896e+06 6.092938576751395080e-02 7.984474469038355332e-04
2.458557765649999958e+06 6.259205350274039958e-02 7.984443525175387475e-04
2.458558269243999850e+06 6.206237626803950969e-02 7.984326836601099301e-04
2.458558762310999911e+06 5.973757654303246678e-02 7.984001725438027042e-04
2.458559255377999973e+06 6.057630793613058562e-02 7.983955612488182830e-04
2.458559758971000090e+06 5.831039723121916180e-02 7.984450291308611922e-04
2.458560252038000152e+06 5.953895392475060111e-02 7.984325891918526031e-04
2.458560745105999988e+06 6.062040032011802720e-02 7.984183642202497292e-04
2.458561248699000105e+06 5.920789213446545768e-02 7.984100971688796533e-04
2.458561741766000167e+06 6.089263953771825721e-02 7.984145805030698788e-04
2.458562234833000228e+06 6.097356667395805591e-02 7.984086683346561892e-04
2.458562738427000120e+06 5.993625452888574207e-02 7.984057687791533712e-04
2.458563231494000182e+06 6.041444636698131004e-02 7.984323329375685348e-04
2.458563724560999777e+06 6.106185589862057200e-02 7.984399565876458636e-04
2.458564228155000135e+06 6.028199269289447743e-02 7.984030109016515900e-04
2.458564721222000197e+06 6.030409440688264816e-02 7.984180257598132938e-04
2.458565214288999792e+06 6.040704619996970642e-02 7.984458068328722721e-04
2.458565717881999910e+06 5.976701967912986108e-02 7.984083515196133476e-04
2.458566210950000212e+06 6.117218594744179561e-02 7.984177402045015840e-04
2.458566704016999807e+06 5.940655934051557868e-02 7.984080388015749258e-04
2.458567207609999925e+06 6.134138817795899146e-02 7.984227604568381459e-04
2.458567700676999986e+06 6.056894372872475424e-02 7.984100731343122398e-04
2.458568193744000047e+06 6.051006228969933037e-02 7.984141530541900931e-04
2.458568697337999940e+06 6.025257333741602939e-02 7.984018298427419556e-04
2.458569190405000001e+06 6.067190062666686506e-02 7.984260931474898050e-04
2.458569683472000062e+06 5.992885773906098112e-02 7.984176298041299052e-04
2.458570187065999955e+06 5.873708640859735819e-02 7.983909143116278782e-04
2.458570680133000016e+06 6.136348268110659171e-02 7.984277544001666758e-04
2.458571173200000077e+06 5.896512180441385725e-02 7.983949064679081269e-04
2.458571676793999970e+06 5.831775539834062327e-02 7.984383593337500938e-04
2.458572169861000031e+06 6.131196003836357489e-02 7.984350150463487240e-04
2.458572662928000093e+06 5.882533376926305652e-02 7.983984642171617491e-04
2.458573166521000210e+06 5.875916288948609262e-02 7.984203955892793135e-04
2.458573659587999806e+06 6.031881486598628106e-02 7.983906999142541087e-04
2.458574152656000108e+06 6.067190062666686506e-02 7.984260931474898050e-04
2.458574656249000225e+06 5.980380269625541062e-02 7.984039919487925753e-04
2.458575149315999821e+06 6.148115249901797003e-02 7.984299007780348671e-04
2.458575642382999882e+06 6.038501798691116307e-02 7.984327264956721758e-04
2.458576145976999775e+06 6.007602647353378622e-02 7.984417008606727690e-04
2.458576639043999836e+06 5.955370701370908681e-02 7.984110279206001410e-04
2.458577132110999897e+06 6.103975755956052296e-02 7.984320989406405809e-04
2.458577635704999790e+06 5.934033585338253924e-02 7.983924846084686786e-04
2.458578128771999851e+06 5.977439649390152432e-02 7.983967875029722742e-04
2.458578621838999912e+06 5.998037822340068770e-02 7.984410970765497013e-04
2.458579125432000030e+06 6.171660106035516125e-02 7.984180454651619747e-04
2.458579618499999866e+06 5.925202535411606269e-02 7.984049229746636653e-04
2.458580111566999927e+06 5.888420283226898644e-02 7.983839408642886626e-04
2.458580615160000045e+06 6.062777078381629409e-02 7.984037585447523394e-04
2.458581108227000106e+06 6.111333723202762302e-02 7.984376728318001888e-04
2.458581601294000167e+06 6.038501798691116307e-02 7.984327264956721758e-04
2.458582104888000060e+06 6.065720573361783191e-02 7.984003143122984101e-04
2.458582597955000121e+06 5.930356479323506402e-02 7.983893350740972009e-04
2.458583091022000182e+06 5.992151705181246457e-02 7.984302111226802487e-04
2.458583594616000075e+06 5.989944521513844433e-02 7.984119598798826737e-04
2.458584087683000136e+06 5.959782354301428053e-02 7.983986714583694508e-04
2.458584580750000197e+06 5.942127962357221516e-02 7.983869593275448075e-04
2.458585084344000090e+06 6.054685647763186768e-02 7.983977511216588550e-04
2.458585577411000151e+06 5.921525447750147081e-02 7.984002987993327151e-04
2.458586070478000212e+06 5.939917321218916857e-02 7.984181885615599869e-04
2.458586574070999864e+06 5.986265850750143586e-02 7.984178422421145350e-04
2.458587067137999926e+06 6.028199269289447743e-02 7.984030109016515900e-04
2.458587560206000227e+06 6.068665497416883547e-02 7.983966785413923895e-04
2.458588063798999880e+06 6.036294221037625390e-02 7.984188141504661856e-04
2.458588556865999941e+06 5.968609969555015854e-02 7.984268261288075905e-04
2.458589049933000002e+06 6.016429056111188833e-02 7.983956826765379418e-04
2.458589553526999895e+06 5.981851122191539361e-02 7.984350718240218903e-04
2.458590046593999956e+06 5.947274717974487812e-02 7.984211626111114299e-04
2.458590539661000017e+06 6.075287012976728768e-02 7.984284765329033133e-04
2.458591043254999910e+06 6.241549225047689914e-02 7.984340653538319309e-04
2.458591536321999971e+06 5.878855695881323590e-02 7.983866325529849223e-04
2.458592029389000032e+06 6.044383341799290654e-02 7.984310139809433016e-04
2.458592532982000150e+06 6.145177050662171264e-02 7.983879242191362384e-04
2.458593026049999986e+06 6.078225385049370461e-02 7.984227666137891800e-04
2.458593519117000047e+06 6.017166098933664914e-02 7.983826498679660140e-04
2.458594022710000165e+06 5.909756677007891451e-02 7.983920086524379060e-04
2.458594515777000226e+06 6.185636570836108156e-02 7.984030607417042479e-04
2.458595008843999822e+06 6.081170779257148717e-02 7.984175997669895955e-04
2.458595512438000180e+06 6.028199269289447743e-02 7.984030109016515900e-04
2.458596005504999775e+06 5.958311440323094815e-02 7.984211336543959323e-04
2.458596498571999837e+06 6.071606259082122647e-02 7.983921157002056915e-04
2.458597002166000195e+06 5.998772612143898203e-02 7.984284086520179388e-04
2.458597495232999790e+06 6.031881486598628106e-02 7.983906999142541087e-04
2.458597988299999852e+06 6.036294221037625390e-02 7.984188141504661856e-04
2.458712204272000119e+06 5.982589439209135690e-02 7.984234162427316164e-04
2.458712697339000180e+06 6.151797057105855976e-02 7.983981003100979780e-04
2.458713200931999832e+06 5.860463966545259584e-02 7.983718526590093470e-04
2.458713694000000134e+06 5.966405962120599482e-02 7.984067570350691662e-04
2.458714187067000195e+06 6.028937754022243439e-02 7.983897621489237676e-04
2.458714690659999847e+06 6.018634912093848849e-02 7.984112370849685836e-04
2.458715183726999909e+06 6.212122339588196235e-02 7.983887315052219831e-04
2.458715676793999970e+06 5.924471300566051812e-02 7.984155238628500365e-04
2.458716180387999862e+06 5.954630259023801359e-02 7.984214483312728275e-04
2.458716673454999924e+06 5.887682742191444052e-02 7.983923961768908629e-04
2.458717166521999985e+06 5.850901677574076726e-02 7.984164005496055625e-04
2.458717670115999877e+06 6.098828203670777354e-02 7.983766671765647012e-04
2.458718163182999939e+06 6.165773970583105640e-02 7.983948206989994415e-04
2.458718656250000000e+06 6.000242461808907857e-02 7.984029865252978983e-04
2.458719159843999892e+06 5.908281784491466182e-02 7.984104238411206689e-04
2.458719652910999954e+06 5.956840889376107534e-02 7.983886715973682402e-04
2.458720145978000015e+06 6.000983048799246600e-02 7.983909881610316839e-04
2.458720649571000133e+06 6.022316833943349573e-02 7.984004597791923659e-04
2.458721142638000194e+06 6.067190062666686506e-02 7.983702122619110251e-04
2.458721635706000030e+06 5.993625452888574207e-02 7.984057687791533712e-04
2.458722139299000148e+06 5.925202535411606269e-02 7.984049229746636653e-04
2.458722632366000209e+06 6.034821098224878860e-02 7.983907129099823002e-04
2.458723125432999805e+06 6.062040032011802720e-02 7.984183642202497292e-04
2.458723629027000163e+06 5.925202535411606269e-02 7.984049229746636653e-04
2.458724122094000224e+06 5.902396766989476823e-02 7.983762403807637435e-04
2.458724615160999820e+06 5.989944521513844433e-02 7.984119598798826737e-04
2.458725118755000178e+06 5.927413159539163257e-02 7.983752376058148373e-04
2.458725611821999773e+06 5.960517947455382104e-02 7.983874179562270397e-04
2.458726104888999835e+06 5.977439649390152432e-02 7.983967875029722742e-04
2.458726608481999952e+06 5.893569373504708303e-02 7.983764192962287606e-04
2.458727101549999788e+06 6.076758819859656019e-02 7.983980287790889974e-04
2.458727594616999850e+06 5.941389166504555674e-02 7.983971388207723209e-04
2.458728098209999967e+06 5.998772612143898203e-02 7.983731579144459590e-04
2.458728591277000029e+06 6.182691828994650585e-02 7.984215848604354774e-04
2.458729084344000090e+06 6.083377960029826698e-02 7.983712081497296338e-04
2.458729587937999982e+06 6.123103493497446259e-02 7.983962934786188390e-04
2.458730081005000044e+06 6.070868139356719317e-02 7.984068854108600666e-04
2.458730574072000105e+06 5.992885773906098112e-02 7.984176298041299052e-04
2.458731077665999997e+06 6.264355560432718906e-02 7.984089677158655741e-04
2.458731570733000059e+06 5.904604320889214608e-02 7.984029237957076044e-04
2.458732063800000120e+06 6.040704619996970642e-02 7.983901698872354147e-04
2.458732567394000012e+06 6.113540590146017417e-02 7.983881503425692590e-04
2.458733060461000074e+06 5.896512180441385725e-02 7.983949064679081269e-04
2.458733553528000135e+06 5.918581059714550507e-02 7.983848914745353235e-04
2.458734057120999787e+06 6.002453440076647301e-02 7.984207600491539198e-04
2.458734550187999848e+06 5.929619147041279015e-02 7.983992974601724713e-04
2.458735043256000150e+06 6.076758819859656019e-02 7.983980287790889974e-04
2.458735546848999802e+06 5.899456456795341280e-02 7.984132130461839803e-04
2.458736039915999863e+06 6.137817908331114763e-02 7.983928503026304800e-04
2.458736532982999925e+06 6.192260239945702321e-02 7.984025099200858962e-04
2.458737036576999817e+06 5.922261773602510715e-02 7.983904856477607804e-04
2.458737529643999878e+06 6.081904549973835006e-02 7.984019061986430497e-04
2.458738022710999940e+06 6.070135700162894443e-02 7.984223751048054188e-04
2.458738526304999832e+06 6.006130994700185216e-02 7.984120660857857953e-04
2.458739019371999893e+06 6.012750733929154295e-02 7.984059751453871515e-04
2.458739512438999955e+06 5.994359702154951342e-02 7.983931573155335359e-04
2.458740016032000072e+06 6.225364717932520969e-02 7.983705245585197372e-04
2.458740509099999908e+06 5.984793912664869431e-02 7.983868885568627411e-04
2.458741002166999970e+06 5.929619147041279015e-02 7.983992974601724713e-04
2.458741505760000087e+06 6.078225385049370461e-02 7.984227666137891800e-04
2.458741998827000149e+06 6.065720573361783191e-02 7.984003143122984101e-04
2.458742491894000210e+06 5.940655934051557868e-02 7.984080388015749258e-04
2.458742995488000102e+06 6.033348334919241829e-02 7.984181470252349347e-04
2.458743488555000164e+06 6.097356667395805591e-02 7.984086683346561892e-04
2.458743981622000225e+06 6.148115249901797003e-02 7.983732745439370716e-04
2.458744485216000117e+06 6.069397759212020321e-02 7.983812128322326576e-04
2.458744978283000179e+06 6.015692103569124372e-02 7.984087003135557524e-04
2.458745471349999774e+06 6.056158041657882379e-02 7.984245696918845390e-04
2.458745974944000132e+06 5.995094041370539056e-02 7.983805307799152554e-04
2.458746468011000194e+06 6.008338608896363064e-02 7.983734974542748292e-04
2.458746961077999789e+06 5.973025928582213762e-02 7.984124036908662970e-04
2.458747464670999907e+06 6.074548445785377115e-02 7.983873609581617009e-04
2.458747957737999968e+06 6.178280189746645362e-02 7.984209144213500441e-04
2.458748450805999804e+06 5.938445840549781002e-02 7.983844837689255992e-04
2.458748954398999922e+06 5.901662910990436439e-02 7.983856894220281268e-04
2.458749447465999983e+06 6.052477728094181331e-02 7.983853319239313543e-04
2.458749940533000045e+06 5.967136876862441652e-02 7.983946471554893669e-04
2.458750444126999937e+06 6.002453440076647301e-02 7.984207600491539198e-04
2.458750937193999998e+06 6.065720573361783191e-02 7.984003143122984101e-04
2.458751430261000060e+06 6.067190062666686506e-02 7.983702122619110251e-04
2.458751933854999952e+06 6.112803002598652530e-02 7.984044282576220272e-04
2.458752426922000013e+06 6.077492058217237592e-02 7.983824141303548332e-04
2.458752919989000075e+06 5.989210813063072791e-02 7.984244877197077712e-04
2.458753423582000192e+06 5.940655934051557868e-02 7.984080388015749258e-04
2.458753916650000028e+06 5.975232381451182906e-02 7.983771359731226978e-04
2.458754409717000090e+06 6.048064303902196681e-02 7.984159069941075505e-04
2.458754913310000207e+06 6.012014231944845521e-02 7.984189237727790404e-04
2.458755406376999803e+06 6.071606259082122647e-02 7.983921157002056915e-04
2.458755899443999864e+06 6.062040032011802720e-02 7.984183642202497292e-04
2.458756403038000222e+06 6.042179178999806943e-02 7.984181083877700709e-04
2.458756896104999818e+06 6.004659702550450839e-02 7.983823979170780183e-04
2.458757389171999879e+06 5.872237336285429654e-02 7.984072666855264195e-04
2.458757892765999772e+06 6.052477728094181331e-02 7.983853319239313543e-04
2.458758385832999833e+06 6.283482357143237163e-02 7.984160629373083943e-04
2.458758878899999894e+06 6.173866012065849090e-02 7.984191030520898383e-04
2.458759382493999787e+06 5.945067637703382174e-02 7.983986427408850057e-04
2.458759875560999848e+06 6.167983453681150086e-02 7.983968764986127753e-04
2.458760368627999909e+06 6.028937754022243439e-02 7.983897621489237676e-04
2.458760872221000027e+06 5.854578047983078487e-02 7.983788529714535382e-04
2.458761365288000088e+06 6.012014231944845521e-02 7.984189237727790404e-04
2.458761858355999924e+06 6.013487326138642480e-02 7.983930113631913100e-04
2.458762361949000042e+06 5.942861376497064058e-02 7.983760296258753759e-04
2.458762855016000103e+06 5.970814791156081602e-02 7.983918078638147647e-04
2.458763348083000164e+06 5.978909778721402252e-02 7.983728790845025583e-04
2.458763851677000057e+06 6.092938576751395080e-02 7.983913288656781454e-04
2.458764344744000118e+06 6.041444636698131004e-02 7.983766891761260535e-04
2.458764837811000179e+06 6.034087450438480049e-02 7.984048052658451701e-04
2.458765341405000072e+06 5.998772612143898203e-02 7.983731579144459590e-04
2.458765834472000133e+06 5.982589439209135690e-02 7.983683145576909133e-04
2.458766327539000195e+06 6.064983169153916054e-02 7.984149746210981308e-04
2.458766831131999847e+06 6.037028137131766892e-02 7.984046828426994390e-04
2.458767324200000148e+06 6.117218594744179561e-02 7.984177402045015840e-04
2.458767817267000210e+06 5.944333951286776691e-02 7.984096102876688493e-04
2.458768320859999862e+06 5.995828470546392397e-02 7.983678891688001343e-04
2.458768813926999923e+06 5.957576119476289817e-02 7.983774710514550746e-04
2.458769306993999984e+06 6.083377960029826698e-02 7.983712081497296338e-04
2.458769810587999877e+06 6.059098323077465736e-02 7.983657561576509160e-04
2.458770303654999938e+06 6.098092391146068408e-02 7.983926754975636825e-04
2.458770796721999999e+06 5.997303122540677961e-02 7.983985332101353012e-04
2.458771300315999892e+06 6.050270613571707978e-02 7.983728156136429138e-04
2.458771793382999953e+06 6.100300095086366031e-02 7.984007899090758654e-04
2.458772286450000014e+06 6.037762142458274334e-02 7.983905362959150707e-04
2.458772790043999907e+06 6.046593877784760263e-02 7.983888669461196297e-04
2.458773283110999968e+06 6.068665497416883547e-02 7.983966785413923895e-04
2.458773776178000029e+06 5.809703919997443594e-02 7.984130197591883049e-04
2.458774279771000147e+06 6.034821098224878860e-02 7.983907129099823002e-04
2.458774772838000208e+06 5.950216939511288050e-02 7.983777274343618413e-04
2.458775265906000044e+06 5.975232381451182906e-02 7.983771359731226978e-04
2.458775769499000162e+06 6.018634912093848849e-02 7.984112370849685836e-04
2.458776262566000223e+06 6.070868139356719317e-02 7.984068854108600666e-04
2.458776755632999819e+06 6.038501798691116307e-02 7.983771098387693358e-04
2.458777259227000177e+06 5.995828470546392397e-02 7.983678891688001343e-04
2.458777752293999773e+06 6.006866775958317334e-02 7.983992250048012329e-04
2.458778245360999834e+06 6.109127652894701110e-02 7.983745212423237411e-04
2.458778748955000192e+06 6.045123809162376155e-02 7.984174705005791942e-04
2.458779242021999788e+06 5.945067637703382174e-02 7.983986427408850057e-04
2.458779735088999849e+06 6.042179178999806943e-02 7.984181083877700709e-04
2.458780238681999967e+06 5.980380269625541062e-02 7.984039919487925753e-04
2.458780731749999803e+06 6.106916754253511465e-02 7.983668227144040961e-04
2.458781224816999864e+06 6.053213611841961467e-02 7.983708983978030516e-04
2.458781728409999982e+06 6.086320245368263826e-02 7.983649486372696238e-04
2.458782221477000043e+06 5.870031070420588665e-02 7.983776209821726554e-04
2.458782714544000104e+06 5.975232381451182906e-02 7.983771359731226978e-04
2.458783218137999997e+06 6.022316833943349573e-02 7.984004597791923659e-04
2.458783711205000058e+06 5.969346652267775583e-02 7.984154134709356768e-04
2.459622427943999879e+06 5.991417726372472163e-02 7.983875943831823330e-04
2.459622921010999940e+06 5.981118405101445989e-02 7.983923596288845966e-04
2.459623424604999833e+06 5.894307651949487470e-02 7.983678535328876192e-04
2.459623917671999894e+06 5.964197275320981539e-02 7.983858585504732082e-04
2.459624410738999955e+06 6.002453440076647301e-02 7.983654754099038173e-04
2.459624914332000073e+06 5.983322336508325318e-02 7.984110102568038256e-04
2.459625407399999909e+06 6.000983048799246600e-02 7.983909881610316839e-04
2.459625900466999970e+06 6.034087450438480049e-02 7.984048052658451701e-04
2.459626404060000088e+06 5.834714361351211326e-02 7.984108007700282429e-04
2.459626897127000149e+06 5.997303122540677961e-02 7.983985332101353012e-04
2.459627390194000211e+06 5.994359702154951342e-02 7.983931573155335359e-04
2.459627893788000103e+06 6.179014295775247384e-02 7.984019615035489953e-04
2.459628386855000164e+06 6.086320245368263826e-02 7.983649486372696238e-04
2.459628879922000226e+06 6.045123809162376155e-02 7.984174705005791942e-04
2.459629383516000118e+06 6.016429056111188833e-02 7.983956826765379418e-04
2.459629876583000179e+06 6.067190062666686506e-02 7.983702122619110251e-04
2.459630369649999775e+06 5.901662910990436439e-02 7.983856894220281268e-04
2.459630873244000133e+06 6.084111997070985184e-02 7.984115050633189227e-04
2.459631366311000194e+06 5.950216939511288050e-02 7.983777274343618413e-04
2.459631859377999790e+06 5.943594881159392634e-02 7.983650850635370423e-04
2.459632362970999908e+06 6.052477728094181331e-02 7.983853319239313543e-04
2.459632856037999969e+06 6.164303314088651758e-02 7.983747140680912471e-04
2.459633349105999805e+06 5.905343981665019115e-02 7.983941580558383960e-04
2.459633852698999923e+06 6.051006228969933037e-02 7.984141530541900931e-04
2.459634345765999984e+06 5.981851122191539361e-02 7.983799769391317991e-04
2.459634838833000045e+06 6.057630793613058562e-02 7.983955612488182830e-04
2.459635342426999938e+06 5.958311440323094815e-02 7.983662555779883581e-04
2.459635835493999999e+06 6.017166098933664914e-02 7.983826498679660140e-04
2.459636328561000060e+06 5.944333951286776691e-02 7.984096102876688493e-04
2.459636832154999953e+06 6.126781608315481215e-02 7.983680180744973402e-04
2.459637325222000014e+06 6.075287012976728768e-02 7.983725210716561931e-04
2.459637818289000075e+06 6.031881486598628106e-02 7.983906999142541087e-04
2.459638321882000193e+06 6.042913810609992775e-02 7.984038685760818732e-04
2.459638814950000029e+06 6.234930258601814601e-02 7.983913127834929742e-04
2.459639308017000090e+06 5.933295795874576894e-02 7.984025143293306754e-04
2.459639811610000208e+06 6.100300095086366031e-02 7.984007899090758654e-04
2.459640304676999804e+06 5.900190038427703676e-02 7.984038080768511396e-04
2.459640797743999865e+06 6.113540590146017417e-02 7.983881503425692590e-04
2.459641301338000223e+06 6.128254601673058244e-02 7.983906308068278385e-04
2.459641794404999819e+06 6.049535087601608935e-02 7.983871947012588163e-04
2.459642287471999880e+06 5.973025928582213762e-02 7.984124036908662970e-04
2.459642791065999772e+06 6.130461932556971472e-02 7.983958842531775450e-04
2.459643284132999834e+06 6.000242461808907857e-02 7.984029865252978983e-04
2.459643777199999895e+06 6.129722303480437257e-02 7.984124729001883811e-04
2.459644280793999787e+06 6.053213611841961467e-02 7.983708983978030516e-04
2.459644773860999849e+06 5.881801990579597211e-02 7.984075446436202442e-04
2.459645266927999910e+06 6.023786904417582910e-02 7.983734278611380204e-04
2.459645770521000028e+06 6.253322111996835464e-02 7.983850104345623739e-04
2.459646263588000089e+06 5.973025928582213762e-02 7.984124036908662970e-04
2.459646756655999925e+06 6.052477728094181331e-02 7.983853319239313543e-04
2.459647260249000043e+06 6.154738421575323137e-02 7.983830284887422383e-04
2.459647753316000104e+06 5.997303122540677961e-02 7.983985332101353012e-04
2.459648246383000165e+06 5.903136151228371986e-02 7.983675119680437192e-04
2.459648749977000058e+06 5.922261773602510715e-02 7.983904856477607804e-04
2.459649243044000119e+06 5.967873377756983261e-02 7.983832576646068303e-04
2.459649736111000180e+06 6.074548445785377115e-02 7.983873609581617009e-04
2.459650239705000073e+06 6.229781288910473530e-02 7.984205210739996929e-04
2.459650732772000134e+06 6.089998701033107892e-02 7.983987374706380188e-04
2.459651225839000195e+06 6.079697903786113883e-02 7.983922091968295460e-04
2.459651729431999847e+06 6.103239322388527566e-02 7.983919824723446565e-04
2.459652222500000149e+06 6.059098323077465736e-02 7.983657561576509160e-04
2.459652715567000210e+06 5.920053070680350582e-02 7.983653550561281521e-04
2.459653219159999862e+06 5.886950715614547996e-02 7.984015722008202696e-04
2.459653712226999924e+06 6.048064303902196681e-02 7.984159069941075505e-04
2.459654205293999985e+06 6.050270613571707978e-02 7.983728156136429138e-04
2.459654708887999877e+06 6.098828203670777354e-02 7.983766671765647012e-04
2.459655201954999939e+06 5.954630259023801359e-02 7.983666041597979341e-04
2.459655695022000000e+06 6.045123809162376155e-02 7.984174705005791942e-04
2.459656198615999892e+06 6.094414659924973776e-02 7.984163532806219134e-04
2.459656691682999954e+06 6.053949585061323829e-02 7.984122084959332719e-04
2.459657184750000015e+06 6.164303314088651758e-02 7.983747140680912471e-04
2.459657688343999907e+06 6.035560394165008502e-02 7.983773406571465512e-04
2.459658181410999969e+06 5.866350399423382600e-02 7.984173270853640522e-04
2.459658674478000030e+06 5.896512180441385725e-02 7.983949064679081269e-04
2.459659178071000148e+06 6.040704619996970642e-02 7.983901698872354147e-04
2.459659671138000209e+06 5.961989406148809900e-02 7.983648661260922628e-04
2.459660164206000045e+06 6.010547034523491816e-02 7.983901517883758726e-04
2.459660667799000163e+06 6.065720573361783191e-02 7.984003143122984101e-04
2.459661160866000224e+06 6.056894372872475424e-02 7.984100731343122398e-04
2.459661653932999820e+06 6.059098323077465736e-02 7.983657561576509160e-04
2.459662157527000178e+06 6.013487326138642480e-02 7.983930113631913100e-04
2.459662650593999773e+06 5.911226493260465786e-02 7.983727991872736430e-04
2.459663143660999835e+06 5.934033585338253924e-02 7.983924846084686786e-04
2.459663647255000193e+06 6.177546170934489211e-02 7.983829542634003282e-04
2.459664140321999788e+06 6.005395303567893223e-02 7.983695803071169748e-04
2.459664633388999850e+06 5.961989406148809900e-02 7.983648661260922628e-04
2.459665136981999967e+06 6.109859169573448462e-02 7.984138459969599734e-04
2.459665630049999803e+06 6.048064303902196681e-02 7.984159069941075505e-04
2.459666123116999865e+06 5.847222230241211349e-02 7.983989958466650811e-04
2.459666626709999982e+06 5.988471678895471162e-02 7.983811092614567870e-04
2.459667119777000044e+06 5.942861376497064058e-02 7.983760296258753759e-04
2.459667612844000105e+06 6.112071133462852052e-02 7.983651317410040554e-04
2.459668116437999997e+06 5.998772612143898203e-02 7.983731579144459590e-04
2.459668609505000059e+06 6.038501798691116307e-02 7.983771098387693358e-04
2.459669102572000120e+06 6.126048065559536876e-02 7.983852776372879229e-04
2.459669606166000012e+06 6.013487326138642480e-02 7.983930113631913100e-04
2.459670099233000074e+06 6.142970079342542633e-02 7.983840863896879024e-04
2.459670592300000135e+06 5.945801414676094021e-02 7.983876603237471904e-04
2.459671095894000027e+06 6.012750733929154295e-02 7.984059751453871515e-04
2.459671588961000089e+06 6.047329046151166121e-02 7.983745422474986626e-04
2.459672082028000150e+06 6.109127652894701110e-02 7.983745212423237411e-04
2.459672585620999802e+06 5.896512180441385725e-02 7.983949064679081269e-04
2.459673078687999863e+06 5.995094041370539056e-02 7.983805307799152554e-04
2.459673571756000165e+06 5.850901677574076726e-02 7.984164005496055625e-04
2.459674075348999817e+06 6.081170779257148717e-02 7.984175997669895955e-04
2.459674568415999878e+06 5.962725271710718478e-02 7.984084865203660035e-04
2.459675061482999939e+06 5.962725271710718478e-02 7.984084865203660035e-04
2.459675565076999832e+06 5.904604320889214608e-02 7.984029237957076044e-04
2.459676058143999893e+06 5.961989406148809900e-02 7.983648661260922628e-04
2.459676551210999954e+06 5.958311440323094815e-02 7.983662555779883581e-04
2.459677054804999847e+06 6.057630793613058562e-02 7.983955612488182830e-04
2.459677547871999908e+06 5.931088440554196234e-02 7.983786225311516067e-04
2.459678040938999970e+06 5.928881906432952043e-02 7.984092450271321889e-04
2.459678544532000087e+06 6.029670775688555223e-02 7.983757628365079767e-04
2.459679037599999923e+06 5.905343981665019115e-02 7.983941580558383960e-04
2.459679530666999985e+06 5.900929146233078321e-02 7.983951237720284628e-04
2.459680034260000102e+06 6.095885486175761647e-02 7.983844623909350756e-04
2.459680527327000163e+06 6.109127652894701110e-02 7.983745212423237411e-04
2.459681020394000225e+06 5.983322336508325318e-02 7.984110102568038256e-04
2.459681523988000117e+06 6.045123809162376155e-02 7.984174705005791942e-04
2.459682017055000179e+06 5.930356479323506402e-02 7.983893350740972009e-04
2.459682510121999774e+06 5.849430698386032940e-02 7.983772958800156548e-04
2.459683013716000132e+06 5.955370701370908681e-02 7.984110279206001410e-04
2.459683506783000194e+06 6.012014231944845521e-02 7.984189237727790404e-04
2.459683999849999789e+06 5.910491539445088954e-02 7.983824112857339185e-04
2.459684503444000147e+06 6.045123809162376155e-02 7.984174705005791942e-04
2.459684996511000209e+06 6.020109628520246836e-02 7.983850788173138752e-04
2.459685489577999804e+06 5.995828470546392397e-02 7.983678891688001343e-04
2.459685993170999922e+06 6.009074660598362483e-02 7.984159566006487560e-04
2.459686486237999983e+06 5.952425931438092704e-02 7.984000023177258718e-04
2.459686979305999819e+06 5.909756677007891451e-02 7.983920086524379060e-04
2.459687482898999937e+06 5.960517947455382104e-02 7.983874179562270397e-04
2.459687975965999998e+06 6.162095149283069312e-02 7.983724967914763299e-04
2.459688469033000059e+06 5.956105750011387451e-02 7.983998572192466331e-04
2.459688972626999952e+06 5.945801414676094021e-02 7.983876603237471904e-04
2.459689465694000013e+06 6.031142641287957212e-02 7.984040027710309715e-04
2.459689958761000074e+06 5.934771466544056656e-02 7.983824400481607120e-04
2.459690462354999967e+06 5.895040593341741020e-02 7.984128331098763048e-04
2.459690955422000028e+06 5.970814791156081602e-02 7.983918078638147647e-04
2.459691448489000089e+06 6.037762142458274334e-02 7.983905362959150707e-04
2.459691952082000207e+06 5.912696675071209967e-02 7.984079887299157588e-04
2.459692445150000043e+06 6.101036173998676537e-02 7.983847418948673358e-04
2.459692938217000104e+06 6.055421799958414508e-02 7.983832784291765815e-04
2.459693441810000222e+06 6.142234598385371697e-02 7.984016421956173374e-04
2.459693934876999818e+06 5.872237336285429654e-02 7.984072666855264195e-04
2.459807647255999967e+06 6.020841576828775410e-02 7.983712415753340405e-04
2.459808150849000085e+06 5.995094041370539056e-02 7.983805307799152554e-04
2.459808643916000146e+06 6.087054637433627485e-02 7.984052176928498274e-04
2.459809136983000208e+06 6.047329046151166121e-02 7.983745422474986626e-04
2.459809640577000100e+06 5.931825955539121731e-02 7.983686305054493206e-04
2.459810133644000161e+06 5.986265850750143586e-02 7.984178422421145350e-04
2.459810626711000223e+06 5.927413159539163257e-02 7.983752376058148373e-04
2.459811130305000115e+06 5.861937720312347666e-02 7.984106510226413348e-04
2.459811623372000176e+06 6.083377960029826698e-02 7.983712081497296338e-04
2.459812116438999772e+06 6.037028137131766892e-02 7.984046828426994390e-04
2.459812620031999890e+06 5.904604320889214608e-02 7.984029237957076044e-04
2.459813113100000191e+06 6.004659702550450839e-02 7.983823979170780183e-04
2.459813606166999787e+06 6.107653631550030715e-02 7.984069022723682416e-04
2.459814109759999905e+06 6.117218594744179561e-02 7.984177402045015840e-04
2.459814602826999966e+06 6.017166098933664914e-02 7.983826498679660140e-04
2.459815095894000027e+06 5.996568512734665873e-02 7.984111982284273351e-04
2.459815599487999920e+06 5.916379178695851254e-02 7.984148207120248192e-04
2.459816092554999981e+06 6.008338608896363064e-02 7.983734974542748292e-04
2.459816585622000042e+06 6.006130994700185216e-02 7.984120660857857953e-04
2.459817089215999935e+06 5.993625452888574207e-02 7.984057687791533712e-04
2.459817582282999996e+06 5.909756677007891451e-02 7.983920086524379060e-04
2.459818075350000057e+06 5.933295795874576894e-02 7.984025143293306754e-04
2.459818578943999950e+06 5.967873377756983261e-02 7.983832576646068303e-04
2.459819072011000011e+06 5.991417726372472163e-02 7.983875943831823330e-04
2.459819565078000072e+06 5.924471300566051812e-02 7.984155238628500365e-04
2.459820068671000190e+06 5.936242036744298484e-02 7.984162458862494385e-04
2.459820561737999786e+06 5.902396766989476823e-02 7.983762403807637435e-04
2.459821054806000087e+06 6.053213611841961467e-02 7.983708983978030516e-04
2.459821558399000205e+06 6.104712278383664370e-02 7.984159869879201227e-04
2.459822051465999801e+06 5.958311440323094815e-02 7.983662555779883581e-04
2.459822544532999862e+06 6.078225385049370461e-02 7.983667840891353141e-04
2.459823048127000220e+06 6.051006228969933037e-02 7.984141530541900931e-04
2.459823541193999816e+06 6.045858798792132227e-02 7.984031763626470808e-04
2.459824034260999877e+06 5.925202535411606269e-02 7.984049229746636653e-04
2.459824537854999769e+06 6.047329046151166121e-02 7.983745422474986626e-04
2.459825030921999831e+06 6.094414659924973776e-02 7.984163532806219134e-04
2.459825523988999892e+06 5.991417726372472163e-02 7.983875943831823330e-04
2.459826027582000010e+06 6.099564104980639834e-02 7.984168224296822255e-04
2.459826520649999846e+06 5.976701967912986108e-02 7.984083515196133476e-04
2.459827013716999907e+06 5.948748386341012190e-02 7.983998424835816879e-04
2.459827517310000025e+06 5.908281784491466182e-02 7.984104238411206689e-04
2.459828010377000086e+06 5.848692654057142948e-02 7.983842985607307900e-04
2.459828503444000147e+06 5.911961538465387161e-02 7.984176235315773324e-04
2.459829007038000040e+06 6.154738421575323137e-02 7.983830284887422383e-04
2.459829500105000101e+06 5.887682742191444052e-02 7.983923961768908629e-04
2.459829993172000162e+06 5.936242036744298484e-02 7.984162458862494385e-04
2.459830496766000055e+06 6.076758819859656019e-02 7.983980287790889974e-04
2.459830989833000116e+06 5.732456924662134023e-02 7.984095329495986566e-04
2.459831482900000177e+06 6.201820610695233521e-02 7.983785222949041360e-04
2.459831986494000070e+06 5.973025928582213762e-02 7.984124036908662970e-04
2.459832479561000131e+06 6.076758819859656019e-02 7.983980287790889974e-04
2.459832972628000192e+06 6.077492058217237592e-02 7.983824141303548332e-04
2.459833476220999844e+06 6.014224008584399817e-02 7.983800324226768578e-04
2.459833969287999906e+06 5.928881906432952043e-02 7.984092450271321889e-04
2.459834462356000207e+06 5.960517947455382104e-02 7.983874179562270397e-04
2.459834965948999859e+06 6.012750733929154295e-02 7.984059751453871515e-04
2.459835459015999921e+06 6.044383341799290654e-02 7.983753431530264330e-04
2.459835952082999982e+06 5.946540759180023172e-02 7.983773983651729512e-04
2.459836455676999874e+06 5.978909778721402252e-02 7.983728790845025583e-04
2.459836948743999936e+06 6.061308657913064279e-02 7.983778632133311810e-04
2.459837441810999997e+06 6.013487326138642480e-02 7.983930113631913100e-04
2.459837945404999889e+06 6.193731861658767490e-02 7.983640687677401749e-04
2.459838438471999951e+06 6.076020073742062488e-02 7.984128926730344215e-04
2.459838931539000012e+06 6.120160336785763350e-02 7.984071142727038224e-04
2.459839435132000130e+06 6.049535087601608935e-02 7.983871947012588163e-04
2.459839928199999966e+06 6.089263953771825721e-02 7.984145805030698788e-04
2.459840421267000027e+06 5.907547196797222760e-02 7.983655665043956845e-04
2.459840924860000145e+06 5.955370701370908681e-02 7.984110279206001410e-04
2.459841417927000206e+06 5.948748386341012190e-02 7.983998424835816879e-04
2.459841910993999802e+06 6.076758819859656019e-02 7.983980287790889974e-04
2.459842414588000160e+06 6.092203474799460367e-02 7.984072269399235602e-04
2.459842907655000221e+06 5.922998191015025476e-02 7.983806577106395417e-04
2.459843400721999817e+06 6.029670775688555223e-02 7.983757628365079767e-04
2.459843904316000175e+06 5.909021905937508062e-02 7.984015912908996133e-04
2.459844397382999770e+06 6.007602647353378622e-02 7.983863687954710457e-04
2.459844890449999832e+06 6.170921190100144005e-02 7.983792893472423406e-04
2.459845394044000190e+06 6.055421799958414508e-02 7.983832784291765815e-04
2.459845887110999785e+06 5.985532592899840687e-02 7.983751728136011423e-04
2.459846380177999847e+06 6.056894372872475424e-02 7.984100731343122398e-04
2.459846883770999964e+06 5.931825955539121731e-02 7.983686305054493206e-04
2.459847376838000026e+06 5.971551746001543814e-02 7.983803502644445200e-04
2.459847869905999862e+06 5.915643584237483682e-02 7.983700373991126304e-04
2.459848373498999979e+06 5.991417726372472163e-02 7.983875943831823330e-04
2.459848866566000041e+06 6.145912883953248002e-02 7.983703125621277250e-04
2.459849359633000102e+06 6.040704619996970642e-02 7.983901698872354147e-04
2.459849863226999994e+06 6.028199269289447743e-02 7.984030109016515900e-04
2.459850356294000056e+06 5.931825955539121731e-02 7.983686305054493206e-04
2.459850849361000117e+06 5.966405962120599482e-02 7.984067570350691662e-04
2.459851352955000009e+06 6.039970256956127270e-02 7.984043706744161370e-04
2.459851846022000071e+06 6.014960781277443880e-02 7.983670383203200294e-04
2.459852339089000132e+06 5.922261773602510715e-02 7.983904856477607804e-04
2.459852842681999784e+06 6.022316833943349573e-02 7.984004597791923659e-04
2.459853335750000086e+06 6.073077174260833183e-02 7.984177298822831351e-04
2.459853828817000147e+06 6.081170779257148717e-02 7.984175997669895955e-04
2.459854332409999799e+06 6.143705648367357025e-02 7.983665149319136298e-04
2.459854825476999860e+06 6.138552860426785274e-02 7.983753748121256034e-04
2.459855318543999922e+06 6.057630793613058562e-02 7.983955612488182830e-04
2.459855822137999814e+06 6.067927735197237854e-02 7.984113935331001600e-04
2.459856315204999875e+06 6.003188770815863495e-02 7.984079877845853563e-04
2.459856808271999937e+06 5.899456456795341280e-02 7.984132130461839803e-04
2.459857311865999829e+06 6.004659702550450839e-02 7.983823979170780183e-04
2.459857804932999890e+06 6.052477728094181331e-02 7.983853319239313543e-04
2.459858297999999952e+06 5.953895392475060111e-02 7.983777517887487296e-04
2.459858801593999844e+06 6.039970256956127270e-02 7.984043706744161370e-04
2.459859294660999905e+06 6.016429056111188833e-02 7.983956826765379418e-04
2.459859787727999967e+06 5.875180314073270849e-02 7.983745036221516012e-04
2.459860291321000084e+06 5.882533376926305652e-02 7.983984642171617491e-04
2.459860784388000146e+06 6.132670058497541321e-02 7.984010379038039172e-04
2.459861277455999982e+06 6.028937754022243439e-02 7.983897621489237676e-04
2.459861781049000099e+06 5.796459422782965221e-02 7.984080321520675922e-04
2.459862274116000161e+06 5.945801414676094021e-02 7.983876603237471904e-04
2.459862767183000222e+06 5.971551746001543814e-02 7.983803502644445200e-04
2.459863270777000114e+06 6.112803002598652530e-02 7.984044282576220272e-04
2.459863763844000176e+06 6.028199269289447743e-02 7.984030109016515900e-04
2.459864256910999771e+06 6.034087450438480049e-02 7.984048052658451701e-04
2.459864760505000129e+06 6.014224008584399817e-02 7.983800324226768578e-04
2.459865253572000191e+06 5.949482617614479385e-02 7.983887924042621341e-04
2.459865746638999786e+06 6.061308657913064279e-02 7.983778632133311810e-04
2.459866250231999904e+06 6.106916754253511465e-02 7.983668227144040961e-04
2.459866743300000206e+06 5.956105750011387451e-02 7.983998572192466331e-04
2.459867236366999801e+06 5.903136151228371986e-02 7.983675119680437192e-04
2.459867739959999919e+06 6.197406738203083826e-02 7.983811138227357674e-04
2.459868233026999980e+06 6.098092391146068408e-02 7.983926754975636825e-04
2.459868726094000041e+06 5.817794811537530669e-02 7.983996693858076178e-04
2.459869229687999934e+06 5.975232381451182906e-02 7.983771359731226978e-04
2.459869722754999995e+06 5.889157916652975472e-02 7.983754709047903532e-04
2.459870215822000057e+06 6.168716336246945348e-02 7.983781104200397350e-04
2.459870719415999949e+06 6.019372225144781902e-02 7.983981655435437932e-04
2.459871212483000010e+06 6.002453440076647301e-02 7.983654754099038173e-04
2.459871705550000072e+06 5.912696675071209967e-02 7.984079887299157588e-04
2.459872209143999964e+06 5.900929146233078321e-02 7.983951237720284628e-04
2.459872702211000025e+06 6.089998701033107892e-02 7.983987374706380188e-04
2.459873195278000087e+06 6.087054637433627485e-02 7.984052176928498274e-04
2.459873698871000204e+06 6.023786904417582910e-02 7.983734278611380204e-04
2.459874191937999800e+06 6.006130994700185216e-02 7.984120660857857953e-04
2.459874685006000102e+06 6.091468461536216072e-02 7.983670050587519419e-04
2.459875188599000219e+06 5.977439649390152432e-02 7.983967875029722742e-04
2.459875681665999815e+06 6.003188770815863495e-02 7.984079877845853563e-04
2.459876174732999876e+06 5.947274717974487812e-02 7.983663861866731413e-04
2.459876678326999769e+06 6.017903232047594475e-02 7.983696018843155530e-04
2.459877171393999830e+06 6.008338608896363064e-02 7.983734974542748292e-04
2.459877664460999891e+06 6.022316833943349573e-02 7.984004597791923659e-04
2.459878168054999784e+06 5.909021905937508062e-02 7.984015912908996133e-04
2.459878661121999845e+06 6.035560394165008502e-02 7.983773406571465512e-04
2.459879154188999906e+06 6.038501798691116307e-02 7.983771098387693358e-04
2.459987411249999888e+06 5.985532592899840687e-02 7.983751728136011423e-04
2.459987904316999950e+06 5.973025928582213762e-02 7.984124036908662970e-04
2.459988407910000067e+06 6.016429056111188833e-02 7.983956826765379418e-04
2.459988900977000128e+06 6.024524848613468930e-02 7.984157446974933601e-04
2.459989394044000190e+06 5.998037822340068770e-02 7.983858531066418416e-04
2.459989897638000082e+06 6.027466426512870235e-02 7.984169797986931686e-04
2.459990390705000143e+06 6.194467803661969640e-02 7.984018775882729003e-04
2.459990883772000205e+06 6.123842323930245996e-02 7.983798248170520008e-04
2.459991387366000097e+06 5.961253631400768860e-02 7.983761495133060880e-04
2.459991880433000159e+06 6.061308657913064279e-02 7.983778632133311810e-04
2.459992373500000220e+06 6.188582715222747110e-02 7.983843378552121957e-04
2.459992877094000112e+06 6.015692103569124372e-02 7.984087003135557524e-04
2.459993370161000174e+06 5.911961538465387161e-02 7.984176235315773324e-04
2.459993863227999769e+06 6.026728122003017357e-02 7.983746899006626636e-04
2.459994366820999887e+06 6.048064303902196681e-02 7.984159069941075505e-04
2.459994859887999948e+06 6.093679379886268038e-02 7.983761506616843555e-04
2.459995352955999784e+06 5.934033585338253924e-02 7.983924846084686786e-04
2.459995856548999902e+06 5.972288791806507069e-02 7.983688776740187863e-04
2.459996349615999963e+06 5.959782354301428053e-02 7.983986714583694508e-04
2.459996842683000024e+06 5.974494972375039153e-02 7.983886617606172518e-04
2.459997346276999917e+06 6.033348334919241829e-02 7.984181470252349347e-04
2.459997839343999978e+06 6.058361723930642123e-02 7.983802986961283880e-04
2.459998332411000039e+06 6.072344468550966434e-02 7.983773305954684979e-04
2.459998836004999932e+06 6.046593877784760263e-02 7.983888669461196297e-04
2.459999329071999993e+06 6.038501798691116307e-02 7.983771098387693358e-04
2.459999822139000054e+06 6.112071133462852052e-02 7.983651317410040554e-04
2.460000325732000172e+06 5.917114864623421872e-02 7.984051041757808187e-04
2.460000818800000008e+06 5.989944521513844433e-02 7.984119598798826737e-04
2.460001311867000069e+06 5.836923481335897640e-02 7.983905320780025931e-04
2.460001815460000187e+06 6.065720573361783191e-02 7.984003143122984101e-04
2.460002308526999783e+06 6.187841773189799166e-02 7.984027337462409890e-04
2.460002801593999844e+06 5.965669642321211330e-02 7.984181165984136075e-04
2.460003305188000202e+06 6.098828203670777354e-02 7.983766671765647012e-04
2.460003798254999798e+06 6.078964399297275001e-02 7.984078632920810518e-04
2.460004291321999859e+06 6.026728122003017357e-02 7.983746899006626636e-04
2.460004794916000217e+06 5.896512180441385725e-02 7.983949064679081269e-04
2.460005287982999813e+06 5.902396766989476823e-02 7.983762403807637435e-04
2.460005781049999874e+06 5.976701967912986108e-02 7.984083515196133476e-04
2.460006284644000232e+06 6.056158041657882379e-02 7.983687904149742868e-04
2.460006777710999828e+06 5.974494972375039153e-02 7.983886617606172518e-04
2.460007270777999889e+06 6.009074660598362483e-02 7.984159566006487560e-04
2.460007774371000007e+06 6.060571790057796282e-02 7.983924449908845087e-04
2.460008267438000068e+06 6.062040032011802720e-02 7.984183642202497292e-04
2.460008760505999904e+06 5.920789213446545768e-02 7.984100971688796533e-04
2.460009264099000022e+06 6.055421799958414508e-02 7.983832784291765815e-04
2.460009757166000083e+06 6.110596401909878378e-02 7.983976234522309826e-04
2.460010250233000144e+06 6.003188770815863495e-02 7.984079877845853563e-04
2.460010753827000037e+06 5.847960089017872204e-02 7.983920221102203205e-04
2.460011246894000098e+06 5.965669642321211330e-02 7.984181165984136075e-04
2.460011739961000159e+06 5.931088440554196234e-02 7.983786225311516067e-04
2.460012243555000052e+06 6.100300095086366031e-02 7.984007899090758654e-04
2.460012736622000113e+06 6.081170779257148717e-02 7.984175997669895955e-04
2.460013229689000174e+06 5.959782354301428053e-02 7.983986714583694508e-04
2.460013733281999826e+06 5.862672036308167606e-02 7.984026722970298182e-04
2.460014226350000128e+06 6.128254601673058244e-02 7.983906308068278385e-04
2.460014719417000189e+06 6.003188770815863495e-02 7.984079877845853563e-04
2.460015223009999841e+06 5.828832829982909941e-02 7.984112666374337678e-04
2.460015716076999903e+06 5.970083425906445862e-02 7.984039858325681863e-04
2.460016209143999964e+06 5.992151705181246457e-02 7.983750213659151530e-04
2.460016712737999856e+06 6.012750733929154295e-02 7.984059751453871515e-04
2.460017205804999918e+06 6.091468461536216072e-02 7.983670050587519419e-04
2.460017698871999979e+06 5.999507491963156774e-02 7.984157051361013288e-04
2.460018202465999871e+06 6.000983048799246600e-02 7.983909881610316839e-04
2.460018695532999933e+06 5.839864897068330896e-02 7.984163570505013957e-04
2.460019188599999994e+06 5.989210813063072791e-02 7.983693250495599129e-04
2.460019692193999887e+06 5.983322336508325318e-02 7.984110102568038256e-04
2.460020185260999948e+06 6.020109628520246836e-02 7.983850788173138752e-04
2.460020678328000009e+06 6.054685647763186768e-02 7.983977511216588550e-04
2.460021181921000127e+06 6.103239322388527566e-02 7.983919824723446565e-04
2.460021674988000188e+06 6.003924191636769714e-02 7.983952004083949864e-04
2.460022168056000024e+06 6.044383341799290654e-02 7.983753431530264330e-04
2.460022671649000142e+06 6.023049050612481331e-02 7.983865837441191191e-04
2.460023164716000203e+06 6.015692103569124372e-02 7.984087003135557524e-04
2.460023657782999799e+06 6.048064303902196681e-02 7.984159069941075505e-04
2.460024161377000157e+06 5.989210813063072791e-02 7.983693250495599129e-04
2.460024654444000218e+06 5.996568512734665873e-02 7.984111982284273351e-04
2.460025147510999814e+06 6.109859169573448462e-02 7.984138459969599734e-04
2.460025651105000172e+06 6.006866775958317334e-02 7.983992250048012329e-04
2.460026144171999767e+06 6.000983048799246600e-02 7.983909881610316839e-04
2.460026637238999829e+06 5.998037822340068770e-02 7.983858531066418416e-04
2.460027140831999946e+06 6.107653631550030715e-02 7.984069022723682416e-04
2.460027633899999782e+06 5.950951352042638948e-02 7.983666475703758009e-04
2.460028126966999844e+06 5.934033585338253924e-02 7.983924846084686786e-04
2.460028630559999961e+06 5.942127962357221516e-02 7.983869593275448075e-04
2.460029123627000023e+06 6.072344468550966434e-02 7.983773305954684979e-04
2.460029616694000084e+06 5.994359702154951342e-02 7.983931573155335359e-04
2.460030120287999976e+06 6.023049050612481331e-02 7.983865837441191191e-04
2.460030613355000038e+06 5.906812700435638136e-02 7.983751117353901855e-04
2.460031106422000099e+06 5.955370701370908681e-02 7.984110279206001410e-04
2.460031610015999991e+06 6.199616136665046101e-02 7.983802367736381406e-04
2.460032103083000053e+06 6.123842323930245996e-02 7.983798248170520008e-04
2.460032596150000114e+06 5.861198097926192951e-02 7.984178798536037619e-04
2.460033099744000006e+06 5.931825955539121731e-02 7.983686305054493206e-04
2.460033592811000068e+06 5.925202535411606269e-02 7.984049229746636653e-04
2.460034085878000129e+06 6.173132517685955140e-02 7.983811024580935757e-04
2.460034589470999781e+06 5.943594881159392634e-02 7.983650850635370423e-04
2.460035082537999842e+06 5.984793912664869431e-02 7.983868885568627411e-04
2.460035575606000144e+06 6.028199269289447743e-02 7.984030109016515900e-04
2.460036079198999796e+06 6.062777078381629409e-02 7.984037585447523394e-04
2.460036572265999857e+06 6.082638409229301768e-02 7.983861972184798242e-04
2.460037065332999919e+06 5.818528956879280567e-02 7.983932378758458633e-04
2.460037568926999811e+06 6.062040032011802720e-02 7.984183642202497292e-04
2.460038061993999872e+06 5.848692654057142948e-02 7.983842985607307900e-04
2.460038555060999934e+06 6.021579160207234799e-02 7.984135852746537072e-04
2.460039058654999826e+06 5.876652356018416401e-02 7.984121605573510231e-04
2.460039551721999887e+06 6.077492058217237592e-02 7.983824141303548332e-04
2.460040044788999949e+06 5.886213358646528310e-02 7.984099982380031416e-04
2.460040548382000066e+06 6.006866775958317334e-02 7.983992250048012329e-04
2.460041041449999902e+06 6.120160336785763350e-02 7.984071142727038224e-04
2.460041534516999964e+06 5.949482617614479385e-02 7.983887924042621341e-04
2.460042038110000081e+06 6.150324069715511210e-02 7.983768714600504449e-04
2.460042531177000143e+06 5.994359702154951342e-02 7.983931573155335359e-04
2.460043024244000204e+06 6.014224008584399817e-02 7.983800324226768578e-04
2.460043527838000096e+06 5.891365945239781382e-02 7.984034992880170104e-04
2.460044020905000158e+06 5.884007261200769473e-02 7.983817302225842483e-04
2.460044513972000219e+06 5.950216939511288050e-02 7.983777274343618413e-04
2.460045017566000111e+06 6.070135700162894443e-02 7.983664670889027183e-04
2.460045510633000173e+06 5.905343981665019115e-02 7.983941580558383960e-04
2.460046003699999768e+06 6.183432154365056665e-02 7.984032861035038906e-04
2.460046507294000126e+06 6.149587708285245147e-02 7.983945635790936713e-04
2.460047000361000188e+06 6.059098323077465736e-02 7.983657561576509160e-04
2.460047493427999783e+06 5.886213358646528310e-02 7.984099982380031416e-04
2.460047997020999901e+06 6.045858798792132227e-02 7.984031763626470808e-04
2.460048490087999962e+06 5.888420283226898644e-02 7.983839408642886626e-04
2.460048983155999798e+06 5.971551746001543814e-02 7.983803502644445200e-04
2.460049486748999916e+06 6.042179178999806943e-02 7.984181083877700709e-04
2.460049979815999977e+06 5.950216939511288050e-02 7.983777274343618413e-04
2.460050472883000039e+06 6.025995458072474359e-02 7.983886351444199414e-04
2.460050976476999931e+06 6.101036173998676537e-02 7.983847418948673358e-04
2.460051469543999992e+06 6.028937754022243439e-02 7.983897621489237676e-04
2.460051962611000054e+06 6.163565278961798816e-02 7.983926639217995723e-04
2.460052466204999946e+06 6.053213611841961467e-02 7.983708983978030516e-04
2.460052959272000007e+06 6.068665497416883547e-02 7.983966785413923895e-04
2.460053452339000069e+06 6.029670775688555223e-02 7.983757628365079767e-04
2.460053955932000186e+06 5.979647732700214130e-02 7.984163446061591811e-04
2.460054449000000022e+06 6.051006228969933037e-02 7.984141530541900931e-04
2.460054942067000084e+06 6.126781608315481215e-02 7.983680180744973402e-04
2.460055445660000201e+06 6.070868139356719317e-02 7.984068854108600666e-04
2.460055938726999797e+06 6.033348334919241829e-02 7.984181470252349347e-04
2.460056431793999858e+06 6.042913810609992775e-02 7.984038685760818732e-04
2.460056935388000216e+06 6.067190062666686506e-02 7.983702122619110251e-04
2.460057428454999812e+06 5.922998191015025476e-02 7.983806577106395417e-04
2.460057921521999873e+06 5.918581059714550507e-02 7.983848914745353235e-04
2.460058425116000231e+06 6.157681192402148646e-02 7.983677597336382185e-04
2.460058918182999827e+06 6.124575602567169236e-02 7.984190146633926522e-04
