2.458346727899000049e+06 1.574806504828000664e+00 7.282711422985903987e-03
2.458347220966000110e+06 1.568671477408035475e+00 7.283235912148207543e-03
2.458347714033000171e+06 1.568853532749429069e+00 7.284081182824400993e-03
2.458348217627000064e+06 1.564441038985149746e+00 7.283766920005822071e-03
2.458348710694000125e+06 1.563563774842479104e+00 7.284002816241211264e-03
2.458349203761000186e+06 1.560541059849313017e+00 7.282857028810214850e-03
2.458349707355000079e+06 1.553258003186054337e+00 7.283202364962854114e-03
2.458350200422000140e+06 1.552924708336973936e+00 7.283069847167371498e-03
2.458350693489000201e+06 1.565588418673596660e+00 7.283341080517769135e-03
2.458351197081999853e+06 1.565860972877330060e+00 7.283166830373957734e-03
2.458351690150000155e+06 1.572752557221618108e+00 7.283352828297666448e-03
2.458352183217000216e+06 1.571633219903582956e+00 7.283959333673141641e-03
2.458352686809999868e+06 1.571905378671279108e+00 7.283772914118614127e-03
2.458353179876999930e+06 1.566283597797465177e+00 7.283689952147365601e-03
2.458353672943999991e+06 1.559634379829623052e+00 7.282935091491875637e-03
2.458354176537999883e+06 1.574414931911940041e+00 7.283800768857488089e-03
2.458354669604999945e+06 1.574928347374231263e+00 7.283274885290966574e-03
2.458355162672000006e+06 1.569125210160388084e+00 7.283897345000222082e-03
2.458355666265999898e+06 1.570394624522991167e+00 7.284004433525884635e-03
2.458356159332999960e+06 1.565739831818248495e+00 7.284045476106941475e-03
2.458356652400000021e+06 1.587682288470941616e+00 7.283763260556914108e-03
2.458357155993999913e+06 1.561085895970216297e+00 7.283961900070277246e-03
2.458357649060999975e+06 1.571060103461118684e+00 7.284197143066721732e-03
2.458358142128000036e+06 1.558425335617356522e+00 7.283030738285106026e-03
2.458358645721000154e+06 1.577949862875961395e+00 7.284167809892776353e-03
2.458359138788000215e+06 1.556431457945819163e+00 7.283747380962053708e-03
2.458359631856000051e+06 1.560088372419368152e+00 7.283618180122739157e-03
2.458360135449000169e+06 1.560934932879300963e+00 7.283257512563233622e-03
2.458360628516000230e+06 1.565196254618024918e+00 7.282958276307822075e-03
2.458361121582999825e+06 1.569185910478971158e+00 7.284179116580019944e-03
2.458361625177000184e+06 1.576408616454607614e+00 7.284312703300363512e-03
2.458362118243999779e+06 1.564077973452224324e+00 7.283517118724169154e-03
2.458362611310999840e+06 1.567705204051620616e+00 7.283081299658729531e-03
2.458363114905000199e+06 1.561810722065324564e+00 7.283028465996755491e-03
2.458363607971999794e+06 1.553378178527906828e+00 7.283765865252049901e-03
2.458364101038999856e+06 1.560571243681299736e+00 7.284435232348835179e-03
2.458364604631999973e+06 1.568521225422601084e+00 7.283982963746275970e-03
2.458365097699999809e+06 1.572207993473048848e+00 7.283727089980530228e-03
2.458365590766999871e+06 1.576106644774259102e+00 7.284368992041769311e-03
2.458366094359999988e+06 1.566888164056820854e+00 7.283615052476275289e-03
2.458366587427000050e+06 1.580942228360134871e+00 7.283420219019997102e-03
2.458367080494000111e+06 1.566888164056820854e+00 7.283615052476275289e-03
2.458367584088000003e+06 1.563261384041449542e+00 7.284033918374755237e-03
2.458368077155000065e+06 1.571391501369601151e+00 7.284286359553660342e-03
2.458368570222000126e+06 1.563019513508149494e+00 7.284346514090047145e-03
2.458369073816000018e+06 1.573175593227216229e+00 7.283862942486079087e-03
2.458369566883000080e+06 1.554405771042870921e+00 7.284289248536188373e-03
2.458370059950000141e+06 1.570424998941658545e+00 7.284145320024593313e-03
2.458370563544000033e+06 1.574203233043753203e+00 7.284271269717552261e-03
2.458371056611000095e+06 1.566707779774325848e+00 7.284219534765017622e-03
2.458371549678000156e+06 1.570727328748654283e+00 7.284100931322709874e-03
2.458372053270999808e+06 1.573114738577006566e+00 7.283581183136742659e-03
2.458372546337999869e+06 1.568097996731099508e+00 7.284906094914344460e-03
2.458373039406000171e+06 1.570455373947825306e+00 7.284286209248315783e-03
2.458373542998999823e+06 1.556612092746989973e+00 7.284592710997773134e-03
2.458374036065999884e+06 1.559877163227376906e+00 7.284068803180974300e-03
2.458374529132999945e+06 1.571996591354060779e+00 7.284195568355493998e-03
2.458375032726999838e+06 1.565408184021205296e+00 7.283944397374959856e-03
2.458375525793999899e+06 1.572238402965715487e+00 7.285316056198584862e-03
2.458376018860999960e+06 1.558999586503196255e+00 7.284278508601974705e-03
2.458376522454999853e+06 1.565618700131102381e+00 7.284923942298062068e-03
2.458377015521999914e+06 1.569548716096166752e+00 7.284417656653966074e-03
2.458377508588999975e+06 1.570153096486033517e+00 7.284330311856936427e-03
2.458378012182000093e+06 1.570001256561491587e+00 7.285071913318797061e-03
2.458378505249999929e+06 1.575835209999038034e+00 7.284565886560900871e-03
2.458378998316999990e+06 1.579703571388901162e+00 7.284988514964602264e-03
2.458379501910000108e+06 1.570908175825461717e+00 7.284939592710010237e-03
2.458379994977000169e+06 1.579159509776380643e+00 7.285388430269774951e-03
2.458380488044000231e+06 1.579914554786896908e+00 7.285961489679026147e-03
2.458380991638000123e+06 1.569548716096166752e+00 7.285863264444531438e-03
2.458381484705000184e+06 1.581607806858127852e+00 7.286486547316291251e-03
2.458381977771999780e+06 1.564017470722341763e+00 7.286116399402838527e-03
2.458382481366000138e+06 1.557791034389082618e+00 7.285805555678217214e-03
2.458382974433000199e+06 1.563563774842479104e+00 7.286883007153130594e-03
2.458383467499999795e+06 1.554769455380025311e+00 7.287425549368654019e-03
2.458383971094000153e+06 1.564590900120844230e+00 7.287346730482939863e-03
2.458384464161000215e+06 1.574504840042916909e+00 7.287117060794889162e-03
2.458384957227999810e+06 1.571935782310805108e+00 7.288257215218688599e-03
2.458385460820999928e+06 1.567070012432176140e+00 7.288790341614732014e-03
2.458385953887999989e+06 1.563684747540354580e+00 7.288886999088976110e-03
2.458386446955999825e+06 1.568007010258270606e+00 7.288815962931293434e-03
2.458386950548999943e+06 1.562687002627818789e+00 7.289993309261652565e-03
2.458387443616000004e+06 1.568701818497760581e+00 7.290600922627500820e-03
2.458387936683000065e+06 1.574203233043753203e+00 7.290070848753951727e-03
2.458388440276999958e+06 1.572691718935575356e+00 7.291762104299864995e-03
2.458388933344000019e+06 1.573326291064445437e+00 7.291806114543231306e-03
2.458389426411000080e+06 1.566797247782675706e+00 7.293293947085126641e-03
2.458389930004999973e+06 1.576257623383152229e+00 7.293777498781212065e-03
2.458390423072000034e+06 1.574443933973876275e+00 7.294085757831776998e-03
2.458390916139000095e+06 1.573779920699871493e+00 7.295358030956503037e-03
2.458391419732000213e+06 1.558637783787977460e+00 7.296943604049018449e-03
2.458391912800000049e+06 1.572539633516342406e+00 7.298298775119223952e-03
2.458392405867000110e+06 1.579703571388901162e+00 7.299538122543919837e-03
2.458392909460000228e+06 1.575955680626547784e+00 7.302540888372079618e-03
2.458393402526999824e+06 1.578192590246719540e+00 7.304184691673271633e-03
2.458393895593999885e+06 1.581396597341526711e+00 7.305904783779575314e-03
2.458394399187999777e+06 1.588679896789434665e+00 7.308825154477571057e-03
2.458394892254999839e+06 1.580520015284257340e+00 7.312045045547129092e-03
2.458395385321999900e+06 1.576710645990746507e+00 7.314752413202074872e-03
2.458395888915999793e+06 1.589858232312141295e+00 7.320103417845325727e-03
2.458396381982999854e+06 1.591279251128765226e+00 7.323714897820719077e-03
2.458396875049999915e+06 1.579582814261740520e+00 7.329531964924616144e-03
2.458397378643999808e+06 1.581939972667796956e+00 7.334641497179993606e-03
2.458397871710999869e+06 1.586866529452473973e+00 7.342867824643696528e-03
2.458398364777999930e+06 1.588467742858744591e+00 7.350277079412809340e-03
2.458398868371000048e+06 1.607358680640425863e+00 7.360708176738508038e-03
2.458399361438000109e+06 1.602279956588944732e+00 7.371393113804013478e-03
2.458399854505999945e+06 1.609352577859866740e+00 7.384661677266247254e-03
2.458400358099000063e+06 1.622711074137428433e+00 7.401121196763130183e-03
2.458400851166000124e+06 1.615850585702998110e+00 7.420431394852428433e-03
2.458401344233000185e+06 1.632654914709064320e+00 7.443467199852864778e-03
2.458401847827000078e+06 1.660189259919616189e+00 7.472666820606376457e-03
2.458402340894000139e+06 1.670133548789866529e+00 7.506659244093447439e-03
2.458402833961000200e+06 1.691138590797447439e+00 7.549668799541661875e-03
2.458403337555000093e+06 1.711720295364446143e+00 7.605290003825178682e-03
2.458403830622000154e+06 1.743002459778056235e+00 7.675248116143739557e-03
2.458404323689000215e+06 1.787461926652792243e+00 7.765659716486570004e-03
2.458404827281999867e+06 1.861327526425299750e+00 7.891134666587164975e-03
2.458405320350000169e+06 1.929270839111488556e+00 8.063681610247402584e-03
2.458405813417000230e+06 2.050801375237469415e+00 8.316641202162111321e-03
2.458406317009999882e+06 2.252726147740684581e+00 8.730916025596247368e-03
2.458406810076999944e+06 2.634874897741169342e+00 9.464556911851123092e-03
2.458407303144000005e+06 3.587768396595717668e+00 1.113271499574212779e-02
2.458407806737999897e+06 7.541185086630884271e+00 1.695442476339523510e-02
2.458408299804999959e+06 4.421006974077838159e+00 1.251701415017542930e-02
2.458408792872000020e+06 2.881379088686688128e+00 9.925392323164607816e-03
2.458409296465999912e+06 2.346842800209822055e+00 8.937893879139294923e-03
2.458409789532999974e+06 2.107983465230321318e+00 8.445631667772051515e-03
2.458410282600000035e+06 1.968743784366884464e+00 8.147067201402707903e-03
2.458410786193999927e+06 1.871271486159042041e+00 7.945356812629207621e-03
2.458411279260999989e+06 1.816052502830398208e+00 7.807912314299958641e-03
2.458411772328000050e+06 1.751826937019731245e+00 7.706038920448545632e-03
2.458412275921000168e+06 1.724504770124698050e+00 7.627149090034796193e-03
2.458412768988000229e+06 1.703651657032502875e+00 7.567871372308346799e-03
2.458413262056000065e+06 1.664269292230629915e+00 7.521688400171731154e-03
2.458413765649000183e+06 1.644140017625072447e+00 7.483714673504140297e-03
2.458414258715999778e+06 1.624222790282356943e+00 7.452895008681541776e-03
2.458414751782999840e+06 1.620746901487626568e+00 7.427988996276533445e-03
2.458415255377000198e+06 1.619477057838623058e+00 7.407253284897320073e-03
2.458415748443999793e+06 1.614157840616054385e+00 7.390357428018083825e-03
2.458416241510999855e+06 1.606028323073536601e+00 7.376804063517397765e-03
2.458416745105000213e+06 1.601282657131019027e+00 7.363855301146818300e-03
2.458417238171999808e+06 1.603459518306433518e+00 7.353190311477410604e-03
2.458417731238999870e+06 1.584388202690744762e+00 7.344533404335489013e-03
2.458418234831999987e+06 1.591097524334541324e+00 7.337533066899783706e-03
2.458526481366999913e+06 1.567432328840482114e+00 7.283257262994041921e-03
2.458526984960000031e+06 1.568217875858348709e+00 7.284018634816955690e-03
2.458527478027000092e+06 1.570757709602449204e+00 7.282795098373111634e-03
2.458527971094000153e+06 1.553589938658320957e+00 7.283327895962055445e-03
2.458528474688000046e+06 1.575472402304062935e+00 7.282888746374270930e-03
2.458528967755000107e+06 1.565982123309082708e+00 7.283730327913848397e-03
2.458529460822000168e+06 1.556672309005914467e+00 7.283440761295877433e-03
2.458529964416000061e+06 1.561599279696749498e+00 7.283480755020044911e-03
2.458530457483000122e+06 1.561055702184067862e+00 7.283821017119190833e-03
2.458530950550000183e+06 1.552139674043131023e+00 7.283676831069164220e-03
2.458531454144000076e+06 1.573114738577006566e+00 7.283581183136742659e-03
2.458531947211000137e+06 1.574867424922796744e+00 7.282993148689284602e-03
2.458532440278000198e+06 1.544311124810336944e+00 7.283921486173063238e-03
2.458532943870999850e+06 1.569518358626148080e+00 7.282831185057549173e-03
2.458533436937999912e+06 1.581245126506535481e+00 7.283359293909531795e-03
2.458533930006000213e+06 1.580669960807794316e+00 7.283621729905459530e-03
2.458534433598999865e+06 1.565618700131102381e+00 7.283481954185967722e-03
2.458534926665999927e+06 1.567070012432176140e+00 7.283017042334246488e-03
2.458535419732999988e+06 1.562354562484599807e+00 7.282686536639927828e-03
2.458535923326999880e+06 1.561599279696749498e+00 7.283480755020044911e-03
2.458536416393999942e+06 1.561720100401931433e+00 7.282605879479192752e-03
2.458536909461000003e+06 1.574111892323983630e+00 7.283848611088217240e-03
2.458537413054999895e+06 1.563956970332871954e+00 7.282953637678991204e-03
2.458537906121999957e+06 1.567492963671343276e+00 7.283539009812794139e-03
2.458538399189000018e+06 1.580096459643085094e+00 7.283889720040604386e-03
2.458538902782000136e+06 1.571543475749237473e+00 7.283543401531717559e-03
2.458539395849999972e+06 1.566283597797465177e+00 7.283689952147365601e-03
2.458539888917000033e+06 1.573779920699871493e+00 7.283761991964320288e-03
2.458540392510000151e+06 1.577980383427307398e+00 7.282855325908327640e-03
2.458540885577000212e+06 1.573417586198266216e+00 7.283534208011566667e-03
2.458541378643999808e+06 1.562173261306820216e+00 7.283280242549095007e-03
2.458541882238000166e+06 1.555554387033771135e+00 7.283941042973200025e-03
2.458542375305000227e+06 1.577647595959487559e+00 7.282772478523398714e-03
2.458542868371999823e+06 1.563594017139517511e+00 7.282703579398471655e-03
2.458543371966000181e+06 1.555161871684907604e+00 7.283535432328545195e-03
2.458543865032999776e+06 1.569607987134680194e+00 7.283247076527324913e-03
2.458544358099999838e+06 1.565438461992630037e+00 7.282643460605821815e-03
2.458544861694000196e+06 1.570514679224557675e+00 7.283114789063536987e-03
2.458545354760999791e+06 1.572781528661198802e+00 7.283486993850564820e-03
2.458545847827999853e+06 1.564530377549582685e+00 7.282741879181483385e-03
2.458546351420999970e+06 1.567946355542709114e+00 7.282757484138023887e-03
2.458546844488000032e+06 1.558788524714132651e+00 7.283292342301884992e-03
2.458547337555999868e+06 1.567432328840482114e+00 7.283257262994041921e-03
2.458547841148999985e+06 1.562505662872503143e+00 7.283390868926009967e-03
2.458548334216000047e+06 1.576953182739569748e+00 7.283924195196852386e-03
2.458548827283000108e+06 1.566918470653874129e+00 7.283755931443614343e-03
2.458549330877000000e+06 1.570122727326374923e+00 7.282743285305756827e-03
2.458549823944000062e+06 1.561418066164674823e+00 7.282635554019651312e-03
2.458550317011000123e+06 1.571633219903582956e+00 7.283959333673141641e-03
2.458550820605000015e+06 1.570183466233089353e+00 7.283025012241703573e-03
2.458551313672000077e+06 1.549510059332855239e+00 7.282754133207747574e-03
2.458551806739000138e+06 1.568914222558389859e+00 7.282917938115371706e-03
2.458552310331999790e+06 1.566616873966701240e+00 7.283796879137546983e-03
2.458552803400000092e+06 1.565497577815171848e+00 7.282918475861230832e-03
2.458553296467000153e+06 1.562112832256310480e+00 7.282998505740154345e-03
2.458553800059999805e+06 1.571633219903582956e+00 7.283959333673141641e-03
2.458554293126999866e+06 1.562959051722335513e+00 7.282625197549481150e-03
2.458554786193999927e+06 1.567191256407140409e+00 7.283580528285058496e-03
2.458555289787999820e+06 1.557791034389082618e+00 7.282935998547190176e-03
2.458555782854999881e+06 1.559664546124693851e+00 7.283075957307475444e-03
2.458556275921999943e+06 1.569607987134680194e+00 7.283247076527324913e-03
2.458556779515999835e+06 1.575079213111509668e+00 7.283972565688430663e-03
2.458557272582999896e+06 1.573265430584839475e+00 7.282829861864011795e-03
2.458557765649999958e+06 1.552471370525409178e+00 7.283803493702387284e-03
2.458558269243999850e+06 1.570968945116605564e+00 7.283774488738470505e-03
2.458558762310999911e+06 1.556794182371875168e+00 7.284010988848727344e-03
2.458559255377999973e+06 1.559151798451683613e+00 7.283553672697702999e-03
2.458559758971000090e+06 1.557217228668283271e+00 7.283121860101474457e-03
2.458560252038000152e+06 1.552169695376338421e+00 7.283817711231416366e-03
2.458560745105999988e+06 1.556401354183612806e+00 7.283606502160095385e-03
2.458561248699000105e+06 1.558698078409094467e+00 7.282869740473330196e-03
2.458561741766000167e+06 1.571513079697519855e+00 7.283402526675031297e-03
2.458562234833000228e+06 1.561327467284536086e+00 7.283651026040782739e-03
2.458562738427000120e+06 1.578585102704612497e+00 7.282738426512069124e-03
2.458563231494000182e+06 1.577949862875961395e+00 7.282714464360075593e-03
2.458563724560999777e+06 1.563987220235058873e+00 7.283094503853284121e-03
2.458564228155000135e+06 1.571513079697519855e+00 7.283402526675031297e-03
2.458564721222000197e+06 1.567946355542709114e+00 7.282757484138023887e-03
2.458565214288999792e+06 1.568701818497760581e+00 7.283376783782250299e-03
2.458565717881999910e+06 1.572328186804399675e+00 7.282835754013406056e-03
2.458566210950000212e+06 1.560510876601132635e+00 7.282716167229050762e-03
2.458566704016999807e+06 1.566647175316488338e+00 7.283937761621760328e-03
2.458567207609999925e+06 1.579128966418929636e+00 7.283793088200219042e-03
2.458567700676999986e+06 1.573295860530355972e+00 7.282970725644270088e-03
2.458568193744000047e+06 1.578252187704790810e+00 7.282656160630160413e-03
2.458568697337999940e+06 1.578403371839806280e+00 7.283353781758671042e-03
2.458569190405000001e+06 1.580156128997183052e+00 7.282709404779751441e-03
2.458569683472000062e+06 1.566253303479822501e+00 7.283549074456165465e-03
2.458570187065999955e+06 1.567311066215227644e+00 7.282693802052308055e-03
2.458570680133000016e+06 1.565467298700356835e+00 7.282777613091562588e-03
2.458571173200000077e+06 1.573175593227216229e+00 7.283862942486079087e-03
2.458571676793999970e+06 1.574354029320787163e+00 7.283519011913194841e-03
2.458572169861000031e+06 1.574958809483721245e+00 7.283415757678827346e-03
2.458572662928000093e+06 1.573537872001465221e+00 7.282641743137615101e-03
2.458573166521000210e+06 1.563382333343398711e+00 7.283157554658953488e-03
2.458573659587999806e+06 1.564168731935511092e+00 7.283939758118054136e-03
2.458574152656000108e+06 1.568157212985940241e+00 7.283736869445021044e-03
2.458574656249000225e+06 1.563594017139517511e+00 7.282703579398471655e-03
2.458575149315999821e+06 1.564259495685224710e+00 7.282921685797826006e-03
2.458575642382999882e+06 1.569155560026167517e+00 7.282592983747191405e-03
2.458576145976999775e+06 1.566283597797465177e+00 7.283689952147365601e-03
2.458576639043999836e+06 1.568762502437785367e+00 7.283658535224566202e-03
2.458577132110999897e+06 1.571119431574317327e+00 7.283025162521029015e-03
2.458577635704999790e+06 1.571210598651082035e+00 7.283447773368254170e-03
2.458578128771999851e+06 1.555161871684907604e+00 7.283535432328545195e-03
2.458578621838999912e+06 1.549117642367448200e+00 7.283763339224331307e-03
2.458579125432000030e+06 1.568943123292587005e+00 7.283052095657244207e-03
2.458579618499999866e+06 1.563714992177240193e+00 7.283267041096700214e-03
2.458580111566999927e+06 1.571060103461118684e+00 7.282750143236951107e-03
2.458580615160000045e+06 1.577316331436093177e+00 7.282696049774452750e-03
2.458581108227000106e+06 1.560390149446179375e+00 7.283589920587499496e-03
2.458581601294000167e+06 1.569638346338284585e+00 7.283387948377308650e-03
2.458582104888000060e+06 1.574354029320787163e+00 7.283519011913194841e-03
2.458582597955000121e+06 1.566857858045943352e+00 7.283474176233751401e-03
2.458583091022000182e+06 1.570666568803879448e+00 7.283819162767327798e-03
2.458583594616000075e+06 1.569607987134680194e+00 7.283247076527324913e-03
2.458584087683000136e+06 1.570877792061414979e+00 7.283351858934088326e-03
2.458584580750000197e+06 1.567039702904073462e+00 7.282876177658151838e-03
2.458585084344000090e+06 1.569790151164604630e+00 7.282646518338745448e-03
2.458585577411000151e+06 1.558818674648756897e+00 7.283433215027394075e-03
2.458586070478000212e+06 1.571149820012131659e+00 7.283166030078772578e-03
2.458586574070999864e+06 1.582091510063580175e+00 7.282886333388218641e-03
2.458587067137999926e+06 1.568248208174557234e+00 7.282715111611839931e-03
2.458587560206000227e+06 1.566042702039935453e+00 7.284012093032730256e-03
2.458588063798999880e+06 1.566435078175144380e+00 7.282951641452962976e-03
2.458588556865999941e+06 1.567614240369982204e+00 7.282658710075576476e-03
2.458589049933000002e+06 1.560118547495519259e+00 7.283759059150573222e-03
2.458589553526999895e+06 1.561478468338729497e+00 7.282917276788102717e-03
2.458590046593999956e+06 1.561991981167879073e+00 7.283873712597366268e-03
2.458590539661000017e+06 1.567946355542709114e+00 7.282757484138023887e-03
2.458591043254999910e+06 1.562203476708687422e+00 7.283421115040572547e-03
2.458591536321999971e+06 1.574474386713889729e+00 7.282625683315596850e-03
2.458592029389000032e+06 1.570061990769209492e+00 7.283907649801796627e-03
2.458592532982000150e+06 1.572903214535328331e+00 7.282601818763650287e-03
2.458593026049999986e+06 1.577467425923445354e+00 7.283393674724027503e-03
2.458593519117000047e+06 1.576045676743121460e+00 7.282635621404644731e-03
2.458594022710000165e+06 1.570727328748654283e+00 7.282654237989774973e-03
2.458594515777000226e+06 1.566677477252361284e+00 7.282635683549046335e-03
2.458595008843999822e+06 1.571060103461118684e+00 7.282750143236951107e-03
2.458595512438000180e+06 1.579008253216241275e+00 7.283236293910394510e-03
2.458596005504999775e+06 1.569911605596299831e+00 7.283209975622168680e-03
2.458596498571999837e+06 1.564590900120844230e+00 7.283023606063037010e-03
2.458597002166000195e+06 1.562717227966420319e+00 7.282937732809247056e-03
2.458597495232999790e+06 1.560601428097099452e+00 7.283138760146236519e-03
2.458597988299999852e+06 1.579128966418929636e+00 7.283793088200219042e-03
2.458712204272000119e+06 1.553921945066103483e+00 7.283453147998369265e-03
2.458712697339000180e+06 1.554859673719536373e+00 7.283552179508686122e-03
2.458713200931999832e+06 1.584236445310960972e+00 7.284005359988989653e-03
2.458713694000000134e+06 1.570183466233089353e+00 7.283025012241703573e-03
2.458714187067000195e+06 1.560420330359271857e+00 7.283730799068736939e-03
2.458714690659999847e+06 1.571149820012131659e+00 7.283166030078772578e-03
2.458715183726999909e+06 1.557760904330590890e+00 7.282795135438605537e-03
2.458715676793999970e+06 1.563926721015759025e+00 7.282812774229239366e-03
2.458716180387999862e+06 1.587742244289516824e+00 7.282575953450162037e-03
2.458716673454999924e+06 1.557791034389082618e+00 7.282935998547190176e-03
2.458717166521999985e+06 1.549237497370191896e+00 7.282899982449216394e-03
2.458717670115999877e+06 1.568248208174557234e+00 7.282715111611839931e-03
2.458718163182999939e+06 1.558304769807917101e+00 7.283902546601492452e-03
2.458718656250000000e+06 1.568943123292587005e+00 7.283052095657244207e-03
2.458719159843999892e+06 1.561599279696749498e+00 7.283480755020044911e-03
2.458719652910999954e+06 1.574172785548266118e+00 7.282680514066865174e-03
2.458720145978000015e+06 1.566616873966701240e+00 7.283796879137546983e-03
2.458720649571000133e+06 1.582212458977391822e+00 7.283443100923998881e-03
2.458721142638000194e+06 1.568430214392578570e+00 7.283560321845451886e-03
2.458721635706000030e+06 1.562354562484599807e+00 7.282686536639927828e-03
2.458722139299000148e+06 1.578010904568978967e+00 7.282996190181108623e-03
2.458722632366000209e+06 1.574777496087323980e+00 7.284027695394328268e-03
2.458723125432999805e+06 1.560571243681299736e+00 7.282997893115933895e-03
2.458723629027000163e+06 1.566192716602341717e+00 7.283267327248087522e-03
2.458724122094000224e+06 1.569759789024862906e+00 7.283951463025066519e-03
2.458724615160999820e+06 1.573023461015458313e+00 7.283158564548643590e-03
2.458725118755000178e+06 1.578918087929204184e+00 7.282820403056333713e-03
2.458725611821999773e+06 1.578464431076445296e+00 7.283635532311172681e-03
2.458726104888999835e+06 1.571332162982589153e+00 7.284011292644661933e-03
2.458726608481999952e+06 1.564259495685224710e+00 7.282921685797826006e-03
2.458727101549999788e+06 1.571724416793854884e+00 7.282934387042395118e-03
2.458727594616999850e+06 1.564229240516809449e+00 7.282780822966074610e-03
2.458728098209999967e+06 1.560601428097099452e+00 7.283138760146236519e-03
2.458728591277000029e+06 1.576106644774259102e+00 7.282917344175680006e-03
2.458729084344000090e+06 1.564168731935511092e+00 7.283939758118054136e-03
2.458729587937999982e+06 1.567794729018617605e+00 7.283497205411483717e-03
2.458730081005000044e+06 1.560601428097099452e+00 7.283138760146236519e-03
2.458730574072000105e+06 1.576408616454607614e+00 7.282860777308075920e-03
2.458731077665999997e+06 1.562173261306820216e+00 7.283280242549095007e-03
2.458731570733000059e+06 1.568823188725318563e+00 7.283940297566203481e-03
2.458732063800000120e+06 1.571149820012131659e+00 7.283166030078772578e-03
2.458732567394000012e+06 1.565921546921577923e+00 7.283448573694399804e-03
2.458733060461000074e+06 1.562324344160502587e+00 7.283984632254429659e-03
2.458733553528000135e+06 1.558999586503196255e+00 7.282842616918827963e-03
2.458734057120999787e+06 1.571361108257300243e+00 7.282698193261598341e-03
2.458734550187999848e+06 1.559393070472753218e+00 7.283244517142111601e-03
2.458735043256000150e+06 1.568550118917451774e+00 7.282672452858233135e-03
2.458735546848999802e+06 1.566162424042480295e+00 7.283126457731100428e-03
2.458736039915999863e+06 1.551686565402836893e+00 7.282979698604041124e-03
2.458736532982999925e+06 1.560058197926849077e+00 7.283477303819721992e-03
2.458737036576999817e+06 1.563805729597874894e+00 7.283689665979373520e-03
2.458737529643999878e+06 1.552441343357343628e+00 7.283662613815123504e-03
2.458738022710999940e+06 1.564863280665994560e+00 7.282850219558422225e-03
2.458738526304999832e+06 1.574565748468058857e+00 7.283048270982312410e-03
2.458739019371999893e+06 1.562868363428881358e+00 7.283642089389326564e-03
2.458739512438999955e+06 1.554979972982401204e+00 7.282683517380703249e-03
2.458740016032000072e+06 1.563866224136726268e+00 7.283971429525280122e-03
2.458740509099999908e+06 1.575653795709105687e+00 7.283727268195611809e-03
2.458741002166999970e+06 1.578736318730264099e+00 7.283436055521001762e-03
2.458741505760000087e+06 1.564984353906443193e+00 7.283413692602156049e-03
2.458741998827000149e+06 1.569003816567284160e+00 7.283333834539243608e-03
2.458742491894000210e+06 1.573869792568062698e+00 7.282728348939441175e-03
2.458742995488000102e+06 1.565165981331260614e+00 7.282817412768351206e-03
2.458743488555000164e+06 1.557640389924124680e+00 7.283666350065654688e-03
2.458743981622000225e+06 1.580428308042920227e+00 7.283963838351093477e-03
2.458744485216000117e+06 1.562324344160502587e+00 7.283984632254429659e-03
2.458744978283000179e+06 1.566072992284145426e+00 7.282710573148956645e-03
2.458745471349999774e+06 1.559332748967479532e+00 7.282962781715126253e-03
2.458745974944000132e+06 1.567583920315679613e+00 7.283961650476948602e-03
2.458746468011000194e+06 1.573084312134665375e+00 7.283440307549304132e-03
2.458746961077999789e+06 1.556702418008902411e+00 7.283581636892091926e-03
2.458747464670999907e+06 1.556944744997345031e+00 7.283281450122709028e-03
2.458747957737999968e+06 1.579128966418929636e+00 7.283793088200219042e-03
2.458748450805999804e+06 1.568550118917451774e+00 7.282672452858233135e-03
2.458748954398999922e+06 1.576892181962068706e+00 7.283642433478097061e-03
2.458749447465999983e+06 1.579310780825702754e+00 7.283177115159276266e-03
2.458749940533000045e+06 1.571633219903582956e+00 7.283959333673141641e-03
2.458750444126999937e+06 1.561025508981913390e+00 7.283680136892995045e-03
2.458750937193999998e+06 1.566344188190605280e+00 7.283971715704317187e-03
2.458751430261000060e+06 1.566465376008655097e+00 7.283092507588670439e-03
2.458751933854999952e+06 1.565196254618024918e+00 7.282958276307822075e-03
2.458752426922000013e+06 1.559242271084661624e+00 7.283976314212699428e-03
2.458752919989000075e+06 1.576500090445992930e+00 7.283283378616551076e-03
2.458753423582000192e+06 1.569216261518810329e+00 7.282874704868848997e-03
2.458753916650000028e+06 1.563321857522740554e+00 7.282875822595908342e-03
2.458754409717000090e+06 1.557095322184220976e+00 7.283985839944833070e-03
2.458754913310000207e+06 1.575079213111509668e+00 7.283972565688430663e-03
2.458755406376999803e+06 1.565075164984112588e+00 7.283836325994551796e-03
2.458755899443999864e+06 1.577165251421022152e+00 7.283451114524321264e-03
2.458756403038000222e+06 1.563382333343398711e+00 7.283157554658953488e-03
2.458756896104999818e+06 1.571996591354060779e+00 7.282747705988497702e-03
2.458757389171999879e+06 1.558999586503196255e+00 7.282842616918827963e-03
2.458757892765999772e+06 1.574384480321873392e+00 7.283659889022926076e-03
2.458758385832999833e+06 1.563654503488446368e+00 7.282985304798427449e-03
2.458758878899999894e+06 1.576198101243185601e+00 7.283339948766548617e-03
2.458759382493999787e+06 1.563291620489679845e+00 7.282734960651220807e-03
2.458759875560999848e+06 1.563200912899434858e+00 7.283752152411612953e-03
2.458760368627999909e+06 1.577316331436093177e+00 7.282696049774452750e-03
2.458760872221000027e+06 1.568521225422601084e+00 7.283982963746275970e-03
2.458761365288000088e+06 1.568792845288107696e+00 7.283799415032943432e-03
2.458761858355999924e+06 1.561720100401931433e+00 7.282605879479192752e-03
2.458762361949000042e+06 1.565467298700356835e+00 7.282777613091562588e-03
2.458762855016000103e+06 1.582967505729738988e+00 7.284002894964307882e-03
2.458763348083000164e+06 1.573568307216516970e+00 7.282782603279300444e-03
2.458763851677000057e+06 1.565075164984112588e+00 7.283836325994551796e-03
2.458764344744000118e+06 1.563110210572363323e+00 7.283329523903284315e-03
2.458764837811000179e+06 1.565588418673596660e+00 7.283341080517769135e-03
2.458765341405000072e+06 1.545671502767782535e+00 7.283219785345163531e-03
2.458765834472000133e+06 1.552592914995872819e+00 7.282943758733283722e-03
2.458766327539000195e+06 1.561176480832737967e+00 7.282946668596492618e-03
2.458766831131999847e+06 1.573356722187119416e+00 7.283252461378559098e-03
2.458767324200000148e+06 1.560844362032227428e+00 7.282834912755596982e-03
2.458767817267000210e+06 1.571119431574317327e+00 7.283025162521029015e-03
2.458768320859999862e+06 1.568521225422601084e+00 7.283982963746275970e-03
2.458768813926999923e+06 1.558274629812997469e+00 7.283761664798393126e-03
2.458769306993999984e+06 1.572661300675080254e+00 7.282930222959480698e-03
2.458769810587999877e+06 1.567794729018617605e+00 7.283497205411483717e-03
2.458770303654999938e+06 1.563654503488446368e+00 7.282985304798427449e-03
2.458770796721999999e+06 1.565014623680187622e+00 7.283554567674811915e-03
2.458771300315999892e+06 1.573114738577006566e+00 7.283581183136742659e-03
2.458771793382999953e+06 1.583874620984950798e+00 7.283800565847019411e-03
2.458772286450000014e+06 1.566797247782675706e+00 7.283192431922960036e-03
2.458772790043999907e+06 1.568883877360445656e+00 7.282777075356103996e-03
2.458773283110999968e+06 1.556612092746989973e+00 7.283159018277639805e-03
2.458773776178000029e+06 1.562294126420874285e+00 7.283843748863668040e-03
2.458774279771000147e+06 1.572872792184185187e+00 7.283909631496398446e-03
2.458774772838000208e+06 1.561387865953847598e+00 7.283932788091935367e-03
2.458775265906000044e+06 1.564471298250150300e+00 7.283907801910569253e-03
2.458775769499000162e+06 1.571391501369601151e+00 7.282839054495135987e-03
2.458776262566000223e+06 1.567644561010732351e+00 7.282799570545433337e-03
2.458776755632999819e+06 1.572933637474897450e+00 7.282742678133120873e-03
2.458777259227000177e+06 1.565196254618024918e+00 7.282958276307822075e-03
2.458777752293999773e+06 1.576741142573281351e+00 7.282944784701672961e-03
2.458778245360999834e+06 1.578252187704790810e+00 7.282656160630160413e-03
2.458778748955000192e+06 1.566827552621230302e+00 7.283333302715988902e-03
2.458779242021999788e+06 1.562656777873821623e+00 7.282656009249501537e-03
2.458779735088999849e+06 1.576953182739569748e+00 7.283924195196852386e-03
2.458780238681999967e+06 1.553680088554218353e+00 7.283750524375943135e-03
2.458780731749999803e+06 1.571543475749237473e+00 7.283543401531717559e-03
2.458781224816999864e+06 1.573688604542149205e+00 7.283339362885042981e-03
2.458781728409999982e+06 1.561418066164674823e+00 7.282635554019651312e-03
2.458782221477000043e+06 1.577014185876835839e+00 7.282753484072992944e-03
2.458782714544000104e+06 1.571966186538395149e+00 7.282606846521780253e-03
2.458783218137999997e+06 1.553227960803311269e+00 7.283061496702336775e-03
2.458783711205000058e+06 1.562263909265703132e+00 7.283702868197807455e-03
2.459622427943999879e+06 1.577043235819240552e+00 7.282887638585460593e-03
2.459622921010999940e+06 1.569638346338284585e+00 7.283387948377308650e-03
2.459623424604999833e+06 1.575472402304062935e+00 7.282888746374270930e-03
2.459623917671999894e+06 1.565860972877330060e+00 7.283166830373957734e-03
2.459624410738999955e+06 1.569548716096166752e+00 7.282972048863402444e-03
2.459624914332000073e+06 1.568521225422601084e+00 7.283982963746275970e-03
2.459625407399999909e+06 1.565196254618024918e+00 7.282958276307822075e-03
2.459625900466999970e+06 1.579703571388901162e+00 7.283533554206670160e-03
2.459626404060000088e+06 1.563473051460896546e+00 7.283580173188475282e-03
2.459626897127000149e+06 1.561931559129771108e+00 7.283591952831413446e-03
2.459627390194000211e+06 1.567009393962203179e+00 7.282735315706595665e-03
2.459627893788000103e+06 1.571361108257300243e+00 7.282698193261598341e-03
2.459628386855000164e+06 1.562807907489957904e+00 7.283360338583181465e-03
2.459628879922000226e+06 1.573658167000363317e+00 7.283198491974777165e-03
2.459629383516000118e+06 1.578766854493162120e+00 7.283576931026199651e-03
2.459629876583000179e+06 1.556461562290289313e+00 7.283888262488877503e-03
2.459630369649999775e+06 1.559302589089872626e+00 7.282821918088514153e-03
2.459630873244000133e+06 1.566283597797465177e+00 7.283689952147365601e-03
2.459631366311000194e+06 1.572872792184185187e+00 7.283909631496398446e-03
2.459631859377999790e+06 1.573023461015458313e+00 7.283158564548643590e-03
2.459632362970999908e+06 1.565527857515642607e+00 7.283059341355452299e-03
2.459632856037999969e+06 1.564017470722341763e+00 7.283235372752223068e-03
2.459633349105999805e+06 1.570636189712881547e+00 7.283678282576997419e-03
2.459633852698999923e+06 1.570727328748654283e+00 7.282654237989774973e-03
2.459634345765999984e+06 1.562747453889637317e+00 7.283078598675935336e-03
2.459634838833000045e+06 1.561478468338729497e+00 7.282917276788102717e-03
2.459635342426999938e+06 1.575260561246367708e+00 7.283360343701900282e-03
2.459635835493999999e+06 1.561176480832737967e+00 7.282946668596492618e-03
2.459636328561000060e+06 1.565739831818248495e+00 7.282603376428439974e-03
2.459636832154999953e+06 1.574836964580824006e+00 7.282852284475330694e-03
2.459637325222000014e+06 1.559242271084661624e+00 7.283976314212699428e-03
2.459637818289000075e+06 1.571149820012131659e+00 7.283166030078772578e-03
2.459638321882000193e+06 1.566344188190605280e+00 7.283971715704317187e-03
2.459638814950000029e+06 1.569305872775863309e+00 7.283290598823853775e-03
2.459639308017000090e+06 1.554647740519475629e+00 7.283991287537801805e-03
2.459639811610000208e+06 1.566495674428183715e+00 7.283233376448998778e-03
2.459640304676999804e+06 1.569759789024862906e+00 7.283951463025066519e-03
2.459640797743999865e+06 1.579945113339121132e+00 7.283192047578344007e-03
2.459641301338000223e+06 1.555071635810824748e+00 7.283112816395042287e-03
2.459641794404999819e+06 1.562384781393176381e+00 7.282827397648002597e-03
2.459642287471999880e+06 1.589012084329065599e+00 7.284009788977744392e-03
2.459642791065999772e+06 1.564380522210918834e+00 7.283485164370894632e-03
2.459643284132999834e+06 1.557550010237835458e+00 7.283243726535851455e-03
2.459643777199999895e+06 1.562143046489364862e+00 7.283139372782305998e-03
2.459644280793999787e+06 1.557730774854860556e+00 7.282654275054529017e-03
2.459644773860999849e+06 1.555886813249530043e+00 7.282631591617197420e-03
2.459645266927999910e+06 1.571482684233707960e+00 7.283261654543080402e-03
2.459645770521000028e+06 1.563926721015759025e+00 7.282812774229239366e-03
2.459646263588000089e+06 1.557307589044313767e+00 7.283544476559756370e-03
2.459646756655999925e+06 1.558758375362659265e+00 7.283151472301093061e-03
2.459647260249000043e+06 1.569155560026167517e+00 7.282592983747191405e-03
2.459647753316000104e+06 1.562112832256310480e+00 7.282998505740154345e-03
2.459648246383000165e+06 1.573114738577006566e+00 7.283581183136742659e-03
2.459648749977000058e+06 1.564017470722341763e+00 7.283235372752223068e-03
2.459649243044000119e+06 1.574655665211526889e+00 7.283464174848939057e-03
2.459649736111000180e+06 1.573387153898389235e+00 7.283393333332697367e-03
2.459650239705000073e+06 1.553469746933885842e+00 7.282764429555856761e-03
2.459650732772000134e+06 1.570092358754107353e+00 7.282602425924565581e-03
2.459651225839000195e+06 1.570455373947825306e+00 7.282839766395010975e-03
2.459651729431999847e+06 1.564229240516809449e+00 7.282780822966074610e-03
2.459652222500000149e+06 1.570183466233089353e+00 7.283025012241703573e-03
2.459652715567000210e+06 1.557760904330590890e+00 7.282795135438605537e-03
2.459653219159999862e+06 1.560058197926849077e+00 7.283477303819721992e-03
2.459653712226999924e+06 1.574565748468058857e+00 7.283048270982312410e-03
2.459654205293999985e+06 1.555916907059536003e+00 7.282772451562532015e-03
2.459654708887999877e+06 1.558304769807917101e+00 7.283902546601492452e-03
2.459655201954999939e+06 1.565739831818248495e+00 7.282603376428439974e-03
2.459655695022000000e+06 1.561599279696749498e+00 7.283480755020044911e-03
2.459656198615999892e+06 1.556733961398562016e+00 7.283729223772560449e-03
2.459656691682999954e+06 1.566586573202988664e+00 7.283655999378218192e-03
2.459657184750000015e+06 1.562687002627818789e+00 7.282796869667120671e-03
2.459657688343999907e+06 1.564138478522605347e+00 7.283798875595226714e-03
2.459658181410999969e+06 1.568037338495937183e+00 7.283180079452722389e-03
2.459658674478000030e+06 1.566525973433741115e+00 7.283374248033995697e-03
2.459659178071000148e+06 1.575835209999038034e+00 7.283114488695479304e-03
2.459659671138000209e+06 1.576288111203368203e+00 7.283755869289653545e-03
2.459660164206000045e+06 1.554435836206703891e+00 7.282998452229974551e-03
2.459660667799000163e+06 1.571602822116076270e+00 7.283818450771692606e-03
2.459661160866000224e+06 1.568762502437785367e+00 7.283658535224566202e-03
2.459661653932999820e+06 1.552986212304968028e+00 7.283358294953909580e-03
2.459662157527000178e+06 1.566707779774325848e+00 7.282776543573503403e-03
2.459662650593999773e+06 1.571513079697519855e+00 7.283402526675031297e-03
2.459663143660999835e+06 1.547938136243466545e+00 7.283920259276641107e-03
2.459663647255000193e+06 1.572872792184185187e+00 7.283909631496398446e-03
2.459664140321999788e+06 1.561116090340370022e+00 7.282664944691087834e-03
2.459664633388999850e+06 1.570908175825461717e+00 7.283492732810763377e-03
2.459665136981999967e+06 1.570092358754107353e+00 7.282602425924565581e-03
2.459665630049999803e+06 1.577224810083585727e+00 7.283726160279252460e-03
2.459666123116999865e+06 1.577194304146182446e+00 7.283585281887734048e-03
2.459666626709999982e+06 1.570455373947825306e+00 7.282839766395010975e-03
2.459667119777000044e+06 1.568007010258270606e+00 7.283039211623242200e-03
2.459667612844000105e+06 1.562022193063438369e+00 7.284014596567660836e-03
2.459668116437999997e+06 1.584720952433060770e+00 7.283313863888873224e-03
2.459668609505000059e+06 1.549418724328443631e+00 7.283751922718744061e-03
2.459669102572000120e+06 1.566495674428183715e+00 7.283233376448998778e-03
2.459669606166000012e+06 1.565014623680187622e+00 7.283554567674811915e-03
2.459670099233000074e+06 1.568460550815818033e+00 7.283701199754195020e-03
2.459670592300000135e+06 1.582514142941572333e+00 7.283374301809038276e-03
2.459671095894000027e+06 1.569366580083231266e+00 7.283572346932176873e-03
2.459671588961000089e+06 1.570153096486033517e+00 7.282884147411461395e-03
2.459672082028000150e+06 1.561206676954970174e+00 7.283087534635992316e-03
2.459672585620999802e+06 1.574172785548266118e+00 7.282680514066865174e-03
2.459673078687999863e+06 1.564923816115334265e+00 7.283131950631009655e-03
2.459673571756000165e+06 1.555736352930178645e+00 7.283360218890118712e-03
2.459674075348999817e+06 1.562898592275345555e+00 7.283782968879611019e-03
2.459674568415999878e+06 1.572933637474897450e+00 7.282742678133120873e-03
2.459675061482999939e+06 1.574958809483721245e+00 7.283415757678827346e-03
2.459675565076999832e+06 1.574747037484712120e+00 7.283886811170659122e-03
2.459676058143999893e+06 1.559937505792868384e+00 7.282913825854754608e-03
2.459676551210999954e+06 1.574565748468058857e+00 7.283048270982312410e-03
2.459677054804999847e+06 1.569064512189856098e+00 7.283615584320103815e-03
2.459677547871999908e+06 1.559212112957035101e+00 7.283835430982820401e-03
2.459678040938999970e+06 1.566133574530189643e+00 7.282992298819461648e-03
2.459678544532000087e+06 1.555342359141682174e+00 7.282948214513894521e-03
2.459679037599999923e+06 1.577255316611031910e+00 7.283867041395628537e-03
2.459679530666999985e+06 1.563714992177240193e+00 7.283267041096700214e-03
2.459680034260000102e+06 1.568550118917451774e+00 7.282672452858233135e-03
2.459680527327000163e+06 1.569366580083231266e+00 7.283572346932176873e-03
2.459681020394000225e+06 1.560904742013009550e+00 7.283116643236078186e-03
2.459681523988000117e+06 1.557065205581866119e+00 7.283844956530712532e-03
2.459682017055000179e+06 1.558274629812997469e+00 7.283761664798393126e-03
2.459682510121999774e+06 1.568369543306346259e+00 7.283278574202293153e-03
2.459683013716000132e+06 1.566888164056820854e+00 7.283615052476275289e-03
2.459683506783000194e+06 1.579219143748339160e+00 7.282754520016598149e-03
2.459683999849999789e+06 1.575048748673229637e+00 7.283831682531053536e-03
2.459684503444000147e+06 1.564350264701670712e+00 7.283344290640626773e-03
2.459684996511000209e+06 1.566374484266130906e+00 7.282669917355196441e-03
2.459685489577999804e+06 1.564259495685224710e+00 7.282921685797826006e-03
2.459685993170999922e+06 1.562263909265703132e+00 7.283702868197807455e-03
2.459686486237999983e+06 1.563442811503513941e+00 7.283439297620569741e-03
2.459686979305999819e+06 1.571874975619806047e+00 7.283632034822804316e-03
2.459687482898999937e+06 1.561991981167879073e+00 7.283873712597366268e-03
2.459687975965999998e+06 1.554285516202488227e+00 7.283725707756036512e-03
2.459688469033000059e+06 1.570122727326374923e+00 7.282743285305756827e-03
2.459688972626999952e+06 1.559513720483848731e+00 7.283808020692590993e-03
2.459689465694000013e+06 1.562022193063438369e+00 7.284014596567660836e-03
2.459689958761000074e+06 1.577829239807370998e+00 7.283610986958139605e-03
2.459690462354999967e+06 1.558878976267488170e+00 7.283714968652706817e-03
2.459690955422000028e+06 1.569185910478971158e+00 7.282733842945776984e-03
2.459691448489000089e+06 1.562868363428881358e+00 7.283642089389326564e-03
2.459691952082000207e+06 1.580640844059261640e+00 7.283487561870654117e-03
2.459692445150000043e+06 1.575894718435103314e+00 7.283389521738373347e-03
2.459692938217000104e+06 1.554617671257089384e+00 7.283850404018316765e-03
2.459693441810000222e+06 1.564168731935511092e+00 7.283939758118054136e-03
2.459693934876999818e+06 1.569003816567284160e+00 7.283333834539243608e-03
2.459807647255999967e+06 1.569125210160388084e+00 7.283897345000222082e-03
2.459808150849000085e+06 1.568369543306346259e+00 7.283278574202293153e-03
2.459808643916000146e+06 1.569366580083231266e+00 7.283572346932176873e-03
2.459809136983000208e+06 1.570001256561491587e+00 7.283625888723059723e-03
2.459809640577000100e+06 1.553953432115162459e+00 7.283600732275248568e-03
2.459810133644000161e+06 1.559755048510792941e+00 7.283498571102162318e-03
2.459810626711000223e+06 1.566948777837114726e+00 7.283896813135819735e-03
2.459811130305000115e+06 1.578071948623344323e+00 7.283277926900474236e-03
2.459811623372000176e+06 1.564681688367638435e+00 7.283446216819947257e-03
2.459812116438999772e+06 1.562233692694978027e+00 7.283561990256793260e-03
2.459812620031999890e+06 1.574293129085509335e+00 7.283237265868013066e-03
2.459813113100000191e+06 1.566888164056820854e+00 7.283615052476275289e-03
2.459813606166999787e+06 1.571149820012131659e+00 7.283166030078772578e-03
2.459814109759999905e+06 1.561750307038804797e+00 7.282746738927207281e-03
2.459814602826999966e+06 1.561599279696749498e+00 7.283480755020044911e-03
2.459815095894000027e+06 1.565830686733899357e+00 7.283025962800735234e-03
2.459815599487999920e+06 1.569246613145696356e+00 7.283015569516457753e-03
2.459816092554999981e+06 1.552501398274257260e+00 7.283944376314539088e-03
2.459816585622000042e+06 1.576500090445992930e+00 7.283283378616551076e-03
2.459817089215999935e+06 1.566103283114226530e+00 7.282851434621944245e-03
2.459817582282999996e+06 1.571785217660609524e+00 7.283216121370957030e-03
2.459818075350000057e+06 1.564441038985149746e+00 7.283766920005822071e-03
2.459818578943999950e+06 1.563503292003177281e+00 7.283721051481183845e-03
2.459819072011000011e+06 1.571513079697519855e+00 7.283402526675031297e-03
2.459819565078000072e+06 1.566344188190605280e+00 7.283971715704317187e-03
2.459820068671000190e+06 1.563594017139517511e+00 7.282703579398471655e-03
2.459820561737999786e+06 1.570514679224557675e+00 7.283114789063536987e-03
2.459821054806000087e+06 1.564047721794726398e+00 7.283376244375833197e-03
2.459821558399000205e+06 1.576590117651492484e+00 7.283699295909174150e-03
2.459822051465999801e+06 1.568823188725318563e+00 7.283940297566203481e-03
2.459822544532999862e+06 1.562173261306820216e+00 7.283280242549095007e-03
2.459823048127000220e+06 1.553559889855438803e+00 7.283187025273577496e-03
2.459823541193999816e+06 1.561991981167879073e+00 7.283873712597366268e-03
2.459824034260999877e+06 1.569185910478971158e+00 7.282733842945776984e-03
2.459824537854999769e+06 1.564772481882586552e+00 7.283868852099618062e-03
2.459825030921999831e+06 1.567855377868626610e+00 7.283778961512188746e-03
2.459825523988999892e+06 1.569579074153356402e+00 7.283112915393828019e-03
2.459826027582000010e+06 1.572177584568543285e+00 7.283586211571030540e-03
2.459826520649999846e+06 1.565044894039407053e+00 7.283695445472260395e-03
2.459827013716999907e+06 1.569881241107444092e+00 7.283069107214450513e-03
2.459827517310000025e+06 1.573658167000363317e+00 7.283198491974777165e-03
2.459828010377000086e+06 1.549358788657628994e+00 7.283470167663972338e-03
2.459828503444000147e+06 1.572328186804399675e+00 7.282835754013406056e-03
2.459829007038000040e+06 1.567039702904073462e+00 7.282876177658151838e-03
2.459829500105000101e+06 1.563654503488446368e+00 7.282985304798427449e-03
2.459829993172000162e+06 1.572238402965715487e+00 7.283867971114863296e-03
2.459830496766000055e+06 1.576257623383152229e+00 7.283614990323515788e-03
2.459830989833000116e+06 1.569185910478971158e+00 7.282733842945776984e-03
2.459831482900000177e+06 1.582091510063580175e+00 7.282886333388218641e-03
2.459831986494000070e+06 1.568973469636455009e+00 7.283192963735904413e-03
2.459832479561000131e+06 1.578736318730264099e+00 7.283436055521001762e-03
2.459832972628000192e+06 1.565226528490331948e+00 7.283099142571860043e-03
2.459833476220999844e+06 1.575894718435103314e+00 7.283389521738373347e-03
2.459833969287999906e+06 1.568853532749429069e+00 7.282636215321363488e-03
2.459834462356000207e+06 1.576861682458201575e+00 7.283501556705983780e-03
2.459834965948999859e+06 1.563805729597874894e+00 7.283689665979373520e-03
2.459835459015999921e+06 1.571180209037716047e+00 7.283306900361163037e-03
2.459835952082999982e+06 1.571421895069762709e+00 7.282979918453199100e-03
2.459836455676999874e+06 1.570273132723084109e+00 7.283440914780125314e-03
2.459836948743999936e+06 1.576953182739569748e+00 7.283924195196852386e-03
2.459837441810999997e+06 1.573084312134665375e+00 7.283440307549304132e-03
2.459837945404999889e+06 1.579945113339121132e+00 7.283192047578344007e-03
2.459838438471999951e+06 1.577406405253644284e+00 7.283111933527250392e-03
2.459838931539000012e+06 1.571149820012131659e+00 7.283166030078772578e-03
2.459839435132000130e+06 1.567885703173434564e+00 7.283919843649839035e-03
2.459839928199999966e+06 1.567794729018617605e+00 7.283497205411483717e-03
2.459840421267000027e+06 1.566738082882404237e+00 7.282917406322485937e-03
2.459840924860000145e+06 1.576045676743121460e+00 7.282635621404644731e-03
2.459841417927000206e+06 1.566283597797465177e+00 7.283689952147365601e-03
2.459841910993999802e+06 1.574747037484712120e+00 7.283886811170659122e-03
2.459842414588000160e+06 1.564350264701670712e+00 7.283344290640626773e-03
2.459842907655000221e+06 1.564017470722341763e+00 7.283235372752223068e-03
2.459843400721999817e+06 1.571149820012131659e+00 7.283166030078772578e-03
2.459843904316000175e+06 1.566404780927640017e+00 7.282810778041820879e-03
2.459844397382999770e+06 1.561387865953847598e+00 7.283932788091935367e-03
2.459844890449999832e+06 1.569003816567284160e+00 7.283333834539243608e-03
2.459845394044000190e+06 1.565618700131102381e+00 7.283481954185967722e-03
2.459845887110999785e+06 1.559574048989856632e+00 7.282653368034303597e-03
2.459846380177999847e+06 1.563835976574783571e+00 7.283830546389879340e-03
2.459846883770999964e+06 1.566738082882404237e+00 7.282917406322485937e-03
2.459847376838000026e+06 1.564590900120844230e+00 7.283023606063037010e-03
2.459847869905999862e+06 1.573961119239546402e+00 7.283150942563494656e-03
2.459848373498999979e+06 1.568430214392578570e+00 7.283560321845451886e-03
2.459848866566000041e+06 1.565287077991615039e+00 7.283380883273828099e-03
2.459849359633000102e+06 1.562233692694978027e+00 7.283561990256793260e-03
2.459849863226999994e+06 1.560510876601132635e+00 7.282716167229050762e-03
2.459850356294000056e+06 1.572057402749664545e+00 7.283029433095456091e-03
2.459850849361000117e+06 1.575925199236047236e+00 7.283530396343516899e-03
2.459851352955000009e+06 1.564320007777644017e+00 7.283203419635050045e-03
2.459851846022000071e+06 1.561387865953847598e+00 7.283932788091935367e-03
2.459852339089000132e+06 1.561176480832737967e+00 7.282946668596492618e-03
2.459852842681999784e+06 1.559181955412712872e+00 7.283694550477840673e-03
2.459853335750000086e+06 1.575411458807119525e+00 7.282607024709450601e-03
2.459853828817000147e+06 1.566162424042480295e+00 7.283126457731100428e-03
2.459854332409999799e+06 1.561478468338729497e+00 7.282917276788102717e-03
2.459854825476999860e+06 1.573810360596605396e+00 7.283902873773748753e-03
2.459855318543999922e+06 1.578221661896334949e+00 7.283968898802920151e-03
2.459855822137999814e+06 1.570696948482466437e+00 7.283960045682547069e-03
2.459856315204999875e+06 1.566797247782675706e+00 7.283192431922960036e-03
2.459856808271999937e+06 1.573175593227216229e+00 7.283862942486079087e-03
2.459857311865999829e+06 1.560814172917714293e+00 7.282694051602166263e-03
2.459857804932999890e+06 1.562082618607645523e+00 7.282857641422585404e-03
2.459858297999999952e+06 1.564017470722341763e+00 7.283235372752223068e-03
2.459858801593999844e+06 1.563835976574783571e+00 7.283830546389879340e-03
2.459859294660999905e+06 1.568339208643336091e+00 7.283137704467796021e-03
2.459859787727999967e+06 1.570545055965311354e+00 7.283255658354830485e-03
2.459860291321000084e+06 1.581093670179868127e+00 7.282661672253052006e-03
2.459860784388000146e+06 1.572510666532593859e+00 7.283680978248415275e-03
2.459861277455999982e+06 1.574384480321873392e+00 7.283659889022926076e-03
2.459861781049000099e+06 1.557941693423350982e+00 7.283640354959543609e-03
2.459862274116000161e+06 1.569034164085080674e+00 7.283474708067293885e-03
2.459862767183000222e+06 1.561538872849392634e+00 7.283199010454767877e-03
2.459863270777000114e+06 1.561327467284536086e+00 7.283651026040782739e-03
2.459863763844000176e+06 1.575380987942700317e+00 7.283917147475173562e-03
2.459864256910999771e+06 1.564863280665994560e+00 7.282850219558422225e-03
2.459864760505000129e+06 1.562656777873821623e+00 7.282656009249501537e-03
2.459865253572000191e+06 1.561538872849392634e+00 7.283199010454767877e-03
2.459865746638999786e+06 1.566738082882404237e+00 7.282917406322485937e-03
2.459866250231999904e+06 1.576861682458201575e+00 7.283501556705983780e-03
2.459866743300000206e+06 1.568973469636455009e+00 7.283192963735904413e-03
2.459867236366999801e+06 1.577134746635574292e+00 7.283310241452608212e-03
2.459867739959999919e+06 1.570122727326374923e+00 7.282743285305756827e-03
2.459868233026999980e+06 1.572026996757813544e+00 7.282888568179705924e-03
2.459868726094000041e+06 1.564530377549582685e+00 7.282741879181483385e-03
2.459869229687999934e+06 1.565287077991615039e+00 7.283380883273828099e-03
2.459869722754999995e+06 1.556672309005914467e+00 7.283440761295877433e-03
2.459870215822000057e+06 1.564198985933575203e+00 7.282639962858822660e-03
2.459870719415999949e+06 1.574504840042916909e+00 7.282766543146654802e-03
2.459871212483000010e+06 1.574293129085509335e+00 7.283237265868013066e-03
2.459871705550000072e+06 1.568157212985940241e+00 7.283736869445021044e-03
2.459872209143999964e+06 1.563079977632877871e+00 7.283188653183319400e-03
2.459872702211000025e+06 1.570092358754107353e+00 7.282602425924565581e-03
2.459873195278000087e+06 1.561599279696749498e+00 7.283480755020044911e-03
2.459873698871000204e+06 1.566435078175144380e+00 7.282951641452962976e-03
2.459874191937999800e+06 1.555796535311828599e+00 7.283641969691636436e-03
2.459874685006000102e+06 1.561569075980980603e+00 7.283339881375062996e-03
2.459875188599000219e+06 1.566162424042480295e+00 7.283126457731100428e-03
2.459875681665999815e+06 1.559513720483848731e+00 7.283808020692590993e-03
2.459876174732999876e+06 1.558607637352058761e+00 7.283882693850209263e-03
2.459876678326999769e+06 1.553046288299688937e+00 7.283640045680998994e-03
2.459877171393999830e+06 1.578313241092995867e+00 7.282937884195763226e-03
2.459877664460999891e+06 1.565709548017870878e+00 7.283904591539366868e-03
2.459878168054999784e+06 1.568369543306346259e+00 7.283278574202293153e-03
2.459878661121999845e+06 1.570333877448107929e+00 7.283722668703297015e-03
2.459879154188999906e+06 1.564590900120844230e+00 7.283023606063037010e-03
2.459987411249999888e+06 1.582333417137596232e+00 7.283999911023960466e-03
2.459987904316999950e+06 1.564681688367638435e+00 7.283446216819947257e-03
2.459988407910000067e+06 1.566344188190605280e+00 7.283971715704317187e-03
2.459988900977000128e+06 1.571543475749237473e+00 7.283543401531717559e-03
2.459989394044000190e+06 1.562173261306820216e+00 7.283280242549095007e-03
2.459989897638000082e+06 1.568037338495937183e+00 7.283180079452722389e-03
2.459990390705000143e+06 1.568580457659872751e+00 7.282813313593901675e-03
2.459990883772000205e+06 1.567341380992007815e+00 7.282834663200885017e-03
2.459991387366000097e+06 1.575140143755801470e+00 7.282803582492324360e-03
2.459991880433000159e+06 1.564259495685224710e+00 7.282921685797826006e-03
2.459992373500000220e+06 1.572661300675080254e+00 7.282930222959480698e-03
2.459992877094000112e+06 1.569668706129093705e+00 7.283528822952022551e-03
2.459993370161000174e+06 1.566374484266130906e+00 7.282669917355196441e-03
2.459993863227999769e+06 1.566374484266130906e+00 7.282669917355196441e-03
2.459994366820999887e+06 1.576681602174816454e+00 7.282669768452797350e-03
2.459994859887999948e+06 1.554617671257089384e+00 7.283850404018316765e-03
2.459995352955999784e+06 1.567402012304626391e+00 7.283116393671712485e-03
2.459995856548999902e+06 1.569638346338284585e+00 7.283387948377308650e-03
2.459996349615999963e+06 1.564560638542561000e+00 7.282882741259991827e-03
2.459996842683000024e+06 1.573810360596605396e+00 7.283902873773748753e-03
2.459997346276999917e+06 1.557004974124648333e+00 7.283563197877119047e-03
2.459997839343999978e+06 1.545580394024947291e+00 7.282790480025599922e-03
2.459998332411000039e+06 1.560661798680181844e+00 7.283420502380804143e-03
2.459998836004999932e+06 1.559302589089872626e+00 7.282821918088514153e-03
2.459999329071999993e+06 1.568550118917451774e+00 7.282672452858233135e-03
2.459999822139000054e+06 1.549842621316447344e+00 7.282889728926402600e-03
2.460000325732000172e+06 1.577798722179373447e+00 7.283470110794248130e-03
2.460000818800000008e+06 1.570122727326374923e+00 7.282743285305756827e-03
2.460001311867000069e+06 1.564833013819455276e+00 7.282709358108934057e-03
2.460001815460000187e+06 1.565287077991615039e+00 7.283380883273828099e-03
2.460002308526999783e+06 1.564108225694846865e+00 7.283657995797282979e-03
2.460002801593999844e+06 1.577436915293481290e+00 7.283252802763287743e-03
2.460003305188000202e+06 1.569970890338649117e+00 7.283485012270947412e-03
2.460003798254999798e+06 1.560661798680181844e+00 7.283420502380804143e-03
2.460004291321999859e+06 1.570788091043872514e+00 7.282935961480977230e-03
2.460004794916000217e+06 1.558698078409094467e+00 7.282869740473330196e-03
2.460005287982999813e+06 1.568097996731099508e+00 7.283461823285693713e-03
2.460005781049999874e+06 1.567039702904073462e+00 7.282876177658151838e-03
2.460006284644000232e+06 1.568399878556091753e+00 7.283419446661502233e-03
2.460006777710999828e+06 1.562294126420874285e+00 7.283843748863668040e-03
2.460007270777999889e+06 1.570847408885041929e+00 7.283210987782152979e-03
2.460007774371000007e+06 1.564229240516809449e+00 7.282780822966074610e-03
2.460008267438000068e+06 1.553258003186054337e+00 7.283202364962854114e-03
2.460008760505999904e+06 1.550900728581828369e+00 7.283576600266752910e-03
2.460009264099000022e+06 1.560450511856120936e+00 7.283871680274837251e-03
2.460009757166000083e+06 1.553921945066103483e+00 7.283453147998369265e-03
2.460010250233000144e+06 1.564530377549582685e+00 7.282741879181483385e-03
2.460010753827000037e+06 1.571119431574317327e+00 7.283025162521029015e-03
2.460011246894000098e+06 1.572419424021391121e+00 7.283258353869834396e-03
2.460011739961000159e+06 1.565347629835210919e+00 7.283662634874729820e-03
2.460012243555000052e+06 1.575140143755801470e+00 7.282803582492324360e-03
2.460012736622000113e+06 1.568157212985940241e+00 7.283736869445021044e-03
2.460013229689000174e+06 1.562505662872503143e+00 7.283390868926009967e-03
2.460013733281999826e+06 1.566283597797465177e+00 7.283689952147365601e-03
2.460014226350000128e+06 1.580911650522182965e+00 7.283279346545848583e-03
2.460014719417000189e+06 1.567705204051620616e+00 7.283081299658729531e-03
2.460015223009999841e+06 1.564893548097947118e+00 7.282991083732414175e-03
2.460015716076999903e+06 1.560028024017950932e+00 7.283336430241467950e-03
2.460016209143999964e+06 1.552864637045296980e+00 7.282788118497112405e-03
2.460016712737999856e+06 1.564320007777644017e+00 7.283203419635050045e-03
2.460017205804999918e+06 1.583330581132732284e+00 7.282756978651503191e-03
2.460017698871999979e+06 1.566647175316488338e+00 7.283937761621760328e-03
2.460018202465999871e+06 1.562687002627818789e+00 7.282796869667120671e-03
2.460018695532999933e+06 1.576198101243185601e+00 7.283339948766548617e-03
2.460019188599999994e+06 1.569668706129093705e+00 7.283528822952022551e-03
2.460019692193999887e+06 1.573145165607853002e+00 7.283722061448983341e-03
2.460020185260999948e+06 1.565770116204372453e+00 7.282744235828040105e-03
2.460020678328000009e+06 1.561750307038804797e+00 7.282746738927207281e-03
2.460021181921000127e+06 1.571060103461118684e+00 7.282750143236951107e-03
2.460021674988000188e+06 1.569488001743289507e+00 7.282690323976219633e-03
2.460022168056000024e+06 1.568671477408035475e+00 7.283235912148207543e-03
2.460022671649000142e+06 1.572480251773928694e+00 7.283540100730786365e-03
2.460023164716000203e+06 1.566133574530189643e+00 7.282992298819461648e-03
2.460023657782999799e+06 1.569064512189856098e+00 7.283615584320103815e-03
2.460024161377000157e+06 1.573417586198266216e+00 7.283534208011566667e-03
2.460024654444000218e+06 1.561720100401931433e+00 7.282605879479192752e-03
2.460025147510999814e+06 1.558848825166538443e+00 7.283574090477653272e-03
2.460025651105000172e+06 1.574020556904123902e+00 7.283425976983022750e-03
2.460026144171999767e+06 1.566253303479822501e+00 7.283549074456165465e-03
2.460026637238999829e+06 1.568641136905153388e+00 7.283095043238836837e-03
2.460027140831999946e+06 1.558274629812997469e+00 7.283761664798393126e-03
2.460027633899999782e+06 1.566162424042480295e+00 7.283126457731100428e-03
2.460028126966999844e+06 1.558123938582477441e+00 7.283057296654881115e-03
2.460028630559999961e+06 1.566133574530189643e+00 7.282992298819461648e-03
2.460029123627000023e+06 1.574596203564196273e+00 7.283189138987018751e-03
2.460029616694000084e+06 1.569881241107444092e+00 7.283069107214450513e-03
2.460030120287999976e+06 1.556309612975677936e+00 7.283177174045702383e-03
2.460030613355000038e+06 1.575653795709105687e+00 7.283727268195611809e-03
2.460031106422000099e+06 1.571996591354060779e+00 7.282747705988497702e-03
2.460031610015999991e+06 1.566857858045943352e+00 7.283474176233751401e-03
2.460032103083000053e+06 1.571724416793854884e+00 7.282934387042395118e-03
2.460032596150000114e+06 1.561750307038804797e+00 7.282746738927207281e-03
2.460033099744000006e+06 1.564863280665994560e+00 7.282850219558422225e-03
2.460033592811000068e+06 1.550809311605200191e+00 7.283147273914933502e-03
2.460034085878000129e+06 1.565770116204372453e+00 7.282744235828040105e-03
2.460034589470999781e+06 1.570333877448107929e+00 7.283722668703297015e-03
2.460035082537999842e+06 1.567855377868626610e+00 7.283778961512188746e-03
2.460035575606000144e+06 1.573810360596605396e+00 7.283902873773748753e-03
2.460036079198999796e+06 1.572207993473048848e+00 7.283727089980530228e-03
2.460036572265999857e+06 1.566738082882404237e+00 7.282917406322485937e-03
2.460037065332999919e+06 1.562596330119594645e+00 7.283813500994017198e-03
2.460037568926999811e+06 1.574051001455214482e+00 7.283566852293258537e-03
2.460038061993999872e+06 1.572539633516342406e+00 7.283815149846112856e-03
2.460038555060999934e+06 1.558939280218937906e+00 7.283996733177426804e-03
2.460039058654999826e+06 1.565075164984112588e+00 7.283836325994551796e-03
2.460039551721999887e+06 1.564802747558323048e+00 7.284009735975926179e-03
2.460040044788999949e+06 1.565497577815171848e+00 7.282918475861230832e-03
2.460040548382000066e+06 1.548602656769293651e+00 7.282768255135694049e-03
2.460041041449999902e+06 1.557730774854860556e+00 7.282654275054529017e-03
2.460041534516999964e+06 1.567794729018617605e+00 7.283497205411483717e-03
2.460042038110000081e+06 1.567432328840482114e+00 7.283257262994041921e-03
2.460042531177000143e+06 1.563594017139517511e+00 7.282703579398471655e-03
2.460043024244000204e+06 1.557851296254390006e+00 7.283217732938065958e-03
2.460043527838000096e+06 1.568007010258270606e+00 7.283039211623242200e-03
2.460044020905000158e+06 1.560631613096723047e+00 7.283279629901175632e-03
2.460044513972000219e+06 1.567100322546522984e+00 7.283157909734930789e-03
2.460045017566000111e+06 1.567644561010732351e+00 7.282799570545433337e-03
2.460045510633000173e+06 1.583722912797539184e+00 7.283102901924212898e-03
2.460046003699999768e+06 1.566253303479822501e+00 7.283549074456165465e-03
2.460046507294000126e+06 1.559664546124693851e+00 7.283075957307475444e-03
2.460047000361000188e+06 1.566616873966701240e+00 7.283796879137546983e-03
2.460047493427999783e+06 1.572510666532593859e+00 7.283680978248415275e-03
2.460047997020999901e+06 1.575653795709105687e+00 7.283727268195611809e-03
2.460048490087999962e+06 1.574354029320787163e+00 7.283519011913194841e-03
2.460048983155999798e+06 1.573326291064445437e+00 7.283111592149101553e-03
2.460049486748999916e+06 1.566857858045943352e+00 7.283474176233751401e-03
2.460049979815999977e+06 1.575048748673229637e+00 7.283831682531053536e-03
2.460050472883000039e+06 1.560510876601132635e+00 7.282716167229050762e-03
2.460050976476999931e+06 1.560722171598650787e+00 7.283702255514338392e-03
2.460051469543999992e+06 1.569064512189856098e+00 7.283615584320103815e-03
2.460051962611000054e+06 1.567855377868626610e+00 7.283778961512188746e-03
2.460052466204999946e+06 1.568550118917451774e+00 7.282672452858233135e-03
2.460052959272000007e+06 1.562505662872503143e+00 7.283390868926009967e-03
2.460053452339000069e+06 1.550839307206667961e+00 7.283288143834544710e-03
2.460053955932000186e+06 1.560239253636664714e+00 7.282885569052319381e-03
2.460054449000000022e+06 1.569034164085080674e+00 7.283474708067293885e-03
2.460054942067000084e+06 1.578252187704790810e+00 7.282656160630160413e-03
2.460055445660000201e+06 1.573023461015458313e+00 7.283158564548643590e-03
2.460055938726999797e+06 1.579008253216241275e+00 7.283236293910394510e-03
2.460056431793999858e+06 1.563775483205988914e+00 7.283548788293710621e-03
2.460056935388000216e+06 1.562324344160502587e+00 7.283984632254429659e-03
2.460057428454999812e+06 1.567764405473388800e+00 7.283356331448301475e-03
2.460057921521999873e+06 1.568701818497760581e+00 7.283376783782250299e-03
2.460058425116000231e+06 1.556672309005914467e+00 7.283440761295877433e-03
2.460058918182999827e+06 1.569518358626148080e+00 7.282831185057549173e-03
