2.458346727899000049e+06 1.425633854506408404e+01 3.188103135524220783e-02
2.458347220966000110e+06 1.455924317914134569e+01 3.222316913275494188e-02
2.458347714033000171e+06 1.479074330831053530e+01 3.261293058564214420e-02
2.458348217627000064e+06 1.518674846935551059e+01 3.306647896995774938e-02
2.458348710694000125e+06 1.563085736242935475e+01 3.358715502599586566e-02
2.458349203761000186e+06 1.602042377749528157e+01 3.420291425623662313e-02
2.458349707355000079e+06 1.663817163300028312e+01 3.495477937325317669e-02
2.458350200422000140e+06 1.737071120382572431e+01 3.582179742641080494e-02
2.458350693489000201e+06 1.809984267625273446e+01 3.687530343412476902e-02
2.458351197081999853e+06 1.925821363024719091e+01 3.818877344627090442e-02
2.458351690150000155e+06 2.051653427089996740e+01 3.979587397487659162e-02
2.458352183217000216e+06 2.215437996852821101e+01 4.183012294924834396e-02
2.458352686809999868e+06 2.450543408873810591e+01 4.457641931176043598e-02
2.458353179876999930e+06 2.763943748020770030e+01 4.824075479426571250e-02
2.458353672943999991e+06 3.230966090110877786e+01 5.350541876158119298e-02
2.458354176537999883e+06 3.974392915358702538e+01 6.193652549594205747e-02
2.458354669604999945e+06 5.350899571705927116e+01 7.668529148320346600e-02
2.458355162672000006e+06 8.599262373875123444e+01 1.106453803756109883e-01
2.458356652400000021e+06 7.124861064869317318e+01 9.534934067673775382e-02
2.458357155993999913e+06 4.753006410071979104e+01 7.030555176407775331e-02
2.458357649060999975e+06 3.672264886215712210e+01 5.851346050091837253e-02
2.458358142128000036e+06 3.050976060768371667e+01 5.150826779912215381e-02
2.458358645721000154e+06 2.652271630690009019e+01 4.680466969906493108e-02
2.458359138788000215e+06 2.362481411094548278e+01 4.351851583729476891e-02
2.458359631856000051e+06 2.161459985636102132e+01 4.108966239498988010e-02
2.458360135449000169e+06 2.006222976907892885e+01 3.917335253633014158e-02
2.458360628516000230e+06 1.878693790786266504e+01 3.768682538539849108e-02
2.458361121582999825e+06 1.790556378450667552e+01 3.649598537974570178e-02
2.458361625177000184e+06 1.702801405602406959e+01 3.549149014273389469e-02
2.458362118243999779e+06 1.641065819544834170e+01 3.467329332427018102e-02
2.458362611310999840e+06 1.597580680562655608e+01 3.398994484965021240e-02
2.458363114905000199e+06 1.539779027350364160e+01 3.339834845258674023e-02
2.458363607971999794e+06 1.509208352232610117e+01 3.290206363276237250e-02
2.458364101038999856e+06 1.469449955303840660e+01 3.246838806079262174e-02
2.458364604631999973e+06 1.445236096315165319e+01 3.209310155584340490e-02
2.458365097699999809e+06 1.422512200799184079e+01 3.177191726517483716e-02
2.458365590766999871e+06 1.403258236454423802e+01 3.148404786560914798e-02
2.458366094359999988e+06 1.382737050691641301e+01 3.124012969708607479e-02
2.458366587427000050e+06 1.366756663711793962e+01 3.101755660930625297e-02
2.458367080494000111e+06 1.352289263602161107e+01 3.082623488788369809e-02
2.458367584088000003e+06 1.339655711497075785e+01 3.066163243411273651e-02
2.458368077155000065e+06 1.329823489815787241e+01 3.051008429684884393e-02
2.458368570222000126e+06 1.321534179534798703e+01 3.036859011875586711e-02
2.458369073816000018e+06 1.302857147914561864e+01 3.025138938444354650e-02
2.458369566883000080e+06 1.303367237448641092e+01 3.014318873121315037e-02
2.458370059950000141e+06 1.294477183653017605e+01 3.004489017230757217e-02
2.458370563544000033e+06 1.285794607382644372e+01 2.996179313558746185e-02
2.458371056611000095e+06 1.281814558871051624e+01 2.988085535220188702e-02
2.458371549678000156e+06 1.275873449486131506e+01 2.981286731676596746e-02
2.458372053270999808e+06 1.266221256790622718e+01 2.975060067000766251e-02
2.458372546337999869e+06 1.267969479380943554e+01 2.969824872685398326e-02
2.458373039406000171e+06 1.262477363895846416e+01 2.963938004892636285e-02
2.458373542998999823e+06 1.258508056254108531e+01 2.959255713806187640e-02
2.458374036065999884e+06 1.252084386714080999e+01 2.955683221287699891e-02
2.458374529132999945e+06 1.257746739028611849e+01 2.951673414776498014e-02
2.458375032726999838e+06 1.250520455110162032e+01 2.947384300719520234e-02
2.458375525793999899e+06 1.249461273771790815e+01 2.944887888577220683e-02
2.458376018860999960e+06 1.246261560741167962e+01 2.941937798685806404e-02
2.458376522454999853e+06 1.247830509673632093e+01 2.938745709365262609e-02
2.458377015521999914e+06 1.241031485856045435e+01 2.936449823808189377e-02
2.458377508588999975e+06 1.242981886842738959e+01 2.934195766906046512e-02
2.458378012182000093e+06 1.241031485856045435e+01 2.931877694849359395e-02
2.458378505249999929e+06 1.239209687916834390e+01 2.929856492711467933e-02
2.458378998316999990e+06 1.235700436253302570e+01 2.928388321717648873e-02
2.458379501910000108e+06 1.237494279443329681e+01 2.926940536461535014e-02
2.458379994977000169e+06 1.239803334302236060e+01 2.925550542168696769e-02
2.458380488044000231e+06 1.239775928979443975e+01 2.924343998295303101e-02
2.458380991638000123e+06 1.231547593696438092e+01 2.923084018979295665e-02
2.458381484705000184e+06 1.231188073954130680e+01 2.921096731053901205e-02
2.458381977771999780e+06 1.233138905645322048e+01 2.920046427963039759e-02
2.458382481366000138e+06 1.231681448045849692e+01 2.918864040762055023e-02
2.458382974433000199e+06 1.227792001995429416e+01 2.918693457271372138e-02
2.458383467499999795e+06 1.228930152450267066e+01 2.918003396343007635e-02
2.458383971094000153e+06 1.227505933256039938e+01 2.916882843108369386e-02
2.458384464161000215e+06 1.224821496674155696e+01 2.916144414294466469e-02
2.458384957227999810e+06 1.226345381962923753e+01 2.915254568259903131e-02
2.458385460820999928e+06 1.226878624617903846e+01 2.914262192808103613e-02
2.458385953887999989e+06 1.223846076802485250e+01 2.913822063471847162e-02
2.458386446955999825e+06 1.221351865253011582e+01 2.913508195768411274e-02
2.458386950548999943e+06 1.224546270643146784e+01 2.913233438481379126e-02
2.458387443616000004e+06 1.227439231158407829e+01 2.912202287818553906e-02
2.458387936683000065e+06 1.224636501870978833e+01 2.912320169460750480e-02
2.458388440276999958e+06 1.228313429107171650e+01 2.912013758651614895e-02
2.458388933344000019e+06 1.225824790300106137e+01 2.910629944497125296e-02
2.458389426411000080e+06 1.226059650277993285e+01 2.911187602075770639e-02
2.458389930004999973e+06 1.227746769299672103e+01 2.910670354666271276e-02
2.458390423072000034e+06 1.225605778754281161e+01 2.910109917843631960e-02
2.458390916139000095e+06 1.224995236747783522e+01 2.909788493491682546e-02
2.458391419732000213e+06 1.220623143233980734e+01 2.909521374386948855e-02
2.458391912800000049e+06 1.222281391672054163e+01 2.908970984148200392e-02
2.458392405867000110e+06 1.224859852752504530e+01 2.908338771938988668e-02
2.458392909460000228e+06 1.217640823110211734e+01 2.909141540372161758e-02
2.458393402526999824e+06 1.225392449465850397e+01 2.908474755133518344e-02
2.458393895593999885e+06 1.223386264014199476e+01 2.908220186066340016e-02
2.458394399187999777e+06 1.223862984977679069e+01 2.908226222359257609e-02
2.458394892254999839e+06 1.223346827336203724e+01 2.908126437635126862e-02
2.458395385321999900e+06 1.223055035427324988e+01 2.907432793162818135e-02
2.458395888915999793e+06 1.225997543504249343e+01 2.907652577751810435e-02
2.458396381982999854e+06 1.223565435215167874e+01 2.907519164434952536e-02
2.458396875049999915e+06 1.220095990666450980e+01 2.907141084566909617e-02
2.458397378643999808e+06 1.230572484297356439e+01 2.907168802504727853e-02
2.458397871710999869e+06 1.220740069321920274e+01 2.906427054166572238e-02
2.458398364777999930e+06 1.222147433244306391e+01 2.906400890757596112e-02
2.458398868371000048e+06 1.222556108654389107e+01 2.906246750001224843e-02
2.458399361438000109e+06 1.226401858555244928e+01 2.906352360945361341e-02
2.458399854505999945e+06 1.220392696720589498e+01 2.906724027336360025e-02
2.458400358099000063e+06 1.222405231849427487e+01 2.905888087342745063e-02
2.458400851166000124e+06 1.225488386614327219e+01 2.906445029375138295e-02
2.458401344233000185e+06 1.222136176902299098e+01 2.906374121939410415e-02
2.458401847827000078e+06 1.220824397971078845e+01 2.905503409145339735e-02
2.458402340894000139e+06 1.216788789981770691e+01 2.905985191058083755e-02
2.458402833961000200e+06 1.219910586015389775e+01 2.905575738941644504e-02
2.458403337555000093e+06 1.220437658477306542e+01 2.905707052355910314e-02
2.458403830622000154e+06 1.221872808094219209e+01 2.905747801973766753e-02
2.458404323689000215e+06 1.222108036500852535e+01 2.905181597873839408e-02
2.458404827281999867e+06 1.219882496859477072e+01 2.905508836358058899e-02
2.458405320350000169e+06 1.220533207710447599e+01 2.904810390316112101e-02
2.458405813417000230e+06 1.221620747532860740e+01 2.905148374261422653e-02
2.458406317009999882e+06 1.220555690970085294e+01 2.904863899393777052e-02
2.458406810076999944e+06 1.217590357167095405e+01 2.905656642556869729e-02
2.458407303144000005e+06 1.221048178222289415e+01 2.904911368457853416e-02
2.458407806737999897e+06 1.219966766267578606e+01 2.904585917814378124e-02
2.458408299804999959e+06 1.223139523994196409e+01 2.905380532174257902e-02
2.458408792872000020e+06 1.223918219977897870e+01 2.904975664494554785e-02
2.458409296465999912e+06 1.223190219935797529e+01 2.904374352789468317e-02
2.458409789532999974e+06 1.217461398148148888e+01 2.905348894858464023e-02
2.458410282600000035e+06 1.219451128678910301e+01 2.904481406205083882e-02
2.458410786193999927e+06 1.222450267752044439e+01 2.904869227882915517e-02
2.458411279260999989e+06 1.223952038555299993e+01 2.905055933047434591e-02
2.458411772328000050e+06 1.222988575189396698e+01 2.905021976416540322e-02
2.458412275921000168e+06 1.218123158733684441e+01 2.904684254002625268e-02
2.458412768988000229e+06 1.218162427017785632e+01 2.904777891469159656e-02
2.458413262056000065e+06 1.218632622774692109e+01 2.904776697985753109e-02
2.458413765649000183e+06 1.218408163023951118e+01 2.904241667623523940e-02
2.458414258715999778e+06 1.219837555555293207e+01 2.904278283519975620e-02
2.458414751782999840e+06 1.214955580053705653e+01 2.904964089801210375e-02
2.458415255377000198e+06 1.221318118520064822e+01 2.904428689214894055e-02
2.458415748443999793e+06 1.218224136878983188e+01 2.904925042158195206e-02
2.458416241510999855e+06 1.221155022455214123e+01 2.904040828851023326e-02
2.458416745105000213e+06 1.217584749969193503e+01 2.904521824546441033e-02
2.458417238171999808e+06 1.216245369976621404e+01 2.904687372981117066e-02
2.458417731238999870e+06 1.216934490210176634e+01 2.904091482181882233e-02
2.458418234831999987e+06 1.218481107907739869e+01 2.904415541680976931e-02
2.458526481366999913e+06 1.218806607522735597e+01 2.904068851939707943e-02
2.458526984960000031e+06 1.218285849866287762e+01 2.903950117566847511e-02
2.458527478027000092e+06 1.220578174643879166e+01 2.903793215413206369e-02
2.458527971094000153e+06 1.220824397971078845e+01 2.903254567497394467e-02
2.458528474688000046e+06 1.222439008620841250e+01 2.903716565236463820e-02
2.458528967755000107e+06 1.219417434464529748e+01 2.903278028564062682e-02
2.458529460822000168e+06 1.221743395506740448e+01 2.903189510116396810e-02
2.458529964416000061e+06 1.216273375383628519e+01 2.903634027472325532e-02
2.458530457483000122e+06 1.216872845676790860e+01 2.903944373717319560e-02
2.458530950550000183e+06 1.217169888972690650e+01 2.903532182701366177e-02
2.458531454144000076e+06 1.221284372719557432e+01 2.903223593516790144e-02
2.458531947211000137e+06 1.223111360490099564e+01 2.903060579696844015e-02
2.458532440278000198e+06 1.219933057805801901e+01 2.903382062378986883e-02
2.458532943870999850e+06 1.216542260103312678e+01 2.903155464572419742e-02
2.458533436937999912e+06 1.215421179669546348e+01 2.903838451960949474e-02
2.458533930006000213e+06 1.216732756077424682e+01 2.903610064010811107e-02
2.458534433598999865e+06 1.213515142721687923e+01 2.903755375361438337e-02
2.458534926665999927e+06 1.218655071023935044e+01 2.903707783642751200e-02
2.458535419732999988e+06 1.219529752133139766e+01 2.903545442667124221e-02
2.458535923326999880e+06 1.218083891715426859e+01 2.903468722830136045e-02
2.458536416393999942e+06 1.222578629177578691e+01 2.904048212476602331e-02
2.458536909461000003e+06 1.219076052270643551e+01 2.903588051458758784e-02
2.458537413054999895e+06 1.221827793465606504e+01 2.903390062269783911e-02
2.458537906121999957e+06 1.221239379769310318e+01 2.903116636777133830e-02
2.458538399189000018e+06 1.223279224560116951e+01 2.903459005858317898e-02
2.458538902782000136e+06 1.219019913036401803e+01 2.903454339366343118e-02
2.458539395849999972e+06 1.218739255641538932e+01 2.903908371598450111e-02
2.458539888917000033e+06 1.216183760351027487e+01 2.903420087692586138e-02
2.458540392510000151e+06 1.218111939456444581e+01 2.903535578437820355e-02
2.458540885577000212e+06 1.222169946239346672e+01 2.903077448774441655e-02
2.458541378643999808e+06 1.217713722054123693e+01 2.903707928852246323e-02
2.458541882238000166e+06 1.217024160560636581e+01 2.903184550757652652e-02
2.458542375305000227e+06 1.219781381253336683e+01 2.904144539641931311e-02
2.458542868371999823e+06 1.222332052046309947e+01 2.903462506281344682e-02
2.458543371966000181e+06 1.217764193110392057e+01 2.903828279968941398e-02
2.458543865032999776e+06 1.219602764165351161e+01 2.903719275042281056e-02
2.458544358099999838e+06 1.220550070116347285e+01 2.903726353873269453e-02
2.458544861694000196e+06 1.217063393416651351e+01 2.903278139878686867e-02
2.458545354760999791e+06 1.220505104218309356e+01 2.903619378611578539e-02
2.458545847827999853e+06 1.217752977139333126e+01 2.903801534845269067e-02
2.458546351420999970e+06 1.220152179457040020e+01 2.903903561380602460e-02
2.458546844488000032e+06 1.217994143283966757e+01 2.903254795230042137e-02
2.458547337555999868e+06 1.218565280507978521e+01 2.903493838428654328e-02
2.458547841148999985e+06 1.216161357624590167e+01 2.903366605210679421e-02
2.458548334216000047e+06 1.219720715912787412e+01 2.904000103171421390e-02
2.458548827283000108e+06 1.218005361476258663e+01 2.903281535318033568e-02
2.458549330877000000e+06 1.218329611878912999e+01 2.904054430279436050e-02
2.458549823944000062e+06 1.220561311849703756e+01 2.903753098304497418e-02
2.458550317011000123e+06 1.214434230747358612e+01 2.903717541336356400e-02
2.458550820605000015e+06 1.219445512911862473e+01 2.903344879780810420e-02
2.458551313672000077e+06 1.220358976490078895e+01 2.903271736228128785e-02
2.458551806739000138e+06 1.217595964390816476e+01 2.903427128977500993e-02
2.458552310331999790e+06 1.214933199950976928e+01 2.903791584047919760e-02
2.458552803400000092e+06 1.219770146703373292e+01 2.904117791605411933e-02
2.458553296467000153e+06 1.219681397396196765e+01 2.903906490777415084e-02
2.458553800059999805e+06 1.218464274085411247e+01 2.903253168905028936e-02
2.458554293126999866e+06 1.218879576260999009e+01 2.903120086073875464e-02
2.458554786193999927e+06 1.221513862551592666e+01 2.903769134186694537e-02
2.458555289787999820e+06 1.211648921289036807e+01 2.903753673661832457e-02
2.458555782854999881e+06 1.216940094413515538e+01 2.904104856048193156e-02
2.458556275921999943e+06 1.218582115725771331e+01 2.903533951955530532e-02
2.458556779515999835e+06 1.223974584792705400e+01 2.903982124394937844e-02
2.458557272582999896e+06 1.220673734878165639e+01 2.904020556165112441e-02
2.458557765649999958e+06 1.217898792821045006e+01 2.904149240667638909e-02
2.458558269243999850e+06 1.217837099440342996e+01 2.904002129277287458e-02
2.458558762310999911e+06 1.220342116724220638e+01 2.903231626323880821e-02
2.458559255377999973e+06 1.222416490669533751e+01 2.903663077293289901e-02
2.458559758971000090e+06 1.220353356542246281e+01 2.903258366198476978e-02
2.458560252038000152e+06 1.218481107907739869e+01 2.903293279106911734e-02
2.458560745105999988e+06 1.219175986504381193e+01 2.903826074219087103e-02
2.458561248699000105e+06 1.218363276035229426e+01 2.904134673377313514e-02
2.458561741766000167e+06 1.219512903823355998e+01 2.903505328981497921e-02
2.458562234833000228e+06 1.222275762871189819e+01 2.903328799970365803e-02
2.458562738427000120e+06 1.223761539430359946e+01 2.903476656445174928e-02
2.458563231494000182e+06 1.224736891924736071e+01 2.903534713127255487e-02
2.458563724560999777e+06 1.219831938008683991e+01 2.903141402120438391e-02
2.458564228155000135e+06 1.211581964945266243e+01 2.903593210737480390e-02
2.458564721222000197e+06 1.222416490669533751e+01 2.903663077293289901e-02
2.458565214288999792e+06 1.216833618963210206e+01 2.903850763119788722e-02
2.458565717881999910e+06 1.217814666258554546e+01 2.903948636073877196e-02
2.458566210950000212e+06 1.218151207378873124e+01 2.903629178874832240e-02
2.458566704016999807e+06 1.221990979384977649e+01 2.903777835718004963e-02
2.458567207609999925e+06 1.217691291145009735e+01 2.903654441068158690e-02
2.458567700676999986e+06 1.223133891241499427e+01 2.903114056541498261e-02
2.458568193744000047e+06 1.215589107910753341e+01 2.903120060839052899e-02
2.458568697337999940e+06 1.218997458066582418e+01 2.903400856253503595e-02
2.458569190405000001e+06 1.209137247984603647e+01 2.903302654624181911e-02
2.458569683472000062e+06 1.222842150122002813e+01 2.903547886861529079e-02
2.458570187065999955e+06 1.216514248505081675e+01 2.903088617717080114e-02
2.458570680133000016e+06 1.217377301798767952e+01 2.904026961467318091e-02
2.458571173200000077e+06 1.221015564476783233e+01 2.903709182454108570e-02
2.458571676793999970e+06 1.220477001373266823e+01 2.903552521074335979e-02
2.458572169861000031e+06 1.216844826466629037e+01 2.903877508696874055e-02
2.458572662928000093e+06 1.220330877009716453e+01 2.903204886695564743e-02
2.458573166521000210e+06 1.218453051666397435e+01 2.903226429078300044e-02
2.458573659587999806e+06 1.220118465872174518e+01 2.903823324668489136e-02
2.458574152656000108e+06 1.224708691640306135e+01 2.903467857539494823e-02
2.458574656249000225e+06 1.222354568442186284e+01 2.903515990529830296e-02
2.458575149315999821e+06 1.214041688324792645e+01 2.903897144409818554e-02
2.458575642382999882e+06 1.221855927414144638e+01 2.903456916066231644e-02
2.458576145976999775e+06 1.215073082356861534e+01 2.904125914653898910e-02
2.458576639043999836e+06 1.217534286350066353e+01 2.903280054166140767e-02
2.458577132110999897e+06 1.223015609426705019e+01 2.903959753100826199e-02
2.458577635704999790e+06 1.220993072746045094e+01 2.903655694646931074e-02
2.458578128771999851e+06 1.219159143082017138e+01 2.903785956656420794e-02
2.458578621838999912e+06 1.215913834969753893e+01 2.903895587399094036e-02
2.458579125432000030e+06 1.220095990666450980e+01 2.903769834758753235e-02
2.458579618499999866e+06 1.218168036875995419e+01 2.903669294271520041e-02
2.458580111566999927e+06 1.221222507840310989e+01 2.903076529015638160e-02
2.458580615160000045e+06 1.222096780521701120e+01 2.904029247554094223e-02
2.458581108227000106e+06 1.219764529467192737e+01 2.904104417679532341e-02
2.458581601294000167e+06 1.218941322451654230e+01 2.903267152781547483e-02
2.458582104888000060e+06 1.220796287774110489e+01 2.903187718360141986e-02
2.458582597955000121e+06 1.216771979539517368e+01 2.903703666848993226e-02
2.458583091022000182e+06 1.218817833198134259e+01 2.904095599525474344e-02
2.458583594616000075e+06 1.220219609421449647e+01 2.904064041456030920e-02
2.458584087683000136e+06 1.213397791077367316e+01 2.903474570898430598e-02
2.458584580750000197e+06 1.218190476567170499e+01 2.903722782329214505e-02
2.458585084344000090e+06 1.220740069321920274e+01 2.903054024703322772e-02
2.458585577411000151e+06 1.214216135956858977e+01 2.903196075741255877e-02
2.458586070478000212e+06 1.220768178224395939e+01 2.903120870762129768e-02
2.458586574070999864e+06 1.219265822020476442e+01 2.904040043914124167e-02
2.458587067137999926e+06 1.221957214992898777e+01 2.903697602479782952e-02
2.458587560206000227e+06 1.220157798478415145e+01 2.903916934381493842e-02
2.458588063798999880e+06 1.221480111342556896e+01 2.903688901188899649e-02
2.458588556865999941e+06 1.219070438230878572e+01 2.903574679972417347e-02
2.458589049933000002e+06 1.219237747710632469e+01 2.903973176690816810e-02
2.458589553526999895e+06 1.217242759722247669e+01 2.903706014282670528e-02
2.458590046593999956e+06 1.217853924597873139e+01 2.904042249826509214e-02
2.458590539661000017e+06 1.220045422967263526e+01 2.903649486064358021e-02
2.458591043254999910e+06 1.222365826795662436e+01 2.903542733023529304e-02
2.458591536321999971e+06 1.217741761271575918e+01 2.903774789967926429e-02
2.458592029389000032e+06 1.220959335926763956e+01 2.903575464783541768e-02
2.458592532982000150e+06 1.218218526762428233e+01 2.903789643786913385e-02
2.458593026049999986e+06 1.222523454632622375e+01 2.903917153798795184e-02
2.458593519117000047e+06 1.217068998213608388e+01 2.903291509999397779e-02
2.458594022710000165e+06 1.221110034270319034e+01 2.903933842003859206e-02
2.458594515777000226e+06 1.218297070745313526e+01 2.903976864059035212e-02
2.458595008843999822e+06 1.217310028901738406e+01 2.903866483440940838e-02
2.458595512438000180e+06 1.216026949931756285e+01 2.903045731007260211e-02
2.458596005504999775e+06 1.216043750080974029e+01 2.903085838343261171e-02
2.458596498571999837e+06 1.222859044427337416e+01 2.903588001135108676e-02
2.458597002166000195e+06 1.219619613716610118e+01 2.903759391683701993e-02
2.458597495232999790e+06 1.219955530010164146e+01 2.903435545145627295e-02
2.458597988299999852e+06 1.217153073265400387e+01 2.903492069198941594e-02
2.458712204272000119e+06 1.220426417882834258e+01 2.903432181386652114e-02
2.458712697339000180e+06 1.216245369976621404e+01 2.903567169597785075e-02
2.458713200931999832e+06 1.216912073654911630e+01 2.904037987332546908e-02
2.458713694000000134e+06 1.216934490210176634e+01 2.904091482181882233e-02
2.458714187067000195e+06 1.214944389950809267e+01 2.903818329079943181e-02
2.458714690659999847e+06 1.217730545507120432e+01 2.903748045336911401e-02
2.458715183726999909e+06 1.216912073654911630e+01 2.904037987332546908e-02
2.458715676793999970e+06 1.223190219935797529e+01 2.903247752962940381e-02
2.458716180387999862e+06 1.218207306606820417e+01 2.903762899019091126e-02
2.458716673454999924e+06 1.221222507840310989e+01 2.903076529015638160e-02
2.458717166521999985e+06 1.223201485985944537e+01 2.903274492986070501e-02
2.458717670115999877e+06 1.221423861399852662e+01 2.903555184452290272e-02
2.458718163182999939e+06 1.221648876713930676e+01 2.904090088347996423e-02
2.458718656250000000e+06 1.223475282903535977e+01 2.903924351260613393e-02
2.458719159843999892e+06 1.217203521084239348e+01 2.903612411368817342e-02
2.458719652910999954e+06 1.220291538824173116e+01 2.903111299935895451e-02
2.458720145978000015e+06 1.214036097469076303e+01 2.903883771500053237e-02
2.458720649571000133e+06 1.221395737399891601e+01 2.903488328393165341e-02
2.458721142638000194e+06 1.220370216463389212e+01 2.903298476472152695e-02
2.458721635706000030e+06 1.216934490210176634e+01 2.904091482181882233e-02
2.458722139299000148e+06 1.217130652683719916e+01 2.903438585391090662e-02
2.458722632366000209e+06 1.216306982723246044e+01 2.903714258953883631e-02
2.458723125432999805e+06 1.213319562952536934e+01 2.903287383009311648e-02
2.458723629027000163e+06 1.213857203679879682e+01 2.903455870902737004e-02
2.458724122094000224e+06 1.218795381950728718e+01 2.904042104600294827e-02
2.458724615160999820e+06 1.224148204732474454e+01 2.903266570067391736e-02
2.458725118755000178e+06 1.221929078712154926e+01 2.903630743141390191e-02
2.458725611821999773e+06 1.222192459649099838e+01 2.903130925929849060e-02
2.458726104888999835e+06 1.218509164795107935e+01 2.903360130674818851e-02
2.458726608481999952e+06 1.223912583639181761e+01 2.903835021469956812e-02
2.458727101549999788e+06 1.220460139976841596e+01 2.903512407290918113e-02
2.458727594616999850e+06 1.213347500989568140e+01 2.903354234441444387e-02
2.458728098209999967e+06 1.219187215581901818e+01 2.903852819568778637e-02
2.458728591277000029e+06 1.219647696819340510e+01 2.903826253984360256e-02
2.458729084344000090e+06 1.216671121763000052e+01 2.903462979932768320e-02
2.458729587937999982e+06 1.218520387730945131e+01 2.903386871732990468e-02
2.458730081005000044e+06 1.219143422764423867e+01 2.903748514097981986e-02
2.458730574072000105e+06 1.213256984083927037e+01 2.903137641387049106e-02
2.458731077665999997e+06 1.216615093277354731e+01 2.903329273599986743e-02
2.458731570733000059e+06 1.219764529467192737e+01 2.904104417679532341e-02
2.458732063800000120e+06 1.221822166753637973e+01 2.903376691695223888e-02
2.458732567394000012e+06 1.215538727002354413e+01 2.904119291616077611e-02
2.458733060461000074e+06 1.223128258514738320e+01 2.903100687237979149e-02
2.458733553528000135e+06 1.216306982723246044e+01 2.903714258953883631e-02
2.458734057120999787e+06 1.217674468234328167e+01 2.903614325876675839e-02
2.458734550187999848e+06 1.218078282244719013e+01 2.903455351893320657e-02
2.458735043256000150e+06 1.223520358229020566e+01 2.904031337758130812e-02
2.458735546848999802e+06 1.217326846777470273e+01 2.903906602116134925e-02
2.458736039915999863e+06 1.218845897838977876e+01 2.903039871009696279e-02
2.458736532982999925e+06 1.214064052005118910e+01 2.903950636664708040e-02
2.458737036576999817e+06 1.219109737052155218e+01 2.903668281669934473e-02
2.458737529643999878e+06 1.221065047742819409e+01 2.903826859098163765e-02
2.458738022710999940e+06 1.218694356455139172e+01 2.903801389631092966e-02
2.458738526304999832e+06 1.222074268874409952e+01 2.903975753851151947e-02
2.458739019371999893e+06 1.219664546991371346e+01 2.903866372103760737e-02
2.458739512438999955e+06 1.217624000896767100e+01 2.903493983627450370e-02
2.458740016032000072e+06 1.221704011787714528e+01 2.903095923852402893e-02
2.458740509099999908e+06 1.217825882797794357e+01 2.903975382552409154e-02
2.458741002166999970e+06 1.221592618999476620e+01 2.903956353136469964e-02
2.458741505760000087e+06 1.218145597598170227e+01 2.903615807199101673e-02
2.458741998827000149e+06 1.212001619099976146e+01 2.903482630001552600e-02
2.458742491894000210e+06 1.211929062113509659e+01 2.903308811793250954e-02
2.458742995488000102e+06 1.220056660052626718e+01 2.903676229787603702e-02
2.458743488555000164e+06 1.216452625259286968e+01 2.904061954325709224e-02
2.458743981622000225e+06 1.217876358502833511e+01 2.904095744754363675e-02
2.458744485216000117e+06 1.220426417882834258e+01 2.903432181386652114e-02
2.458744978283000179e+06 1.218078282244719013e+01 2.903455351893320657e-02
2.458745471349999774e+06 1.218151207378873124e+01 2.903629178874832240e-02
2.458745974944000132e+06 1.216940094413515538e+01 2.904104856048193156e-02
2.458746468011000194e+06 1.219350048828717981e+01 2.903117591924103680e-02
2.458746961077999789e+06 1.216273375383628519e+01 2.903634027472325532e-02
2.458747464670999907e+06 1.220006093983523066e+01 2.903555884972730192e-02
2.458747957737999968e+06 1.220118465872174518e+01 2.903823324668489136e-02
2.458748450805999804e+06 1.220146560461537000e+01 2.903890188441286824e-02
2.458748954398999922e+06 1.222147433244306391e+01 2.904149611988612531e-02
2.458749447465999983e+06 1.217556714367022153e+01 2.903333535053711709e-02
2.458749940533000045e+06 1.217192310277136968e+01 2.903585668233359118e-02
2.458750444126999937e+06 1.219137808414410884e+01 2.903735141872693798e-02
2.458750937193999998e+06 1.215365208744531955e+01 2.903704728337429264e-02
2.458751430261000060e+06 1.222977311100221698e+01 2.903868816568323102e-02
2.458751933854999952e+06 1.216458227243546197e+01 2.904075328056028582e-02
2.458752426922000013e+06 1.218930095638882705e+01 2.903240412826022659e-02
2.458752919989000075e+06 1.219254592218967126e+01 2.904013296840041169e-02
2.458753423582000192e+06 1.217040974486923410e+01 2.903224660011531968e-02
2.458753916650000028e+06 1.216452625259286968e+01 2.904061954325709224e-02
2.458754409717000090e+06 1.212669347225305039e+01 2.903965336117880422e-02
2.458754913310000207e+06 1.222360197605964593e+01 2.903529361745896265e-02
2.458755406376999803e+06 1.218424996071071398e+01 2.903159580588961577e-02
2.458755899443999864e+06 1.219473592005727625e+01 2.903411732536869197e-02
2.458756403038000222e+06 1.221031308934819393e+01 2.903746624505382928e-02
2.458756896104999818e+06 1.224047862932623154e+01 2.904155982913793690e-02
2.458757389171999879e+06 1.220403937004476802e+01 2.903378698681974290e-02
2.458757892765999772e+06 1.221900943079269197e+01 2.903563885342481943e-02
2.458758385832999833e+06 1.215298047036805329e+01 2.903544268117829938e-02
2.458758878899999894e+06 1.220229724237512414e+01 2.904088114232264428e-02
2.458759382493999787e+06 1.216491839690879928e+01 2.904155571731339980e-02
2.458759875560999848e+06 1.221637624963778279e+01 2.904063340812991847e-02
2.458760368627999909e+06 1.217085812759354546e+01 2.903331620730984636e-02
2.458760872221000027e+06 1.223800989477309642e+01 2.903570254982736076e-02
2.458761365288000088e+06 1.219961148125937278e+01 2.903448915991228840e-02
2.458761858355999924e+06 1.220387076617466704e+01 2.903338587299986173e-02
2.458762361949000042e+06 1.218061453987594867e+01 2.903415239452336247e-02
2.458762855016000103e+06 1.216867241783143783e+01 2.903931000590056696e-02
2.458763348083000164e+06 1.223088830153723094e+01 2.904133610280337438e-02
2.458763851677000057e+06 1.220240963020360780e+01 2.904114861995443775e-02
2.458764344744000118e+06 1.225880113839911090e+01 2.903986842272281502e-02
2.458764837811000179e+06 1.214647889775119083e+01 2.903109668953712807e-02
2.458765341405000072e+06 1.225409379005119703e+01 2.904000362484518080e-02
2.458765834472000133e+06 1.216996137866360961e+01 2.903117703232576188e-02
2.458766327539000195e+06 1.223251057839332034e+01 2.903392152013760732e-02
2.458766831131999847e+06 1.214770956534656321e+01 2.903403808763733301e-02
2.458767324200000148e+06 1.220623143233980734e+01 2.903900197079399906e-02
2.458767817267000210e+06 1.220006093983523066e+01 2.903555884972730192e-02
2.458768320859999862e+06 1.221884062010498795e+01 2.903523771402062928e-02
2.458768813926999923e+06 1.212114370113373418e+01 2.903752737403848816e-02
2.458769306993999984e+06 1.215734664487316685e+01 2.903467685060640707e-02
2.458769810587999877e+06 1.223878766151948660e+01 2.903754786651654984e-02
2.458770303654999938e+06 1.222365826795662436e+01 2.903542733023529304e-02
2.458770796721999999e+06 1.216166958267509202e+01 2.903379975738790142e-02
2.458771300315999892e+06 1.215673080731810174e+01 2.903320608194889796e-02
2.458771793382999953e+06 1.218430607138454747e+01 2.903172950163685623e-02
2.458772286450000014e+06 1.219164757530283971e+01 2.903799329115729425e-02
2.458772790043999907e+06 1.217921227552516150e+01 2.903080990661154048e-02
2.458773283110999968e+06 1.221541989271521622e+01 2.903835996711696260e-02
2.458773776178000029e+06 1.217848316186200996e+01 2.904028876248511415e-02
2.458774279771000147e+06 1.217551107324050008e+01 2.903320164739457698e-02
2.458774772838000208e+06 1.220651249444103215e+01 2.903967062622271958e-02
2.458775265906000044e+06 1.215661884020518713e+01 2.903293867747024429e-02
2.458775769499000162e+06 1.217270788095262901e+01 2.903772875354256044e-02
2.458776262566000223e+06 1.219003071770261037e+01 2.903414226939356538e-02
2.458776755632999819e+06 1.221654502627871608e+01 2.904103462207888869e-02
2.458777259227000177e+06 1.220700717945787872e+01 2.904084749717250613e-02
2.458777752293999773e+06 1.222153061454189604e+01 2.903037341554355610e-02
2.458778245360999834e+06 1.217562321435811334e+01 2.903346905429528280e-02
2.458778748955000192e+06 1.220364596463795337e+01 2.903285106319359460e-02
2.458779242021999788e+06 1.216480635438574431e+01 2.904128823593211950e-02
2.458779735088999849e+06 1.221985351921511942e+01 2.903764463357686593e-02
2.458780238681999967e+06 1.216844826466629037e+01 2.903877508696874055e-02
2.458780731749999803e+06 1.218615786859123418e+01 2.903614180671861347e-02
2.458781224816999864e+06 1.210213518940865107e+01 2.903657631591333860e-02
2.458781728409999982e+06 1.219143422764423867e+01 2.903748514097981986e-02
2.458782221477000043e+06 1.218402552059922783e+01 2.903106102905720493e-02
2.458782714544000104e+06 1.220931222622770207e+01 2.903508608257441420e-02
2.458783218137999997e+06 1.220773800082560534e+01 2.903134240158597099e-02
2.458783711205000058e+06 1.218430607138454747e+01 2.903172950163685623e-02
2.459622427943999879e+06 1.218083891715426859e+01 2.903468722830136045e-02
2.459622921010999940e+06 1.219170372004403191e+01 2.903812701636613453e-02
2.459623424604999833e+06 1.219175986504381193e+01 2.903826074219087103e-02
2.459623917671999894e+06 1.218413774013815321e+01 2.903132841624197699e-02
2.459624410738999955e+06 1.215067486751411252e+01 2.904112540690610700e-02
2.459624914332000073e+06 1.216844826466629037e+01 2.903877508696874055e-02
2.459625407399999909e+06 1.218823446074607375e+01 2.904108973410744060e-02
2.459625900466999970e+06 1.220146560461537000e+01 2.903890188441286824e-02
2.459626404060000088e+06 1.217455791544126953e+01 2.903092878817574440e-02
2.459626897127000149e+06 1.220600658731842181e+01 2.903846705753634905e-02
2.459627390194000211e+06 1.215684277546226966e+01 2.903347348889042875e-02
2.459627893788000103e+06 1.220090371929706308e+01 2.903756462435269289e-02
2.459628386855000164e+06 1.219456744471823662e+01 2.903371620698513844e-02
2.459628879922000226e+06 1.215258871087916681e+01 2.903450670417972654e-02
2.459629383516000118e+06 1.223403165836801598e+01 2.903753181062769875e-02
2.459629876583000179e+06 1.212915092265638073e+01 2.903436682854883266e-02
2.459630369649999775e+06 1.218509164795107935e+01 2.903360130674818851e-02
2.459630873244000133e+06 1.214742985721723478e+01 2.903336956190112617e-02
2.459631366311000194e+06 1.219192830159448171e+01 2.903866192336003807e-02
2.459631859377999790e+06 1.220617522069618666e+01 2.903886824155587146e-02
2.459632362970999908e+06 1.222920992210508118e+01 2.903735091546493993e-02
2.459632856037999969e+06 1.216038150005448237e+01 2.903072469169699910e-02
2.459633349105999805e+06 1.223817897029591073e+01 2.903610369565344518e-02
2.459633852698999923e+06 1.220499483597531487e+01 2.903606006980968823e-02
2.459634345765999984e+06 1.218312780149569363e+01 2.904014309561944729e-02
2.459634838833000045e+06 1.216312584036798761e+01 2.903727631083011240e-02
2.459635342426999938e+06 1.216066150640980403e+01 2.903139315653202601e-02
2.459635835493999999e+06 1.216940094413515538e+01 2.904104856048193156e-02
2.459636328561000060e+06 1.216615093277354731e+01 2.903329273599986743e-02
2.459636832154999953e+06 1.220163417525671257e+01 2.903930307443980049e-02
2.459637325222000014e+06 1.217663253089661524e+01 2.903587582723583110e-02
2.459637818289000075e+06 1.221951587684923446e+01 2.903684230488949927e-02
2.459638321882000193e+06 1.215426776903816020e+01 2.903851824662008821e-02
2.459638814950000029e+06 1.218218526762428233e+01 2.903789643786913385e-02
2.459639308017000090e+06 1.218615786859123418e+01 2.903614180671861347e-02
2.459639811610000208e+06 1.222971679094536590e+01 2.903855443789011420e-02
2.459640304676999804e+06 1.220090371929706308e+01 2.903756462435269289e-02
2.459640797743999865e+06 1.216962511484946141e+01 2.903037488234234270e-02
2.459641301338000223e+06 1.217590357167095405e+01 2.903413758232240710e-02
2.459641794404999819e+06 1.213896334443617420e+01 2.903549468770232067e-02
2.459642287471999880e+06 1.215516336157757316e+01 2.904065796254468729e-02
2.459642791065999772e+06 1.220185893973454938e+01 2.903983800309759000e-02
2.459643284132999834e+06 1.217848316186200996e+01 2.904028876248511415e-02
2.459643777199999895e+06 1.219972384435096302e+01 2.903475657867146675e-02
2.459644280793999787e+06 1.220533207710447599e+01 2.903686237688281324e-02
2.459644773860999849e+06 1.219731950007474097e+01 2.904026850123984926e-02
2.459645266927999910e+06 1.217534286350066353e+01 2.903280054166140767e-02
2.459645770521000028e+06 1.219630846880106390e+01 2.903786136419219191e-02
2.459646263588000089e+06 1.220285919186897949e+01 2.903097930645069658e-02
2.459646756655999925e+06 1.219428665765878428e+01 2.903304768866043009e-02
2.459647260249000043e+06 1.219434281455342273e+01 2.903318139109386034e-02
2.459647753316000104e+06 1.218089501211963110e+01 2.903482093828516075e-02
2.459648246383000165e+06 1.219299512045591882e+01 2.904120286614483848e-02
2.459648749977000058e+06 1.224042225996880440e+01 2.904142608812046097e-02
2.459649243044000119e+06 1.222450267752044439e+01 2.903743309577535084e-02
2.459649736111000180e+06 1.220623143233980734e+01 2.903900197079399906e-02
2.459650239705000073e+06 1.221053801369905223e+01 2.903800113987577147e-02
2.459650732772000134e+06 1.214283237874317933e+01 2.903356516718502353e-02
2.459651225839000195e+06 1.217803449822622319e+01 2.903921889841688114e-02
2.459651729431999847e+06 1.216486237551829319e+01 2.904142197631484623e-02
2.459652222500000149e+06 1.218458662862986230e+01 2.903239798960884424e-02
2.459652715567000210e+06 1.217091417659561081e+01 2.903344991097996097e-02
2.459653219159999862e+06 1.219854408350333053e+01 2.903194880453911081e-02
2.459653712226999924e+06 1.216794393514129169e+01 2.903757155539859677e-02
2.459654205293999985e+06 1.214961175143804795e+01 2.903858447089853814e-02
2.459654708887999877e+06 1.223380630125221735e+01 2.903699692445104938e-02
2.459655201954999939e+06 1.216211764339404233e+01 2.903486942180401667e-02
2.459655695022000000e+06 1.219126579791945097e+01 2.903708397606849512e-02
2.459656198615999892e+06 1.216553464923204864e+01 2.903182203745538481e-02
2.459656691682999954e+06 1.221525113161846399e+01 2.903795879011945164e-02
2.459657184750000015e+06 1.215673080731810174e+01 2.903320608194889796e-02
2.459657688343999907e+06 1.217579142797117342e+01 2.903387016926437664e-02
2.459658181410999969e+06 1.217125047602833732e+01 2.903425214593071887e-02
2.459658674478000030e+06 1.218750480696601102e+01 2.903935117706131497e-02
2.459659178071000148e+06 1.213448083249558707e+01 2.903594912343047257e-02
2.459659671138000209e+06 1.215337224248597536e+01 2.903637868834968438e-02
2.459660164206000045e+06 1.219557833166711447e+01 2.903612300041378408e-02
2.459660667799000163e+06 1.222988575189396698e+01 2.903895562311686537e-02
2.459661160866000224e+06 1.217410939641420953e+01 2.904107203806194012e-02
2.459661653932999820e+06 1.216514248505081675e+01 2.903088617717080114e-02
2.459662157527000178e+06 1.214659077147135235e+01 2.903136407705036656e-02
2.459662650593999773e+06 1.221098787483065529e+01 2.903907095907928490e-02
2.459663143660999835e+06 1.218010970611148913e+01 2.903294905454382319e-02
2.459663647255000193e+06 1.220325257191282731e+01 2.903191516973756617e-02
2.459664140321999788e+06 1.220863753334244706e+01 2.903348158875529439e-02
2.459664633388999850e+06 1.225174643591071444e+01 2.903444081669989685e-02
2.459665136981999967e+06 1.222696868730592712e+01 2.903202926985075372e-02
2.459665630049999803e+06 1.218413774013815321e+01 2.903132841624197699e-02
2.459666123116999865e+06 1.225830435444883548e+01 2.903869159144970707e-02
2.459666626709999982e+06 1.215902636041044182e+01 2.903868841655499189e-02
2.459667119777000044e+06 1.219215288728186941e+01 2.903919684020727851e-02
2.459667612844000105e+06 1.220521966235938649e+01 2.903659493872859376e-02
2.459668116437999997e+06 1.216934490210176634e+01 2.904091482181882233e-02
2.459668609505000059e+06 1.218627010776990005e+01 2.903640924069929644e-02
2.459669102572000120e+06 1.218840284859114576e+01 2.904149095436085043e-02
2.459669606166000012e+06 1.222533588546039063e+01 2.903941225357418304e-02
2.459670099233000074e+06 1.217887575610282624e+01 2.904122492587822915e-02
2.459670592300000135e+06 1.222303907134723389e+01 2.903395652356179427e-02
2.459671095894000027e+06 1.220051041497009514e+01 2.903662857895195071e-02
2.459671588961000089e+06 1.214176994884100935e+01 2.903102489265613900e-02
2.459672082028000150e+06 1.219888114638918886e+01 2.903275099801229386e-02
2.459672585620999802e+06 1.221660128567720882e+01 2.904116836129369203e-02
2.459673078687999863e+06 1.215022722835488267e+01 2.904005551201533503e-02
2.459673571756000165e+06 1.217253970994009471e+01 2.903732758526562929e-02
2.459674075348999817e+06 1.224933183892533961e+01 2.904000070663365768e-02
2.459674568415999878e+06 1.216323786741286384e+01 2.903754375526003406e-02
2.459675061482999939e+06 1.223514723722516884e+01 2.904017964230383789e-02
2.459675565076999832e+06 1.219743184205631259e+01 2.904053597322898972e-02
2.459676058143999893e+06 1.217977316189256598e+01 2.903214685559830227e-02
2.459676551210999954e+06 1.219137808414410884e+01 2.903735141872693798e-02
2.459677054804999847e+06 1.220006093983523066e+01 2.903555884972730192e-02
2.459677547871999908e+06 1.223251057839332034e+01 2.903392152013760732e-02
2.459678040938999970e+06 1.219983620847746586e+01 2.903502399989368529e-02
2.459678544532000087e+06 1.217786625362422193e+01 2.903881770955289016e-02
2.459679037599999923e+06 1.216525453066975793e+01 2.903115356274512879e-02
2.459679530666999985e+06 1.220717582665943013e+01 2.904124871407924580e-02
2.459680034260000102e+06 1.217635215679906047e+01 2.903520725918459777e-02
2.459680527327000163e+06 1.223906947326417338e+01 2.903821648846278275e-02
2.459681020394000225e+06 1.218789769203499063e+01 2.904028731022975304e-02
2.459681523988000117e+06 1.221104410863741840e+01 2.903920468925096435e-02
2.459682017055000179e+06 1.213150830885171061e+01 2.904000986292017486e-02
2.459682510121999774e+06 1.221688258655583148e+01 2.903058490191518654e-02
2.459683013716000132e+06 1.220595037671025018e+01 2.903833333076158429e-02
2.459683506783000194e+06 1.219400587706461891e+01 2.903237918572874887e-02
2.459683999849999789e+06 1.212697270290397178e+01 2.904032203160649903e-02
2.459684503444000147e+06 1.223963311622087957e+01 2.903955377854310418e-02
2.459684996511000209e+06 1.219552216908267894e+01 2.903598928443366922e-02
2.459685489577999804e+06 1.222584259373197213e+01 2.904061586143645915e-02
2.459685993170999922e+06 1.213369851882377226e+01 2.903407716695479909e-02
2.459686486237999983e+06 1.222029246823849036e+01 2.903868769401395447e-02
2.459686979305999819e+06 1.219653313517486382e+01 2.903839626629246828e-02
2.459687482898999937e+06 1.213234635270204187e+01 2.903084164107948631e-02
2.459687975965999998e+06 1.215443568761275905e+01 2.903891943134673248e-02
2.459688469033000059e+06 1.225224295409269182e+01 2.903561747570475651e-02
2.459688972626999952e+06 1.218761705855050081e+01 2.903961864060153331e-02
2.459689465694000013e+06 1.218308291727682757e+01 2.904003610797556423e-02
2.459689958761000074e+06 1.213173178155149579e+01 2.904054480459771978e-02
2.459690462354999967e+06 1.220415177391891426e+01 2.903405439911165009e-02
2.459690955422000028e+06 1.219120965519492827e+01 2.903695025566294802e-02
2.459691448489000089e+06 1.220353356542246281e+01 2.903258366198476978e-02
2.459691952082000207e+06 1.215891437215476323e+01 2.903842096158231953e-02
2.459692445150000043e+06 1.221637624963778279e+01 2.904063340812991847e-02
2.459692938217000104e+06 1.217870749987853607e+01 2.904082370930022305e-02
2.459693441810000222e+06 1.220257821388719144e+01 2.904154984102128023e-02
2.459693934876999818e+06 1.220169036598799828e+01 2.903943680568041308e-02
2.459807647255999967e+06 1.224916260932097956e+01 2.903959950696865730e-02
2.459808150849000085e+06 1.217052183900165829e+01 2.903251399821967296e-02
2.459808643916000146e+06 1.215561118259405760e+01 2.903053214798895221e-02
2.459809136983000208e+06 1.214551682629128493e+01 2.903998369297824955e-02
2.459809640577000100e+06 1.220634385640368613e+01 2.903926943111790476e-02
2.459810133644000161e+06 1.218952549367832638e+01 2.903293892983366958e-02
2.459810626711000223e+06 1.221615121774367374e+01 2.904009846482034224e-02
2.459811130305000115e+06 1.214551682629128493e+01 2.903998369297824955e-02
2.459811623372000176e+06 1.216900865532126730e+01 2.904011240277407091e-02
2.459812116438999772e+06 1.224523713874996389e+01 2.904157151073861326e-02
2.459812620031999890e+06 1.222556108654389107e+01 2.903994718424315891e-02
2.459813113100000191e+06 1.216155757007458504e+01 2.903353234744132302e-02
2.459813606166999787e+06 1.214698233760639923e+01 2.903229995274097738e-02
2.459814109759999905e+06 1.218733643152776303e+01 2.903894998636984137e-02
2.459814602826999966e+06 1.218424996071071398e+01 2.903159580588961577e-02
2.459815095894000027e+06 1.212966481614126124e+01 2.903559697005221943e-02
2.459815599487999920e+06 1.220886242682813716e+01 2.903401641017647195e-02
2.459816092554999981e+06 1.222982943131843214e+01 2.903882189409218162e-02
2.459816585622000042e+06 1.222203716509492644e+01 2.903157664876958310e-02
2.459817089215999935e+06 1.217130652683719916e+01 2.903438585391090662e-02
2.459817582282999996e+06 1.217741761271575918e+01 2.903774789967926429e-02
2.459818075350000057e+06 1.225885759239463901e+01 2.904000215656706019e-02
2.459818578943999950e+06 1.217769801134662622e+01 2.903841652623157660e-02
2.459819072011000011e+06 1.220285919186897949e+01 2.903097930645069658e-02
2.459819565078000072e+06 1.219467976135232412e+01 2.903398361862513655e-02
2.459820068671000190e+06 1.215639490907310005e+01 2.903240387590154403e-02
2.459820561737999786e+06 1.213055859580135554e+01 2.903773647072135922e-02
2.459821054806000087e+06 1.215376402723334337e+01 2.903731472569487035e-02
2.459821558399000205e+06 1.216133354796857624e+01 2.903299753493693292e-02
2.459822051465999801e+06 1.218436218231681956e+01 2.903186319799988535e-02
2.459822544532999862e+06 1.219743184205631259e+01 2.904053597322898972e-02
2.459823048127000220e+06 1.222074268874409952e+01 2.903975753851151947e-02
2.459823541193999816e+06 1.215661884020518713e+01 2.903293867747024429e-02
2.459824034260999877e+06 1.215549922579321951e+01 2.904146039666410939e-02
2.459824537854999769e+06 1.226171450399302998e+01 2.903547643673622114e-02
2.459825030921999831e+06 1.216559067371853331e+01 2.903195573424457651e-02
2.459825523988999892e+06 1.218424996071071398e+01 2.903159580588961577e-02
2.459826027582000010e+06 1.220208370835274359e+01 2.904037294160924029e-02
2.459826520649999846e+06 1.219809468080949699e+01 2.903087924772063122e-02
2.459827013716999907e+06 1.216150156416122918e+01 2.903339864339167867e-02
2.459827517310000025e+06 1.221042555100569693e+01 2.903773369123311549e-02
2.459828010377000086e+06 1.215885837841375583e+01 2.903828723501982942e-02
2.459828503444000147e+06 1.216396606835541938e+01 2.903928220409762728e-02
2.459829007038000040e+06 1.218016579771873964e+01 2.903308275652311671e-02
2.459829500105000101e+06 1.216127754308683429e+01 2.903286383335008242e-02
2.459829993172000162e+06 1.217837099440342996e+01 2.904002129277287458e-02
2.459830496766000055e+06 1.224238406628645670e+01 2.903480498535120080e-02
2.459830989833000116e+06 1.218812220347512998e+01 2.904082225701801884e-02
2.459831482900000177e+06 1.218907642323546270e+01 2.903186933653821578e-02
2.459831986494000070e+06 1.219653313517486382e+01 2.903839626629246828e-02
2.459832479561000131e+06 1.214687046027979633e+01 2.903203255660804713e-02
2.459832972628000192e+06 1.222764439323617935e+01 2.903363368340954390e-02
2.459833476220999844e+06 1.218688744173147498e+01 2.903788017162302684e-02
2.459833969287999906e+06 1.215835444634804574e+01 2.903708372366904655e-02
2.459834462356000207e+06 1.216290178937359379e+01 2.903674142935989966e-02
2.459834965948999859e+06 1.217910010135122789e+01 2.903054252420238235e-02
2.459835459015999921e+06 1.217158678475349376e+01 2.903505440304836316e-02
2.459835952082999982e+06 1.222416490669533751e+01 2.903663077293289901e-02
2.459836455676999874e+06 1.216306982723246044e+01 2.903714258953883631e-02
2.459836948743999936e+06 1.219798233272298305e+01 2.903061186467281729e-02
2.459837441810999997e+06 1.226710266621453194e+01 2.903693706998978358e-02
2.459837945404999889e+06 1.214955580053705653e+01 2.903845074358298028e-02
2.459838438471999951e+06 1.219064824216970955e+01 2.903561308547662756e-02
2.459838931539000012e+06 1.221110034270319034e+01 2.903933842003859206e-02
2.459839435132000130e+06 1.220723204291106434e+01 2.904138245427997922e-02
2.459839928199999966e+06 1.222281391672054163e+01 2.903342170324384533e-02
2.459840421267000027e+06 1.221346240732763988e+01 2.903370665467956691e-02
2.459840924860000145e+06 1.223100095270030785e+01 2.904160358462551036e-02
2.459841417927000206e+06 1.217438971886970300e+01 2.903052771384306494e-02
2.459841910993999802e+06 1.218173646760035211e+01 2.903682666193568504e-02
2.459842414588000160e+06 1.220796287774110489e+01 2.903187718360141986e-02
2.459842907655000221e+06 1.216755169329506892e+01 2.903663550977433894e-02
2.459843400721999817e+06 1.219916203924183407e+01 2.903341950950528300e-02
2.459843904316000175e+06 1.217904401465171560e+01 2.903040883392135271e-02
2.459844397382999770e+06 1.224238406628645670e+01 2.903480498535120080e-02
2.459844890449999832e+06 1.219260207106790794e+01 2.904026670346283867e-02
2.459845394044000190e+06 1.218598951176153555e+01 2.903574066036600579e-02
2.459845887110999785e+06 1.212439285643734799e+01 2.903414410294957726e-02
2.459846380177999847e+06 1.216631901552125328e+01 2.903369384853290644e-02
2.459846883770999964e+06 1.217820274515263179e+01 2.903962009282355650e-02
2.459847376838000026e+06 1.222203716509492644e+01 2.903157664876958310e-02
2.459847869905999862e+06 1.224019678513485765e+01 2.904089113020923152e-02
2.459848373498999979e+06 1.217113837518495245e+01 2.903398473181752204e-02
2.459848866566000041e+06 1.221704011787714528e+01 2.903095923852402893e-02
2.459849359633000102e+06 1.221805286773195220e+01 2.903336580340963591e-02
2.459849863226999994e+06 1.215779454632622603e+01 2.903574654733633020e-02
2.459850356294000056e+06 1.219809468080949699e+01 2.903087924772063122e-02
2.459850849361000117e+06 1.215824246428093147e+01 2.903681628347615923e-02
2.459851352955000009e+06 1.225112581647862520e+01 2.903297005999880276e-02
2.459851846022000071e+06 1.219243362520887786e+01 2.903986550012307641e-02
2.459852339089000132e+06 1.224277872048225468e+01 2.903574097196537362e-02
2.459852842681999784e+06 1.221777153990687026e+01 2.903269729315315420e-02
2.459853335750000086e+06 1.219933057805801901e+01 2.903382062378986883e-02
2.459853828817000147e+06 1.214608734784486543e+01 2.904134781250065911e-02
2.459854332409999799e+06 1.219316357407238982e+01 2.903037376928839508e-02
2.459854825476999860e+06 1.218750480696601102e+01 2.903935117706131497e-02
2.459855318543999922e+06 1.220169036598799828e+01 2.903943680568041308e-02
2.459855822137999814e+06 1.219978002628483438e+01 2.903489028897465740e-02
2.459856315204999875e+06 1.223750268221954585e+01 2.903449914560060283e-02
2.459856808271999937e+06 1.222130548770175729e+01 2.904109489956146692e-02
2.459857311865999829e+06 1.220051041497009514e+01 2.903662857895195071e-02
2.459857804932999890e+06 1.220291538824173116e+01 2.903111299935895451e-02
2.459858297999999952e+06 1.222175574552906951e+01 2.903090817970945328e-02
2.459858801593999844e+06 1.220280299575506611e+01 2.903084561415822037e-02
2.459859294660999905e+06 1.221440736110672809e+01 2.903595298826698590e-02
2.459859787727999967e+06 1.218531610770149420e+01 2.903413613037456736e-02
2.459860291321000084e+06 1.224821496674155696e+01 2.903735289127255814e-02
2.459860784388000146e+06 1.218800994723810405e+01 2.904055478239212645e-02
2.459861277455999982e+06 1.226116113711580624e+01 2.903416607586301046e-02
2.459861781049000099e+06 1.218800994723810405e+01 2.904055478239212645e-02
2.459862274116000161e+06 1.220566932755211376e+01 2.903766470612487854e-02
2.459862767183000222e+06 1.216564669846301427e+01 2.903208943164944586e-02
2.459863270777000114e+06 1.215225292708294447e+01 2.903370446219535883e-02
2.459863763844000176e+06 1.218190476567170499e+01 2.903722782329214505e-02
2.459864256910999771e+06 1.217388514309713798e+01 2.904053708667257705e-02
2.459864760505000129e+06 1.214894035763179403e+01 2.903697978375667857e-02
2.459865253572000191e+06 1.223963311622087957e+01 2.903955377854310418e-02
2.459865746638999786e+06 1.218806607522735597e+01 2.904068851939707943e-02
2.459866250231999904e+06 1.219333203001614230e+01 2.903077484149423071e-02
2.459866743300000206e+06 1.221990979384977649e+01 2.903777835718004963e-02
2.459867236366999801e+06 1.226160156994895090e+01 2.903520901134683599e-02
2.459867739959999919e+06 1.223727726116571191e+01 2.903396431528719457e-02
2.459868233026999980e+06 1.218969389935975656e+01 2.903334003747866723e-02
2.459868726094000041e+06 1.220219609421449647e+01 2.904064041456030920e-02
2.459869229687999934e+06 1.218986230736785714e+01 2.903374115066531189e-02
2.459869722754999995e+06 1.218817833198134259e+01 2.904095599525474344e-02
2.459870215822000057e+06 1.224036589087092430e+01 2.904129234771879106e-02
2.459870719415999949e+06 1.218010970611148913e+01 2.903294905454382319e-02
2.459871212483000010e+06 1.222029246823849036e+01 2.903868769401395447e-02
2.459871705550000072e+06 1.215561118259405760e+01 2.903053214798895221e-02
2.459872209143999964e+06 1.220841264399944670e+01 2.903294677718588901e-02
2.459872702211000025e+06 1.220976204219879513e+01 2.903615579438127703e-02
2.459873195278000087e+06 1.216071750845457977e+01 2.903152685134612401e-02
2.459873698871000204e+06 1.218621398805136558e+01 2.903627552340110746e-02
2.459874191937999800e+06 1.218402552059922783e+01 2.903106102905720493e-02
2.459874685006000102e+06 1.219159143082017138e+01 2.903785956656420794e-02
2.459875188599000219e+06 1.212903920956242132e+01 2.903409941337935576e-02
2.459875681665999815e+06 1.218913255613606594e+01 2.903200303354520201e-02
2.459876174732999876e+06 1.215958631716065952e+01 2.904002572836881374e-02
2.459876678326999769e+06 1.216351793953927007e+01 2.903821237711169678e-02
2.459877171393999830e+06 1.223918219977897870e+01 2.903848394155209012e-02
2.459877664460999891e+06 1.217427758911295044e+01 2.904147325807084068e-02
2.459878168054999784e+06 1.222904097049339356e+01 2.903694975240799989e-02
2.459878661121999845e+06 1.218542833912722578e+01 2.903440354588221473e-02
2.459879154188999906e+06 1.220785043876555598e+01 2.903160979136231237e-02
2.459987411249999888e+06 1.221609496041785903e+01 2.903996473053268787e-02
2.459987904316999950e+06 1.221306869816289087e+01 2.903277073364298258e-02
2.459988407910000067e+06 1.219282666916674707e+01 2.904080164987159554e-02
2.459988900977000128e+06 1.218346443840801463e+01 2.904094551551229808e-02
2.459989394044000190e+06 1.218834671905095490e+01 2.904135721366044726e-02
2.459989897638000082e+06 1.216564669846301427e+01 2.903208943164944586e-02
2.459990390705000143e+06 1.218061453987594867e+01 2.903415239452336247e-02
2.459990883772000205e+06 1.221805286773195220e+01 2.903336580340963591e-02
2.459991387366000097e+06 1.221188764681592254e+01 2.904121071573083357e-02
2.459991880433000159e+06 1.222685607328121016e+01 2.903176187621088825e-02
2.459992373500000220e+06 1.216749565977781877e+01 2.903650179143413973e-02
2.459992877094000112e+06 1.219170372004403191e+01 2.903812701636613453e-02
2.459993370161000174e+06 1.212853651337222516e+01 2.903289607559565721e-02
2.459993863227999769e+06 1.215897036615366922e+01 2.903855468876073362e-02
2.459994366820999887e+06 1.218525999237628099e+01 2.903400242354441108e-02
2.459994859887999948e+06 1.218324001276628898e+01 2.904041056645354640e-02
2.459995352955999784e+06 1.219692631128745042e+01 2.903933236867772827e-02
2.459995856548999902e+06 1.212198102899755625e+01 2.903953328464942141e-02
2.459996349615999963e+06 1.218829058976925594e+01 2.904122347357595765e-02
2.459996842683000024e+06 1.214905225402294420e+01 2.903724722545546547e-02
2.459997346276999917e+06 1.219664546991371346e+01 2.903866372103760737e-02
2.459997839343999978e+06 1.219949911920267560e+01 2.903422174361610861e-02
2.459998332411000039e+06 1.220617522069618666e+01 2.903886824155587146e-02
2.459998836004999932e+06 1.218145597598170227e+01 2.903615807199101673e-02
2.459999329071999993e+06 1.220308397891266949e+01 2.903151408177762072e-02
2.459999822139000054e+06 1.222932255780968447e+01 2.903761836058208617e-02
2.460000325732000172e+06 1.222360197605964593e+01 2.903529361745896265e-02
2.460000818800000008e+06 1.218778543786574353e+01 2.904001984053079105e-02
2.460001311867000069e+06 1.218918868929513444e+01 2.903213673116780691e-02
2.460001815460000187e+06 1.217915618830907043e+01 2.903067621509917290e-02
2.460002308526999783e+06 1.220017330706651215e+01 2.903582627833874164e-02
2.460002801593999844e+06 1.220482621890509378e+01 2.903565892458631267e-02
2.460003305188000202e+06 1.219826320487944038e+01 2.903128032690987723e-02
2.460003798254999798e+06 1.217248365345219518e+01 2.903719386373822611e-02
2.460004291321999859e+06 1.220045422967263526e+01 2.903649486064358021e-02
2.460004794916000217e+06 1.225246865082731595e+01 2.903615233647079130e-02
2.460005287982999813e+06 1.219737567093616804e+01 2.904040223692642975e-02
2.460005781049999874e+06 1.220129703630290763e+01 2.903850069992855443e-02
2.460006284644000232e+06 1.218638234798238251e+01 2.903667667714326592e-02
2.460006777710999828e+06 1.217394120603911212e+01 2.904067082359603272e-02
2.460007270777999889e+06 1.216435819461288936e+01 2.904021833504261130e-02
2.460007774371000007e+06 1.218761705855050081e+01 2.903961864060153331e-02
2.460008267438000068e+06 1.222836518738755629e+01 2.903534515560151144e-02
2.460008760505999904e+06 1.217444578413534018e+01 2.903066140467155595e-02
2.460009264099000022e+06 1.213100551032803942e+01 2.903880628017392607e-02
2.460009757166000083e+06 1.215583509928923611e+01 2.903106691507882989e-02
2.460010250233000144e+06 1.217506251909849269e+01 2.903213204442051110e-02
2.460010753827000037e+06 1.218598951176153555e+01 2.903574066036600579e-02
2.460011246894000098e+06 1.220011712332151887e+01 2.903569256372516907e-02
2.460011739961000159e+06 1.221009941505258922e+01 2.903695810409948758e-02
2.460012243555000052e+06 1.219781381253336683e+01 2.904144539641931311e-02
2.460012736622000113e+06 1.217338058823705360e+01 2.903933348207517195e-02
2.460013229689000174e+06 1.219552216908267894e+01 2.903598928443366922e-02
2.460013733281999826e+06 1.224748172220324172e+01 2.903561455793399193e-02
2.460014226350000128e+06 1.217237154125087528e+01 2.903692642253091413e-02
2.460014719417000189e+06 1.222175574552906951e+01 2.903090817970945328e-02
2.460015223009999841e+06 1.220330877009716453e+01 2.903204886695564743e-02
2.460015716076999903e+06 1.214882846227124169e+01 2.903671234452111227e-02
2.460016209143999964e+06 1.220555690970085294e+01 2.903739726058098339e-02
2.460016712737999856e+06 1.216917677755014360e+01 2.904051360952494484e-02
2.460017205804999918e+06 1.221042555100569693e+01 2.903773369123311549e-02
2.460017698871999979e+06 1.220146560461537000e+01 2.903890188441286824e-02
2.460018202465999871e+06 1.220499483597531487e+01 2.903606006980968823e-02
2.460018695532999933e+06 1.215729065835175859e+01 2.903454314128606911e-02
2.460019188599999994e+06 1.225802209980969693e+01 2.903802295856384996e-02
2.460019692193999887e+06 1.216463829253607898e+01 2.904088701847946236e-02
2.460020185260999948e+06 1.222096780521701120e+01 2.904029247554094223e-02
2.460020678328000009e+06 1.216542260103312678e+01 2.903155464572419742e-02
2.460021181921000127e+06 1.221076294219316338e+01 2.903853604455081810e-02
2.460021674988000188e+06 1.218380108462208078e+01 2.903052626207574052e-02
2.460022168056000024e+06 1.219277051925416444e+01 2.904066791234557673e-02
2.460022671649000142e+06 1.218391330209387213e+01 2.903079364433512957e-02
2.460023164716000203e+06 1.220976204219879513e+01 2.903615579438127703e-02
2.460023657782999799e+06 1.218582115725771331e+01 2.903533951955530532e-02
2.460024161377000157e+06 1.222209344978566747e+01 2.903171034442860246e-02
2.460024654444000218e+06 1.215891437215476323e+01 2.903842096158231953e-02
2.460025147510999814e+06 1.219355664156140939e+01 2.903130961305473018e-02
2.460025651105000172e+06 1.215997830222935505e+01 2.904096188328256917e-02
2.460026144171999767e+06 1.211923480986774315e+01 2.903295441592851356e-02
2.460026637238999829e+06 1.219754418507259786e+01 2.904080344768164568e-02
2.460027140831999946e+06 1.218615786859123418e+01 2.903614180671861347e-02
2.460027633899999782e+06 1.220925600039653425e+01 2.903495237136957327e-02
2.460028126966999844e+06 1.224865493453566323e+01 2.903839594122988033e-02
2.460028630559999961e+06 1.214882846227124169e+01 2.903671234452111227e-02
2.460029123627000023e+06 1.218677519686693422e+01 2.903761272409452476e-02
2.460029616694000084e+06 1.220006093983523066e+01 2.903555884972730192e-02
2.460030120287999976e+06 1.216234167994375603e+01 2.903540426879016104e-02
2.460030613355000038e+06 1.219192830159448171e+01 2.903866192336003807e-02
2.460031106422000099e+06 1.219254592218967126e+01 2.904013296840041169e-02
2.460031610015999991e+06 1.219451128678910301e+01 2.903358250208871311e-02
2.460032103083000053e+06 1.219394972172163172e+01 2.903224548698959961e-02
2.460032596150000114e+06 1.216368598591057903e+01 2.903861355761255814e-02
2.460033099744000006e+06 1.215807449311409449e+01 2.903641512780529010e-02
2.460033592811000068e+06 1.220302778176357528e+01 2.903138038702241658e-02
2.460034085878000129e+06 1.215874639170527693e+01 2.903801978374224296e-02
2.460034589470999781e+06 1.216928886032650503e+01 2.904078108377171341e-02
2.460035082537999842e+06 1.222651823743027322e+01 2.903095971006786069e-02
2.460035575606000144e+06 1.213150830885171061e+01 2.904000986292017486e-02
2.460036079198999796e+06 1.212680516374186368e+01 2.903992082750224760e-02
2.460036572265999857e+06 1.220477001373266823e+01 2.903552521074335979e-02
2.460037065332999919e+06 1.221844673756993593e+01 2.903430174362930938e-02
2.460037568926999811e+06 1.218722418252792927e+01 2.903868252898810995e-02
2.460038061993999872e+06 1.224142567334641818e+01 2.903253200061532702e-02
2.460038555060999934e+06 1.217624000896767100e+01 2.903493983627450370e-02
2.460039058654999826e+06 1.224462812676425294e+01 2.904012713976127091e-02
2.460039551721999887e+06 1.218789769203499063e+01 2.904028731022975304e-02
2.460040044788999949e+06 1.217898792821045006e+01 2.904149240667638909e-02
2.460040548382000066e+06 1.216760772707040594e+01 2.903676922873043784e-02
2.460041041449999902e+06 1.222567368864128490e+01 2.904021465327284723e-02
2.460041534516999964e+06 1.221318118520064822e+01 2.903303813657490823e-02
2.460042038110000081e+06 1.217691291145009735e+01 2.903654441068158690e-02
2.460042531177000143e+06 1.219496055746342833e+01 2.903465215850068587e-02
2.460043024244000204e+06 1.222870307427234948e+01 2.903614744292064287e-02
2.460043527838000096e+06 1.220095990666450980e+01 2.903769834758753235e-02
2.460044020905000158e+06 1.222539218534238081e+01 2.903954598531768502e-02
2.460044513972000219e+06 1.219175986504381193e+01 2.903826074219087103e-02
2.460045017566000111e+06 1.219681397396196765e+01 2.903906490777415084e-02
2.460045510633000173e+06 1.224636501870978833e+01 2.903296714249407884e-02
2.460046003699999768e+06 1.220471380881907031e+01 2.903539149751616089e-02
2.460046507294000126e+06 1.220852508815312021e+01 2.903321418173914273e-02
2.460047000361000188e+06 1.221603870335107445e+01 2.903983099686079442e-02
2.460047493427999783e+06 1.222181202892386054e+01 2.903104187229013644e-02
2.460047997020999901e+06 1.222102408498319370e+01 2.904042621133801766e-02
2.460048490087999962e+06 1.216687930811842655e+01 2.903503093033317842e-02
2.460048983155999798e+06 1.218240967383670004e+01 2.903843134061548370e-02
2.460049486748999916e+06 1.217472611433653640e+01 2.903132986804941168e-02
2.460049979815999977e+06 1.226008835410921094e+01 2.903162574875789090e-02
2.460050472883000039e+06 1.219826320487944038e+01 2.903128032690987723e-02
2.460050976476999931e+06 1.215981030708119803e+01 2.904056067033851732e-02
2.460051469543999992e+06 1.221940333146712199e+01 2.903657486692015274e-02
2.460051962611000054e+06 1.217506251909849269e+01 2.903213204442051110e-02
2.460052466204999946e+06 1.219092894545054051e+01 2.903628166287235482e-02
2.460052959272000007e+06 1.225157717294768744e+01 2.903403969384707461e-02
2.460053452339000069e+06 1.222192459649099838e+01 2.903130925929849060e-02
2.460053955932000186e+06 1.218368886818384667e+01 2.904148047442525402e-02
2.460054449000000022e+06 1.218980617110662656e+01 2.903360744565399928e-02
2.460054942067000084e+06 1.218817833198134259e+01 2.904095599525474344e-02
2.460055445660000201e+06 1.217125047602833732e+01 2.903425214593071887e-02
2.460055938726999797e+06 1.218419385029523561e+01 2.903146211075795236e-02
2.460056431793999858e+06 1.221541989271521622e+01 2.903835996711696260e-02
2.460056935388000216e+06 1.220101609429070422e+01 2.903783207143817435e-02
2.460057428454999812e+06 1.219248977356997266e+01 2.903999923395376992e-02
2.460057921521999873e+06 1.215689875992110380e+01 2.903360719328484940e-02
2.460058425116000231e+06 1.220886242682813716e+01 2.903401641017647195e-02
2.460058918182999827e+06 1.216996137866360961e+01 2.903117703232576188e-02
