2.458346727899000049e+06 2.702979799211737255e+00 1.221615509974333276e-02
2.458347220966000110e+06 2.692139746720146665e+00 1.221675437731675924e-02
2.458347714033000171e+06 2.688576510635217964e+00 1.221544226750556454e-02
2.458348217627000064e+06 2.697138199670401804e+00 1.221459546956317824e-02
2.458348710694000125e+06 2.703522572634940335e+00 1.221611813552974171e-02
2.458349203761000186e+06 2.711542401091644017e+00 1.221489513347641907e-02
2.458349707355000079e+06 2.685952944825528377e+00 1.221589146923872209e-02
2.458350200422000140e+06 2.689369033972962342e+00 1.221656606588842481e-02
2.458350693489000201e+06 2.699317684674448881e+00 1.221452110253604464e-02
2.458351197081999853e+06 2.683626056626569500e+00 1.221519547172418563e-02
2.458351690150000155e+06 2.693178879645133694e+00 1.221650887584346118e-02
2.458352183217000216e+06 2.697336939478951923e+00 1.221549550737563959e-02
2.458352686809999868e+06 2.714510963218156991e+00 1.221576706032249243e-02
2.458353179876999930e+06 2.694466571776883868e+00 1.221490488036203019e-02
2.458353672943999991e+06 2.699514098733789336e+00 1.221540988405526648e-02
2.458354176537999883e+06 2.670609564206194886e+00 1.221498098500124058e-02
2.458354669604999945e+06 2.706641896249088131e+00 1.221525563345752380e-02
2.458355162672000006e+06 2.682439897592366673e+00 1.221473760898582860e-02
2.458355666265999898e+06 2.698375593159698660e+00 1.221522869206928888e-02
2.458356159332999960e+06 2.707828781235469329e+00 1.221562411971508985e-02
2.458356652400000021e+06 2.689961102235828960e+00 1.221677801384522290e-02
2.458357155993999913e+06 2.700752582238433952e+00 1.221603910162289211e-02
2.458357649060999975e+06 2.697088517006300812e+00 1.221437047047194829e-02
2.458358142128000036e+06 2.684617395770695136e+00 1.221476255188674170e-02
2.458358645721000154e+06 2.674222878746388421e+00 1.221672946011499727e-02
2.458359138788000215e+06 2.702681071352723841e+00 1.221480499499619926e-02
2.458359631856000051e+06 2.688873679514420800e+00 1.221679244269055151e-02
2.458360135449000169e+06 2.683280039403822315e+00 1.221609188000487463e-02
2.458360628516000230e+06 2.690704468651132775e+00 1.221519763996074120e-02
2.458361121582999825e+06 2.698475006821608790e+00 1.221567872601505428e-02
2.458361625177000184e+06 2.671549343442042534e+00 1.221435822323028476e-02
2.458362118243999779e+06 2.709562667842570161e+00 1.221595927349964500e-02
2.458362611310999840e+06 2.692782027380387078e+00 1.221470871720887683e-02
2.458363114905000199e+06 2.682835225672241197e+00 1.221653777187837325e-02
2.458363607971999794e+06 2.674619459246824871e+00 1.221607775468785614e-02
2.458364101038999856e+06 2.711887067347754865e+00 1.221644777826366192e-02
2.458364604631999973e+06 2.679963011534875150e+00 1.221580056551650056e-02
2.458365097699999809e+06 2.679568106688922757e+00 1.221646848468590368e-02
2.458365590766999871e+06 2.706395109478581418e+00 1.221663455029518147e-02
2.458366094359999988e+06 2.685507688000040361e+00 1.221633985576355691e-02
2.458366587427000050e+06 2.677934806259710143e+00 1.221642148182682831e-02
2.458367080494000111e+06 2.707828781235469329e+00 1.221562411971508985e-02
2.458367584088000003e+06 2.694069529764784754e+00 1.221558628781898963e-02
2.458368077155000065e+06 2.679716189186434061e+00 1.221467550051721224e-02
2.458368570222000126e+06 2.703226274551971287e+00 1.221477928509012538e-02
2.458369073816000018e+06 2.705453039678034521e+00 1.221487387302898700e-02
2.458369566883000080e+06 2.693426942010292979e+00 1.221515337182033957e-02
2.458370059950000141e+06 2.675163929496434445e+00 1.221610065531344817e-02
2.458370563544000033e+06 2.691643881924452142e+00 1.221450417525323830e-02
2.458371056611000095e+06 2.691990977690444264e+00 1.221607927317439751e-02
2.458371549678000156e+06 2.672639606280055702e+00 1.221441973496310320e-02
2.458372053270999808e+06 2.688229855118494438e+00 1.221634320291403210e-02
2.458372546337999869e+06 2.708175469771122224e+00 1.221469378781889388e-02
2.458373039406000171e+06 2.675262487993300020e+00 1.221655072138411874e-02
2.458373542998999823e+06 2.718619326832087069e+00 1.221672781794047070e-02
2.458374036065999884e+06 2.708472310330712673e+00 1.221603262888723562e-02
2.458374529132999945e+06 2.702484426867489908e+00 1.221640533763026712e-02
2.458375032726999838e+06 2.673183673492502077e+00 1.221444412195006254e-02
2.458375525793999899e+06 2.677143186704378230e+00 1.221527594715145909e-02
2.458376018860999960e+06 2.694861190243540428e+00 1.221669381591043713e-02
2.458376522454999853e+06 2.700949100707142669e+00 1.221444032754382021e-02
2.458377015521999914e+06 2.680409817801258754e+00 1.221536844802478296e-02
2.458377508588999975e+06 2.686002422362928854e+00 1.221611649634807978e-02
2.458378012182000093e+06 2.689862002231977467e+00 1.221632793940094323e-02
2.458378505249999929e+06 2.693774267707373049e+00 1.221672855345739758e-02
2.458378998316999990e+06 2.698673845133379157e+00 1.221657884364774418e-02
2.458379501910000108e+06 2.682190376735022586e+00 1.221607178136736686e-02
2.458379994977000169e+06 2.698673845133379157e+00 1.221657884364774418e-02
2.458380488044000231e+06 2.685853992484932729e+00 1.221544142745534939e-02
2.458380991638000123e+06 2.663878422119788869e+00 1.221608951199075130e-02
2.458381484705000184e+06 2.723619281204384013e+00 1.221661932367834255e-02
2.458381977771999780e+06 2.666156264502854256e+00 1.221671282377155728e-02
2.458382481366000138e+06 2.706096004166377522e+00 1.221528439256010061e-02
2.458382974433000199e+06 2.687041661211675425e+00 1.221589330964190784e-02
2.458383467499999795e+06 2.682934066795317207e+00 1.221451678045827605e-02
2.458383971094000153e+06 2.694416938325534083e+00 1.221467987557129514e-02
2.458384464161000215e+06 2.682588138795284127e+00 1.221541263898299513e-02
2.458384957227999810e+06 2.677934806259710143e+00 1.221642148182682831e-02
2.458385460820999928e+06 2.683873239103694797e+00 1.221632058461680215e-02
2.458385953887999989e+06 2.695407298523934347e+00 1.221668694283906467e-02
2.458386446955999825e+06 2.696199352110076664e+00 1.221531027049428675e-02
2.458386950548999943e+06 2.703029590398266180e+00 1.221638013170894994e-02
2.458387443616000004e+06 2.714213460840050107e+00 1.221442824835964301e-02
2.458387936683000065e+06 2.705256193507041385e+00 1.221647676354297406e-02
2.458388440276999958e+06 2.703622175922083759e+00 1.221656820224445959e-02
2.458388933344000019e+06 2.694615477616751242e+00 1.221557991960325190e-02
2.458389426411000080e+06 2.696892279429963235e+00 1.221596569416347373e-02
2.458389930004999973e+06 2.681696344512226826e+00 1.221629163864185186e-02
2.458390423072000034e+06 2.700357101073511679e+00 1.221673738274939303e-02
2.458390916139000095e+06 2.711195281536471935e+00 1.221582854025860670e-02
2.458391419732000213e+06 2.683378896914744072e+00 1.221654194575228641e-02
2.458391912800000049e+06 2.669274268925329263e+00 1.221624901533491236e-02
2.458392405867000110e+06 2.686348790645331608e+00 1.221521758351100211e-02
2.458392909460000228e+06 2.695010117891432966e+00 1.221488675796545201e-02
2.458393402526999824e+06 2.692288523971348102e+00 1.221494982939921176e-02
2.458393895593999885e+06 2.683823800786946823e+00 1.221609555374807143e-02
2.458394399187999777e+06 2.700307359115602157e+00 1.221651234420302948e-02
2.458394892254999839e+06 2.704267196017458463e+00 1.221450134125714841e-02
2.458395385321999900e+06 2.709215801724011996e+00 1.221439544091959366e-02
2.458395888915999793e+06 2.695258348927635161e+00 1.221601184242316653e-02
2.458396381982999854e+06 2.693920654094285716e+00 1.221491124822589661e-02
2.458396875049999915e+06 2.704563608194848090e+00 1.221584016123160310e-02
2.458397378643999808e+06 2.696199352110076664e+00 1.221531027049428675e-02
2.458397871710999869e+06 2.671104014157058337e+00 1.221478234968151333e-02
2.458398364777999930e+06 2.710006920958763388e+00 1.221546616300480705e-02
2.458398868371000048e+06 2.680212325183185751e+00 1.221446841957409511e-02
2.458399361438000109e+06 2.670858007714854931e+00 1.221611732959267810e-02
2.458399854505999945e+06 2.685853992484932729e+00 1.221544142745534939e-02
2.458400358099000063e+06 2.693625408353198747e+00 1.221605345074207490e-02
2.458400851166000124e+06 2.711095399250946336e+00 1.221537850079354275e-02
2.458401344233000185e+06 2.692930840126309899e+00 1.221538374560938306e-02
2.458401847827000078e+06 2.686843679959315168e+00 1.221499324251937302e-02
2.458402340894000139e+06 2.685557157335431544e+00 1.221656489113257665e-02
2.458402833961000200e+06 2.695109407562367831e+00 1.221533677931366593e-02
2.458403337555000093e+06 2.695901373612358931e+00 1.221644327604199526e-02
2.458403830622000154e+06 2.694665114725363519e+00 1.221580494097356147e-02
2.458404323689000215e+06 2.677488412561074949e+00 1.221438508663281151e-02
2.458404827281999867e+06 2.682588138795284127e+00 1.221541263898299513e-02
2.458405320350000169e+06 2.697682284723883051e+00 1.221457482359350477e-02
2.458405813417000230e+06 2.714460960538872758e+00 1.221554203964996498e-02
2.458406317009999882e+06 2.694268043457050066e+00 1.221648639864032770e-02
2.458406810076999944e+06 2.686398275474540132e+00 1.221544259820677401e-02
2.458407303144000005e+06 2.714658476488628125e+00 1.221643089545699709e-02
2.458407806737999897e+06 2.690456657023488685e+00 1.221655063264711141e-02
2.458408299804999959e+06 2.698226479533908595e+00 1.221455367223708149e-02
2.458408792872000020e+06 2.712086893933074006e+00 1.221485002822314883e-02
2.458409296465999912e+06 2.668531907453087548e+00 1.221530931907752714e-02
2.458409789532999974e+06 2.685755043789809005e+00 1.221499140225182356e-02
2.458410282600000035e+06 2.692486906429422344e+00 1.221584989332283495e-02
2.458410786193999927e+06 2.698624134181903944e+00 1.221635380802175291e-02
2.458411279260999989e+06 2.701098364794696671e+00 1.221511534111219960e-02
2.458411772328000050e+06 2.694268043457050066e+00 1.221648639864032770e-02
2.458412275921000168e+06 2.671204883347847669e+00 1.221524361783309087e-02
2.458412768988000229e+06 2.712481594697371268e+00 1.221662770380305130e-02
2.458413262056000065e+06 2.654375743608877958e+00 1.221651772565544858e-02
2.458413765649000183e+06 2.700553590765295997e+00 1.221513902375839962e-02
2.458414258715999778e+06 2.698770784122611399e+00 1.221453201529081219e-02
2.458414751782999840e+06 2.676450403418797030e+00 1.221458001568114481e-02
2.458415255377000198e+06 2.694367305788458289e+00 1.221445487492526724e-02
2.458415748443999793e+06 2.719856555095983008e+00 1.221477234021353143e-02
2.458416241510999855e+06 2.701197878769068694e+00 1.221556537088188364e-02
2.458416745105000213e+06 2.671994746972787382e+00 1.221639461394556994e-02
2.458417238171999808e+06 2.702583991907216543e+00 1.221436624308112374e-02
2.458417731238999870e+06 2.697682284723883051e+00 1.221457482359350477e-02
2.458418234831999987e+06 2.673380648201308052e+00 1.221534414861040994e-02
2.458526481366999913e+06 2.702038918247467336e+00 1.221439144484720574e-02
2.458526984960000031e+06 2.700852083473479937e+00 1.221648916542583847e-02
2.458527478027000092e+06 2.673580099881423866e+00 1.221625549317156487e-02
2.458527971094000153e+06 2.690704468651132775e+00 1.221519763996074120e-02
2.458528474688000046e+06 2.706245552690186962e+00 1.221595945277452466e-02
2.458528967755000107e+06 2.693030053192419171e+00 1.221583378526767960e-02
2.458529460822000168e+06 2.695357647743908291e+00 1.221646190522179126e-02
2.458529964416000061e+06 2.681350576099713390e+00 1.221471651333904188e-02
2.458530457483000122e+06 2.685606627582080463e+00 1.221678993064689855e-02
2.458530950550000183e+06 2.702830431155156976e+00 1.221548002871739903e-02
2.458531454144000076e+06 2.690208868219087890e+00 1.221542549856726584e-02
2.458531947211000137e+06 2.678874695889629454e+00 1.221577447747005177e-02
2.458532440278000198e+06 2.655960427679354918e+00 1.221647239698109288e-02
2.458532943870999850e+06 2.674619459246824871e+00 1.221607775468785614e-02
2.458533436937999912e+06 2.714708482806324152e+00 1.221665593250300524e-02
2.458533930006000213e+06 2.708572095976291116e+00 1.221648269245171475e-02
2.458534433598999865e+06 2.693970278403657659e+00 1.221513625727870846e-02
2.458534926665999927e+06 2.703176479742410709e+00 1.221455428261288001e-02
2.458535419732999988e+06 2.699168518988196208e+00 1.221633214788371904e-02
2.458535923326999880e+06 2.711492453094782373e+00 1.221467012886518801e-02
2.458536416393999942e+06 2.691643881924452142e+00 1.221450417525323830e-02
2.458536909461000003e+06 2.691051443276890609e+00 1.221677282730630927e-02
2.458537413054999895e+06 2.687685201038102711e+00 1.221634353629923522e-02
2.458537906121999957e+06 2.701693015285750121e+00 1.221531616419871923e-02
2.458538399189000018e+06 2.700503845187945728e+00 1.221491401465462506e-02
2.458538902782000136e+06 2.676351801158306731e+00 1.221659503331695880e-02
2.458539395849999972e+06 2.690010653606888624e+00 1.221452546591305505e-02
2.458539888917000033e+06 2.692685303505394590e+00 1.221675002356806088e-02
2.458540392510000151e+06 2.684963585449654744e+00 1.221633768312632359e-02
2.458540885577000212e+06 2.688229855118494438e+00 1.221634320291403210e-02
2.458541378643999808e+06 2.692090156130094947e+00 1.221652933845730760e-02
2.458541882238000166e+06 2.679321320710887022e+00 1.221534335817181516e-02
2.458542375305000227e+06 2.682291664581325286e+00 1.221653309821189165e-02
2.458542868371999823e+06 2.687685201038102711e+00 1.221634353629923522e-02
2.458543371966000181e+06 2.715006039443322194e+00 1.221549437566669082e-02
2.458543865032999776e+06 2.698820497775503036e+00 1.221475701735783188e-02
2.458544358099999838e+06 2.696249018395003638e+00 1.221553528689742901e-02
2.458544861694000196e+06 2.661354943258720240e+00 1.221677326322220120e-02
2.458545354760999791e+06 2.688031786319996730e+00 1.221544310264335333e-02
2.458545847827999853e+06 2.699218239967711597e+00 1.221655718311075341e-02
2.458546351420999970e+06 2.692980446202475786e+00 1.221560876336604158e-02
2.458546844488000032e+06 2.671450921739949358e+00 1.221636873516033193e-02
2.458547337555999868e+06 2.702631286586093751e+00 1.221457999204540734e-02
2.458547841148999985e+06 2.669965194711140910e+00 1.221449286116839394e-02
2.458548334216000047e+06 2.691941389840803112e+00 1.221585424675074999e-02
2.458548827283000108e+06 2.688725090969275033e+00 1.221611733644467797e-02
2.458549330877000000e+06 2.717778132845982242e+00 1.221545088960439632e-02
2.458549823944000062e+06 2.707681639087440750e+00 1.221496032842040586e-02
2.458550317011000123e+06 2.680113584330929388e+00 1.221648690605153104e-02
2.458550820605000015e+06 2.686249823721505781e+00 1.221476756655404117e-02
2.458551313672000077e+06 2.700158138739429781e+00 1.221583725343554361e-02
2.458551806739000138e+06 2.677836149312805780e+00 1.221597142051739082e-02
2.458552310331999790e+06 2.692635702865916691e+00 1.221652498478884540e-02
2.458552803400000092e+06 2.698475006821608790e+00 1.221567872601505428e-02
2.458553296467000153e+06 2.692734905058558059e+00 1.221449496599196979e-02
2.458553800059999805e+06 2.695059762269654602e+00 1.221511176656713341e-02
2.458554293126999866e+06 2.678874695889629454e+00 1.221577447747005177e-02
2.458554786193999927e+06 2.686794186925528738e+00 1.221476823610096428e-02
2.458555289787999820e+06 2.684914127048169785e+00 1.221611265194263128e-02
2.458555782854999881e+06 2.688427938511777970e+00 1.221476723587106711e-02
2.458556275921999943e+06 2.673580099881423866e+00 1.221625549317156487e-02
2.458556779515999835e+06 2.681646946294981237e+00 1.221606660830628147e-02
2.458557272582999896e+06 2.699019361544925388e+00 1.221565706707401604e-02
2.458557765649999958e+06 2.676647618838027043e+00 1.221548005235487989e-02
2.458558269243999850e+06 2.704364335925285356e+00 1.221494009802503999e-02
2.458558762310999911e+06 2.694069529764784754e+00 1.221558628781898963e-02
2.458559255377999973e+06 2.694516206142524073e+00 1.221512988929754351e-02
2.458559758971000090e+06 2.707681639087440750e+00 1.221496032842040586e-02
2.458560252038000152e+06 2.691891802904595288e+00 1.221562922447220340e-02
2.458560745105999988e+06 2.705948956176642994e+00 1.221462061972602813e-02
2.458561248699000105e+06 2.672885776821108283e+00 1.221554477640443039e-02
2.458561741766000167e+06 2.698375593159698660e+00 1.221522869206928888e-02
2.458562234833000228e+06 2.684518492632630426e+00 1.221678508459861888e-02
2.458562738427000120e+06 2.705256193507041385e+00 1.221647676354297406e-02
2.458563231494000182e+06 2.687338660443676197e+00 1.221476840430492372e-02
2.458563724560999777e+06 2.707532011204766054e+00 1.221677905255727156e-02
2.458564228155000135e+06 2.686299306727659264e+00 1.221499257296011602e-02
2.458564721222000197e+06 2.691594300468492573e+00 1.221675822780875741e-02
2.458565214288999792e+06 2.691448040494546667e+00 1.221609437488716671e-02
2.458565717881999910e+06 2.700008926609261284e+00 1.221516219997396090e-02
2.458566210950000212e+06 2.701593483070201973e+00 1.221486614360993775e-02
2.458566704016999807e+06 2.708968780269404242e+00 1.221577680662646985e-02
2.458567207609999925e+06 2.688675563278936309e+00 1.221589230931988471e-02
2.458567700676999986e+06 2.707532011204766054e+00 1.221677905255727156e-02
2.458568193744000047e+06 2.704314520152061530e+00 1.221471509258557908e-02
2.458568697337999940e+06 2.691398462646085843e+00 1.221586934818533719e-02
2.458569190405000001e+06 2.700503845187945728e+00 1.221491401465462506e-02
2.458569683472000062e+06 2.675954963794040076e+00 1.221478361175002032e-02
2.458570187065999955e+06 2.697436314874741559e+00 1.221594555115142720e-02
2.458570680133000016e+06 2.693821408217831337e+00 1.221446124255449669e-02
2.458571173200000077e+06 2.682736388190548382e+00 1.221608770628477246e-02
2.458571676793999970e+06 2.705106699655730917e+00 1.221580167474169490e-02
2.458572169861000031e+06 2.716837105320065060e+00 1.221622590279864903e-02
2.458572662928000093e+06 2.717975890167578346e+00 1.221633973877895608e-02
2.458573166521000210e+06 2.702930008942387552e+00 1.221593007192292232e-02
2.458573659587999806e+06 2.712678966619884946e+00 1.221501816894746649e-02
2.458574152656000108e+06 2.659326124614104891e+00 1.221480809549401088e-02
2.458574656249000225e+06 2.692635702865916691e+00 1.221652498478884540e-02
2.458575149315999821e+06 2.706592038522039001e+00 1.221503062220573831e-02
2.458575642382999882e+06 2.701444191622166091e+00 1.221667926586245817e-02
2.458576145976999775e+06 2.696941958479200707e+00 1.221619072264007802e-02
2.458576639043999836e+06 2.706345256297461699e+00 1.221640951364300239e-02
2.458577132110999897e+06 2.707185405041806714e+00 1.221521511503276258e-02
2.458577635704999790e+06 2.691990977690444264e+00 1.221607927317439751e-02
2.458578128771999851e+06 2.703821393505252857e+00 1.221497807388463065e-02
2.458578621838999912e+06 2.696643897910121268e+00 1.221484061395593408e-02
2.458579125432000030e+06 2.699563826079168560e+00 1.221563490229337669e-02
2.458579618499999866e+06 2.694665114725363519e+00 1.221580494097356147e-02
2.458580111566999927e+06 2.697731978325699220e+00 1.221479982644913150e-02
2.458580615160000045e+06 2.688427938511777970e+00 1.221476723587106711e-02
2.458581108227000106e+06 2.686744694803429478e+00 1.221454323382728697e-02
2.458581601294000167e+06 2.688774619571964841e+00 1.221634236771470400e-02
2.458582104888000060e+06 2.694019903627151713e+00 1.221536127047638184e-02
2.458582597955000121e+06 2.696050358744497277e+00 1.221463524615405347e-02
2.458583091022000182e+06 2.670658759105466906e+00 1.221520599533866373e-02
2.458583594616000075e+06 2.693575790396509184e+00 1.221582842479408855e-02
2.458584087683000136e+06 2.698226479533908595e+00 1.221455367223708149e-02
2.458584580750000197e+06 2.681597548987684654e+00 1.221584158211592476e-02
2.458585084344000090e+06 2.693920654094285716e+00 1.221491124822589661e-02
2.458585577411000151e+06 2.686744694803429478e+00 1.221454323382728697e-02
2.458586070478000212e+06 2.670311954390730769e+00 1.221607920905011177e-02
2.458586574070999864e+06 2.693575790396509184e+00 1.221582842479408855e-02
2.458587067137999926e+06 2.701197878769068694e+00 1.221556537088188364e-02
2.458587560206000227e+06 2.704314520152061530e+00 1.221471509258557908e-02
2.458588063798999880e+06 2.655414974416719254e+00 1.221640923373859718e-02
2.458588556865999941e+06 2.692486906429422344e+00 1.221584989332283495e-02
2.458589049933000002e+06 2.685013044762205148e+00 1.221656271845528163e-02
2.458589553526999895e+06 2.713718529140106028e+00 1.221470039756302958e-02
2.458590046593999956e+06 2.680360443282501226e+00 1.221514343469489415e-02
2.458590539661000017e+06 2.709859660451641616e+00 1.221480238029341164e-02
2.458591043254999910e+06 2.691941389840803112e+00 1.221585424675074999e-02
2.458591536321999971e+06 2.674717997684295856e+00 1.221652781991482140e-02
2.458592029389000032e+06 2.691348885710874494e+00 1.221564432562861381e-02
2.458592532982000150e+06 2.674173618194210622e+00 1.221650442171457081e-02
2.458593026049999986e+06 2.714808498205210086e+00 1.221460558799989868e-02
2.458593519117000047e+06 2.687289158292096136e+00 1.221454340202814993e-02
2.458594022710000165e+06 2.702830431155156976e+00 1.221548002871739903e-02
2.458594515777000226e+06 2.698226479533908595e+00 1.221455367223708149e-02
2.458595008843999822e+06 2.693228490290398458e+00 1.221673391432597650e-02
2.458595512438000180e+06 2.680508569567360500e+00 1.221581848711947998e-02
2.458596005504999775e+06 2.663731214825447502e+00 1.221541444458919268e-02
2.458596498571999837e+06 2.662443497948425719e+00 1.221441359803914460e-02
2.458597002166000195e+06 2.701048609182330029e+00 1.221489033244466810e-02
2.458597495232999790e+06 2.688923210854229584e+00 1.221454089659596183e-02
2.458597988299999852e+06 2.702583991907216543e+00 1.221436624308112374e-02
2.458712204272000119e+06 2.687437667482476922e+00 1.221521842129279223e-02
2.458712697339000180e+06 2.696989154423613311e+00 1.221640450353234618e-02
2.458713200931999832e+06 2.677241818121126382e+00 1.221572598283823981e-02
2.458713694000000134e+06 2.684716302552544676e+00 1.221521256865895112e-02
2.458714187067000195e+06 2.698820497775503036e+00 1.221475701735783188e-02
2.458714690659999847e+06 2.688229855118494438e+00 1.221634320291403210e-02
2.458715183726999909e+06 2.700899347844297083e+00 1.221670295154079697e-02
2.458715676793999970e+06 2.687586184879996676e+00 1.221589347786136530e-02
2.458716180387999862e+06 2.698919927828606902e+00 1.221520703392614017e-02
2.458716673454999924e+06 2.694516206142524073e+00 1.221512988929754351e-02
2.458717166521999985e+06 2.709809743451722763e+00 1.221457737739074269e-02
2.458717670115999877e+06 2.694466571776883868e+00 1.221490488036203019e-02
2.458718163182999939e+06 2.694910831878388091e+00 1.221443675319629045e-02
2.458718656250000000e+06 2.697287253153962450e+00 1.221527049170525667e-02
2.458719159843999892e+06 2.708868980009705663e+00 1.221532676906730668e-02
2.458719652910999954e+06 2.702285307792025471e+00 1.221550523278150391e-02
2.458720145978000015e+06 2.720154676008321282e+00 1.221611118989192508e-02
2.458720649571000133e+06 2.727379676735022684e+00 1.221590226966511039e-02
2.458721142638000194e+06 2.688328894990725360e+00 1.221679327792069003e-02
2.458721635706000030e+06 2.693129269913730806e+00 1.221628384150631047e-02
2.458722139299000148e+06 2.696792924076802045e+00 1.221551564964556448e-02
2.458722632366000209e+06 2.685507688000040361e+00 1.221633985576355691e-02
2.458723125432999805e+06 2.689666290449921782e+00 1.221543909108485475e-02
2.458723629027000163e+06 2.679518747674914270e+00 1.221624345109277761e-02
2.458724122094000224e+06 2.682637554350086884e+00 1.221563765727185294e-02
2.458724615160999820e+06 2.700802332397732375e+00 1.221626413145172549e-02
2.458725118755000178e+06 2.711195281536471935e+00 1.221582854025860670e-02
2.458725611821999773e+06 2.685210891123409827e+00 1.221498973059756063e-02
2.458726104888999835e+06 2.695603428046622341e+00 1.221509313944620090e-02
2.458726608481999952e+06 2.711392559861262264e+00 1.221671741691266605e-02
2.458727101549999788e+06 2.697138199670401804e+00 1.221459546956317824e-02
2.458727594616999850e+06 2.683972118469294621e+00 1.221677065879011800e-02
2.458728098209999967e+06 2.690654904499644839e+00 1.221497262977722272e-02
2.458728591277000029e+06 2.692782027380387078e+00 1.221470871720887683e-02
2.458729084344000090e+06 2.695059762269654602e+00 1.221511176656713341e-02
2.458729587937999982e+06 2.683823800786946823e+00 1.221609555374807143e-02
2.458730081005000044e+06 2.679716189186434061e+00 1.221467550051721224e-02
2.458730574072000105e+06 2.673875611204459712e+00 1.221514302779339034e-02
2.458731077665999997e+06 2.686150860443680344e+00 1.221679160254748528e-02
2.458731570733000059e+06 2.707731516885858447e+00 1.221518533837731568e-02
2.458732063800000120e+06 2.707185405041806714e+00 1.221521511503276258e-02
2.458732567394000012e+06 2.715698797603680603e+00 1.221611001767330257e-02
2.458733060461000074e+06 2.710403815389363924e+00 1.221475880658741409e-02
2.458733553528000135e+06 2.705007041677728097e+00 1.221535163626641385e-02
2.458734057120999787e+06 2.691792631772404132e+00 1.221517919235006779e-02
2.458734550187999848e+06 2.705702232587173572e+00 1.221599895629990086e-02
2.458735043256000150e+06 2.695951034408268665e+00 1.221666831331606404e-02
2.458735546848999802e+06 2.692486906429422344e+00 1.221584989332283495e-02
2.458736039915999863e+06 2.711392559861262264e+00 1.221671741691266605e-02
2.458736532982999925e+06 2.705602552669331473e+00 1.221554891055663498e-02
2.458737036576999817e+06 2.691299309688895303e+00 1.221541930721692024e-02
2.458737529643999878e+06 2.699859722724622824e+00 1.221448718381613896e-02
2.458738022710999940e+06 2.702583991907216543e+00 1.221436624308112374e-02
2.458738526304999832e+06 2.699218239967711597e+00 1.221655718311075341e-02
2.458739019371999893e+06 2.700752582238433952e+00 1.221603910162289211e-02
2.458739512438999955e+06 2.716046493752691138e+00 1.221517249850656225e-02
2.458740016032000072e+06 2.715551227802647460e+00 1.221544619997514715e-02
2.458740509099999908e+06 2.695951034408268665e+00 1.221666831331606404e-02
2.458741002166999970e+06 2.694268043457050066e+00 1.221648639864032770e-02
2.458741505760000087e+06 2.679271966242802616e+00 1.221511834530409832e-02
2.458741998827000149e+06 2.692734905058558059e+00 1.221449496599196979e-02
2.458742491894000210e+06 2.695208700891345899e+00 1.221578681724162785e-02
2.458742995488000102e+06 2.676450403418797030e+00 1.221458001568114481e-02
2.458743488555000164e+06 2.685755043789809005e+00 1.221499140225182356e-02
2.458743981622000225e+06 2.688427938511777970e+00 1.221476723587106711e-02
2.458744485216000117e+06 2.691643881924452142e+00 1.221450417525323830e-02
2.458744978283000179e+06 2.697585384833212085e+00 1.221662064790383223e-02
2.458745471349999774e+06 2.689071810348186542e+00 1.221521591572214023e-02
2.458745974944000132e+06 2.705056870207787512e+00 1.221557665343155075e-02
2.458746468011000194e+06 2.686150860443680344e+00 1.221679160254748528e-02
2.458746961077999789e+06 2.682884645778594646e+00 1.221676281089313643e-02
2.458747464670999907e+06 2.675065374630522186e+00 1.221565060582347970e-02
2.458747957737999968e+06 2.697930761887089357e+00 1.221569987931971947e-02
2.458748450805999804e+06 2.671254089213405347e+00 1.221546863300843749e-02
2.458748954398999922e+06 2.713273667577680293e+00 1.221519705154733987e-02
2.458749447465999983e+06 2.708275244480479849e+00 1.221514380205769579e-02
2.458749940533000045e+06 2.696544551707513726e+00 1.221439061088678939e-02
2.458750444126999937e+06 2.715153579617456625e+00 1.221615819598279203e-02
2.458750937193999998e+06 2.708422418886501148e+00 1.221580760332279837e-02
2.458751430261000060e+06 2.676995246392318784e+00 1.221460092470794991e-02
2.458751933854999952e+06 2.699267961863120568e+00 1.221678222248308993e-02
2.458752426922000013e+06 2.689762905879029553e+00 1.221587788153767618e-02
2.458752919989000075e+06 2.703821393505252857e+00 1.221497807388463065e-02
2.458753423582000192e+06 2.705206361305345197e+00 1.221625172979735018e-02
2.458753916650000028e+06 2.680952997539662430e+00 1.221537461927342527e-02
2.458754409717000090e+06 2.683675491300701932e+00 1.221542048601264099e-02
2.458754913310000207e+06 2.716144056784357996e+00 1.221561127938311508e-02
2.458755406376999803e+06 2.695653083354121460e+00 1.221531815184960512e-02
2.458755899443999864e+06 2.702583991907216543e+00 1.221436624308112374e-02
2.458756403038000222e+06 2.666649889947639629e+00 1.221651861149308967e-02
2.458756896104999818e+06 2.708325133213623115e+00 1.221536881539438991e-02
2.458757389171999879e+06 2.698723557000572537e+00 1.221680388341908619e-02
2.458757892765999772e+06 2.678529291290487890e+00 1.221666643549511842e-02
2.458758385832999833e+06 2.688873679514420800e+00 1.221679244269055151e-02
2.458758878899999894e+06 2.675609935654787108e+00 1.221567300870784849e-02
2.458759382493999787e+06 2.702434645723152062e+00 1.221618030520034599e-02
2.458759875560999848e+06 2.672836540899031554e+00 1.221531975982648871e-02
2.458760368627999909e+06 2.689418574437620890e+00 1.221679110542438565e-02
2.458760872221000027e+06 2.693228490290398458e+00 1.221673391432597650e-02
2.458761365288000088e+06 2.661850131416423793e+00 1.221659473702718830e-02
2.458761858355999924e+06 2.690853166583753175e+00 1.221587269538090131e-02
2.458762361949000042e+06 2.682439897592366673e+00 1.221473760898582860e-02
2.458762855016000103e+06 2.695802054764853573e+00 1.221599321392968611e-02
2.458763348083000164e+06 2.677737496000499817e+00 1.221552137578856001e-02
2.458763851677000057e+06 2.689269955781310006e+00 1.221611599925245123e-02
2.458764344744000118e+06 2.703176479742410709e+00 1.221455428261288001e-02
2.458764837811000179e+06 2.698375593159698660e+00 1.221522869206928888e-02
2.458765341405000072e+06 2.714115967154785203e+00 1.221648930316387993e-02
2.458765834472000133e+06 2.703572373819817631e+00 1.221634316681444524e-02
2.458766327539000195e+06 2.664818287074789627e+00 1.221549079476979931e-02
2.458766831131999847e+06 2.690704468651132775e+00 1.221519763996074120e-02
2.458767324200000148e+06 2.700058663069790477e+00 1.221538721364951938e-02
2.458767817267000210e+06 2.714560966818533316e+00 1.221599208514009306e-02
2.458768320859999862e+06 2.673629349500489472e+00 1.221648052698651177e-02
2.458768813926999923e+06 2.709909578371065830e+00 1.221502738734078775e-02
2.458769306993999984e+06 2.710006920958763388e+00 1.221546616300480705e-02
2.458769810587999877e+06 2.695357647743908291e+00 1.221646190522179126e-02
2.458770303654999938e+06 2.691544719925848206e+00 1.221653318887841629e-02
2.458770796721999999e+06 2.687091158804148616e+00 1.221611833678512907e-02
2.458771300315999892e+06 2.692238930640752148e+00 1.221472482378049319e-02
2.458771793382999953e+06 2.686695203592999626e+00 1.221679277342835150e-02
2.458772286450000014e+06 2.689812453599143449e+00 1.221610290839669766e-02
2.458772790043999907e+06 2.695851713731226340e+00 1.221621824291323037e-02
2.458773283110999968e+06 2.685804517681695369e+00 1.221521641278114356e-02
2.458773776178000029e+06 2.688130818894968854e+00 1.221589314448848218e-02
2.458774279771000147e+06 2.676401101834475771e+00 1.221435501687458298e-02
2.458774772838000208e+06 2.717875758079809412e+00 1.221588968048102804e-02
2.458775265906000044e+06 2.690704468651132775e+00 1.221519763996074120e-02
2.458775769499000162e+06 2.698425299532837052e+00 1.221545370696969050e-02
2.458776262566000223e+06 2.681153014166552495e+00 1.221628596610784857e-02
2.458776755632999819e+06 2.689567201307138333e+00 1.221498906596740590e-02
2.458777259227000177e+06 2.720698392385629383e+00 1.221604714363803100e-02
2.458777752293999773e+06 2.693426942010292979e+00 1.221515337182033957e-02
2.458778245360999834e+06 2.693625408353198747e+00 1.221605345074207490e-02
2.458778748955000192e+06 2.699663283518012324e+00 1.221608495120479754e-02
2.458779242021999788e+06 2.689220418054274031e+00 1.221589097215224941e-02
2.458779735088999849e+06 2.727281710123455660e+00 1.221546347833627616e-02
2.458780238681999967e+06 2.691544719925848206e+00 1.221653318887841629e-02
2.458780731749999803e+06 2.709709912210374938e+00 1.221662311907948870e-02
2.458781224816999864e+06 2.673976585059369082e+00 1.221560430956529324e-02
2.458781728409999982e+06 2.689269955781310006e+00 1.221611599925245123e-02
2.458782221477000043e+06 2.701247637131116708e+00 1.221579039198423394e-02
2.458782714544000104e+06 2.687883244298312047e+00 1.221476807096274868e-02
2.458783218137999997e+06 2.704909878684105706e+00 1.221491286471615770e-02
2.458783711205000058e+06 2.686447761215309704e+00 1.221566761704754450e-02
2.459622427943999879e+06 2.701197878769068694e+00 1.233747223507194665e-02
2.459622921010999940e+06 2.731288650093414372e+00 1.234912856783242606e-02
2.459623424604999833e+06 2.754748783803639967e+00 1.236132314265155595e-02
2.459623917671999894e+06 2.781526487945857440e+00 1.237644503736516459e-02
2.459624410738999955e+06 2.778904358951635789e+00 1.239037248894332872e-02
2.459624914332000073e+06 2.781477812640919201e+00 1.240953232045357950e-02
2.459625407399999909e+06 2.799986903483350442e+00 1.242763834230999759e-02
2.459625900466999970e+06 2.795335886382998680e+00 1.245076316632515168e-02
2.459626404060000088e+06 2.834731958946172803e+00 1.247480671685080589e-02
2.459626897127000149e+06 2.822159791544748941e+00 1.250265813909583017e-02
2.459627390194000211e+06 2.827011661696813061e+00 1.253456786258702604e-02
2.459627893788000103e+06 2.828793204203810863e+00 1.256852111707847108e-02
2.459628386855000164e+06 2.875416761382541431e+00 1.260882628851082987e-02
2.459628879922000226e+06 2.909816485267153308e+00 1.265514899771846835e-02
2.459629383516000118e+06 2.903332662890870886e+00 1.270717210460059303e-02
2.459629876583000179e+06 2.958865336121196954e+00 1.276763548915265702e-02
2.459630369649999775e+06 2.990936550231380053e+00 1.283715534491470904e-02
2.459630873244000133e+06 3.010140728684731926e+00 1.291680759422254160e-02
2.459631366311000194e+06 3.085221861085847728e+00 1.300881891766468394e-02
2.459631859377999790e+06 3.117640251875637425e+00 1.311392488149357508e-02
2.459632362970999908e+06 3.166938283264474130e+00 1.323961824680952061e-02
2.459632856037999969e+06 3.234547997307736011e+00 1.338224657171041033e-02
2.459633349105999805e+06 3.339624204369875393e+00 1.355244872554619423e-02
2.459633852698999923e+06 3.431433604052964714e+00 1.375751348530381869e-02
2.459634345765999984e+06 3.526068946798521342e+00 1.399403559093764793e-02
2.459634838833000045e+06 3.690686871802147273e+00 1.427684256418635701e-02
2.459635342426999938e+06 3.834814845835890829e+00 1.462952328737228760e-02
2.459635835493999999e+06 4.099755904347056834e+00 1.505119472217269355e-02
2.459636328561000060e+06 4.332725747801531746e+00 1.556728334940165638e-02
2.459636832154999953e+06 4.721652270621374825e+00 1.623407955724948809e-02
2.459637325222000014e+06 5.173828156910641241e+00 1.706920371342176765e-02
2.459637818289000075e+06 5.797212233499817735e+00 1.817007956826371950e-02
2.459638321882000193e+06 6.798031928273911895e+00 1.971657797568186418e-02
2.459638814950000029e+06 8.163876006496078475e+00 2.190345196439394404e-02
2.459639308017000090e+06 1.049198352573735349e+01 2.536661910541703965e-02
2.459639811610000208e+06 1.549367350754366868e+01 3.192243888016636777e-02
2.459640304676999804e+06 2.955210355964160129e+01 4.847613647685870830e-02
2.459640797743999865e+06 6.515641788285539349e+01 8.641624120125322717e-02
2.459641301338000223e+06 2.445540165166245217e+01 4.263841909638630551e-02
2.459641794404999819e+06 1.401137639788794331e+01 2.995239955799624751e-02
2.459642287471999880e+06 9.898842174767372271e+00 2.447048581473279527e-02
2.459642791065999772e+06 7.746294427785820780e+00 2.131105267964308880e-02
2.459643284132999834e+06 6.525172541965249984e+00 1.931583791529568189e-02
2.459643777199999895e+06 5.664270694049380772e+00 1.790991329887852909e-02
2.459644280793999787e+06 5.017923083382479277e+00 1.685525950492983149e-02
2.459644773860999849e+06 4.612665906753301570e+00 1.606753314745293024e-02
2.459645266927999910e+06 4.305254209043680724e+00 1.544875295207713897e-02
2.459645770521000028e+06 3.999580110391411480e+00 1.494497138139802908e-02
2.459646263588000089e+06 3.836001779804901535e+00 1.454572414390009442e-02
2.459646756655999925e+06 3.644705146278448549e+00 1.421646089247596834e-02
2.459647260249000043e+06 3.514141137812638149e+00 1.393698733919641886e-02
2.459647753316000104e+06 3.379465366052503583e+00 1.370790198104406346e-02
2.459648246383000165e+06 3.281466689136254722e+00 1.351591571645751125e-02
2.459648749977000058e+06 3.211580408951101528e+00 1.334934058759248282e-02
2.459649243044000119e+06 3.173668782686760892e+00 1.320929445486844836e-02
2.459649736111000180e+06 3.083094240878980319e+00 1.309071613174984765e-02
2.459650239705000073e+06 3.036916142261804286e+00 1.298694985644576610e-02
2.459650732772000134e+06 2.988461051066439111e+00 1.289809478944013189e-02
2.459651225839000195e+06 2.961981897830074484e+00 1.282200488368407700e-02
2.459651729431999847e+06 2.937879643366284821e+00 1.275555201911486407e-02
2.459652222500000149e+06 2.918921396168273841e+00 1.269743579857308957e-02
2.459652715567000210e+06 2.907440260534146947e+00 1.264749235617673023e-02
2.459653219159999862e+06 2.869823582212446933e+00 1.260015918825728443e-02
2.459653712226999924e+06 2.839385760370414236e+00 1.256328114789002394e-02
2.459654205293999985e+06 2.825725689933463514e+00 1.252886604658270259e-02
2.459654708887999877e+06 2.842601625200481319e+00 1.249634809783689397e-02
2.459655201954999939e+06 2.811520147283266713e+00 1.247105970122143470e-02
2.459655695022000000e+06 2.803057456943859549e+00 1.244643030296366769e-02
2.459656198615999892e+06 2.791327536987485036e+00 1.242519677168341628e-02
2.459656691682999954e+06 2.761826548354102240e+00 1.240580171987868546e-02
2.459657184750000015e+06 2.771479049694912433e+00 1.238789658963769871e-02
2.459657688343999907e+06 2.743367567265988960e+00 1.237342083466242554e-02
2.459658181410999969e+06 2.761035559669961614e+00 1.235901755987339062e-02
2.459658674478000030e+06 2.748810493118864606e+00 1.234733512264810096e-02
2.459659178071000148e+06 2.769845850112155006e+00 1.233722747057734367e-02
2.459659671138000209e+06 2.731784270188621022e+00 1.232620877981627401e-02
2.459660164206000045e+06 2.729359858728748645e+00 1.231778331528529669e-02
2.459660667799000163e+06 2.737277326088495499e+00 1.231065623925445968e-02
2.459661160866000224e+06 2.754949231270109600e+00 1.230132495781774242e-02
2.459661653932999820e+06 2.730893727906937407e+00 1.229703806249263925e-02
2.459662157527000178e+06 2.706592038522039001e+00 1.228981652397434510e-02
2.459662650593999773e+06 2.699069079776824864e+00 1.228548825561966845e-02
2.459663143660999835e+06 2.733022455325659017e+00 1.227893431079649794e-02
2.459663647255000193e+06 2.700158138739429781e+00 1.227552375467382863e-02
2.459664140321999788e+06 2.719313006955164091e+00 1.226993662244236019e-02
2.459664633388999850e+06 2.715153579617456625e+00 1.226617317324372666e-02
2.459665136981999967e+06 2.713173708723002786e+00 1.226222661670349837e-02
2.459665630049999803e+06 2.724557639038947432e+00 1.226097883261603738e-02
2.459666123116999865e+06 2.712878851556648652e+00 1.225589669808395225e-02
2.459666626709999982e+06 2.707731516885858447e+00 1.225508794462763090e-02
2.459667119777000044e+06 2.702285307792025471e+00 1.225283868398193733e-02
2.459667612844000105e+06 2.721292345039131977e+00 1.224879084986289085e-02
2.459668116437999997e+06 2.697088517006300812e+00 1.224666390470341946e-02
2.459668609505000059e+06 2.736833643947109262e+00 1.224564289560273016e-02
2.459669102572000120e+06 2.702038918247467336e+00 1.224425548260966827e-02
2.459669606166000012e+06 2.697632592037457311e+00 1.224168055069090738e-02
2.459670099233000074e+06 2.702088692102169176e+00 1.223950360089432789e-02
2.459670592300000135e+06 2.704513788750926739e+00 1.223803368249410523e-02
2.459671095894000027e+06 2.713173708723002786e+00 1.223723736335786266e-02
2.459671588961000089e+06 2.705948956176642994e+00 1.223705105955005118e-02
2.459672082028000150e+06 2.723518941210226973e+00 1.223623688424673589e-02
2.459672585620999802e+06 2.697831368275525499e+00 1.223512820072902157e-02
2.459673078687999863e+06 2.688576510635217964e+00 1.223277616085089933e-02
2.459673571756000165e+06 2.706741614458468170e+00 1.223315667649357147e-02
2.459674075348999817e+06 2.693575790396509184e+00 1.223071367470244739e-02
2.459674568415999878e+06 2.710798271208563648e+00 1.223151689374602467e-02
2.459675061482999939e+06 2.707235273699171607e+00 1.223040086468573685e-02
2.459675565076999832e+06 2.705552714087513522e+00 1.222778342459803110e-02
2.459676058143999893e+06 2.707532011204766054e+00 1.222924769825288298e-02
2.459676551210999954e+06 2.680952997539662430e+00 1.222772086408773114e-02
2.459677054804999847e+06 2.688477461640657928e+00 1.222737313852310069e-02
2.459677547871999908e+06 2.685260354991541032e+00 1.222758082202450754e-02
2.459678040938999970e+06 2.682091563009996626e+00 1.222550292342278883e-02
2.459678544532000087e+06 2.700058663069790477e+00 1.222533459737398971e-02
2.459679037599999923e+06 2.709859660451641616e+00 1.222478587222662963e-02
2.459679530666999985e+06 2.689468115814866334e+00 1.222444742413568257e-02
2.459680034260000102e+06 2.701394429639492945e+00 1.222391845703942048e-02
2.459680527327000163e+06 2.714460960538872758e+00 1.222304237246186684e-02
2.459681020394000225e+06 2.692338118215495513e+00 1.222261404430228897e-02
2.459681523988000117e+06 2.709265707783010235e+00 1.222210641826883791e-02
2.459682017055000179e+06 2.688626036500923355e+00 1.222309623461894680e-02
2.459682510121999774e+06 2.685309819770847817e+00 1.222285954097282815e-02
2.459683013716000132e+06 2.682091563009996626e+00 1.222303262580237519e-02
2.459683506783000194e+06 2.699218239967711597e+00 1.222152932685642394e-02
2.459683999849999789e+06 2.692734905058558059e+00 1.222193526749409780e-02
2.459684503444000147e+06 2.705007041677728097e+00 1.222033444337890067e-02
2.459684996511000209e+06 2.715303628695213245e+00 1.222183507861341820e-02
2.459685489577999804e+06 2.706444963578030105e+00 1.222184504695520042e-02
2.459685993170999922e+06 2.681745743639420532e+00 1.222145663134063288e-02
2.459686486237999983e+06 2.709709912210374938e+00 1.221911885413956567e-02
2.459686979305999819e+06 2.718719486314445710e+00 1.221968194030158272e-02
2.459687482898999937e+06 2.693724647008618245e+00 1.221898452716040605e-02
2.459687975965999998e+06 2.673232915809065524e+00 1.221959339940768829e-02
2.459688469033000059e+06 2.709659997968904221e+00 1.221889377172528414e-02
2.459688972626999952e+06 2.697731978325699220e+00 1.221976923239967948e-02
2.459689465694000013e+06 2.690258424154207795e+00 1.221812833667051262e-02
2.459689958761000074e+06 2.696345870282101043e+00 1.221845750712828235e-02
2.459690462354999967e+06 2.697287253153962450e+00 1.222023907844176256e-02
2.459690955422000028e+06 2.700553590765295997e+00 1.222011362731114346e-02
2.459691448489000089e+06 2.692040566453536066e+00 1.221878376473444633e-02
2.459691952082000207e+06 2.683032911559893208e+00 1.221743795281023115e-02
2.459692445150000043e+06 2.693675027223893181e+00 1.221875944722045082e-02
2.459692938217000104e+06 2.700702832995558911e+00 1.221830151517276988e-02
2.459693441810000222e+06 2.705552714087513522e+00 1.221781580004160234e-02
2.459693934876999818e+06 2.691544719925848206e+00 1.221901219317810851e-02
2.459807647255999967e+06 2.679420032374526972e+00 1.221579339634211621e-02
2.459808150849000085e+06 2.681301184251707159e+00 1.221449151201812328e-02
2.459808643916000146e+06 2.672885776821108283e+00 1.221554477640443039e-02
2.459809136983000208e+06 2.689269955781310006e+00 1.221611599925245123e-02
2.459809640577000100e+06 2.692536504327943003e+00 1.221607491966628795e-02
2.459810133644000161e+06 2.683032911559893208e+00 1.221496678817576668e-02
2.459810626711000223e+06 2.700357101073511679e+00 1.221673738274939303e-02
2.459811130305000115e+06 2.696643897910121268e+00 1.221484061395593408e-02
2.459811623372000176e+06 2.673826357049127189e+00 1.221491801861585708e-02
2.459812116438999772e+06 2.685705570809248321e+00 1.221476639586727142e-02
2.459812620031999890e+06 2.692387713373219693e+00 1.221539985307114849e-02
2.459813113100000191e+06 2.677589522846593795e+00 1.221484633978249870e-02
2.459813606166999787e+06 2.692189338223690775e+00 1.221449982230649565e-02
2.459814109759999905e+06 2.697436314874741559e+00 1.221594555115142720e-02
2.459814602826999966e+06 2.698870212344162578e+00 1.221498202356958301e-02
2.459815095894000027e+06 2.696395539266017938e+00 1.221619910943678999e-02
2.459815599487999920e+06 2.696693572383968895e+00 1.221506562170764434e-02
2.459816092554999981e+06 2.710453743332584153e+00 1.221498381283212149e-02
2.459816585622000042e+06 2.670016836915836134e+00 1.221472911269026046e-02
2.459817089215999935e+06 2.706542181713385897e+00 1.221480561509873802e-02
2.459817582282999996e+06 2.688427938511777970e+00 1.221476723587106711e-02
2.459818075350000057e+06 2.695802054764853573e+00 1.221599321392968611e-02
2.459818578943999950e+06 2.699859722724622824e+00 1.221448718381613896e-02
2.459819072011000011e+06 2.681301184251707159e+00 1.221449151201812328e-02
2.459819565078000072e+06 2.704959705424339944e+00 1.221513787379874781e-02
2.459820068671000190e+06 2.705355860664305556e+00 1.221443511863983498e-02
2.459820561737999786e+06 2.688081302151425600e+00 1.221566812149342020e-02
2.459821054806000087e+06 2.699613554340576371e+00 1.221585992467655313e-02
2.459821558399000205e+06 2.678726659893480466e+00 1.221509942747749967e-02
2.459822051465999801e+06 2.691101014732959484e+00 1.221451927501888621e-02
2.459822544532999862e+06 2.686101380171983521e+00 1.221656656300236510e-02
2.459823048127000220e+06 2.671847091166160482e+00 1.221571952968395630e-02
2.459823541193999816e+06 2.695407298523934347e+00 1.221668694283906467e-02
2.459824034260999877e+06 2.714906016766872821e+00 1.221504434851247538e-02
2.459824537854999769e+06 2.690506217523088939e+00 1.221677567189878230e-02
2.459825030921999831e+06 2.683972118469294621e+00 1.221677065879011800e-02
2.459825523988999892e+06 2.692980446202475786e+00 1.221560876336604158e-02
2.459826027582000010e+06 2.688725090969275033e+00 1.221611733644467797e-02
2.459826520649999846e+06 2.677439091856094855e+00 1.221662610395306443e-02
2.459827013716999907e+06 2.680854229400530198e+00 1.221492459653111817e-02
2.459827517310000025e+06 2.709562667842570161e+00 1.221595927349964500e-02
2.459828010377000086e+06 2.693228490290398458e+00 1.221673391432597650e-02
2.459828503444000147e+06 2.688824149087005289e+00 1.221656740312995759e-02
2.459829007038000040e+06 2.684567943746192675e+00 1.221453754971773241e-02
2.459829500105000101e+06 2.707038297854538644e+00 1.221455134596319790e-02
2.459829993172000162e+06 2.706691754894558599e+00 1.221548064885420552e-02
2.459830496766000055e+06 2.705056870207787512e+00 1.221557665343155075e-02
2.459830989833000116e+06 2.707731516885858447e+00 1.221518533837731568e-02
2.459831482900000177e+06 2.706838843249820936e+00 1.221614446842439819e-02
2.459831986494000070e+06 2.693377327709455038e+00 1.221492836245226775e-02
2.459832479561000131e+06 2.678381274381566257e+00 1.221599133621247002e-02
2.459832972628000192e+06 2.702138466873747369e+00 1.221484144794707412e-02
2.459833476220999844e+06 2.682291664581325286e+00 1.221653309821189165e-02
2.459833969287999906e+06 2.696000696118973305e+00 1.221441024633007806e-02
2.459834462356000207e+06 2.697881064623578684e+00 1.221547485988466047e-02
2.459834965948999859e+06 2.697237567744211084e+00 1.221504548017973528e-02
2.459835459015999921e+06 2.695059762269654602e+00 1.221511176656713341e-02
2.459835952082999982e+06 2.701543718337503730e+00 1.221464113953275518e-02
2.459836455676999874e+06 2.703076892875027504e+00 1.221659391591587741e-02
2.459836948743999936e+06 2.677540200279111104e+00 1.221462133607011460e-02
2.459837441810999997e+06 2.669124305098252492e+00 1.221556268816494269e-02
2.459837945404999889e+06 2.678726659893480466e+00 1.221509942747749967e-02
2.459838438471999951e+06 2.676896624059441621e+00 1.221661644337389968e-02
2.459838931539000012e+06 2.672836540899031554e+00 1.221531975982648871e-02
2.459839435132000130e+06 2.687586184879996676e+00 1.221589347786136530e-02
2.459839928199999966e+06 2.672885776821108283e+00 1.221554477640443039e-02
2.459840421267000027e+06 2.695456950218560799e+00 1.221442937700473186e-02
2.459840924860000145e+06 2.656997831729934756e+00 1.221634971539943201e-02
2.459841417927000206e+06 2.682091563009996626e+00 1.221562173294113429e-02
2.459841910993999802e+06 2.701593483070201973e+00 1.221486614360993775e-02
2.459842414588000160e+06 2.682983488722408438e+00 1.221474178224465912e-02
2.459842907655000221e+06 2.688675563278936309e+00 1.221589230931988471e-02
2.459843400721999817e+06 2.704018135273984935e+00 1.221586688865510667e-02
2.459843904316000175e+06 2.693228490290398458e+00 1.221673391432597650e-02
2.459844397382999770e+06 2.687487172369722011e+00 1.221544343600399103e-02
2.459844890449999832e+06 2.678973391098708579e+00 1.221622453152370474e-02
2.459845394044000190e+06 2.707185405041806714e+00 1.221521511503276258e-02
2.459845887110999785e+06 2.704760403970330351e+00 1.221672903873125340e-02
2.459846380177999847e+06 2.688972743106447183e+00 1.221476589882658503e-02
2.459846883770999964e+06 2.698325887702177184e+00 1.221500368131377828e-02
2.459847376838000026e+06 2.689418574437620890e+00 1.221679110542438565e-02
2.459847869905999862e+06 2.685952944825528377e+00 1.221589146923872209e-02
2.459848373498999979e+06 2.688725090969275033e+00 1.221611733644467797e-02
2.459848866566000041e+06 2.691990977690444264e+00 1.221607927317439751e-02
2.459849359633000102e+06 2.712284237135448972e+00 1.221573883367643026e-02
2.459849863226999994e+06 2.716046493752691138e+00 1.221517249850656225e-02
2.459850356294000056e+06 2.701989145309616980e+00 1.221665507348514840e-02
2.459850849361000117e+06 2.688180336550653138e+00 1.221611817162866070e-02
2.459851352955000009e+06 2.697287253153962450e+00 1.221527049170525667e-02
2.459851846022000071e+06 2.695951034408268665e+00 1.221666831331606404e-02
2.459852339089000132e+06 2.694168784782543291e+00 1.221603633493935359e-02
2.459852842681999784e+06 2.698425299532837052e+00 1.221545370696969050e-02
2.459853335750000086e+06 2.681002382973773024e+00 1.221559963686193011e-02
2.459853828817000147e+06 2.687091158804148616e+00 1.221611833678512907e-02
2.459854332409999799e+06 2.690208868219087890e+00 1.221542549856726584e-02
2.459854825476999860e+06 2.686200341626845844e+00 1.221454256429265611e-02
2.459855318543999922e+06 2.672341770238918279e+00 1.221551989108655284e-02
2.459855822137999814e+06 2.709957001246230401e+00 1.221524114787491885e-02
2.459856315204999875e+06 2.690357538763060496e+00 1.221610056657971080e-02
2.459856808271999937e+06 2.685656098740014208e+00 1.221454139362749408e-02
2.459857311865999829e+06 2.681548152590311762e+00 1.221561656007066725e-02
2.459857804932999890e+06 2.690407097436818162e+00 1.221632559754078085e-02
2.459858297999999952e+06 2.711689753043073026e+00 1.221555892122825303e-02
2.459858801593999844e+06 2.687734710485126577e+00 1.221656857173601327e-02
2.459859294660999905e+06 2.688229855118494438e+00 1.221634320291403210e-02
2.459859787727999967e+06 2.690258424154207795e+00 1.221565051709300881e-02
2.459860291321000084e+06 2.691398462646085843e+00 1.221586934818533719e-02
2.459860784388000146e+06 2.716244125072718507e+00 1.221606132742417833e-02
2.459861277455999982e+06 2.680706084014339297e+00 1.221671861505052754e-02
2.459861781049000099e+06 2.694168784782543291e+00 1.221603633493935359e-02
2.459862274116000161e+06 2.704414152616167133e+00 1.221516510760933295e-02
2.459862767183000222e+06 2.705652392169209719e+00 1.221577393135573134e-02
2.459863270777000114e+06 2.697632592037457311e+00 1.221434982488258519e-02
2.459863763844000176e+06 2.693821408217831337e+00 1.221446124255449669e-02
2.459864256910999771e+06 2.713571066945933641e+00 1.221653594777798169e-02
2.459864760505000129e+06 2.706988432825569557e+00 1.221681957616968170e-02
2.459865253572000191e+06 2.694861190243540428e+00 1.221669381591043713e-02
2.459865746638999786e+06 2.673331403163447639e+00 1.221511913572813184e-02
2.459866250231999904e+06 2.690060205890727030e+00 1.221475046785943340e-02
2.459866743300000206e+06 2.680311069673248170e+00 1.221491842550986862e-02
2.459867236366999801e+06 2.680360443282501226e+00 1.221514343469489415e-02
2.459867739959999919e+06 2.699514098733789336e+00 1.221540988405526648e-02
2.459868233026999980e+06 2.683131759966120633e+00 1.221541681247249878e-02
2.459868726094000041e+06 2.715551227802647460e+00 1.221544619997514715e-02
2.459869229687999934e+06 2.710204112813285882e+00 1.221635501329072782e-02
2.459869722754999995e+06 2.704018135273984935e+00 1.221586688865510667e-02
2.459870215822000057e+06 2.703176479742410709e+00 1.221455428261288001e-02
2.459870719415999949e+06 2.687734710485126577e+00 1.221656857173601327e-02
2.459871212483000010e+06 2.696792924076802045e+00 1.221551564964556448e-02
2.459871705550000072e+06 2.693526173353807618e+00 1.221560340299119446e-02
2.459872209143999964e+06 2.695357647743908291e+00 1.221646190522179126e-02
2.459872702211000025e+06 2.702188242562219678e+00 1.221506645571411240e-02
2.459873195278000087e+06 2.700802332397732375e+00 1.221626413145172549e-02
2.459873698871000204e+06 2.699859722724622824e+00 1.221448718381613896e-02
2.459874191937999800e+06 2.689468115814866334e+00 1.221453905742918636e-02
2.459874685006000102e+06 2.682091563009996626e+00 1.221562173294113429e-02
2.459875188599000219e+06 2.680804846695484134e+00 1.221469959137720489e-02
2.459875681665999815e+06 2.718321374189471396e+00 1.221538890068142591e-02
2.459876174732999876e+06 2.704414152616167133e+00 1.221516510760933295e-02
2.459876678326999769e+06 2.684221805079870737e+00 1.221543491022683212e-02
2.459877171393999830e+06 2.692881234963921955e+00 1.221515873199770751e-02
2.459877664460999891e+06 2.696445209164888279e+00 1.221642414221314234e-02
2.459878168054999784e+06 2.677934806259710143e+00 1.221642148182682831e-02
2.459878661121999845e+06 2.680459193229545622e+00 1.221559346549964606e-02
2.459879154188999906e+06 2.693327714322538036e+00 1.221470335722898287e-02
2.459987411249999888e+06 2.687041661211675425e+00 1.221589330964190784e-02
2.459987904316999950e+06 2.687734710485126577e+00 1.221656857173601327e-02
2.459988407910000067e+06 2.680409817801258754e+00 1.221536844802478296e-02
2.459988900977000128e+06 2.681795143676588999e+00 1.221674171174873952e-02
2.459989394044000190e+06 2.700752582238433952e+00 1.221603910162289211e-02
2.459989897638000082e+06 2.708422418886501148e+00 1.221580760332279837e-02
2.459990390705000143e+06 2.684815212978322041e+00 1.221566260201069863e-02
2.459990883772000205e+06 2.696941958479200707e+00 1.221619072264007802e-02
2.459991387366000097e+06 2.704513788750926739e+00 1.221561513921251563e-02
2.459991880433000159e+06 2.702038918247467336e+00 1.221439144484720574e-02
2.459992373500000220e+06 2.708375022865749937e+00 1.221559383287598027e-02
2.459992877094000112e+06 2.715846375424023407e+00 1.221677387144495981e-02
2.459993370161000174e+06 2.694019903627151713e+00 1.221536127047638184e-02
2.459993863227999769e+06 2.706988432825569557e+00 1.221681957616968170e-02
2.459994366820999887e+06 2.674272140205996351e+00 1.221449140699500113e-02
2.459994859887999948e+06 2.690258424154207795e+00 1.221565051709300881e-02
2.459995352955999784e+06 2.703375664484270580e+00 1.221545431739046693e-02
2.459995856548999902e+06 2.720748509963712536e+00 1.221627217361500456e-02
2.459996349615999963e+06 2.678776004316558268e+00 1.221532443999673659e-02
2.459996842683000024e+06 2.691792631772404132e+00 1.221517919235006779e-02
2.459997346276999917e+06 2.703375664484270580e+00 1.221545431739046693e-02
2.459997839343999978e+06 2.698624134181903944e+00 1.221635380802175291e-02
2.459998332411000039e+06 2.684419593138233306e+00 1.221633500989384793e-02
2.459998836004999932e+06 2.694416938325534083e+00 1.221467987557129514e-02
2.459999329071999993e+06 2.707434757515040147e+00 1.221634022973467487e-02
2.459999822139000054e+06 2.684271250728195835e+00 1.221565992892594509e-02
2.460000325732000172e+06 2.694168784782543291e+00 1.221603633493935359e-02
2.460000818800000008e+06 2.703176479742410709e+00 1.221455428261288001e-02
2.460001311867000069e+06 2.703968325877945222e+00 1.221564186614364916e-02
2.460001815460000187e+06 2.703076892875027504e+00 1.221659391591587741e-02
2.460002308526999783e+06 2.696149686740027640e+00 1.221508525823606153e-02
2.460002801593999844e+06 2.691693464293753557e+00 1.221472917680746159e-02
2.460003305188000202e+06 2.689713359071609133e+00 1.221565285882376083e-02
2.460003798254999798e+06 2.680311069673248170e+00 1.221491842550986862e-02
2.460004291321999859e+06 2.719806453948164116e+00 1.221454733786425488e-02
2.460004794916000217e+06 2.689567201307138333e+00 1.221498906596740590e-02
2.460005287982999813e+06 2.692586103140108378e+00 1.221629995015496156e-02
2.460005781049999874e+06 2.676549009311986360e+00 1.221503002572834826e-02
2.460006284644000232e+06 2.687586184879996676e+00 1.221589347786136530e-02
2.460006777710999828e+06 2.693476557225077617e+00 1.221537838533331803e-02
2.460007270777999889e+06 2.706691754894558599e+00 1.221548064885420552e-02
2.460007774371000007e+06 2.691200160384559226e+00 1.221496928282828076e-02
2.460008267438000068e+06 2.673924866267094913e+00 1.221536804111577820e-02
2.460008760505999904e+06 2.693575790396509184e+00 1.221582842479408855e-02
2.460009264099000022e+06 2.682489310416440453e+00 1.221496261484005669e-02
2.460009757166000083e+06 2.700899347844297083e+00 1.221670295154079697e-02
2.460010250233000144e+06 2.673629349500489472e+00 1.221648052698651177e-02
2.460010753827000037e+06 2.692139746720146665e+00 1.221675437731675924e-02
2.460011246894000098e+06 2.687982271400684020e+00 1.221521808793829197e-02
2.460011739961000159e+06 2.709957001246230401e+00 1.221524114787491885e-02
2.460012243555000052e+06 2.709462845703656697e+00 1.221550922921831733e-02
2.460012736622000113e+06 2.715846375424023407e+00 1.221677387144495981e-02
2.460013229689000174e+06 2.702583991907216543e+00 1.221436624308112374e-02
2.460013733281999826e+06 2.687536678168890081e+00 1.221566845486015893e-02
2.460014226350000128e+06 2.697237567744211084e+00 1.221504548017973528e-02
2.460014719417000189e+06 2.704463970224705527e+00 1.221539012133845276e-02
2.460015223009999841e+06 2.686299306727659264e+00 1.221499257296011602e-02
2.460015716076999903e+06 2.693278101849524209e+00 1.221447835615040688e-02
2.460016209143999964e+06 2.692437309444519755e+00 1.221562487112447769e-02
2.460016712737999856e+06 2.687932757393461269e+00 1.221499307737811471e-02
2.460017205804999918e+06 2.705899111213904362e+00 1.221439562017152120e-02
2.460017698871999979e+06 2.685853992484932729e+00 1.221544142745534939e-02
2.460018202465999871e+06 2.684864669557734285e+00 1.221588762490412837e-02
2.460018695532999933e+06 2.691299309688895303e+00 1.221541930721692024e-02
2.460019188599999994e+06 2.679518747674914270e+00 1.221624345109277761e-02
2.460019692193999887e+06 2.703918517399428900e+00 1.221541684777726310e-02
2.460020185260999948e+06 2.678381274381566257e+00 1.221599133621247002e-02
2.460020678328000009e+06 2.696445209164888279e+00 1.221642414221314234e-02
2.460021181921000127e+06 2.693228490290398458e+00 1.221673391432597650e-02
2.460021674988000188e+06 2.703771587733305726e+00 1.221475306774563556e-02
2.460022168056000024e+06 2.664521322632928513e+00 1.221658362863707777e-02
2.460022671649000142e+06 2.677093872358635274e+00 1.221505093552548681e-02
2.460023164716000203e+06 2.686546735431555977e+00 1.221611766716420092e-02
2.460023657782999799e+06 2.711937022613737813e+00 1.221667281562066609e-02
2.460024161377000157e+06 2.684419593138233306e+00 1.221633500989384793e-02
2.460024654444000218e+06 2.678677316379343587e+00 1.221487441910307226e-02
2.460025147510999814e+06 2.680755464900093088e+00 1.221447459036800048e-02
2.460025651105000172e+06 2.684864669557734285e+00 1.221588762490412837e-02
2.460026144171999767e+06 2.695010117891432966e+00 1.221488675796545201e-02
2.460026637238999829e+06 2.671303295985385073e+00 1.221569365232879484e-02
2.460027140831999946e+06 2.680212325183185751e+00 1.221446841957409511e-02
2.460027633899999782e+06 2.687388163507136607e+00 1.221499341072647404e-02
2.460028126966999844e+06 2.717875758079809412e+00 1.221588968048102804e-02
2.460028630559999961e+06 2.687784220844156913e+00 1.221679361131813510e-02
2.460029123627000023e+06 2.689713359071609133e+00 1.221565285882376083e-02
2.460029616694000084e+06 2.705453039678034521e+00 1.221487387302898700e-02
2.460030120287999976e+06 2.713571066945933641e+00 1.221653594777798169e-02
2.460030613355000038e+06 2.702880219590199307e+00 1.221570504824763363e-02
2.460031106422000099e+06 2.683972118469294621e+00 1.221677065879011800e-02
2.460031610015999991e+06 2.700357101073511679e+00 1.221673738274939303e-02
2.460032103083000053e+06 2.691448040494546667e+00 1.221609437488716671e-02
2.460032596150000114e+06 2.690704468651132775e+00 1.221519763996074120e-02
2.460033099744000006e+06 2.680903613015256592e+00 1.221514960582986004e-02
2.460033592811000068e+06 2.688477461640657928e+00 1.221499224227105135e-02
2.460034085878000129e+06 2.697237567744211084e+00 1.221504548017973528e-02
2.460034589470999781e+06 2.697831368275525499e+00 1.221524984459461220e-02
2.460035082537999842e+06 2.707335013769787579e+00 1.221589017141862243e-02
2.460035575606000144e+06 2.671450921739949358e+00 1.221636873516033193e-02
2.460036079198999796e+06 2.683032911559893208e+00 1.221496678817576668e-02
2.460036572265999857e+06 2.691792631772404132e+00 1.221517919235006779e-02
2.460037065332999919e+06 2.689022276271099798e+00 1.221499090520197783e-02
2.460037568926999811e+06 2.689319494420864043e+00 1.221634103049780429e-02
2.460038061993999872e+06 2.692238930640752148e+00 1.221472482378049319e-02
2.460038555060999934e+06 2.691448040494546667e+00 1.221609437488716671e-02
2.460039058654999826e+06 2.670609564206194886e+00 1.221498098500124058e-02
2.460039551721999887e+06 2.686200341626845844e+00 1.221454256429265611e-02
2.460040044788999949e+06 2.689517658104696451e+00 1.221476405962592868e-02
2.460040548382000066e+06 2.701693015285750121e+00 1.221531616419871923e-02
2.460041041449999902e+06 2.675213208290988298e+00 1.221632568627615233e-02
2.460041534516999964e+06 2.714610971340018608e+00 1.221621711410284493e-02
2.460042038110000081e+06 2.677885477331921837e+00 1.221619644909948364e-02
2.460042531177000143e+06 2.714065971751521200e+00 1.221626426918722558e-02
2.460043024244000204e+06 2.689022276271099798e+00 1.221499090520197783e-02
2.460043527838000096e+06 2.691249734580123398e+00 1.221519429295014197e-02
2.460044020905000158e+06 2.692139746720146665e+00 1.221675437731675924e-02
2.460044513972000219e+06 2.664423159847929767e+00 1.221613356135408356e-02
2.460045017566000111e+06 2.692536504327943003e+00 1.221607491966628795e-02
2.460045510633000173e+06 2.699218239967711597e+00 1.221655718311075341e-02
2.460046003699999768e+06 2.686546735431555977e+00 1.221611766716420092e-02
2.460046507294000126e+06 2.699317684674448881e+00 1.221452110253604464e-02
2.460047000361000188e+06 2.687883244298312047e+00 1.221476807096274868e-02
2.460047493427999783e+06 2.677340453171648260e+00 1.221617603510521261e-02
2.460047997020999901e+06 2.710254037077814981e+00 1.221658004893892008e-02
2.460048490087999962e+06 2.695407298523934347e+00 1.221668694283906467e-02
2.460048983155999798e+06 2.699118798924576179e+00 1.221610711680199031e-02
2.460049486748999916e+06 2.697486003945575028e+00 1.221617057925698108e-02
2.460049979815999977e+06 2.692139746720146665e+00 1.221675437731675924e-02
2.460050472883000039e+06 2.711195281536471935e+00 1.221582854025860670e-02
2.460050976476999931e+06 2.662146798150474059e+00 1.221550436493018532e-02
2.460051469543999992e+06 2.688229855118494438e+00 1.221634320291403210e-02
2.460051962611000054e+06 2.696249018395003638e+00 1.221553528689742901e-02
2.460052466204999946e+06 2.700802332397732375e+00 1.221626413145172549e-02
2.460052959272000007e+06 2.693724647008618245e+00 1.221650351507367477e-02
2.460053452339000069e+06 2.689517658104696451e+00 1.221476405962592868e-02
2.460053955932000186e+06 2.680755464900093088e+00 1.221447459036800048e-02
2.460054449000000022e+06 2.686497247867639881e+00 1.221589264003331704e-02
2.460054942067000084e+06 2.694218413662693656e+00 1.221626136471722079e-02
2.460055445660000201e+06 2.707878661744371307e+00 1.221584914189960576e-02
2.460055938726999797e+06 2.712581528053155999e+00 1.221457940937525216e-02
2.460056431793999858e+06 2.715006039443322194e+00 1.221549437566669082e-02
2.460056935388000216e+06 2.673035951985183623e+00 1.221623110256807657e-02
2.460057428454999812e+06 2.681992752925343559e+00 1.221517170109503135e-02
2.460057921521999873e+06 2.686249823721505781e+00 1.221476756655404117e-02
2.460058425116000231e+06 2.712384163220178834e+00 1.221618888641685420e-02
2.460058918182999827e+06 2.691594300468492573e+00 1.221675822780875741e-02
