2.458346727899000049e+06 1.446258751699107115e-01 2.059487973416267333e-03
2.458347220966000110e+06 1.487825507346325904e-01 2.059480880522834585e-03
2.458347714033000171e+06 1.492509829414452038e-01 2.059366691141970886e-03
2.458348217627000064e+06 1.487435012288909619e-01 2.059488339961959135e-03
2.458348710694000125e+06 1.495632177050720824e-01 2.059404572576574183e-03
2.458349203761000186e+06 1.487045989340266272e-01 2.059497550483812590e-03
2.458349707355000079e+06 1.481776831377743520e-01 2.059433247919674210e-03
2.458350200422000140e+06 1.517097874874019370e-01 2.059478672607168315e-03
2.458350693489000201e+06 1.489778148779822287e-01 2.059439497093820248e-03
2.458351197081999853e+06 1.511829446454046599e-01 2.059428193981658727e-03
2.458351690150000155e+06 1.497388177945800647e-01 2.059477943470247770e-03
2.458352183217000216e+06 1.478458709417202754e-01 2.059451404791920372e-03
2.458352686809999868e+06 1.469872280969775624e-01 2.059404212563154066e-03
2.458353179876999930e+06 1.494070875632069473e-01 2.059456489220673394e-03
2.458353672943999991e+06 1.499339560060561349e-01 2.059399950116265129e-03
2.458354176537999883e+06 1.455235229730013902e-01 2.059403491088588646e-03
2.458354669604999945e+06 1.487630932083962021e-01 2.059485576898056891e-03
2.458355162672000006e+06 1.467920041706204382e-01 2.059372983721208944e-03
2.458355666265999898e+06 1.477678654988206219e-01 2.059453604778957100e-03
2.458356159332999960e+06 1.490947667791099329e-01 2.059408360509099988e-03
2.458356652400000021e+06 1.525880067885576896e-01 2.059454812025583986e-03
2.458357155993999913e+06 1.497193731059566213e-01 2.059486298364335537e-03
2.458357649060999975e+06 1.485484073805427296e-01 2.059386633781852809e-03
2.458358142128000036e+06 1.493484776225146582e-01 2.059473928533510963e-03
2.458358645721000154e+06 1.477092183703018202e-01 2.059452505949868183e-03
2.458359138788000215e+06 1.439233303765589111e-01 2.059425531663405719e-03
2.458359631856000051e+06 1.455626656147325504e-01 2.059421152862835318e-03
2.458360135449000169e+06 1.468701708249123272e-01 2.059387419190438200e-03
2.458360628516000230e+06 1.431231875494255457e-01 2.059444595552373594e-03
2.458361121582999825e+06 1.486850146581706889e-01 2.059363260275243451e-03
2.458361625177000184e+06 1.463431503777507525e-01 2.059410918437378901e-03
2.458362118243999779e+06 1.492705042814077010e-01 2.059498563588583239e-03
2.458362611310999840e+06 1.445088350476023409e-01 2.059418480191202699e-03
2.458363114905000199e+06 1.421670003083186917e-01 2.059434484223866043e-03
2.458363607971999794e+06 1.464603271870465739e-01 2.059441147274588754e-03
2.458364101038999856e+06 1.481386559449272278e-01 2.059436595218678157e-03
2.458364604631999973e+06 1.495241010220038913e-01 2.059416824164170181e-03
2.458365097699999809e+06 1.499925194137256002e-01 2.059375451515416643e-03
2.458365590766999871e+06 1.473970528326920826e-01 2.059444349071934671e-03
2.458366094359999988e+06 1.485679736629605674e-01 2.059384216745043395e-03
2.458366587427000050e+06 1.488216104920075111e-01 2.059473275223919642e-03
2.458367080494000111e+06 1.439819330666629038e-01 2.059468414819417160e-03
2.458367584088000003e+06 1.477873289709615567e-01 2.059452634564000115e-03
2.458368077155000065e+06 1.487825507346325904e-01 2.059480880522834585e-03
2.458368570222000126e+06 1.469677346351280778e-01 2.059401818729022712e-03
2.458369073816000018e+06 1.452112955032581754e-01 2.059398515367070245e-03
2.458369566883000080e+06 1.455821067974765737e-01 2.059428034639922307e-03
2.458370059950000141e+06 1.481972005896771971e-01 2.059431520011958863e-03
2.458370563544000033e+06 1.469677346351280778e-01 2.059401818729022712e-03
2.458371056611000095e+06 1.488801507939123692e-01 2.059460645205151829e-03
2.458371549678000156e+06 1.449771640132492823e-01 2.059416265919266752e-03
2.458372053270999808e+06 1.493290836224382134e-01 2.059481565009171119e-03
2.458372546337999869e+06 1.475336883723034898e-01 2.059451062948344791e-03
2.458373039406000171e+06 1.468896513461221964e-01 2.059389990857657653e-03
2.458373542998999823e+06 1.463042021120490310e-01 2.059401824383809681e-03
2.458374036065999884e+06 1.491144050260984621e-01 2.059404939770296660e-03
2.458374529132999945e+06 1.497778526986838776e-01 2.059463019782761025e-03
2.458375032726999838e+06 1.476701785528710953e-01 2.059452225916786824e-03
2.458375525793999899e+06 1.452308235198831454e-01 2.059407938238764970e-03
2.458376018860999960e+06 1.451917701124084414e-01 2.059389057795301108e-03
2.458376522454999853e+06 1.483337581330570754e-01 2.059416514157611997e-03
2.458377015521999914e+06 1.475531209994432880e-01 2.059450523825613957e-03
2.458377508588999975e+06 1.448210193437475812e-01 2.059465760530281887e-03
2.458378012182000093e+06 1.428304485267491430e-01 2.059441936160152399e-03
2.458378505249999929e+06 1.452112955032581754e-01 2.059398515367070245e-03
2.458378998316999990e+06 1.479044361023038323e-01 2.059449850889654831e-03
2.458379501910000108e+06 1.521196088409866032e-01 2.059437753438257430e-03
2.458379994977000169e+06 1.485484073805427296e-01 2.059386633781852809e-03
2.458380488044000231e+06 1.527246716166660578e-01 2.059470714286195173e-03
2.458380991638000123e+06 1.455235229730013902e-01 2.059403491088588646e-03
2.458381484705000184e+06 1.455040896136009509e-01 2.059396504688091462e-03
2.458381977771999780e+06 1.463822438350035060e-01 2.059421768179676634e-03
2.458382481366000138e+06 1.514951746068192995e-01 2.059495453312974993e-03
2.458382974433000199e+06 1.475921298701685924e-01 2.059451234778685979e-03
2.458383467499999795e+06 1.465969045138916238e-01 2.059471328994241356e-03
2.458383971094000153e+06 1.462455971026562218e-01 2.059385073744147889e-03
2.458384464161000215e+06 1.459919132123334018e-01 2.059443291069230995e-03
2.458384957227999810e+06 1.499144859772983951e-01 2.059408674549556822e-03
2.458385460820999928e+06 1.477288101808462151e-01 2.059453540462353408e-03
2.458385953887999989e+06 1.495826421131327411e-01 2.059396494754649806e-03
2.458386446955999825e+06 1.454064260388698848e-01 2.059487387292082122e-03
2.458386950548999943e+06 1.505389213922889990e-01 2.059390291712501729e-03
2.458387443616000004e+06 1.496022068325846555e-01 2.059390276865563380e-03
2.458387936683000065e+06 1.457577313185287049e-01 2.059495986555666316e-03
2.458388440276999958e+06 1.445674098401955043e-01 2.059454329881562230e-03
2.458388933344000019e+06 1.485484073805427296e-01 2.059386633781852809e-03
2.458389426411000080e+06 1.469091344511840314e-01 2.059392526976777920e-03
2.458389930004999973e+06 1.434159981921265536e-01 2.059431027550160092e-03
2.458390423072000034e+06 1.448601064484097700e-01 2.059487924726414402e-03
2.458390916139000095e+06 1.496997930637008478e-01 2.059492719495920315e-03
2.458391419732000213e+06 1.447234143654306249e-01 2.059410694924752958e-03
2.458391912800000049e+06 1.482167206123517766e-01 2.059429755919444868e-03
2.458392405867000110e+06 1.468505576327868156e-01 2.059382915221949668e-03
2.458392909460000228e+06 1.464993170154704483e-01 2.059449676457317767e-03
2.458393402526999824e+06 1.486264141945666528e-01 2.059372953894599879e-03
2.458393895593999885e+06 1.461676282310673258e-01 2.059364143197874291e-03
2.458394399187999777e+06 1.509682427676981853e-01 2.059423489640829948e-03
2.458394892254999839e+06 1.444111744565811095e-01 2.059489787193595316e-03
2.458395385321999900e+06 1.447430100849720069e-01 2.059422915063205319e-03
2.458395888915999793e+06 1.455626656147325504e-01 2.059421152862835318e-03
2.458396381982999854e+06 1.457186704342965100e-01 2.059480919964723142e-03
2.458396875049999915e+06 1.498754154640117853e-01 2.059424115644836392e-03
2.458397378643999808e+06 1.508902576115422334e-01 2.059471460697554976e-03
2.458397871710999869e+06 1.459724173036235362e-01 2.059437162045289413e-03
2.458398364777999930e+06 1.499144859772983951e-01 2.059408674549556822e-03
2.458398868371000048e+06 1.452894233279376779e-01 2.059435998558303404e-03
2.458399361438000109e+06 1.459724173036235362e-01 2.059437162045289413e-03
2.458399854505999945e+06 1.492509829414452038e-01 2.059366691141970886e-03
2.458400358099000063e+06 1.482946898330152752e-01 2.059420440714065676e-03
2.458400851166000124e+06 1.464603271870465739e-01 2.059441147274588754e-03
2.458401344233000185e+06 1.435720825561091485e-01 2.059424383132694644e-03
2.458401847827000078e+06 1.446649096052800287e-01 2.059377621433662164e-03
2.458402340894000139e+06 1.480214996967931518e-01 2.059443872849276574e-03
2.458402833961000200e+06 1.457186704342965100e-01 2.059480919964723142e-03
2.458403337555000093e+06 1.479825136397042162e-01 2.059446642100371070e-03
2.458403830622000154e+06 1.469872280969775624e-01 2.059404212563154066e-03
2.458404323689000215e+06 1.479825136397042162e-01 2.059446642100371070e-03
2.458404827281999867e+06 1.458358845014106342e-01 2.059391380131543256e-03
2.458405320350000169e+06 1.494070875632069473e-01 2.059456489220673394e-03
2.458405813417000230e+06 1.477482685087557479e-01 2.059452642190955172e-03
2.458406317009999882e+06 1.478653446884683476e-01 2.059450290576925798e-03
2.458406810076999944e+06 1.449185566742426656e-01 2.059384591881592824e-03
2.458407303144000005e+06 1.463237423335575216e-01 2.059407337436263037e-03
2.458407806737999897e+06 1.502852644950590788e-01 2.059380681383460483e-03
2.458408299804999959e+06 1.480409965767533476e-01 2.059442434079464951e-03
2.458408792872000020e+06 1.507925897648925428e-01 2.059388377429978000e-03
2.458409296465999912e+06 1.456211310748942445e-01 2.059443590308495005e-03
2.458409789532999974e+06 1.474166032383180669e-01 2.059445957608945724e-03
2.458410282600000035e+06 1.439819330666629038e-01 2.059468414819417160e-03
2.458410786193999927e+06 1.473190128202804816e-01 2.059439453881281232e-03
2.458411279260999989e+06 1.476311490537357274e-01 2.059451802167730147e-03
2.458411772328000050e+06 1.479825136397042162e-01 2.059446642100371070e-03
2.458412275921000168e+06 1.472018269002683954e-01 2.059428193345722979e-03
2.458412768988000229e+06 1.473970528326920826e-01 2.059444349071934671e-03
2.458413262056000065e+06 1.490947667791099329e-01 2.059408360509099988e-03
2.458413765649000183e+06 1.477678654988206219e-01 2.059453604778957100e-03
2.458414258715999778e+06 1.469286201404395864e-01 2.059395027538311797e-03
2.458414751782999840e+06 1.478067950067641911e-01 2.059451628363493086e-03
2.458415255377000198e+06 1.455235229730013902e-01 2.059403491088588646e-03
2.458415748443999793e+06 1.485679736629605674e-01 2.059384216745043395e-03
2.458416241510999855e+06 1.469482437585040713e-01 2.059399389308848131e-03
2.458416745105000213e+06 1.460895663740081063e-01 2.059475306360161913e-03
2.458417238171999808e+06 1.476897651852640270e-01 2.059453332315669058e-03
2.458417731238999870e+06 1.450943161691662375e-01 2.059476783295761775e-03
2.458418234831999987e+06 1.489192361741484283e-01 2.059452674927571107e-03
2.458526481366999913e+06 1.497584029410906070e-01 2.060161111442739175e-03
2.458526984960000031e+06 1.467725365993893805e-01 2.060181329472191188e-03
2.458527478027000092e+06 1.482556318228226422e-01 2.060243513239995872e-03
2.458527971094000153e+06 1.444892710313417650e-01 2.060204306564967797e-03
2.458528474688000046e+06 1.465383172235433518e-01 2.060267864896066399e-03
2.458528967755000107e+06 1.473775050198430081e-01 2.060257142930490160e-03
2.458529460822000168e+06 1.482361066755734647e-01 2.060381772328781242e-03
2.458529964416000061e+06 1.473579597994264523e-01 2.060391076498587371e-03
2.458530457483000122e+06 1.492119479200882393e-01 2.060477236884858312e-03
2.458530950550000183e+06 1.471432689010272743e-01 2.060506272672001874e-03
2.458531454144000076e+06 1.481776831377743520e-01 2.060525061437457669e-03
2.458531947211000137e+06 1.457186704342965100e-01 2.060554614807325307e-03
2.458532440278000198e+06 1.486264141945666528e-01 2.060604963771298179e-03
2.458532943870999850e+06 1.467334740553720984e-01 2.060714197971080450e-03
2.458533436937999912e+06 1.457773328198481710e-01 2.060712808796364651e-03
2.458533930006000213e+06 1.468116095424126522e-01 2.060729779131569885e-03
2.458534433598999865e+06 1.465969045138916238e-01 2.060821536382292755e-03
2.458534926665999927e+06 1.456992110147054265e-01 2.060950415909110298e-03
2.458535419732999988e+06 1.502852644950590788e-01 2.061041695510130826e-03
2.458535923326999880e+06 1.442551079180412477e-01 2.061117128935658488e-03
2.458536416393999942e+06 1.471237547450302274e-01 2.061181550011214995e-03
2.458536909461000003e+06 1.465578887131977204e-01 2.061217955929799030e-03
2.458537413054999895e+06 1.425573455149891922e-01 2.061281329140515067e-03
2.458537906121999957e+06 1.441574860244713152e-01 2.061448368588339984e-03
2.458538399189000018e+06 1.456407142062114135e-01 2.061464365020105986e-03
2.458538902782000136e+06 1.495241010220038913e-01 2.061620292746932284e-03
2.458539395849999972e+06 1.448795872371267668e-01 2.061766470152412694e-03
2.458539888917000033e+06 1.477678654988206219e-01 2.061903390986069822e-03
2.458540392510000151e+06 1.487240488094817847e-01 2.061958601839068619e-03
2.458540885577000212e+06 1.473970528326920826e-01 2.062159503124765848e-03
2.458541378643999808e+06 1.458748424499169694e-01 2.062225563586660843e-03
2.458541882238000166e+06 1.449185566742426656e-01 2.062454515117919263e-03
2.458542375305000227e+06 1.453674592991792414e-01 2.062550461788023853e-03
2.458542868371999823e+06 1.502072171042340976e-01 2.062738257423262552e-03
2.458543371966000181e+06 1.490557726144435824e-01 2.062988307160872666e-03
2.458543865032999776e+06 1.431036793226359016e-01 2.063249789681262294e-03
2.458544358099999838e+06 1.474360204434094768e-01 2.063383647721942285e-03
2.458544861694000196e+06 1.514561106246922473e-01 2.063707271400097836e-03
2.458545354760999791e+06 1.460309128416544255e-01 2.063893925370557329e-03
2.458545847827999853e+06 1.453089618511933800e-01 2.064129490026730181e-03
2.458546351420999970e+06 1.492705042814077010e-01 2.064447959335524718e-03
2.458546844488000032e+06 1.476897651852640270e-01 2.064758397042241837e-03
2.458547337555999868e+06 1.501487081615351382e-01 2.065115494122897726e-03
2.458547841148999985e+06 1.443331200930859926e-01 2.065555159879712502e-03
2.458548334216000047e+06 1.463626958011449430e-01 2.065887002130709429e-03
2.458548827283000108e+06 1.513000947516179584e-01 2.066319420081209456e-03
2.458549330877000000e+06 1.490752684217959423e-01 2.066828024817685388e-03
2.458549823944000062e+06 1.487825507346325904e-01 2.067291806744792678e-03
2.458550317011000123e+06 1.496802155820893543e-01 2.067908598692724115e-03
2.458550820605000015e+06 1.503828807641081622e-01 2.068474765315111031e-03
2.458551313672000077e+06 1.480604960247756396e-01 2.069123140905466084e-03
2.458551806739000138e+06 1.498559530371741944e-01 2.069922434058607281e-03
2.458552310331999790e+06 1.485484073805427296e-01 2.070605721210109530e-03
2.458552803400000092e+06 1.478067950067641911e-01 2.071431516206961605e-03
2.458553296467000153e+06 1.525489420180667077e-01 2.072415827072599404e-03
2.458553800059999805e+06 1.510462682292041947e-01 2.073425913055519914e-03
2.458554293126999866e+06 1.496607785033949312e-01 2.074532199078561821e-03
2.458554786193999927e+06 1.490752684217959423e-01 2.075752745578540032e-03
2.458555289787999820e+06 1.516708078599081910e-01 2.076970042427085748e-03
2.458555782854999881e+06 1.503047826783921737e-01 2.078475413497058409e-03
2.458556275921999943e+06 1.529003219948888159e-01 2.080005940639696998e-03
2.458556779515999835e+06 1.544419228190192228e-01 2.081774127592867906e-03
2.458557272582999896e+06 1.505389213922889990e-01 2.083792950524957464e-03
2.458557765649999958e+06 1.511634516528903849e-01 2.085894181974082967e-03
2.458558269243999850e+06 1.550663626936070738e-01 2.088334482509984075e-03
2.458558762310999911e+06 1.518269263248253620e-01 2.090854290812292713e-03
2.458559255377999973e+06 1.512414387063315269e-01 2.093795947148411642e-03
2.458559758971000090e+06 1.589499515967595922e-01 2.097155871421660378e-03
2.458560252038000152e+06 1.572716343672609929e-01 2.100651365956893949e-03
2.458560745105999988e+06 1.556908895432474460e-01 2.104775420310193469e-03
2.458561248699000105e+06 1.597305547560474159e-01 2.109367527817129426e-03
2.458561741766000167e+06 1.651751842772131162e-01 2.114482206827040297e-03
2.458562234833000228e+06 1.626382902150773635e-01 2.120204106316064124e-03
2.458562738427000120e+06 1.620137968578494181e-01 2.126686595417026475e-03
2.458563231494000182e+06 1.626968707643907386e-01 2.134004674802054188e-03
2.458563724560999777e+06 1.637505623067501137e-01 2.142395848433154091e-03
2.458564228155000135e+06 1.670681255523079889e-01 2.152101766280428881e-03
2.458564721222000197e+06 1.676146598287007738e-01 2.163001462572663233e-03
2.458565214288999792e+06 1.717517615340622972e-01 2.175576319575864715e-03
2.458565717881999910e+06 1.764743536760506604e-01 2.190536572391413219e-03
2.458566210950000212e+06 1.799676310543814328e-01 2.207376830806794931e-03
2.458566704016999807e+06 1.825045095428282360e-01 2.227398557176012584e-03
2.458567207609999925e+06 1.871100866969465648e-01 2.251553620467314134e-03
2.458567700676999986e+06 1.974725798591738246e-01 2.279852857155272722e-03
2.458568193744000047e+06 2.024489832625055719e-01 2.313998438365958386e-03
2.458568697337999940e+06 2.136115837701479114e-01 2.356790858376727003e-03
2.458569190405000001e+06 2.254571433597591934e-01 2.409405915487593600e-03
2.458569683472000062e+06 2.428450189575643292e-01 2.476234275965884593e-03
2.458570187065999955e+06 2.639993149964781627e-01 2.566473106060400151e-03
2.458570680133000016e+06 2.963553692343752766e-01 2.687226047474750718e-03
2.458571173200000077e+06 3.475041536538567843e-01 2.861364593029813979e-03
2.458571676793999970e+06 4.243544883293187131e-01 3.142002372887022985e-03
2.458572169861000031e+06 5.974137306721772900e-01 3.643128315557692207e-03
2.458572662928000093e+06 1.094071235402030107e+00 4.889248061275820040e-03
2.458573166521000210e+06 4.011725416716715564e+00 9.769409876280148869e-03
2.458573659587999806e+06 9.801623130416301510e-01 4.625756855132364190e-03
2.458574152656000108e+06 5.613498358688988610e-01 3.555045373378157986e-03
2.458574656249000225e+06 4.173092391324082495e-01 3.090222346755026276e-03
2.458575149315999821e+06 3.371807714776689502e-01 2.834435185812239459e-03
2.458575642382999882e+06 2.941304585435788876e-01 2.669218724888601079e-03
2.458576145976999775e+06 2.607013019180582925e-01 2.551459573735417961e-03
2.458576639043999836e+06 2.420643313390980489e-01 2.466713139157412308e-03
2.458577132110999897e+06 2.261986455007055086e-01 2.401913257151248524e-03
2.458577635704999790e+06 2.163240474292461579e-01 2.350057157757181030e-03
2.458578128771999851e+06 1.964382244448768799e-01 2.309343177307944962e-03
2.458578621838999912e+06 1.983703684606444584e-01 2.275966914509162334e-03
2.458579125432000030e+06 1.863490572602770901e-01 2.247888199953272225e-03
2.458579618499999866e+06 1.883786151965306244e-01 2.224830462573764139e-03
2.458580111566999927e+06 1.803188794966120168e-01 2.205207923861569538e-03
2.458580615160000045e+06 1.742692651948197780e-01 2.188204539914223590e-03
2.458581108227000106e+06 1.745034429489688843e-01 2.173947556491005045e-03
2.458581601294000167e+06 1.694099054223506817e-01 2.161671333640468543e-03
2.458582104888000060e+06 1.644726159632469986e-01 2.150782290589998199e-03
2.458582597955000121e+06 1.654289830527628513e-01 2.141347886931207339e-03
2.458583091022000182e+06 1.612916928096397584e-01 2.133251795966772165e-03
2.458583594616000075e+06 1.616819729175748843e-01 2.125904833288204572e-03
2.458584087683000136e+06 1.554762295418572471e-01 2.119486909770749040e-03
2.458584580750000197e+06 1.597891181657604687e-01 2.113820184089825176e-03
2.458585084344000090e+06 1.559446212779770358e-01 2.108780125015091364e-03
2.458585577411000151e+06 1.553591369568194658e-01 2.104297027283855495e-03
2.458586070478000212e+06 1.541687673375195522e-01 2.100385338964182863e-03
2.458586574070999864e+06 1.541297237446912771e-01 2.096730319696972229e-03
2.458587067137999926e+06 1.591840683508462251e-01 2.093500522521572760e-03
2.458587560206000227e+06 1.572716343672609929e-01 2.090656541501575982e-03
2.458588063798999880e+06 1.536418755211488296e-01 2.087971151168869621e-03
2.458588556865999941e+06 1.497778526986838776e-01 2.085673614849994830e-03
2.458589049933000002e+06 1.513000947516179584e-01 2.083599134681294977e-03
2.458589553526999895e+06 1.493095546215702230e-01 2.081627856197530799e-03
2.458590046593999956e+06 1.514951746068192995e-01 2.079867156306450856e-03
2.458590539661000017e+06 1.521781849830042832e-01 2.078311579773348041e-03
2.458591043254999910e+06 1.523342644823753311e-01 2.076935545899891503e-03
2.458591536321999971e+06 1.492900281746713798e-01 2.075580574195447746e-03
2.458592029389000032e+06 1.518659460750011458e-01 2.074466925177367947e-03
2.458592532982000150e+06 1.492705042814077010e-01 2.073246885107866283e-03
2.458593026049999986e+06 1.534467166058316179e-01 2.072316641676825652e-03
2.458593519117000047e+06 1.483337581330570754e-01 2.071439112886938518e-03
2.458594022710000165e+06 1.485679736629605674e-01 2.070604781912690606e-03
2.458594515777000226e+06 1.482361066755734647e-01 2.069802376814281527e-03
2.458595008843999822e+06 1.500511056959518696e-01 2.069162974058013325e-03
2.458595512438000180e+06 1.496997930637008478e-01 2.068454828806172516e-03
2.458596005504999775e+06 1.456601658130358690e-01 2.067910958483973240e-03
2.458596498571999837e+06 1.472408785125708941e-01 2.067297693683936306e-03
2.458597002166000195e+06 1.516708078599081910e-01 2.066772382143444633e-03
2.458597495232999790e+06 1.483142226966353283e-01 2.066385220369251936e-03
2.458597988299999852e+06 1.520610552459873699e-01 2.065927815710306113e-03
2.458712204272000119e+06 1.445282685973375003e-01 2.059429199901760717e-03
2.458712697339000180e+06 1.459334332963666825e-01 2.059424798738330922e-03
2.458713200931999832e+06 1.461871502119248267e-01 2.059369902829657518e-03
2.458713694000000134e+06 1.491924342380265278e-01 2.059383303353513450e-03
2.458714187067000195e+06 1.513196053646800321e-01 2.059477982473656345e-03
2.458714690659999847e+06 1.452503541626360417e-01 2.059417326400874229e-03
2.458715183726999909e+06 1.463042021120490310e-01 2.059401824383809681e-03
2.458715676793999970e+06 1.474166032383180669e-01 2.059445957608945724e-03
2.458716180387999862e+06 1.481972005896771971e-01 2.059431520011958863e-03
2.458716673454999924e+06 1.452308235198831454e-01 2.059407938238764970e-03
2.458717166521999985e+06 1.459919132123334018e-01 2.059443291069230995e-03
2.458717670115999877e+06 1.489387141231643119e-01 2.059447686585330096e-03
2.458718163182999939e+06 1.463042021120490310e-01 2.059401824383809681e-03
2.458718656250000000e+06 1.468505576327868156e-01 2.059382915221949668e-03
2.458719159843999892e+06 1.461090779290134811e-01 2.059481224653229772e-03
2.458719652910999954e+06 1.446258751699107115e-01 2.059487973416267333e-03
2.458720145978000015e+06 1.472018269002683954e-01 2.059428193345722979e-03
2.458720649571000133e+06 1.480604960247756396e-01 2.059440959200840339e-03
2.458721142638000194e+06 1.474166032383180669e-01 2.059445957608945724e-03
2.458721635706000030e+06 1.454455371840893407e-01 2.059371542859351600e-03
2.458722139299000148e+06 1.473190128202804816e-01 2.059439453881281232e-03
2.458722632366000209e+06 1.486654329615475778e-01 2.059365895641083067e-03
2.458723125432999805e+06 1.440209263505657367e-01 2.059495568739015247e-03
2.458723629027000163e+06 1.501682086097197166e-01 2.059436368060364730e-03
2.458724122094000224e+06 1.494460359896828405e-01 2.059442782398283617e-03
2.458724615160999820e+06 1.509291756472832258e-01 2.059446601684080530e-03
2.458725118755000178e+06 1.455821067974765737e-01 2.059428034639922307e-03
2.458725611821999773e+06 1.468505576327868156e-01 2.059382915221949668e-03
2.458726104888999835e+06 1.472994753571061355e-01 2.059437666462442858e-03
2.458726608481999952e+06 1.482751595418571600e-01 2.059422349639081565e-03
2.458727101549999788e+06 1.470262227777221209e-01 2.059408893435315299e-03
2.458727594616999850e+06 1.501682086097197166e-01 2.059436368060364730e-03
2.458728098209999967e+06 1.488410756720346118e-01 2.059468469432776134e-03
2.458728591277000029e+06 1.467530716099491872e-01 2.059367449708731073e-03
2.458729084344000090e+06 1.489387141231643119e-01 2.059447686585330096e-03
2.458729587937999982e+06 1.461285920899597635e-01 2.059487107790325313e-03
2.458730081005000044e+06 1.449185566742426656e-01 2.059384591881592824e-03
2.458730574072000105e+06 1.470652278034824956e-01 2.059413431849460661e-03
2.458731077665999997e+06 1.486459907517722057e-01 2.059370391343133717e-03
2.458731570733000059e+06 1.508706633999753466e-01 2.059481937188566928e-03
2.458732063800000120e+06 1.454650967015381491e-01 2.059380530556633761e-03
2.458732567394000012e+06 1.451722473469799490e-01 2.059379565532944763e-03
2.458733060461000074e+06 1.452308235198831454e-01 2.059407938238764970e-03
2.458733553528000135e+06 1.448404948760303179e-01 2.059475911457039898e-03
2.458734057120999787e+06 1.489192361741484283e-01 2.059452674927571107e-03
2.458734550187999848e+06 1.464797533475401814e-01 2.059444481128194261e-03
2.458735043256000150e+06 1.507145565319154834e-01 2.059433176224987998e-03
2.458735546848999802e+06 1.465578887131977204e-01 2.059463153478778390e-03
2.458736039915999863e+06 1.479239175630527592e-01 2.059448628574770106e-03
2.458736532982999925e+06 1.464993170154704483e-01 2.059449676457317767e-03
2.458737036576999817e+06 1.486654329615475778e-01 2.059365895641083067e-03
2.458737529643999878e+06 1.439038456275830158e-01 2.059411801469304259e-03
2.458738022710999940e+06 1.432012470542769200e-01 2.059380779333579419e-03
2.458738526304999832e+06 1.453870083167127514e-01 2.059480174016274298e-03
2.458739019371999893e+06 1.449381788162812934e-01 2.059396448971579762e-03
2.458739512438999955e+06 1.479630244618991841e-01 2.059447972600619240e-03
2.458740016032000072e+06 1.470652278034824956e-01 2.059413431849460661e-03
2.458740509099999908e+06 1.477092183703018202e-01 2.059452505949868183e-03
2.458741002166999970e+06 1.467530716099491872e-01 2.059367449708731073e-03
2.458741505760000087e+06 1.482751595418571600e-01 2.059422349639081565e-03
2.458741998827000149e+06 1.477678654988206219e-01 2.059453604778957100e-03
2.458742491894000210e+06 1.485679736629605674e-01 2.059384216745043395e-03
2.458742995488000102e+06 1.480996390311033750e-01 2.059439797892451043e-03
2.458743488555000164e+06 1.482167206123517766e-01 2.059429755919444868e-03
2.458743981622000225e+06 1.427915145296275445e-01 2.059406618495831977e-03
2.458744485216000117e+06 1.499144859772983951e-01 2.059408674549556822e-03
2.458744978283000179e+06 1.462846644999616086e-01 2.059396276077963672e-03
2.458745471349999774e+06 1.512219381718010736e-01 2.059402245231713082e-03
2.458745974944000132e+06 1.464212128765256526e-01 2.059430579949702526e-03
2.458746468011000194e+06 1.511439611737339095e-01 2.059453992420139275e-03
2.458746961077999789e+06 1.462260673167414260e-01 2.059379419735198492e-03
2.458747464670999907e+06 1.459529239984172222e-01 2.059430997931829734e-03
2.458747957737999968e+06 1.476701785528710953e-01 2.059452225916786824e-03
2.458748450805999804e+06 1.506559887288240474e-01 2.059465434526364016e-03
2.458748954398999922e+06 1.473775050198430081e-01 2.059442704739846645e-03
2.458749447465999983e+06 1.458553621749558993e-01 2.059397754577210315e-03
2.458749940533000045e+06 1.499144859772983951e-01 2.059408674549556822e-03
2.458750444126999937e+06 1.519245644676549545e-01 2.059455814437971457e-03
2.458750937193999998e+06 1.477482685087557479e-01 2.059452642190955172e-03
2.458751430261000060e+06 1.488410756720346118e-01 2.059468469432776134e-03
2.458751933854999952e+06 1.439624403838885291e-01 2.059454786755202712e-03
2.458752426922000013e+06 1.482946898330152752e-01 2.059420440714065676e-03
2.458752919989000075e+06 1.452503541626360417e-01 2.059417326400874229e-03
2.458753423582000192e+06 1.470067241443943906e-01 2.059406570801743282e-03
2.458753916650000028e+06 1.476311490537357274e-01 2.059451802167730147e-03
2.458754409717000090e+06 1.468310822961893525e-01 2.059380272489370455e-03
2.458754913310000207e+06 1.472604082035947337e-01 2.059433984391723354e-03
2.458755406376999803e+06 1.475141224388345773e-01 2.059449669384447699e-03
2.458755899443999864e+06 1.488801507939123692e-01 2.059460645205151829e-03
2.458756403038000222e+06 1.480604960247756396e-01 2.059440959200840339e-03
2.458756896104999818e+06 1.450943161691662375e-01 2.059476783295761775e-03
2.458757389171999879e+06 1.465188832963017218e-01 2.059454836437900772e-03
2.458757892765999772e+06 1.480409965767533476e-01 2.059442434079464951e-03
2.458758385832999833e+06 1.468896513461221964e-01 2.059389990857657653e-03
2.458758878899999894e+06 1.455430929779794880e-01 2.059412339407812233e-03
2.458759382493999787e+06 1.507341304692222383e-01 2.059422980998000703e-03
2.458759875560999848e+06 1.446649096052800287e-01 2.059377621433662164e-03
2.458760368627999909e+06 1.472213514115767730e-01 2.059430159407038899e-03
2.458760872221000027e+06 1.463237423335575216e-01 2.059407337436263037e-03
2.458761365288000088e+06 1.503828807641081622e-01 2.059471761448398910e-03
2.458761858355999924e+06 1.471823049783032578e-01 2.059426191584444541e-03
2.458762361949000042e+06 1.504413423959571616e-01 2.059441015443736530e-03
2.458762855016000103e+06 1.483728367256594016e-01 2.059412442595850209e-03
2.458763348083000164e+06 1.506951239317028124e-01 2.059445230894483680e-03
2.458763851677000057e+06 1.453089618511933800e-01 2.059445282534612919e-03
2.458764344744000118e+06 1.475531209994432880e-01 2.059450523825613957e-03
2.458764837811000179e+06 1.477873289709615567e-01 2.059452634564000115e-03
2.458765341405000072e+06 1.483337581330570754e-01 2.059416514157611997e-03
2.458765834472000133e+06 1.499144859772983951e-01 2.059408674549556822e-03
2.458766327539000195e+06 1.465578887131977204e-01 2.059463153478778390e-03
2.458766831131999847e+06 1.488606805037080150e-01 2.059465523989155358e-03
2.458767324200000148e+06 1.492705042814077010e-01 2.059498563588583239e-03
2.458767817267000210e+06 1.461871502119248267e-01 2.059369902829657518e-03
2.458768320859999862e+06 1.489581946198061113e-01 2.059442661706236549e-03
2.458768813926999923e+06 1.479630244618991841e-01 2.059447972600619240e-03
2.458769306993999984e+06 1.530758924141313315e-01 2.059413281692423683e-03
2.458769810587999877e+06 1.498363551332302646e-01 2.059439408812302735e-03
2.458770303654999938e+06 1.489778148779822287e-01 2.059439497093820248e-03
2.458770796721999999e+06 1.494851322503234214e-01 2.059430825279013211e-03
2.458771300315999892e+06 1.465773278140275193e-01 2.059466310512427217e-03
2.458771793382999953e+06 1.492705042814077010e-01 2.059498563588583239e-03
2.458772286450000014e+06 1.453870083167127514e-01 2.059480174016274298e-03
2.458772790043999907e+06 1.489778148779822287e-01 2.059439497093820248e-03
2.458773283110999968e+06 1.467334740553720984e-01 2.059362732731068006e-03
2.458773776178000029e+06 1.489192361741484283e-01 2.059452674927571107e-03
2.458774279771000147e+06 1.464797533475401814e-01 2.059444481128194261e-03
2.458774772838000208e+06 1.444307278984741649e-01 2.059369567669873911e-03
2.458775265906000044e+06 1.464212128765256526e-01 2.059430579949702526e-03
2.458775769499000162e+06 1.456407142062114135e-01 2.059452264195320379e-03
2.458776262566000223e+06 1.477873289709615567e-01 2.059452634564000115e-03
2.458776755632999819e+06 1.452698874318699707e-01 2.059426679843892171e-03
2.458777259227000177e+06 1.439428177637930573e-01 2.059439227819504295e-03
2.458777752293999773e+06 1.456016846808085019e-01 2.059436778329864961e-03
2.458778245360999834e+06 1.472018269002683954e-01 2.059428193345722979e-03
2.458778748955000192e+06 1.486459907517722057e-01 2.059370391343133717e-03
2.458779242021999788e+06 1.475531209994432880e-01 2.059450523825613957e-03
2.458779735088999849e+06 1.475531209994432880e-01 2.059450523825613957e-03
2.458780238681999967e+06 1.447039545760191448e-01 2.059400337125864410e-03
2.458780731749999803e+06 1.474360204434094768e-01 2.059445633520959242e-03
2.458781224816999864e+06 1.474555760176095853e-01 2.059447170437824284e-03
2.458781728409999982e+06 1.488996236307409127e-01 2.059455729912735254e-03
2.458782221477000043e+06 1.457186704342965100e-01 2.059480919964723142e-03
2.458782714544000104e+06 1.448795872371267668e-01 2.059364567591882942e-03
2.458783218137999997e+06 1.464797533475401814e-01 2.059444481128194261e-03
2.458783711205000058e+06 1.472799404849922944e-01 2.059435843296088427e-03
2.459622427943999879e+06 1.460505510804281648e-01 2.059463364344084942e-03
2.459622921010999940e+06 1.454064260388698848e-01 2.059487387292082122e-03
2.459623424604999833e+06 1.458162751271191437e-01 2.059383073899934483e-03
2.459623917671999894e+06 1.490752684217959423e-01 2.059413641416359651e-03
2.459624410738999955e+06 1.497388177945800647e-01 2.059477943470247770e-03
2.459624914332000073e+06 1.512609417555164648e-01 2.059376146094480178e-03
2.459625407399999909e+06 1.466359307011482760e-01 2.059479362908356922e-03
2.459625900466999970e+06 1.449576701041712101e-01 2.059406374732571966e-03
2.459626404060000088e+06 1.480214996967931518e-01 2.059443872849276574e-03
2.459626897127000149e+06 1.504999653704036933e-01 2.059411831077511638e-03
2.459627390194000211e+06 1.461090779290134811e-01 2.059481224653229772e-03
2.459627893788000103e+06 1.488606805037080150e-01 2.059465523989155358e-03
2.459628386855000164e+06 1.471042431770026304e-01 2.059417827729667378e-03
2.459628879922000226e+06 1.472994753571061355e-01 2.059437666462442858e-03
2.459629383516000118e+06 1.481972005896771971e-01 2.059431520011958863e-03
2.459629876583000179e+06 1.463237423335575216e-01 2.059407337436263037e-03
2.459630369649999775e+06 1.453870083167127514e-01 2.059480174016274298e-03
2.459630873244000133e+06 1.451138284544086499e-01 2.059486432205797322e-03
2.459631366311000194e+06 1.455626656147325504e-01 2.059421152862835318e-03
2.459631859377999790e+06 1.476897651852640270e-01 2.059453332315669058e-03
2.459632362970999908e+06 1.439233303765589111e-01 2.059425531663405719e-03
2.459632856037999969e+06 1.471432689010272743e-01 2.059422080999982752e-03
2.459633349105999805e+06 1.471432689010272743e-01 2.059422080999982752e-03
2.459633852698999923e+06 1.480996390311033750e-01 2.059439797892451043e-03
2.459634345765999984e+06 1.460309128416544255e-01 2.059455443810621032e-03
2.459634838833000045e+06 1.469286201404395864e-01 2.059395027538311797e-03
2.459635342426999938e+06 1.466749672777331592e-01 2.059487255145158510e-03
2.459635835493999999e+06 1.465188832963017218e-01 2.059454836437900772e-03
2.459636328561000060e+06 1.440989446017933162e-01 2.059416747444780225e-03
2.459636832154999953e+06 1.451333433636638193e-01 2.059496046465633060e-03
2.459637325222000014e+06 1.434354168859892087e-01 2.059445659117359242e-03
2.459637818289000075e+06 1.485679736629605674e-01 2.059384216745043395e-03
2.459638321882000193e+06 1.496997930637008478e-01 2.059492719495920315e-03
2.459638814950000029e+06 1.472408785125708941e-01 2.059432089758872573e-03
2.459639308017000090e+06 1.461676282310673258e-01 2.059364143197874291e-03
2.459639811610000208e+06 1.490557726144435824e-01 2.059418885720386717e-03
2.459640304676999804e+06 1.474166032383180669e-01 2.059445957608945724e-03
2.459640797743999865e+06 1.489192361741484283e-01 2.059452674927571107e-03
2.459641301338000223e+06 1.450551658684996192e-01 2.059455484733553176e-03
2.459641794404999819e+06 1.482946898330152752e-01 2.059420440714065676e-03
2.459642287471999880e+06 1.470457239973041175e-01 2.059411180454387685e-03
2.459642791065999772e+06 1.484117889211620800e-01 2.059406329168453516e-03
2.459643284132999834e+06 1.444892710313417650e-01 2.059405829345189141e-03
2.459643777199999895e+06 1.455040896136009509e-01 2.059396504688091462e-03
2.459644280793999787e+06 1.503438266501147536e-01 2.059490808142745190e-03
2.459644773860999849e+06 1.446064284958080703e-01 2.059477425576691605e-03
2.459645266927999910e+06 1.469286201404395864e-01 2.059395027538311797e-03
2.459645770521000028e+06 1.474555760176095853e-01 2.059447170437824284e-03
2.459646263588000089e+06 1.464212128765256526e-01 2.059430579949702526e-03
2.459646756655999925e+06 1.462455971026562218e-01 2.059385073744147889e-03
2.459647260249000043e+06 1.481776831377743520e-01 2.059433247919674210e-03
2.459647753316000104e+06 1.505780261851322743e-01 2.059370499965164358e-03
2.459648246383000165e+06 1.448210193437475812e-01 2.059465760530281887e-03
2.459648749977000058e+06 1.475141224388345773e-01 2.059449669384447699e-03
2.459649243044000119e+06 1.489778148779822287e-01 2.059439497093820248e-03
2.459649736111000180e+06 1.457186704342965100e-01 2.059480919964723142e-03
2.459650239705000073e+06 1.456601658130358690e-01 2.059459006337580663e-03
2.459650732772000134e+06 1.463626958011449430e-01 2.059416360949484822e-03
2.459651225839000195e+06 1.466749672777331592e-01 2.059487255145158510e-03
2.459651729431999847e+06 1.463626958011449430e-01 2.059416360949484822e-03
2.459652222500000149e+06 1.498754154640117853e-01 2.059424115644836392e-03
2.459652715567000210e+06 1.462455971026562218e-01 2.059385073744147889e-03
2.459653219159999862e+06 1.500316204544433207e-01 2.059497750423782553e-03
2.459653712226999924e+06 1.456211310748942445e-01 2.059443590308495005e-03
2.459654205293999985e+06 1.450356614711416914e-01 2.059445731938828583e-03
2.459654708887999877e+06 1.509487774580828001e-01 2.059436012806349723e-03
2.459655201954999939e+06 1.447820761349828955e-01 2.059445355169670176e-03
2.459655695022000000e+06 1.477678654988206219e-01 2.059453604778957100e-03
2.459656198615999892e+06 1.496802155820893543e-01 2.059361243151461209e-03
2.459656691682999954e+06 1.485874056684606537e-01 2.059379866582877576e-03
2.459657184750000015e+06 1.455821067974765737e-01 2.059428034639922307e-03
2.459657688343999907e+06 1.485484073805427296e-01 2.059386633781852809e-03
2.459658181410999969e+06 1.491534145294657610e-01 2.059394194844343766e-03
2.459658674478000030e+06 1.447624751265687570e-01 2.059433203945793683e-03
2.459659178071000148e+06 1.473190128202804816e-01 2.059439453881281232e-03
2.459659671138000209e+06 1.501290719715787647e-01 2.059452736443301117e-03
2.459660164206000045e+06 1.488021478576031786e-01 2.059478044535072248e-03
2.459660667799000163e+06 1.498948804185166739e-01 2.059415465196838720e-03
2.459661160866000224e+06 1.505389213922889990e-01 2.059390291712501729e-03
2.459661653932999820e+06 1.485484073805427296e-01 2.059386633781852809e-03
2.459662157527000178e+06 1.452112955032581754e-01 2.059398515367070245e-03
2.459662650593999773e+06 1.456211310748942445e-01 2.059443590308495005e-03
2.459663143660999835e+06 1.446844974032084619e-01 2.059389944878267653e-03
2.459663647255000193e+06 1.485484073805427296e-01 2.059386633781852809e-03
2.459664140321999788e+06 1.469482437585040713e-01 2.059399389308848131e-03
2.459664633388999850e+06 1.450746728888095971e-01 2.059465202906580767e-03
2.459665136981999967e+06 1.471823049783032578e-01 2.059426191584444541e-03
2.459665630049999803e+06 1.473190128202804816e-01 2.059439453881281232e-03
2.459666123116999865e+06 1.465578887131977204e-01 2.059463153478778390e-03
2.459666626709999982e+06 1.461676282310673258e-01 2.059364143197874291e-03
2.459667119777000044e+06 1.433379536447454972e-01 2.059366473279285095e-03
2.459667612844000105e+06 1.449576701041712101e-01 2.059406374732571966e-03
2.459668116437999997e+06 1.446258751699107115e-01 2.059487973416267333e-03
2.459668609505000059e+06 1.512609417555164648e-01 2.059376146094480178e-03
2.459669102572000120e+06 1.440404269524088732e-01 2.059376428439489964e-03
2.459669606166000012e+06 1.472994753571061355e-01 2.059437666462442858e-03
2.459670099233000074e+06 1.476311490537357274e-01 2.059451802167730147e-03
2.459670592300000135e+06 1.487045989340266272e-01 2.059497550483812590e-03
2.459671095894000027e+06 1.467530716099491872e-01 2.059367449708731073e-03
2.459671588961000089e+06 1.457186704342965100e-01 2.059480919964723142e-03
2.459672082028000150e+06 1.483337581330570754e-01 2.059416514157611997e-03
2.459672585620999802e+06 1.464407687258576785e-01 2.059435881272134346e-03
2.459673078687999863e+06 1.477092183703018202e-01 2.059452505949868183e-03
2.459673571756000165e+06 1.455235229730013902e-01 2.059403491088588646e-03
2.459674075348999817e+06 1.469286201404395864e-01 2.059395027538311797e-03
2.459674568415999878e+06 1.477288101808462151e-01 2.059453540462353408e-03
2.459675061482999939e+06 1.439624403838885291e-01 2.059454786755202712e-03
2.459675565076999832e+06 1.476897651852640270e-01 2.059453332315669058e-03
2.459676058143999893e+06 1.449381788162812934e-01 2.059396448971579762e-03
2.459676551210999954e+06 1.480799980411977856e-01 2.059439448203907296e-03
2.459677054804999847e+06 1.469677346351280778e-01 2.059401818729022712e-03
2.459677547871999908e+06 1.456016846808085019e-01 2.059436778329864961e-03
2.459678040938999970e+06 1.461090779290134811e-01 2.059481224653229772e-03
2.459678544532000087e+06 1.471237547450302274e-01 2.059419972195808066e-03
2.459679037599999923e+06 1.455821067974765737e-01 2.059428034639922307e-03
2.459679530666999985e+06 1.484898607572651963e-01 2.059395563566941267e-03
2.459680034260000102e+06 1.487240488094817847e-01 2.059492963439207760e-03
2.459680527327000163e+06 1.490362793567193700e-01 2.059424093430664484e-03
2.459681020394000225e+06 1.467530716099491872e-01 2.059367449708731073e-03
2.459681523988000117e+06 1.539345122696754997e-01 2.059480668904684932e-03
2.459682017055000179e+06 1.474751341856165299e-01 2.059448671531071817e-03
2.459682510121999774e+06 1.448404948760303179e-01 2.059475911457039898e-03
2.459683013716000132e+06 1.463822438350035060e-01 2.059421768179676634e-03
2.459683506783000194e+06 1.477678654988206219e-01 2.059453604778957100e-03
2.459683999849999789e+06 1.459529239984172222e-01 2.059430997931829734e-03
2.459684503444000147e+06 1.464212128765256526e-01 2.059430579949702526e-03
2.459684996511000209e+06 1.489581946198061113e-01 2.059442661706236549e-03
2.459685489577999804e+06 1.494266293209337015e-01 2.059450602604315402e-03
2.459685993170999922e+06 1.469677346351280778e-01 2.059401818729022712e-03
2.459686486237999983e+06 1.466164838283973426e-01 2.059476312079889029e-03
2.459686979305999819e+06 1.486459907517722057e-01 2.059370391343133717e-03
2.459687482898999937e+06 1.484703047622540628e-01 2.059397835239043430e-03
2.459687975965999998e+06 1.485094193281248087e-01 2.059393255567408890e-03
2.459688469033000059e+06 1.473775050198430081e-01 2.059442704739846645e-03
2.459688972626999952e+06 1.477678654988206219e-01 2.059453604778957100e-03
2.459689465694000013e+06 1.470262227777221209e-01 2.059408893435315299e-03
2.459689958761000074e+06 1.478849572072480634e-01 2.059451037162117037e-03
2.459690462354999967e+06 1.474555760176095853e-01 2.059447170437824284e-03
2.459690955422000028e+06 1.473190128202804816e-01 2.059439453881281232e-03
2.459691448489000089e+06 1.482556318228226422e-01 2.059424222341305327e-03
2.459691952082000207e+06 1.492509829414452038e-01 2.059366691141970886e-03
2.459692445150000043e+06 1.487435012288909619e-01 2.059488339961959135e-03
2.459692938217000104e+06 1.474360204434094768e-01 2.059445633520959242e-03
2.459693441810000222e+06 1.485094193281248087e-01 2.059393255567408890e-03
2.459693934876999818e+06 1.472018269002683954e-01 2.059428193345722979e-03
2.459807647255999967e+06 1.489192361741484283e-01 2.059452674927571107e-03
2.459808150849000085e+06 1.490557726144435824e-01 2.059418885720386717e-03
2.459808643916000146e+06 1.513781523008863594e-01 2.059438266714620682e-03
2.459809136983000208e+06 1.479239175630527592e-01 2.059448628574770106e-03
2.459809640577000100e+06 1.439233303765589111e-01 2.059425531663405719e-03
2.459810133644000161e+06 1.472994753571061355e-01 2.059437666462442858e-03
2.459810626711000223e+06 1.445674098401955043e-01 2.059454329881562230e-03
2.459811130305000115e+06 1.473579597994264523e-01 2.059441024622196605e-03
2.459811623372000176e+06 1.445478378939136777e-01 2.059441782066269780e-03
2.459812116438999772e+06 1.505780261851322743e-01 2.059370499965164358e-03
2.459812620031999890e+06 1.488606805037080150e-01 2.059465523989155358e-03
2.459813113100000191e+06 1.458358845014106342e-01 2.059391380131543256e-03
2.459813606166999787e+06 1.480214996967931518e-01 2.059443872849276574e-03
2.459814109759999905e+06 1.468310822961893525e-01 2.059380272489370455e-03
2.459814602826999966e+06 1.452894233279376779e-01 2.059435998558303404e-03
2.459815095894000027e+06 1.453674592991792414e-01 2.059471029095967607e-03
2.459815599487999920e+06 1.498754154640117853e-01 2.059424115644836392e-03
2.459816092554999981e+06 1.505193728043190127e-01 2.059400131642720021e-03
2.459816585622000042e+06 1.482556318228226422e-01 2.059424222341305327e-03
2.459817089215999935e+06 1.459919132123334018e-01 2.059443291069230995e-03
2.459817582282999996e+06 1.494070875632069473e-01 2.059456489220673394e-03
2.459818075350000057e+06 1.499144859772983951e-01 2.059408674549556822e-03
2.459818578943999950e+06 1.444111744565811095e-01 2.059489787193595316e-03
2.459819072011000011e+06 1.438843635165072687e-01 2.059398037246653723e-03
2.459819565078000072e+06 1.465773278140275193e-01 2.059466310512427217e-03
2.459820068671000190e+06 1.462651294969468385e-01 2.059390692528239534e-03
2.459820561737999786e+06 1.468116095424126522e-01 2.059377594237126342e-03
2.459821054806000087e+06 1.509878496523104907e-01 2.059412825787804505e-03
2.459821558399000205e+06 1.482167206123517766e-01 2.059429755919444868e-03
2.459822051465999801e+06 1.456797541937450702e-01 2.059467610383240201e-03
2.459822544532999862e+06 1.454064260388698848e-01 2.059487387292082122e-03
2.459823048127000220e+06 1.456407142062114135e-01 2.059452264195320379e-03
2.459823541193999816e+06 1.537198669870986356e-01 2.059440567050497325e-03
2.459824034260999877e+06 1.469677346351280778e-01 2.059401818729022712e-03
2.459824537854999769e+06 1.493484776225146582e-01 2.059473928533510963e-03
2.459825030921999831e+06 1.456601658130358690e-01 2.059459006337580663e-03
2.459825523988999892e+06 1.430061780671082194e-01 2.059473185528919951e-03
2.459826027582000010e+06 1.476507305093458233e-01 2.059452980414937847e-03
2.459826520649999846e+06 1.443331200930859926e-01 2.059440116929882065e-03
2.459827013716999907e+06 1.489387141231643119e-01 2.059447686585330096e-03
2.459827517310000025e+06 1.443137127833951094e-01 2.059429036322906262e-03
2.459828010377000086e+06 1.476117061503640637e-01 2.059452484836163215e-03
2.459828503444000147e+06 1.460309128416544255e-01 2.059455443810621032e-03
2.459829007038000040e+06 1.441574860244713152e-01 2.059456759318159004e-03
2.459829500105000101e+06 1.466749672777331592e-01 2.059487255145158510e-03
2.459829993172000162e+06 1.461871502119248267e-01 2.059369902829657518e-03
2.459830496766000055e+06 1.459139451971243895e-01 2.059418564474274974e-03
2.459830989833000116e+06 1.487240488094817847e-01 2.059492963439207760e-03
2.459831482900000177e+06 1.456016846808085019e-01 2.059436778329864961e-03
2.459831986494000070e+06 1.490947667791099329e-01 2.059408360509099988e-03
2.459832479561000131e+06 1.479239175630527592e-01 2.059448628574770106e-03
2.459832972628000192e+06 1.463626958011449430e-01 2.059416360949484822e-03
2.459833476220999844e+06 1.463042021120490310e-01 2.059401824383809681e-03
2.459833969287999906e+06 1.436306745138331009e-01 2.059471104520714784e-03
2.459834462356000207e+06 1.476311490537357274e-01 2.059451802167730147e-03
2.459834965948999859e+06 1.482361066755734647e-01 2.059426058830252353e-03
2.459835459015999921e+06 1.440209263505657367e-01 2.059495568739015247e-03
2.459835952082999982e+06 1.447820761349828955e-01 2.059445355169670176e-03
2.459836455676999874e+06 1.420498567187799821e-01 2.059438365241245041e-03
2.459836948743999936e+06 1.512219381718010736e-01 2.059402245231713082e-03
2.459837441810999997e+06 1.446064284958080703e-01 2.059477425576691605e-03
2.459837945404999889e+06 1.449185566742426656e-01 2.059384591881592824e-03
2.459838438471999951e+06 1.466944219075941025e-01 2.059490199680305469e-03
2.459838931539000012e+06 1.477482685087557479e-01 2.059452642190955172e-03
2.459839435132000130e+06 1.472994753571061355e-01 2.059437666462442858e-03
2.459839928199999966e+06 1.458162751271191437e-01 2.059383073899934483e-03
2.459840421267000027e+06 1.462455971026562218e-01 2.059385073744147889e-03
2.459840924860000145e+06 1.511634516528903849e-01 2.059441111985091302e-03
2.459841417927000206e+06 1.480996390311033750e-01 2.059439797892451043e-03
2.459841910993999802e+06 1.463237423335575216e-01 2.059407337436263037e-03
2.459842414588000160e+06 1.494266293209337015e-01 2.059450602604315402e-03
2.459842907655000221e+06 1.490752684217959423e-01 2.059413641416359651e-03
2.459843400721999817e+06 1.458162751271191437e-01 2.059383073899934483e-03
2.459843904316000175e+06 1.478653446884683476e-01 2.059450290576925798e-03
2.459844397382999770e+06 1.517489168985723391e-01 2.059450795415433601e-03
2.459844890449999832e+06 1.464212128765256526e-01 2.059430579949702526e-03
2.459845394044000190e+06 1.472408785125708941e-01 2.059432089758872573e-03
2.459845887110999785e+06 1.524514642542147691e-01 2.059437289110834565e-03
2.459846380177999847e+06 1.463237423335575216e-01 2.059407337436263037e-03
2.459846883770999964e+06 1.461481088571950082e-01 2.059492955761951360e-03
2.459847376838000026e+06 1.474751341856165299e-01 2.059448671531071817e-03
2.459847869905999862e+06 1.482751595418571600e-01 2.059422349639081565e-03
2.459848373498999979e+06 1.449771640132492823e-01 2.059416265919266752e-03
2.459848866566000041e+06 1.482556318228226422e-01 2.059424222341305327e-03
2.459849359633000102e+06 1.452503541626360417e-01 2.059417326400874229e-03
2.459849863226999994e+06 1.434745264516136265e-01 2.059478614555849355e-03
2.459850356294000056e+06 1.460895663740081063e-01 2.059475306360161913e-03
2.459850849361000117e+06 1.474360204434094768e-01 2.059445633520959242e-03
2.459851352955000009e+06 1.494851322503234214e-01 2.059430825279013211e-03
2.459851846022000071e+06 1.494655828416841248e-01 2.059436822234100243e-03
2.459852339089000132e+06 1.499535666757444152e-01 2.059393085450375582e-03
2.459852842681999784e+06 1.490362793567193700e-01 2.059424093430664484e-03
2.459853335750000086e+06 1.432207685817264431e-01 2.059397696511392536e-03
2.459853828817000147e+06 1.453479129102438483e-01 2.059461849399518013e-03
2.459854332409999799e+06 1.460700574245956673e-01 2.059469352920616312e-03
2.459854825476999860e+06 1.501682086097197166e-01 2.059436368060364730e-03
2.459855318543999922e+06 1.461285920899597635e-01 2.059487107790325313e-03
2.459855822137999814e+06 1.450551658684996192e-01 2.059455484733553176e-03
2.459856315204999875e+06 1.511439611737339095e-01 2.059453992420139275e-03
2.459856808271999937e+06 1.470067241443943906e-01 2.059406570801743282e-03
2.459857311865999829e+06 1.434939530702714905e-01 2.059493144738754750e-03
2.459857804932999890e+06 1.504413423959571616e-01 2.059441015443736530e-03
2.459858297999999952e+06 1.440209263505657367e-01 2.059495568739015247e-03
2.459858801593999844e+06 1.514561106246922473e-01 2.059382888176263231e-03
2.459859294660999905e+06 1.494851322503234214e-01 2.059430825279013211e-03
2.459859787727999967e+06 1.487435012288909619e-01 2.059488339961959135e-03
2.459860291321000084e+06 1.507145565319154834e-01 2.059433176224987998e-03
2.459860784388000146e+06 1.475336883723034898e-01 2.059451062948344791e-03
2.459861277455999982e+06 1.453089618511933800e-01 2.059445282534612919e-03
2.459861781049000099e+06 1.454455371840893407e-01 2.059371542859351600e-03
2.459862274116000161e+06 1.469872280969775624e-01 2.059404212563154066e-03
2.459862767183000222e+06 1.450943161691662375e-01 2.059476783295761775e-03
2.459863270777000114e+06 1.463626958011449430e-01 2.059416360949484822e-03
2.459863763844000176e+06 1.445674098401955043e-01 2.059454329881562230e-03
2.459864256910999771e+06 1.475336883723034898e-01 2.059451062948344791e-03
2.459864760505000129e+06 1.486069770875985963e-01 2.059377376807759296e-03
2.459865253572000191e+06 1.495826421131327411e-01 2.059396494754649806e-03
2.459865746638999786e+06 1.484508880710092016e-01 2.059401967371668647e-03
2.459866250231999904e+06 1.479825136397042162e-01 2.059446642100371070e-03
2.459866743300000206e+06 1.460505510804281648e-01 2.059463364344084942e-03
2.459867236366999801e+06 1.485874056684606537e-01 2.059379866582877576e-03
2.459867739959999919e+06 1.480020053845558237e-01 2.059445275519745933e-03
2.459868233026999980e+06 1.472018269002683954e-01 2.059428193345722979e-03
2.459868726094000041e+06 1.470262227777221209e-01 2.059408893435315299e-03
2.459869229687999934e+06 1.519049758533119188e-01 2.059470094818176191e-03
2.459869722754999995e+06 1.498754154640117853e-01 2.059424115644836392e-03
2.459870215822000057e+06 1.457382666827073958e-01 2.059489419173333915e-03
2.459870719415999949e+06 1.455235229730013902e-01 2.059403491088588646e-03
2.459871212483000010e+06 1.497388177945800647e-01 2.059477943470247770e-03
2.459871705550000072e+06 1.457382666827073958e-01 2.059489419173333915e-03
2.459872209143999964e+06 1.461871502119248267e-01 2.059369902829657518e-03
2.459872702211000025e+06 1.432207685817264431e-01 2.059397696511392536e-03
2.459873195278000087e+06 1.459529239984172222e-01 2.059430997931829734e-03
2.459873698871000204e+06 1.497193731059566213e-01 2.059486298364335537e-03
2.459874191937999800e+06 1.464407687258576785e-01 2.059435881272134346e-03
2.459874685006000102e+06 1.489581946198061113e-01 2.059442661706236549e-03
2.459875188599000219e+06 1.476507305093458233e-01 2.059452980414937847e-03
2.459875681665999815e+06 1.457382666827073958e-01 2.059489419173333915e-03
2.459876174732999876e+06 1.502072171042340976e-01 2.059417954393204676e-03
2.459876678326999769e+06 1.458943253266411777e-01 2.059410398361186719e-03
2.459877171393999830e+06 1.462651294969468385e-01 2.059390692528239534e-03
2.459877664460999891e+06 1.470652278034824956e-01 2.059413431849460661e-03
2.459878168054999784e+06 1.463042021120490310e-01 2.059401824383809681e-03
2.459878661121999845e+06 1.433573617712851633e-01 2.059381239888595418e-03
2.459879154188999906e+06 1.491339085022997946e-01 2.059399585623184446e-03
2.459987411249999888e+06 1.482946898330152752e-01 2.059420440714065676e-03
2.459987904316999950e+06 1.454259802966509640e-01 2.059496462623199367e-03
2.459988407910000067e+06 1.478458709417202754e-01 2.059451404791920372e-03
2.459988900977000128e+06 1.460895663740081063e-01 2.059475306360161913e-03
2.459989394044000190e+06 1.457968026732979760e-01 2.059376629423351462e-03
2.459989897638000082e+06 1.485874056684606537e-01 2.059379866582877576e-03
2.459990390705000143e+06 1.425377831323792199e-01 2.059423084722265991e-03
2.459990883772000205e+06 1.448404948760303179e-01 2.059475911457039898e-03
2.459991387366000097e+06 1.466359307011482760e-01 2.059479362908356922e-03
2.459991880433000159e+06 1.478067950067641911e-01 2.059451628363493086e-03
2.459992373500000220e+06 1.436306745138331009e-01 2.059471104520714784e-03
2.459992877094000112e+06 1.499144859772983951e-01 2.059408674549556822e-03
2.459993370161000174e+06 1.456992110147054265e-01 2.059474282651199261e-03
2.459993863227999769e+06 1.483532961426184682e-01 2.059414496507148626e-03
2.459994366820999887e+06 1.453674592991792414e-01 2.059471029095967607e-03
2.459994859887999948e+06 1.488606805037080150e-01 2.059465523989155358e-03
2.459995352955999784e+06 1.460114117248944299e-01 2.059449384994169446e-03
2.459995856548999902e+06 1.491729231079301221e-01 2.059388767424284814e-03
2.459996349615999963e+06 1.459919132123334018e-01 2.059443291069230995e-03
2.459996842683000024e+06 1.478458709417202754e-01 2.059451404791920372e-03
2.459997346276999917e+06 1.476701785528710953e-01 2.059452225916786824e-03
2.459997839343999978e+06 1.438258005385948113e-01 2.059487112223233780e-03
2.459998332411000039e+06 1.464407687258576785e-01 2.059435881272134346e-03
2.459998836004999932e+06 1.496412061240405544e-01 2.059375833749153058e-03
2.459999329071999993e+06 1.480799980411977856e-01 2.059439448203907296e-03
2.459999822139000054e+06 1.483337581330570754e-01 2.059416514157611997e-03
2.460000325732000172e+06 1.458358845014106342e-01 2.059391380131543256e-03
2.460000818800000008e+06 1.470652278034824956e-01 2.059413431849460661e-03
2.460001311867000069e+06 1.488801507939123692e-01 2.059460645205151829e-03
2.460001815460000187e+06 1.468310822961893525e-01 2.059380272489370455e-03
2.460002308526999783e+06 1.438258005385948113e-01 2.059487112223233780e-03
2.460002801593999844e+06 1.478458709417202754e-01 2.059451404791920372e-03
2.460003305188000202e+06 1.505193728043190127e-01 2.059400131642720021e-03
2.460003798254999798e+06 1.476117061503640637e-01 2.059452484836163215e-03
2.460004291321999859e+06 1.496607785033949312e-01 2.059369505264698266e-03
2.460004794916000217e+06 1.463237423335575216e-01 2.059407337436263037e-03
2.460005287982999813e+06 1.497584029410906070e-01 2.059471448510413489e-03
2.460005781049999874e+06 1.459139451971243895e-01 2.059418564474274974e-03
2.460006284644000232e+06 1.476117061503640637e-01 2.059452484836163215e-03
2.460006777710999828e+06 1.489192361741484283e-01 2.059452674927571107e-03
2.460007270777999889e+06 1.489973004888223151e-01 2.059434399107905756e-03
2.460007774371000007e+06 1.489387141231643119e-01 2.059447686585330096e-03
2.460008267438000068e+06 1.476701785528710953e-01 2.059452225916786824e-03
2.460008760505999904e+06 1.472799404849922944e-01 2.059435843296088427e-03
2.460009264099000022e+06 1.485484073805427296e-01 2.059386633781852809e-03
2.460009757166000083e+06 1.436891580403464319e-01 2.059383281562333912e-03
2.460010250233000144e+06 1.486459907517722057e-01 2.059370391343133717e-03
2.460010753827000037e+06 1.439624403838885291e-01 2.059454786755202712e-03
2.460011246894000098e+06 1.493680117143315889e-01 2.059468152175756867e-03
2.460011739961000159e+06 1.469091344511840314e-01 2.059392526976777920e-03
2.460012243555000052e+06 1.494460359896828405e-01 2.059442782398283617e-03
2.460012736622000113e+06 1.473190128202804816e-01 2.059439453881281232e-03
2.460013229689000174e+06 1.481581682563037072e-01 2.059434939652078980e-03
2.460013733281999826e+06 1.438647515385814146e-01 2.059382342242825452e-03
2.460014226350000128e+06 1.485679736629605674e-01 2.059384216745043395e-03
2.460014719417000189e+06 1.434745264516136265e-01 2.059478614555849355e-03
2.460015223009999841e+06 1.489581946198061113e-01 2.059442661706236549e-03
2.460015716076999903e+06 1.473384171710995783e-01 2.059439308728518592e-03
2.460016209143999964e+06 1.464603271870465739e-01 2.059441147274588754e-03
2.460016712737999856e+06 1.492900281746713798e-01 2.059492934103969528e-03
2.460017205804999918e+06 1.444502839879256706e-01 2.059382321461045075e-03
2.460017698871999979e+06 1.500900837711890146e-01 2.059470853255095362e-03
2.460018202465999871e+06 1.496607785033949312e-01 2.059369505264698266e-03
2.460018695532999933e+06 1.461481088571950082e-01 2.059492955761951360e-03
2.460019188599999994e+06 1.494070875632069473e-01 2.059456489220673394e-03
2.460019692193999887e+06 1.473579597994264523e-01 2.059441024622196605e-03
2.460020185260999948e+06 1.483337581330570754e-01 2.059416514157611997e-03
2.460020678328000009e+06 1.499925194137256002e-01 2.059375451515416643e-03
2.460021181921000127e+06 1.451917701124084414e-01 2.059389057795301108e-03
2.460021674988000188e+06 1.437087460809577388e-01 2.059399300193484605e-03
2.460022168056000024e+06 1.485679736629605674e-01 2.059384216745043395e-03
2.460022671649000142e+06 1.474555760176095853e-01 2.059447170437824284e-03
2.460023164716000203e+06 1.507145565319154834e-01 2.059433176224987998e-03
2.460023657782999799e+06 1.481776831377743520e-01 2.059433247919674210e-03
2.460024161377000157e+06 1.496607785033949312e-01 2.059369505264698266e-03
2.460024654444000218e+06 1.469286201404395864e-01 2.059395027538311797e-03
2.460025147510999814e+06 1.488996236307409127e-01 2.059455729912735254e-03
2.460025651105000172e+06 1.472213514115767730e-01 2.059430159407038899e-03
2.460026144171999767e+06 1.443722084856954024e-01 2.059465969014614116e-03
2.460026637238999829e+06 1.495241010220038913e-01 2.059416824164170181e-03
2.460027140831999946e+06 1.473970528326920826e-01 2.059444349071934671e-03
2.460027633899999782e+06 1.450551658684996192e-01 2.059455484733553176e-03
2.460028126966999844e+06 1.489778148779822287e-01 2.059439497093820248e-03
2.460028630559999961e+06 1.478849572072480634e-01 2.059451037162117037e-03
2.460029123627000023e+06 1.445478378939136777e-01 2.059441782066269780e-03
2.460029616694000084e+06 1.460700574245956673e-01 2.059469352920616312e-03
2.460030120287999976e+06 1.483142226966353283e-01 2.059418495556743136e-03
2.460030613355000038e+06 1.518465048744408741e-01 2.059376646442627207e-03
2.460031106422000099e+06 1.488606805037080150e-01 2.059465523989155358e-03
2.460031610015999991e+06 1.456601658130358690e-01 2.059459006337580663e-03
2.460032103083000053e+06 1.486850146581706889e-01 2.059363260275243451e-03
2.460032596150000114e+06 1.457382666827073958e-01 2.059489419173333915e-03
2.460033099744000006e+06 1.457382666827073958e-01 2.059489419173333915e-03
2.460033592811000068e+06 1.446064284958080703e-01 2.059477425576691605e-03
2.460034085878000129e+06 1.479825136397042162e-01 2.059446642100371070e-03
2.460034589470999781e+06 1.465578887131977204e-01 2.059463153478778390e-03
2.460035082537999842e+06 1.495046842159351852e-01 2.059424791523499759e-03
2.460035575606000144e+06 1.479825136397042162e-01 2.059446642100371070e-03
2.460036079198999796e+06 1.448795872371267668e-01 2.059364567591882942e-03
2.460036572265999857e+06 1.470262227777221209e-01 2.059408893435315299e-03
2.460037065332999919e+06 1.465383172235433518e-01 2.059458064228566598e-03
2.460037568926999811e+06 1.486459907517722057e-01 2.059370391343133717e-03
2.460038061993999872e+06 1.485288436749880314e-01 2.059389014462656778e-03
2.460038555060999934e+06 1.480020053845558237e-01 2.059445275519745933e-03
2.460039058654999826e+06 1.496997930637008478e-01 2.059492719495920315e-03
2.460039551721999887e+06 1.463431503777507525e-01 2.059410918437378901e-03
2.460040044788999949e+06 1.476507305093458233e-01 2.059452980414937847e-03
2.460040548382000066e+06 1.480214996967931518e-01 2.059443872849276574e-03
2.460041041449999902e+06 1.476897651852640270e-01 2.059453332315669058e-03
2.460041534516999964e+06 1.492705042814077010e-01 2.059498563588583239e-03
2.460042038110000081e+06 1.448015464301824762e-01 2.059455575098004341e-03
2.460042531177000143e+06 1.466359307011482760e-01 2.059479362908356922e-03
2.460043024244000204e+06 1.475921298701685924e-01 2.059451234778685979e-03
2.460043527838000096e+06 1.448601064484097700e-01 2.059487924726414402e-03
2.460044020905000158e+06 1.472213514115767730e-01 2.059430159407038899e-03
2.460044513972000219e+06 1.468116095424126522e-01 2.059377594237126342e-03
2.460045017566000111e+06 1.478653446884683476e-01 2.059450290576925798e-03
2.460045510633000173e+06 1.493484776225146582e-01 2.059473928533510963e-03
2.460046003699999768e+06 1.461481088571950082e-01 2.059492955761951360e-03
2.460046507294000126e+06 1.459919132123334018e-01 2.059443291069230995e-03
2.460047000361000188e+06 1.454259802966509640e-01 2.059496462623199367e-03
2.460047493427999783e+06 1.468896513461221964e-01 2.059389990857657653e-03
2.460047997020999901e+06 1.454064260388698848e-01 2.059487387292082122e-03
2.460048490087999962e+06 1.466555152279468144e-01 2.059484275168509820e-03
2.460048983155999798e+06 1.491924342380265278e-01 2.059383303353513450e-03
2.460049486748999916e+06 1.459139451971243895e-01 2.059418564474274974e-03
2.460049979815999977e+06 1.468505576327868156e-01 2.059382915221949668e-03
2.460050472883000039e+06 1.511243340168909322e-01 2.059464938458087282e-03
2.460050976476999931e+06 1.477288101808462151e-01 2.059453540462353408e-03
2.460051469543999992e+06 1.448404948760303179e-01 2.059475911457039898e-03
2.460051962611000054e+06 1.506170024125957074e-01 2.059487385626534647e-03
2.460052466204999946e+06 1.522562748494302454e-01 2.059464944283456549e-03
2.460052959272000007e+06 1.472018269002683954e-01 2.059428193345722979e-03
2.460053452339000069e+06 1.517683456047560497e-01 2.059434903244280763e-03
2.460053955932000186e+06 1.478653446884683476e-01 2.059450290576925798e-03
2.460054449000000022e+06 1.512219381718010736e-01 2.059402245231713082e-03
2.460054942067000084e+06 1.484313372086689953e-01 2.059404166419502233e-03
2.460055445660000201e+06 1.485874056684606537e-01 2.059379866582877576e-03
2.460055938726999797e+06 1.469677346351280778e-01 2.059401818729022712e-03
2.460056431793999858e+06 1.484508880710092016e-01 2.059401967371668647e-03
2.460056935388000216e+06 1.476507305093458233e-01 2.059452980414937847e-03
2.460057428454999812e+06 1.477288101808462151e-01 2.059453540462353408e-03
2.460057921521999873e+06 1.482946898330152752e-01 2.059420440714065676e-03
2.460058425116000231e+06 1.488606805037080150e-01 2.059465523989155358e-03
2.460058918182999827e+06 1.458162751271191437e-01 2.059383073899934483e-03
