2458346.727899 19.981019 0.002990
2458347.220966 19.981913 0.002993
2458347.714033 19.984724 0.003000
2458348.217627 19.978342 0.002983
2458348.710694 19.979938 0.002987
2458349.203761 19.980419 0.002989
2458349.707355 19.976937 0.002979
2458350.200422 19.984388 0.002999
2458350.693489 19.976777 0.002979
2458351.197082 19.983723 0.002998
2458351.690150 19.980656 0.002989
2458352.183217 19.979694 0.002987
2458352.686810 19.970538 0.002961
2458353.179877 19.983185 0.002996
2458353.672944 19.977528 0.002981
2458354.176538 19.975359 0.002975
2458354.669605 19.978760 0.002984
2458355.162672 19.979924 0.002987
2458355.666266 19.978071 0.002982
2458356.159333 19.981591 0.002992
2458356.652400 19.981187 0.002991
2458357.155994 19.974998 0.002974
2458357.649061 19.980049 0.002988
2458358.142128 19.982290 0.002994
2458358.645721 19.979366 0.002986
2458359.138788 19.977855 0.002982
2458359.631856 19.982709 0.002995
2458360.135449 19.976735 0.002978
2458360.628516 19.980217 0.002988
2458361.121583 19.983500 0.002997
2458361.625177 19.977834 0.002981
2458362.118244 19.981571 0.002992
2458362.611311 19.979861 0.002987
2458363.114905 19.978516 0.002983
2458363.607972 19.983080 0.002996
2458364.101039 19.977284 0.002980
2458364.604632 19.975554 0.002975
2458365.097700 19.979283 0.002985
2458365.590767 19.978259 0.002983
2458366.094360 19.977264 0.002980
2458366.587427 19.983674 0.002998
2458367.080494 19.983674 0.002998
2458367.584088 19.976408 0.002978
2458368.077155 19.975290 0.002974
2458368.570222 19.978983 0.002985
2458369.073816 19.983066 0.002996
2458369.566883 19.983961 0.002998
2458370.059950 19.974672 0.002973
2458370.563544 19.982786 0.002995
2458371.056611 19.978447 0.002983
2458371.549678 19.982667 0.002995
2458372.053271 19.972343 0.002966
2458372.546338 19.976999 0.002979
2458373.039406 19.980677 0.002989
2458373.542999 19.978830 0.002984
2458374.036066 19.983059 0.002996
2458374.529133 19.981207 0.002991
2458375.032727 19.986491 0.003005
2458375.525794 19.978676 0.002984
2458376.018861 19.979025 0.002985
2458376.522455 19.975443 0.002975
2458377.015522 19.982591 0.002995
2458377.508589 19.978955 0.002985
2458378.012182 19.986301 0.003005
2458378.505250 19.978217 0.002982
2458378.998317 19.979596 0.002986
2458379.501910 19.981857 0.002993
2458379.994977 19.984521 0.003000
2458380.488044 19.984970 0.003001
2458380.991638 19.986203 0.003005
2458381.484705 19.980496 0.002989
2458381.977772 19.980238 0.002988
2458382.481366 19.979492 0.002986
2458382.974433 19.974603 0.002973
2458383.467500 19.973708 0.002970
2458383.971094 19.981263 0.002991
2458384.464161 19.983772 0.002998
2458384.957228 19.980293 0.002988
2458385.460821 19.975123 0.002974
2458385.953888 19.979638 0.002986
2458386.446956 19.986175 0.003004
2458386.950549 19.978718 0.002984
2458387.443616 19.977556 0.002981
2458387.936683 19.983744 0.002998
2458388.440277 19.982765 0.002995
2458388.933344 19.977966 0.002982
2458389.426411 19.983150 0.002996
2458389.930005 19.981459 0.002991
2458390.423072 19.979624 0.002986
2458390.916139 19.980196 0.002988
2458391.419732 19.977062 0.002979
2458391.912800 19.978140 0.002982
2458392.405867 19.979039 0.002985
2458392.909460 19.980084 0.002988
2458393.402527 19.982891 0.002995
2458393.895594 19.985937 0.003004
2458394.399188 19.980035 0.002988
2458394.892255 19.983150 0.002996
2458395.385322 19.983625 0.002997
2458395.888916 19.980335 0.002988
2458396.381983 19.979276 0.002985
2458396.875050 19.981221 0.002991
2458397.378644 19.981515 0.002992
2458397.871711 19.982031 0.002993
2458398.364778 19.977507 0.002981
2458398.868371 19.983793 0.002998
2458399.361438 19.973452 0.002969
2458399.854506 19.976193 0.002977
2458400.358099 19.981850 0.002993
2458400.851166 19.980426 0.002989
2458401.344233 19.979436 0.002986
2458401.847827 19.977841 0.002981
2458402.340894 19.980956 0.002990
2458402.833961 19.983444 0.002997
2458403.337555 19.975477 0.002975
2458403.830622 19.982563 0.002994
2458404.323689 19.980342 0.002988
2458404.827282 19.979199 0.002985
2458405.320350 19.979317 0.002986
2458405.813417 19.983003 0.002996
2458406.317010 19.980028 0.002987
2458406.810077 19.976269 0.002977
2458407.303144 19.977639 0.002981
2458407.806738 19.977820 0.002981
2458408.299805 19.981166 0.002991
2458408.792872 19.978725 0.002984
2458409.296466 19.980998 0.002990
2458409.789533 19.978906 0.002984
2458410.282600 19.979931 0.002987
2458410.786194 19.979987 0.002987
2458411.279261 19.982591 0.002995
2458411.772328 19.977876 0.002982
2458412.275921 19.977973 0.002982
2458412.768988 19.977918 0.002982
2458413.262056 19.982416 0.002994
2458413.765649 19.980335 0.002988
2458414.258716 19.979087 0.002985
2458414.751783 19.984486 0.003000
2458415.255377 19.982912 0.002995
2458415.748444 19.980335 0.002988
2458416.241511 19.979924 0.002987
2458416.745105 19.976721 0.002978
2458417.238172 19.981857 0.002993
2458417.731239 19.977041 0.002979
2458418.234832 19.973604 0.002970
2458526.481367 19.980007 0.002988
2458526.984960 19.977264 0.002980
2458527.478027 19.982094 0.002993
2458527.971094 19.984591 0.003000
2458528.474688 19.977431 0.002980
2458528.967755 19.982563 0.002995
2458529.460822 19.980928 0.002990
2458529.964416 19.981948 0.002993
2458530.457483 19.978196 0.002983
2458530.950550 19.974423 0.002972
2458531.454144 19.977709 0.002981
2458531.947211 19.983059 0.002996
2458532.440278 19.981927 0.002993
2458532.943871 19.982108 0.002993
2458533.436938 19.975373 0.002975
2458533.930006 19.980726 0.002990
2458534.433599 19.976117 0.002977
2458534.926666 19.978642 0.002984
2458535.419733 19.981019 0.002990
2458535.923327 19.979136 0.002985
2458536.416394 19.980119 0.002988
2458536.909461 19.977765 0.002981
2458537.413055 19.974138 0.002971
2458537.906122 19.978071 0.002982
2458538.399189 19.979080 0.002985
2458538.902782 19.980384 0.002989
2458539.395850 19.980440 0.002989
2458539.888917 19.981103 0.002991
2458540.392510 19.983262 0.002997
2458540.885577 19.980852 0.002990
2458541.378644 19.980991 0.002990
2458541.882238 19.981012 0.002990
2458542.375305 19.980398 0.002989
2458542.868372 19.978335 0.002983
2458543.371966 19.979241 0.002985
2458543.865033 19.982905 0.002996
2458544.358100 19.983143 0.002996
2458544.861694 19.980384 0.002989
2458545.354761 19.980754 0.002990
2458545.847828 19.981166 0.002991
2458546.351421 19.979087 0.002985
2458546.844488 19.981515 0.002992
2458547.337556 19.975616 0.002976
2458547.841149 19.982856 0.002995
2458548.334216 19.978948 0.002985
2458548.827283 19.979464 0.002986
2458549.330877 19.980489 0.002989
2458549.823944 19.979032 0.002985
2458550.317011 19.983660 0.002998
2458550.820605 19.984549 0.003000
2458551.313672 19.976999 0.002979
2458551.806739 19.974631 0.002973
2458552.310332 19.981515 0.002992
2458552.803400 19.979847 0.002987
2458553.296467 19.979652 0.002987
2458553.800060 19.981633 0.002992
2458554.293127 19.976374 0.002978
2458554.786194 19.981934 0.002993
2458555.289788 19.978217 0.002983
2458555.782855 19.976137 0.002977
2458556.275922 19.981298 0.002991
2458556.779516 19.978878 0.002985
2458557.272583 19.978558 0.002984
2458557.765650 19.977778 0.002981
2458558.269244 19.977716 0.002981
2458558.762311 19.978941 0.002985
2458559.255378 19.977681 0.002981
2458559.758971 19.982018 0.002993
2458560.252038 19.982122 0.002993
2458560.745106 19.976290 0.002977
2458561.248699 19.985201 0.003002
2458561.741766 19.976304 0.002977
2458562.234833 19.975700 0.002976
2458562.738427 19.980614 0.002989
2458563.231494 19.978739 0.002984
2458563.724561 19.973105 0.002969
2458564.228155 19.981731 0.002992
2458564.721222 19.978927 0.002985
2458565.214289 19.983367 0.002997
2458565.717882 19.977577 0.002981
2458566.210950 19.981794 0.002993
2458566.704017 19.979352 0.002986
2458567.207610 19.978196 0.002983
2458567.700677 19.982353 0.002994
2458568.193744 19.981969 0.002993
2458568.697338 19.981347 0.002991
2458569.190405 19.983919 0.002998
2458569.683472 19.974436 0.002972
2458570.187066 19.977563 0.002981
2458570.680133 19.983695 0.002998
2458571.173200 19.978321 0.002983
2458571.676794 19.980635 0.002989
2458572.169861 19.985145 0.003002
2458572.662928 19.978175 0.002983
2458573.166521 19.981012 0.002990
2458573.659588 19.971036 0.002963
2458574.152656 19.978739 0.002984
2458574.656249 19.978391 0.002983
2458575.149316 19.978767 0.002984
2458575.642383 19.983961 0.002999
2458576.145977 19.980531 0.002989
2458576.639044 19.980063 0.002988
2458577.132111 19.974159 0.002972
2458577.635705 19.981766 0.002993
2458578.128772 19.980231 0.002988
2458578.621839 19.983234 0.002997
2458579.125432 19.984241 0.002999
2458579.618500 19.978516 0.002984
2458580.111567 19.977834 0.002982
2458580.615160 19.977194 0.002980
2458581.108227 19.981117 0.002991
2458581.601294 19.981124 0.002991
2458582.104888 19.986119 0.003005
2458582.597955 19.977730 0.002982
2458583.091022 19.979262 0.002986
2458583.594616 19.979352 0.002986
2458584.087683 19.974839 0.002974
2458584.580750 19.975026 0.002974
2458585.084344 19.979108 0.002985
2458585.577411 19.978008 0.002982
2458586.070478 19.981026 0.002991
2458586.574071 19.980426 0.002989
2458587.067138 19.977535 0.002981
2458587.560206 19.982143 0.002994
2458588.063799 19.977486 0.002981
2458588.556866 19.979296 0.002986
2458589.049933 19.979485 0.002986
2458589.553527 19.979080 0.002985
2458590.046594 19.980182 0.002988
2458590.539661 19.981780 0.002993
2458591.043255 19.978419 0.002984
2458591.536322 19.984570 0.003000
2458592.029389 19.980398 0.002989
2458592.532982 19.975887 0.002977
2458593.026050 19.979812 0.002987
2458593.519117 19.973424 0.002970
2458594.022710 19.974818 0.002974
2458594.515777 19.974589 0.002973
2458595.008844 19.980335 0.002989
2458595.512438 19.983507 0.002998
2458596.005505 19.982989 0.002996
2458596.498572 19.977208 0.002980
2458597.002166 19.973854 0.002971
2458597.495233 19.974582 0.002973
2458597.988300 19.973909 0.002971
2458712.204272 19.940642 0.002936
2458712.697339 19.943140 0.002944
2458713.200932 19.938016 0.002931
2458713.694000 19.941227 0.002941
2458714.187067 19.936554 0.002930
2458714.690660 19.945306 0.002955
2458715.183727 19.938264 0.002937
2458715.676794 19.940810 0.002945
2458716.180388 19.935202 0.002931
2458716.673455 19.931735 0.002923
2458717.166522 19.939674 0.002945
2458717.670116 19.934841 0.002933
2458718.163183 19.933898 0.002932
2458718.656250 19.930668 0.002924
2458719.159844 19.937479 0.002944
2458719.652911 19.932249 0.002931
2458720.145978 19.929037 0.002923
2458720.649571 19.928704 0.002923
2458721.142638 19.929862 0.002928
2458721.635706 19.927920 0.002923
2458722.139299 19.923754 0.002913
2458722.632366 19.930335 0.002932
2458723.125433 19.929676 0.002931
2458723.629027 19.925245 0.002919
2458724.122094 19.927946 0.002927
2458724.615161 19.923324 0.002916
2458725.118755 19.923820 0.002918
2458725.611822 19.924986 0.002921
2458726.104889 19.922735 0.002916
2458726.608482 19.926731 0.002927
2458727.101550 19.925948 0.002925
2458727.594617 19.925656 0.002924
2458728.098210 19.923721 0.002919
2458728.591277 19.928332 0.002932
2458729.084344 19.921122 0.002912
2458729.587938 19.923681 0.002919
2458730.081005 19.927030 0.002928
2458730.574072 19.923992 0.002920
2458731.077666 19.923330 0.002918
2458731.570733 19.919815 0.002908
2458732.063800 19.923853 0.002918
2458732.567394 19.922093 0.002913
2458733.060461 19.923535 0.002917
2458733.553528 19.928000 0.002928
2458734.057121 19.925881 0.002922
2458734.550188 19.927475 0.002925
2458735.043256 19.926266 0.002921
2458735.546849 19.926890 0.002922
2458736.039916 19.924853 0.002916
2458736.532983 19.927481 0.002922
2458737.036577 19.926565 0.002918
2458737.529644 19.933724 0.002937
2458738.022711 19.931108 0.002928
2458738.526305 19.934506 0.002937
2458739.019372 19.940440 0.002952
2458739.512439 19.931795 0.002927
2458740.016032 19.935503 0.002936
2458740.509100 19.938063 0.002942
2458741.002167 19.934018 0.002929
2458741.505760 19.937701 0.002938
2458741.998827 19.935644 0.002931
2458742.491894 19.937714 0.002936
2458742.995488 19.942129 0.002946
2458743.488555 19.938882 0.002936
2458743.981622 19.944907 0.002952
2458744.485216 19.944023 0.002948
2458744.978283 19.942426 0.002942
2458745.471350 19.942655 0.002942
2458745.974944 19.940508 0.002935
2458746.468011 19.944543 0.002945
2458746.961078 19.950376 0.002959
2458747.464671 19.948559 0.002953
2458747.957738 19.941954 0.002934
2458748.450806 19.949833 0.002955
2458748.954399 19.946664 0.002946
2458749.447466 19.944192 0.002939
2458749.940533 19.951972 0.002960
2458750.444127 19.943140 0.002937
2458750.937194 19.944266 0.002941
2458751.430261 19.940185 0.002931
2458751.933855 19.947740 0.002950
2458752.426922 19.945029 0.002939
2458752.919989 19.954462 0.002960
2458753.423582 19.959356 0.002969
2458753.916650 19.956227 0.002957
2458754.409717 19.963730 0.002976
2458754.913310 19.957797 0.002959
2458755.406377 19.958870 0.002962
2458755.899444 19.958836 0.002961
2458756.403038 19.958911 0.002961
2458756.896105 19.959096 0.002961
2458757.389172 19.967135 0.002982
2458757.892766 19.962336 0.002969
2458758.385833 19.964692 0.002974
2458758.878900 19.963132 0.002970
2458759.382494 19.960883 0.002963
2458759.875561 19.962665 0.002967
2458760.368628 19.963544 0.002969
2458760.872221 19.967907 0.002980
2458761.365288 19.963084 0.002966
2458761.858356 19.960458 0.002958
2458762.361949 19.963922 0.002967
2458762.855016 19.968776 0.002980
2458763.348083 19.969122 0.002980
2458763.851677 19.968100 0.002977
2458764.344744 19.966536 0.002972
2458764.837811 19.964513 0.002966
2458765.341405 19.964774 0.002966
2458765.834472 19.968431 0.002976
2458766.327539 19.969294 0.002978
2458766.831132 19.967225 0.002971
2458767.324200 19.966729 0.002970
2458767.817267 19.966068 0.002967
2458768.320860 19.968342 0.002973
2458768.813927 19.969709 0.002976
2458769.306994 19.970531 0.002978
2458769.810588 19.970323 0.002977
2458770.303655 19.961732 0.002953
2458770.796722 19.973334 0.002985
2458771.300316 19.972482 0.002982
2458771.793383 19.968887 0.002972
2458772.286450 19.971457 0.002978
2458772.790044 19.968397 0.002970
2458773.283111 19.972981 0.002982
2458773.776178 19.968887 0.002970
2458774.279771 19.974499 0.002985
2458774.772838 19.971423 0.002977
2458775.265906 19.974006 0.002983
2458775.769499 19.967073 0.002964
2458776.262566 19.966867 0.002963
2458776.755633 19.969280 0.002969
2458777.259227 19.969888 0.002971
2458777.752294 19.973181 0.002980
2458778.245361 19.971222 0.002974
2458778.748955 19.975040 0.002984
2458779.242022 19.978287 0.002993
2458779.735089 19.967418 0.002963
2458780.238682 19.976005 0.002986
2458780.731750 19.971969 0.002975
2458781.224817 19.973161 0.002978
2458781.728410 19.973188 0.002978
2458782.221477 19.969736 0.002968
2458782.714544 19.978565 0.002992
2458783.218138 19.974776 0.002981
2458783.711205 19.976485 0.002986
2459622.427944 19.978189 0.002982
2459622.921011 19.977604 0.002981
2459623.424605 19.979408 0.002986
2459623.917672 19.979966 0.002987
2459624.410739 19.976471 0.002978
2459624.914332 19.980656 0.002989
2459625.407400 19.982101 0.002993
2459625.900467 19.976985 0.002979
2459626.404060 19.974651 0.002973
2459626.897127 19.978335 0.002983
2459627.390194 19.984956 0.003001
2459627.893788 19.976068 0.002977
2459628.386855 19.978001 0.002982
2459628.879922 19.976666 0.002978
2459629.383516 19.976965 0.002979
2459629.876583 19.977709 0.002981
2459630.369650 19.980259 0.002988
2459630.873244 19.976110 0.002977
2459631.366311 19.982381 0.002994
2459631.859378 19.978238 0.002983
2459632.362971 19.975860 0.002976
2459632.856038 19.978022 0.002982
2459633.349106 19.981298 0.002991
2459633.852699 19.980328 0.002988
2459634.345766 19.974034 0.002971
2459634.838833 19.982108 0.002993
2459635.342427 19.976742 0.002978
2459635.835494 19.972073 0.002966
2459636.328561 19.978593 0.002984
2459636.832155 19.976311 0.002977
2459637.325222 19.977938 0.002982
2459637.818289 19.982695 0.002995
2459638.321882 19.982926 0.002995
2459638.814950 19.983807 0.002998
2459639.308017 19.982667 0.002995
2459639.811610 19.983185 0.002996
2459640.304677 19.979073 0.002985
2459640.797744 19.984339 0.002999
2459641.301338 19.980426 0.002989
2459641.794405 19.978419 0.002983
2459642.287472 19.980879 0.002990
2459642.791066 19.977215 0.002980
2459643.284133 19.979485 0.002986
2459643.777200 19.976770 0.002979
2459644.280794 19.980803 0.002990
2459644.773861 19.980349 0.002988
2459645.266928 19.979150 0.002985
2459645.770521 19.981564 0.002992
2459646.263588 19.980300 0.002988
2459646.756656 19.986056 0.003004
2459647.260249 19.976172 0.002977
2459647.753316 19.982262 0.002994
2459648.246383 19.976506 0.002978
2459648.749977 19.981997 0.002993
2459649.243044 19.980649 0.002989
2459649.736111 19.982821 0.002995
2459650.239705 19.983989 0.002998
2459650.732772 19.977702 0.002981
2459651.225839 19.979519 0.002986
2459651.729432 19.982737 0.002995
2459652.222500 19.977437 0.002980
2459652.715567 19.978990 0.002985
2459653.219160 19.982129 0.002993
2459653.712227 19.977131 0.002980
2459654.205294 19.979380 0.002986
2459654.708888 19.982311 0.002994
2459655.201955 19.974756 0.002973
2459655.695022 19.980963 0.002990
2459656.198616 19.977389 0.002980
2459656.691683 19.979506 0.002986
2459657.184750 19.976478 0.002978
2459657.688344 19.979429 0.002986
2459658.181411 19.977931 0.002982
2459658.674478 19.976527 0.002978
2459659.178071 19.977055 0.002979
2459659.671138 19.981047 0.002990
2459660.164206 19.986371 0.003005
2459660.667799 19.976679 0.002978
2459661.160866 19.980517 0.002989
2459661.653933 19.977841 0.002981
2459662.157527 19.980761 0.002989
2459662.650594 19.979575 0.002986
2459663.143661 19.979875 0.002987
2459663.647255 19.977625 0.002981
2459664.140322 19.978913 0.002984
2459664.633389 19.982059 0.002993
2459665.136982 19.984851 0.003001
2459665.630050 19.982129 0.002993
2459666.123117 19.979673 0.002986
2459666.626710 19.981263 0.002991
2459667.119777 19.989736 0.003014
2459667.612844 19.980217 0.002988
2459668.116438 19.975061 0.002974
2459668.609505 19.980042 0.002988
2459669.102572 19.980259 0.002988
2459669.606166 19.984136 0.002999
2459670.099233 19.986820 0.003006
2459670.592300 19.976582 0.002978
2459671.095894 19.980747 0.002989
2459671.588961 19.978906 0.002984
2459672.082028 19.976283 0.002977
2459672.585621 19.979227 0.002985
2459673.078688 19.981773 0.002992
2459673.571756 19.982150 0.002993
2459674.075349 19.976485 0.002978
2459674.568416 19.975964 0.002976
2459675.061483 19.977131 0.002980
2459675.565077 19.981221 0.002991
2459676.058144 19.978704 0.002984
2459676.551211 19.979192 0.002985
2459677.054805 19.978126 0.002982
2459677.547872 19.983479 0.002997
2459678.040939 19.977243 0.002980
2459678.544532 19.983108 0.002996
2459679.037600 19.986694 0.003006
2459679.530667 19.975401 0.002975
2459680.034260 19.978196 0.002982
2459680.527327 19.975915 0.002976
2459681.020394 19.971361 0.002964
2459681.523988 19.979673 0.002986
2459682.017055 19.979331 0.002986
2459682.510122 19.972260 0.002966
2459683.013716 19.985222 0.003002
2459683.506783 19.974416 0.002972
2459683.999850 19.981396 0.002991
2459684.503444 19.977834 0.002981
2459684.996511 19.987333 0.003008
2459685.489578 19.978969 0.002985
2459685.993171 19.974693 0.002973
2459686.486238 19.978363 0.002983
2459686.979306 19.981969 0.002993
2459687.482899 19.975866 0.002976
2459687.975966 19.978718 0.002984
2459688.469033 19.976825 0.002979
2459688.972627 19.979415 0.002986
2459689.465694 19.980900 0.002990
2459689.958761 19.982919 0.002995
2459690.462355 19.984640 0.003000
2459690.955422 19.981459 0.002991
2459691.448489 19.981410 0.002991
2459691.952082 19.981396 0.002991
2459692.445150 19.975832 0.002976
2459692.938217 19.978231 0.002983
2459693.441810 19.982765 0.002995
2459693.934877 19.980454 0.002989
2459807.647256 19.979987 0.002987
2459808.150849 19.976485 0.002978
2459808.643916 19.980356 0.002988
2459809.136983 19.979966 0.002987
2459809.640577 19.979749 0.002987
2459810.133644 19.977166 0.002980
2459810.626711 19.981375 0.002991
2459811.130305 19.984451 0.003000
2459811.623372 19.981487 0.002991
2459812.116439 19.982577 0.002994
2459812.620032 19.984900 0.003001
2459813.113100 19.977069 0.002979
2459813.606167 19.978029 0.002982
2459814.109760 19.981522 0.002992
2459814.602827 19.973597 0.002970
2459815.095894 19.974936 0.002973
2459815.599488 19.978760 0.002984
2459816.092555 19.976520 0.002978
2459816.585622 19.978405 0.002983
2459817.089216 19.977347 0.002980
2459817.582283 19.983514 0.002997
2459818.075350 19.982178 0.002993
2459818.578944 19.978865 0.002984
2459819.072011 19.980189 0.002988
2459819.565078 19.981878 0.002993
2459820.068671 19.981773 0.002992
2459820.561738 19.982157 0.002993
2459821.054806 19.978370 0.002983
2459821.558399 19.983269 0.002996
2459822.051466 19.978718 0.002984
2459822.544533 19.981277 0.002991
2459823.048127 19.979791 0.002987
2459823.541194 19.977229 0.002980
2459824.034261 19.979087 0.002985
2459824.537855 19.979227 0.002985
2459825.030922 19.975804 0.002976
2459825.523989 19.980761 0.002989
2459826.027582 19.977034 0.002979
2459826.520650 19.985768 0.003003
2459827.013717 19.975297 0.002974
2459827.517310 19.978649 0.002984
2459828.010377 19.980482 0.002989
2459828.503444 19.976638 0.002978
2459829.007038 19.979262 0.002985
2459829.500105 19.980872 0.002990
2459829.993172 19.981005 0.002990
2459830.496766 19.978454 0.002983
2459830.989833 19.979492 0.002986
2459831.482900 19.981312 0.002991
2459831.986494 19.980747 0.002989
2459832.479561 19.976714 0.002978
2459832.972628 19.981138 0.002991
2459833.476221 19.982793 0.002995
2459833.969288 19.980307 0.002988
2459834.462356 19.975290 0.002974
2459834.965949 19.981089 0.002990
2459835.459016 19.979568 0.002986
2459835.952083 19.983262 0.002996
2459836.455677 19.977458 0.002980
2459836.948744 19.983779 0.002998
2459837.441811 19.980698 0.002989
2459837.945405 19.974395 0.002972
2459838.438472 19.979666 0.002986
2459838.931539 19.984801 0.003001
2459839.435132 19.980531 0.002989
2459839.928200 19.976193 0.002977
2459840.421267 19.975714 0.002976
2459840.924860 19.972413 0.002967
2459841.417927 19.977389 0.002980
2459841.910994 19.984388 0.002999
2459842.414588 19.976249 0.002977
2459842.907655 19.977215 0.002980
2459843.400722 19.977124 0.002979
2459843.904316 19.981319 0.002991
2459844.397383 19.981759 0.002992
2459844.890450 19.979533 0.002986
2459845.394044 19.984977 0.003001
2459845.887111 19.981124 0.002990
2459846.380178 19.986870 0.003006
2459846.883771 19.978656 0.002984
2459847.376838 19.980293 0.002988
2459847.869906 19.980970 0.002990
2459848.373499 19.979680 0.002987
2459848.866566 19.976881 0.002979
2459849.359633 19.979980 0.002987
2459849.863227 19.978523 0.002983
2459850.356294 19.975901 0.002976
2459850.849361 19.977507 0.002981
2459851.352955 19.982528 0.002994
2459851.846022 19.976707 0.002978
2459852.339089 19.979749 0.002987
2459852.842682 19.979101 0.002985
2459853.335750 19.977744 0.002981
2459853.828817 19.983276 0.002996
2459854.332410 19.978941 0.002984
2459854.825477 19.979310 0.002985
2459855.318544 19.980824 0.002990
2459855.822138 19.979840 0.002987
2459856.315205 19.983458 0.002997
2459856.808272 19.983227 0.002996
2459857.311866 19.979004 0.002985
2459857.804933 19.976693 0.002978
2459858.298000 19.979547 0.002986
2459858.801594 19.981501 0.002992
2459859.294661 19.982877 0.002995
2459859.787728 19.979373 0.002986
2459860.291321 19.980698 0.002989
2459860.784388 19.974145 0.002971
2459861.277456 19.974499 0.002972
2459861.781049 19.980998 0.002990
2459862.274116 19.978161 0.002982
2459862.767183 19.976659 0.002978
2459863.270777 19.980161 0.002988
2459863.763844 19.973674 0.002970
2459864.256911 19.987270 0.003007
2459864.760505 19.984500 0.003000
2459865.253572 19.981061 0.002990
2459865.746639 19.976749 0.002978
2459866.250232 19.982087 0.002993
2459866.743300 19.979513 0.002986
2459867.236367 19.979478 0.002986
2459867.739960 19.979032 0.002985
2459868.233027 19.981459 0.002991
2459868.726094 19.975408 0.002975
2459869.229688 19.975019 0.002974
2459869.722755 19.982514 0.002994
2459870.215822 19.982744 0.002995
2459870.719416 19.974617 0.002973
2459871.212483 19.977284 0.002980
2459871.705550 19.975957 0.002976
2459872.209144 19.981822 0.002992
2459872.702211 19.979032 0.002985
2459873.195278 19.982402 0.002994
2459873.698871 19.980705 0.002989
2459874.191938 19.978252 0.002983
2459874.685006 19.984318 0.002999
2459875.188599 19.978175 0.002982
2459875.681666 19.984339 0.002999
2459876.174733 19.974714 0.002973
2459876.678327 19.980000 0.002987
2459877.171394 19.982248 0.002994
2459877.664461 19.979366 0.002986
2459878.168055 19.977528 0.002981
2459878.661122 19.982402 0.002994
2459879.154189 19.978391 0.002983
2459987.411250 19.985614 0.003003
2459987.904317 19.975373 0.002975
2459988.407910 19.981822 0.002992
2459988.900977 19.977458 0.002980
2459989.394044 19.980154 0.002988
2459989.897638 19.978349 0.002983
2459990.390705 19.985418 0.003002
2459990.883772 19.977632 0.002981
2459991.387366 19.977410 0.002980
2459991.880433 19.979234 0.002985
2459992.373500 19.982577 0.002994
2459992.877094 19.979310 0.002985
2459993.370161 19.978920 0.002984
2459993.863228 19.978851 0.002984
2459994.366821 19.981515 0.002992
2459994.859888 19.976902 0.002979
2459995.352956 19.981180 0.002991
2459995.856549 19.983807 0.002998
2459996.349616 19.978022 0.002982
2459996.842683 19.976290 0.002977
2459997.346277 19.977542 0.002981
2459997.839344 19.982772 0.002995
2459998.332411 19.983374 0.002997
2459998.836005 19.976568 0.002978
2459999.329072 19.976839 0.002979
2459999.822139 19.985453 0.003002
2460000.325732 19.977375 0.002980
2460000.818800 19.980175 0.002988
2460001.311867 19.975575 0.002975
2460001.815460 19.979736 0.002987
2460002.308527 19.980496 0.002989
2460002.801594 19.975054 0.002974
2460003.305188 19.982297 0.002994
2460003.798255 19.983584 0.002997
2460004.291322 19.980245 0.002988
2460004.794916 19.982563 0.002994
2460005.287983 19.974742 0.002973
2460005.781050 19.978781 0.002984
2460006.284644 19.981361 0.002991
2460006.777711 19.979896 0.002987
2460007.270778 19.977319 0.002980
2460007.774371 19.980070 0.002988
2460008.267438 19.981082 0.002990
2460008.760506 19.980098 0.002988
2460009.264099 19.984374 0.002999
2460009.757166 19.981843 0.002992
2460010.250233 19.978990 0.002985
2460010.753827 19.982423 0.002994
2460011.246894 19.978537 0.002983
2460011.739961 19.975915 0.002976
2460012.243555 19.975658 0.002975
2460012.736622 19.974540 0.002972
2460013.229689 19.976339 0.002977
2460013.733282 19.983744 0.002998
2460014.226350 19.975005 0.002974
2460014.719417 19.982073 0.002993
2460015.223010 19.978683 0.002984
2460015.716077 19.975068 0.002974
2460016.209144 19.982018 0.002993
2460016.712738 19.978663 0.002984
2460017.205805 19.982115 0.002993
2460017.698872 19.978092 0.002982
2460018.202466 19.980182 0.002988
2460018.695533 19.983737 0.002998
2460019.188600 19.979289 0.002985
2460019.692194 19.984647 0.003000
2460020.185261 19.982136 0.002993
2460020.678328 19.976791 0.002979
2460021.181921 19.982213 0.002993
2460021.674988 19.979025 0.002985
2460022.168056 19.979087 0.002985
2460022.671649 19.982388 0.002994
2460023.164716 19.976805 0.002979
2460023.657783 19.979178 0.002985
2460024.161377 19.980663 0.002989
2460024.654444 19.974596 0.002973
2460025.147511 19.975693 0.002976
2460025.651105 19.979032 0.002985
2460026.144172 19.980461 0.002989
2460026.637239 19.975012 0.002974
2460027.140832 19.980377 0.002988
2460027.633900 19.977813 0.002981
2460028.126967 19.976471 0.002978
2460028.630560 19.975464 0.002975
2460029.123627 19.983108 0.002996
2460029.616694 19.981983 0.002993
2460030.120288 19.977097 0.002979
2460030.613355 19.980014 0.002987
2460031.106422 19.982884 0.002995
2460031.610016 19.981906 0.002993
2460032.103083 19.975700 0.002976
2460032.596150 19.974818 0.002973
2460033.099744 19.985299 0.003002
2460033.592811 19.979673 0.002986
2460034.085878 19.978823 0.002984
2460034.589471 19.979046 0.002985
2460035.082538 19.976853 0.002979
2460035.575606 19.977848 0.002981
2460036.079199 19.981745 0.002992
2460036.572266 19.976881 0.002979
2460037.065333 19.977458 0.002980
2460037.568927 19.976367 0.002977
2460038.061994 19.980621 0.002989
2460038.555061 19.979666 0.002986
2460039.058655 19.977570 0.002981
2460039.551722 19.981033 0.002990
2460040.044789 19.981976 0.002993
2460040.548382 19.979945 0.002987
2460041.041450 19.980551 0.002989
2460041.534517 19.980838 0.002990
2460042.038110 19.980140 0.002988
2460042.531177 19.979059 0.002985
2460043.024244 19.985544 0.003003
2460043.527838 19.983451 0.002997
2460044.020905 19.981668 0.002992
2460044.513972 19.978203 0.002982
2460045.017566 19.980963 0.002990
2460045.510633 19.976958 0.002979
2460046.003700 19.980698 0.002989
2460046.507294 19.980482 0.002989
2460047.000361 19.985068 0.003001
2460047.493428 19.979805 0.002987
2460047.997021 19.976096 0.002977
2460048.490088 19.981026 0.002990
2460048.983156 19.977632 0.002981
2460049.486749 19.983828 0.002998
2460049.979816 19.986505 0.003005
2460050.472883 19.984283 0.002999
2460050.976477 19.976909 0.002979
2460051.469544 19.979791 0.002987
2460051.962611 19.984879 0.003001
2460052.466205 19.980531 0.002989
2460052.959272 19.980545 0.002989
2460053.452339 19.984675 0.003000
2460053.955932 19.982793 0.002995
2460054.449000 19.983178 0.002996
2460054.942067 19.974006 0.002971
2460055.445660 19.978419 0.002983
2460055.938727 19.976721 0.002978
2460056.431794 19.979994 0.002987
2460056.935388 19.980419 0.002989
2460057.428455 19.984500 0.003000
2460057.921522 19.979980 0.002987
2460058.425116 19.978858 0.002984
2460058.918183 19.983584 0.002997
