2458346.727899 22.445688 0.008238
2458347.220966 22.443379 0.008221
2458347.714033 22.454923 0.008308
2458348.217627 22.455665 0.008314
2458348.710694 22.455983 0.008317
2458349.203761 22.438043 0.008180
2458349.707355 22.452065 0.008287
2458350.200422 22.438096 0.008181
2458350.693489 22.454870 0.008308
2458351.197082 22.442854 0.008217
2458351.690150 22.446109 0.008241
2458352.183217 22.449794 0.008269
2458352.686810 22.445898 0.008240
2458353.179877 22.447634 0.008253
2458353.672944 22.444165 0.008227
2458354.176538 22.459011 0.008340
2458354.669605 22.442488 0.008214
2458355.162672 22.462367 0.008366
2458355.666266 22.433462 0.008146
2458356.159333 22.432215 0.008137
2458356.652400 22.445005 0.008233
2458357.155994 22.451008 0.008279
2458357.649061 22.446371 0.008243
2458358.142128 22.428382 0.008108
2458358.645721 22.454870 0.008308
2458359.138788 22.444113 0.008226
2458359.631856 22.450216 0.008273
2458360.135449 22.440342 0.008198
2458360.628516 22.437678 0.008178
2458361.121583 22.440185 0.008196
2458361.625177 22.454764 0.008307
2458362.118244 22.450427 0.008274
2458362.611311 22.464397 0.008381
2458363.114905 22.430712 0.008125
2458363.607972 22.447266 0.008250
2458364.101039 22.463969 0.008378
2458364.604632 22.470831 0.008431
2458365.097700 22.452065 0.008287
2458365.590767 22.454870 0.008308
2458366.094360 22.438304 0.008182
2458366.587427 22.436584 0.008169
2458367.080494 22.443903 0.008225
2458367.584088 22.460661 0.008353
2458368.077155 22.453863 0.008300
2458368.570222 22.444743 0.008231
2458369.073816 22.444533 0.008229
2458369.566883 22.456885 0.008324
2458370.059950 22.447003 0.008248
2458370.563544 22.443903 0.008225
2458371.056611 22.456673 0.008322
2458371.549678 22.452752 0.008292
2458372.053271 22.455400 0.008312
2458372.546338 22.437001 0.008172
2458373.039406 22.452699 0.008291
2458373.542999 22.466216 0.008395
2458374.036066 22.444638 0.008230
2458374.529133 22.457416 0.008328
2458375.032727 22.442488 0.008214
2458375.525794 22.437626 0.008177
2458376.018861 22.449953 0.008271
2458376.522455 22.433618 0.008147
2458377.015522 22.459117 0.008341
2458377.508589 22.446319 0.008243
2458378.012182 22.439610 0.008192
2458378.505250 22.439558 0.008192
2458378.998317 22.443221 0.008219
2458379.501910 22.443798 0.008224
2458379.994977 22.445583 0.008237
2458380.488044 22.432164 0.008136
2458380.991638 22.465199 0.008387
2458381.484705 22.448582 0.008260
2458381.977772 22.455294 0.008311
2458382.481366 22.439558 0.008192
2458382.974433 22.444690 0.008231
2458383.467500 22.442645 0.008215
2458383.971094 22.433566 0.008147
2458384.464161 22.449847 0.008270
2458384.957228 22.451378 0.008281
2458385.460821 22.447371 0.008251
2458385.953888 22.444113 0.008226
2458386.446956 22.444480 0.008229
2458386.950549 22.454234 0.008303
2458387.443616 22.442697 0.008215
2458387.936683 22.426470 0.008094
2458388.440277 22.457098 0.008325
2458388.933344 22.444375 0.008228
2458389.426411 22.454552 0.008306
2458389.930005 22.454181 0.008303
2458390.423072 22.463221 0.008372
2458390.916139 22.455665 0.008314
2458391.419732 22.461887 0.008362
2458391.912800 22.447108 0.008249
2458392.405867 22.447845 0.008254
2458392.909460 22.451008 0.008279
2458393.402527 22.440499 0.008199
2458393.895594 22.452170 0.008287
2458394.399188 22.450797 0.008277
2458394.892255 22.458426 0.008335
2458395.385322 22.438670 0.008185
2458395.888916 22.446950 0.008248
2458396.381983 22.457788 0.008330
2458396.875050 22.433306 0.008145
2458397.378644 22.454393 0.008304
2458397.871711 22.439923 0.008194
2458398.364778 22.462848 0.008369
2458398.868371 22.443536 0.008222
2458399.361438 22.450375 0.008274
2458399.854506 22.451959 0.008286
2458400.358099 22.432890 0.008142
2458400.851166 22.437783 0.008178
2458401.344233 22.445268 0.008235
2458401.847827 22.455241 0.008311
2458402.340894 22.443693 0.008223
2458402.833961 22.455082 0.008310
2458403.337555 22.442750 0.008216
2458403.830622 22.432734 0.008140
2458404.323689 22.449794 0.008269
2458404.827282 22.462527 0.008367
2458405.320350 22.467609 0.008406
2458405.813417 22.449847 0.008270
2458406.317010 22.443431 0.008221
2458406.810077 22.431282 0.008130
2458407.303144 22.438461 0.008183
2458407.806738 22.452488 0.008290
2458408.299805 22.434605 0.008154
2458408.792872 22.449531 0.008267
2458409.296466 22.455665 0.008314
2458409.789533 22.450322 0.008273
2458410.282600 22.459330 0.008342
2458410.786194 22.457363 0.008327
2458411.279261 22.441022 0.008203
2458411.772328 22.443536 0.008222
2458412.275921 22.461567 0.008359
2458412.768988 22.453440 0.008297
2458413.262056 22.452170 0.008287
2458413.765649 22.444953 0.008233
2458414.258716 22.449531 0.008267
2458414.751783 22.454446 0.008305
2458415.255377 22.435958 0.008165
2458415.748444 22.461994 0.008363
2458416.241511 22.438043 0.008180
2458416.745105 22.435698 0.008163
2458417.238172 22.453387 0.008297
2458417.731239 22.445425 0.008236
2458418.234832 22.456620 0.008321
2458526.481367 22.449742 0.008269
2458526.984960 22.461887 0.008362
2458527.478027 22.442907 0.008217
2458527.971094 22.452435 0.008289
2458528.474688 22.434033 0.008150
2458528.967755 22.453652 0.008299
2458529.460822 22.445425 0.008236
2458529.964416 22.452699 0.008291
2458530.457483 22.462314 0.008365
2458530.950550 22.455294 0.008311
2458531.454144 22.450903 0.008278
2458531.947211 22.435230 0.008159
2458532.440278 22.449056 0.008264
2458532.943871 22.448951 0.008263
2458533.436938 22.451219 0.008280
2458533.930006 22.445215 0.008235
2458534.433599 22.444848 0.008232
2458534.926666 22.449689 0.008269
2458535.419733 22.461514 0.008359
2458535.923327 22.446214 0.008242
2458536.416394 22.452488 0.008290
2458536.909461 22.441126 0.008204
2458537.413055 22.453387 0.008297
2458537.906122 22.456779 0.008323
2458538.399189 22.460182 0.008349
2458538.902782 22.440656 0.008200
2458539.395850 22.453546 0.008298
2458539.888917 22.435282 0.008160
2458540.392510 22.433098 0.008143
2458540.885577 22.444743 0.008231
2458541.378644 22.449478 0.008267
2458541.882238 22.444428 0.008229
2458542.375305 22.454764 0.008307
2458542.868372 22.452118 0.008287
2458543.371966 22.442645 0.008215
2458543.865033 22.440342 0.008198
2458544.358100 22.450850 0.008277
2458544.861694 22.454128 0.008302
2458545.354761 22.454075 0.008302
2458545.847828 22.445215 0.008235
2458546.351421 22.452805 0.008292
2458546.844488 22.446687 0.008246
2458547.337556 22.454022 0.008302
2458547.841149 22.452118 0.008287
2458548.334216 22.436688 0.008170
2458548.827283 22.458001 0.008332
2458549.330877 22.446529 0.008244
2458549.823944 22.445583 0.008237
2458550.317011 22.439610 0.008192
2458550.820605 22.440289 0.008197
2458551.313672 22.454234 0.008303
2458551.806739 22.460341 0.008350
2458552.310332 22.461301 0.008357
2458552.803400 22.441493 0.008206
2458553.296467 22.438879 0.008187
2458553.800060 22.446950 0.008248
2458554.293127 22.464504 0.008382
2458554.786194 22.456567 0.008321
2458555.289788 22.439088 0.008188
2458555.782855 22.452118 0.008287
2458556.275922 22.451431 0.008282
2458556.779516 22.447476 0.008252
2458557.272583 22.441493 0.008206
2458557.765650 22.456248 0.008319
2458558.269244 22.447476 0.008252
2458558.762311 22.445110 0.008234
2458559.255378 22.440551 0.008199
2458559.758971 22.447476 0.008252
2458560.252038 22.461780 0.008361
2458560.745106 22.455877 0.008316
2458561.248699 22.436584 0.008169
2458561.741766 22.434033 0.008150
2458562.234833 22.454446 0.008305
2458562.738427 22.439558 0.008192
2458563.231494 22.456301 0.008319
2458563.724561 22.443012 0.008218
2458564.228155 22.442435 0.008213
2458564.721222 22.435490 0.008161
2458565.214289 22.453757 0.008300
2458565.717882 22.453546 0.008298
2458566.210950 22.460128 0.008348
2458566.704017 22.451061 0.008279
2458567.207610 22.440446 0.008198
2458567.700677 22.448898 0.008263
2458568.193744 22.447739 0.008254
2458568.697338 22.460395 0.008350
2458569.190405 22.431334 0.008130
2458569.683472 22.441911 0.008210
2458570.187066 22.448424 0.008259
2458570.680133 22.438565 0.008184
2458571.173200 22.452699 0.008291
2458571.676794 22.446424 0.008244
2458572.169861 22.456620 0.008321
2458572.662928 22.443746 0.008223
2458573.166521 22.451800 0.008285
2458573.659588 22.443641 0.008223
2458574.152656 22.431489 0.008131
2458574.656249 22.438565 0.008184
2458575.149316 22.429572 0.008117
2458575.642383 22.449267 0.008265
2458576.145977 22.463595 0.008375
2458576.639044 22.447687 0.008253
2458577.132111 22.457363 0.008327
2458577.635705 22.453969 0.008301
2458578.128772 22.442645 0.008215
2458578.621839 22.445583 0.008237
2458579.125432 22.455506 0.008313
2458579.618500 22.437209 0.008174
2458580.111567 22.446266 0.008242
2458580.615160 22.444113 0.008226
2458581.108227 22.434397 0.008153
2458581.601294 22.449056 0.008264
2458582.104888 22.456301 0.008319
2458582.597955 22.434189 0.008151
2458583.091022 22.448898 0.008263
2458583.594616 22.450903 0.008278
2458584.087683 22.436271 0.008167
2458584.580750 22.446161 0.008242
2458585.084344 22.443221 0.008219
2458585.577411 22.451272 0.008281
2458586.070478 22.459969 0.008347
2458586.574071 22.470831 0.008431
2458587.067138 22.442383 0.008213
2458587.560206 22.451114 0.008279
2458588.063799 22.435854 0.008164
2458588.556866 22.447476 0.008252
2458589.049933 22.445636 0.008238
2458589.553527 22.452593 0.008291
2458590.046594 22.445636 0.008238
2458590.539661 22.463435 0.008374
2458591.043255 22.450164 0.008272
2458591.536322 22.443641 0.008223
2458592.029389 22.446214 0.008242
2458592.532982 22.454128 0.008302
2458593.026050 22.442907 0.008217
2458593.519117 22.454658 0.008306
2458594.022710 22.450797 0.008277
2458594.515777 22.454022 0.008302
2458595.008844 22.438357 0.008183
2458595.512438 22.461514 0.008359
2458596.005505 22.447266 0.008250
2458596.498572 22.459916 0.008347
2458597.002166 22.453969 0.008301
2458597.495233 22.459969 0.008347
2458597.988300 22.454287 0.008304
2458712.204272 22.441807 0.008209
2458712.697339 22.453599 0.008298
2458713.200932 22.453757 0.008300
2458713.694000 22.437730 0.008178
2458714.187067 22.438983 0.008187
2458714.690660 22.448371 0.008258
2458715.183727 22.448055 0.008256
2458715.676794 22.446740 0.008246
2458716.180388 22.438826 0.008186
2458716.673455 22.434709 0.008155
2458717.166522 22.433670 0.008147
2458717.670116 22.443693 0.008223
2458718.163183 22.449794 0.008269
2458718.656250 22.440237 0.008197
2458719.159844 22.447581 0.008252
2458719.652911 22.436010 0.008165
2458720.145978 22.449689 0.008269
2458720.649571 22.454658 0.008306
2458721.142638 22.454764 0.008307
2458721.635706 22.441231 0.008204
2458722.139299 22.475195 0.008465
2458722.632366 22.460768 0.008353
2458723.125433 22.448951 0.008263
2458723.629027 22.429675 0.008118
2458724.122094 22.433877 0.008149
2458724.615161 22.445320 0.008235
2458725.118755 22.446897 0.008247
2458725.611822 22.444218 0.008227
2458726.104889 22.445005 0.008233
2458726.608482 22.448371 0.008258
2458727.101550 22.450691 0.008276
2458727.594617 22.437313 0.008175
2458728.098210 22.443798 0.008224
2458728.591277 22.450005 0.008271
2458729.084344 22.449162 0.008265
2458729.587938 22.452911 0.008293
2458730.081005 22.441911 0.008210
2458730.574072 22.461141 0.008356
2458731.077666 22.456036 0.008317
2458731.570733 22.448529 0.008260
2458732.063800 22.449636 0.008268
2458732.567394 22.457576 0.008329
2458733.060461 22.448477 0.008259
2458733.553528 22.457682 0.008330
2458734.057121 22.456195 0.008318
2458734.550188 22.448529 0.008260
2458735.043256 22.445846 0.008239
2458735.546849 22.446897 0.008247
2458736.039916 22.444008 0.008225
2458736.532983 22.448213 0.008257
2458737.036577 22.455188 0.008311
2458737.529644 22.452065 0.008287
2458738.022711 22.453863 0.008300
2458738.526305 22.461087 0.008356
2458739.019372 22.446319 0.008243
2458739.512439 22.441126 0.008204
2458740.016032 22.442540 0.008214
2458740.509100 22.443746 0.008223
2458741.002167 22.441022 0.008203
2458741.505760 22.458160 0.008333
2458741.998827 22.449267 0.008265
2458742.491894 22.444270 0.008227
2458742.995488 22.443483 0.008221
2458743.488555 22.444270 0.008227
2458743.981622 22.458851 0.008339
2458744.485216 22.445110 0.008234
2458744.978283 22.442121 0.008211
2458745.471350 22.447108 0.008249
2458745.974944 22.427451 0.008101
2458746.468011 22.445163 0.008234
2458746.961078 22.451272 0.008281
2458747.464671 22.451431 0.008282
2458747.957738 22.439192 0.008189
2458748.450806 22.443379 0.008221
2458748.954399 22.436271 0.008167
2458749.447466 22.453017 0.008294
2458749.940533 22.435698 0.008163
2458750.444127 22.447318 0.008250
2458750.937194 22.445846 0.008239
2458751.430261 22.445163 0.008234
2458751.933855 22.456514 0.008321
2458752.426922 22.447213 0.008250
2458752.919989 22.447424 0.008251
2458753.423582 22.448951 0.008263
2458753.916650 22.460341 0.008350
2458754.409717 22.445110 0.008234
2458754.913310 22.444585 0.008230
2458755.406377 22.438618 0.008185
2458755.899444 22.449267 0.008265
2458756.403038 22.449742 0.008269
2458756.896105 22.451219 0.008280
2458757.389172 22.453757 0.008300
2458757.892766 22.455771 0.008315
2458758.385833 22.427141 0.008099
2458758.878900 22.448898 0.008263
2458759.382494 22.454499 0.008305
2458759.875561 22.451167 0.008280
2458760.368628 22.446687 0.008246
2458760.872221 22.449320 0.008266
2458761.365288 22.456832 0.008323
2458761.858356 22.450427 0.008274
2458762.361949 22.461780 0.008361
2458762.855016 22.429417 0.008116
2458763.348083 22.448898 0.008263
2458763.851677 22.458054 0.008332
2458764.344744 22.448477 0.008259
2458764.837811 22.453916 0.008301
2458765.341405 22.429572 0.008117
2458765.834472 22.458320 0.008335
2458766.327539 22.452170 0.008287
2458766.831132 22.432838 0.008141
2458767.324200 22.451008 0.008279
2458767.817267 22.436844 0.008171
2458768.320860 22.454605 0.008306
2458768.813927 22.436531 0.008169
2458769.306994 22.455665 0.008314
2458769.810588 22.440028 0.008195
2458770.303655 22.455082 0.008310
2458770.796722 22.445110 0.008234
2458771.300316 22.456514 0.008321
2458771.793383 22.453599 0.008298
2458772.286450 22.439088 0.008188
2458772.790044 22.436375 0.008168
2458773.283111 22.455718 0.008315
2458773.776178 22.449320 0.008266
2458774.279771 22.438148 0.008181
2458774.772838 22.452593 0.008291
2458775.265906 22.442278 0.008212
2458775.769499 22.454393 0.008304
2458776.262566 22.455294 0.008311
2458776.755633 22.446319 0.008243
2458777.259227 22.453017 0.008294
2458777.752294 22.441336 0.008205
2458778.245361 22.446266 0.008242
2458778.748955 22.454128 0.008302
2458779.242022 22.440760 0.008201
2458779.735089 22.455506 0.008313
2458780.238682 22.444848 0.008232
2458780.731750 22.440551 0.008199
2458781.224817 22.436167 0.008166
2458781.728410 22.451272 0.008281
2458782.221477 22.455294 0.008311
2458782.714544 22.446529 0.008244
2458783.218138 22.458373 0.008335
2458783.711205 22.438304 0.008182
2459622.427944 22.439976 0.008195
2459622.921011 22.443693 0.008223
2459623.424605 22.461727 0.008361
2459623.917672 22.443221 0.008219
2459624.410739 22.459383 0.008343
2459624.914332 22.429831 0.008119
2459625.407400 22.438304 0.008182
2459625.900467 22.448319 0.008258
2459626.404060 22.464236 0.008380
2459626.897127 22.450533 0.008275
2459627.390194 22.453334 0.008296
2459627.893788 22.442330 0.008213
2459628.386855 22.445636 0.008238
2459628.879922 22.460288 0.008350
2459629.383516 22.435854 0.008164
2459629.876583 22.454605 0.008306
2459630.369650 22.456673 0.008322
2459630.873244 22.433981 0.008150
2459631.366311 22.446792 0.008246
2459631.859378 22.453599 0.008298
2459632.362971 22.444375 0.008228
2459632.856038 22.449109 0.008264
2459633.349106 22.430193 0.008121
2459633.852699 22.444428 0.008229
2459634.345766 22.453757 0.008300
2459634.838833 22.437313 0.008175
2459635.342427 22.454817 0.008308
2459635.835494 22.446740 0.008246
2459636.328561 22.451167 0.008280
2459636.832155 22.435698 0.008163
2459637.325222 22.446687 0.008246
2459637.818289 22.443064 0.008218
2459638.321882 22.446529 0.008244
2459638.814950 22.462634 0.008368
2459639.308017 22.454976 0.008309
2459639.811610 22.445110 0.008234
2459640.304677 22.453652 0.008299
2459640.797744 22.454287 0.008304
2459641.301338 22.447581 0.008252
2459641.794405 22.448582 0.008260
2459642.287472 22.470347 0.008427
2459642.791066 22.437939 0.008180
2459643.284133 22.446161 0.008242
2459643.777200 22.453281 0.008296
2459644.280794 22.447213 0.008250
2459644.773861 22.446214 0.008242
2459645.266928 22.451800 0.008285
2459645.770521 22.442173 0.008211
2459646.263588 22.437991 0.008180
2459646.756656 22.453440 0.008297
2459647.260249 22.454764 0.008307
2459647.753316 22.443431 0.008221
2459648.246383 22.459543 0.008344
2459648.749977 22.464183 0.008380
2459649.243044 22.437939 0.008180
2459649.736111 22.464129 0.008379
2459650.239705 22.450164 0.008272
2459650.732772 22.461567 0.008359
2459651.225839 22.458266 0.008334
2459651.729432 22.437730 0.008178
2459652.222500 22.452329 0.008289
2459652.715567 22.454764 0.008307
2459653.219160 22.454711 0.008307
2459653.712227 22.460981 0.008355
2459654.205294 22.438357 0.008183
2459654.708888 22.435854 0.008164
2459655.201955 22.454923 0.008308
2459655.695022 22.439140 0.008189
2459656.198616 22.444323 0.008228
2459656.691683 22.439401 0.008191
2459657.184750 22.440499 0.008199
2459657.688344 22.438357 0.008183
2459658.181411 22.449162 0.008265
2459658.674478 22.454658 0.008306
2459659.178071 22.448319 0.008258
2459659.671138 22.443116 0.008219
2459660.164206 22.456885 0.008324
2459660.667799 22.451272 0.008281
2459661.160866 22.450111 0.008272
2459661.653933 22.441388 0.008206
2459662.157527 22.450322 0.008273
2459662.650594 22.455294 0.008311
2459663.143661 22.442907 0.008217
2459663.647255 22.453810 0.008300
2459664.140322 22.452382 0.008289
2459664.633389 22.441179 0.008204
2459665.136982 22.443851 0.008224
2459665.630050 22.435126 0.008158
2459666.123117 22.456991 0.008324
2459666.626710 22.452329 0.008289
2459667.119777 22.450903 0.008278
2459667.612844 22.448898 0.008263
2459668.116438 22.457044 0.008325
2459668.609505 22.448845 0.008262
2459669.102572 22.448687 0.008261
2459669.606166 22.449583 0.008268
2459670.099233 22.456354 0.008319
2459670.592300 22.448055 0.008256
2459671.095894 22.450427 0.008274
2459671.588961 22.449531 0.008267
2459672.082028 22.447266 0.008250
2459672.585621 22.451219 0.008280
2459673.078688 22.453704 0.008299
2459673.571756 22.449794 0.008269
2459674.075349 22.459756 0.008346
2459674.568416 22.448845 0.008262
2459675.061483 22.439819 0.008194
2459675.565077 22.434345 0.008152
2459676.058144 22.445951 0.008240
2459676.551211 22.451695 0.008284
2459677.054805 22.432215 0.008137
2459677.547872 22.455771 0.008315
2459678.040939 22.459969 0.008347
2459678.544532 22.456726 0.008322
2459679.037600 22.447792 0.008254
2459679.530667 22.444743 0.008231
2459680.034260 22.453916 0.008301
2459680.527327 22.442330 0.008213
2459681.020394 22.433150 0.008144
2459681.523988 22.442173 0.008211
2459682.017055 22.453916 0.008301
2459682.510122 22.438148 0.008181
2459683.013716 22.432423 0.008138
2459683.506783 22.454181 0.008303
2459683.999850 22.432267 0.008137
2459684.503444 22.447687 0.008253
2459684.996511 22.455400 0.008312
2459685.489578 22.449372 0.008266
2459685.993171 22.460022 0.008348
2459686.486238 22.452435 0.008289
2459686.979306 22.433514 0.008146
2459687.482899 22.447371 0.008251
2459687.975966 22.452329 0.008289
2459688.469033 22.449162 0.008265
2459688.972627 22.450533 0.008275
2459689.465694 22.453863 0.008300
2459689.958761 22.445425 0.008236
2459690.462355 22.446897 0.008247
2459690.955422 22.449320 0.008266
2459691.448489 22.438826 0.008186
2459691.952082 22.443431 0.008221
2459692.445150 22.451378 0.008281
2459692.938217 22.449900 0.008270
2459693.441810 22.447318 0.008250
2459693.934877 22.452541 0.008290
2459807.647256 22.438409 0.008183
2459808.150849 22.470024 0.008425
2459808.643916 22.459011 0.008340
2459809.136983 22.451167 0.008280
2459809.640577 22.452593 0.008291
2459810.133644 22.463328 0.008373
2459810.626711 22.443169 0.008219
2459811.130305 22.430349 0.008123
2459811.623372 22.441022 0.008203
2459812.116439 22.442697 0.008215
2459812.620032 22.442016 0.008210
2459813.113100 22.444638 0.008230
2459813.606167 22.455135 0.008310
2459814.109760 22.449531 0.008267
2459814.602827 22.450955 0.008278
2459815.095894 22.437991 0.008180
2459815.599488 22.452329 0.008289
2459816.092555 22.450639 0.008276
2459816.585622 22.453916 0.008301
2459817.089216 22.447055 0.008248
2459817.582283 22.445005 0.008233
2459818.075350 22.463488 0.008374
2459818.578944 22.441388 0.008206
2459819.072011 22.447318 0.008250
2459819.565078 22.448424 0.008259
2459820.068671 22.453757 0.008300
2459820.561738 22.435021 0.008158
2459821.054806 22.465520 0.008390
2459821.558399 22.436427 0.008168
2459822.051466 22.439088 0.008188
2459822.544533 22.455665 0.008314
2459823.048127 22.451378 0.008281
2459823.541194 22.453281 0.008296
2459824.034261 22.460128 0.008348
2459824.537855 22.435074 0.008158
2459825.030922 22.455930 0.008316
2459825.523989 22.452012 0.008286
2459826.027582 22.443326 0.008220
2459826.520650 22.456885 0.008324
2459827.013717 22.447529 0.008252
2459827.517310 22.450955 0.008278
2459828.010377 22.431230 0.008129
2459828.503444 22.446109 0.008241
2459829.007038 22.443169 0.008219
2459829.500105 22.441231 0.008204
2459829.993172 22.456195 0.008318
2459830.496766 22.445531 0.008237
2459830.989833 22.454234 0.008303
2459831.482900 22.443641 0.008223
2459831.986494 22.439662 0.008193
2459832.479561 22.440969 0.008202
2459832.972628 22.436063 0.008165
2459833.476221 22.442435 0.008213
2459833.969288 22.444848 0.008232
2459834.462356 22.448213 0.008257
2459834.965949 22.442750 0.008216
2459835.459016 22.451431 0.008282
2459835.952083 22.440708 0.008200
2459836.455677 22.445793 0.008239
2459836.948744 22.447897 0.008255
2459837.441811 22.456461 0.008320
2459837.945405 22.447529 0.008252
2459838.438472 22.454817 0.008308
2459838.931539 22.446897 0.008247
2459839.435132 22.444008 0.008225
2459839.928200 22.441650 0.008208
2459840.421267 22.446845 0.008247
2459840.924860 22.443326 0.008220
2459841.417927 22.444375 0.008228
2459841.910994 22.452065 0.008287
2459842.414588 22.460714 0.008353
2459842.907655 22.451800 0.008285
2459843.400722 22.447739 0.008254
2459843.904316 22.438513 0.008184
2459844.397383 22.447739 0.008254
2459844.890450 22.445846 0.008239
2459845.394044 22.450111 0.008272
2459845.887111 22.446897 0.008247
2459846.380178 22.447318 0.008250
2459846.883771 22.448108 0.008257
2459847.376838 22.447634 0.008253
2459847.869906 22.459383 0.008343
2459848.373499 22.452858 0.008293
2459848.866566 22.448687 0.008261
2459849.359633 22.460022 0.008348
2459849.863227 22.456779 0.008323
2459850.356294 22.448161 0.008257
2459850.849361 22.444375 0.008228
2459851.352955 22.442173 0.008211
2459851.846022 22.452911 0.008293
2459852.339089 22.451536 0.008283
2459852.842682 22.451272 0.008281
2459853.335750 22.444428 0.008229
2459853.828817 22.458692 0.008337
2459854.332410 22.445478 0.008237
2459854.825477 22.455294 0.008311
2459855.318544 22.462954 0.008370
2459855.822138 22.443693 0.008223
2459856.315205 22.447266 0.008250
2459856.808272 22.450850 0.008277
2459857.311866 22.436427 0.008168
2459857.804933 22.446214 0.008242
2459858.298000 22.446950 0.008248
2459858.801594 22.442802 0.008216
2459859.294661 22.441283 0.008205
2459859.787728 22.443326 0.008220
2459860.291321 22.440133 0.008196
2459860.784388 22.461354 0.008358
2459861.277456 22.445163 0.008234
2459861.781049 22.435594 0.008162
2459862.274116 22.443379 0.008221
2459862.767183 22.446634 0.008245
2459863.270777 22.454287 0.008304
2459863.763844 22.429934 0.008119
2459864.256911 22.447529 0.008252
2459864.760505 22.449794 0.008269
2459865.253572 22.447581 0.008253
2459865.746639 22.456567 0.008321
2459866.250232 22.466698 0.008399
2459866.743300 22.439453 0.008191
2459867.236367 22.447845 0.008255
2459867.739960 22.448161 0.008257
2459868.233027 22.447424 0.008251
2459868.726094 22.453228 0.008296
2459869.229688 22.462100 0.008364
2459869.722755 22.451853 0.008285
2459870.215822 22.447424 0.008251
2459870.719416 22.464183 0.008380
2459871.212483 22.440812 0.008201
2459871.705550 22.453546 0.008298
2459872.209144 22.427555 0.008102
2459872.702211 22.451378 0.008281
2459873.195278 22.462581 0.008367
2459873.698871 22.440603 0.008200
2459874.191938 22.439244 0.008189
2459874.685006 22.449162 0.008265
2459875.188599 22.431178 0.008129
2459875.681666 22.448898 0.008263
2459876.174733 22.458373 0.008335
2459876.678327 22.455824 0.008315
2459877.171394 22.446424 0.008244
2459877.664461 22.456036 0.008317
2459878.168055 22.453228 0.008296
2459878.661122 22.444218 0.008227
2459879.154189 22.442435 0.008213
2459987.411250 22.443956 0.008229
2459987.904317 22.451219 0.008285
2459988.407910 22.439453 0.008196
2459988.900977 22.449478 0.008272
2459989.394044 22.424253 0.008082
2459989.897638 22.451272 0.008286
2459990.390705 22.464183 0.008385
2459990.883772 22.458585 0.008343
2459991.387366 22.452805 0.008299
2459991.880433 22.439035 0.008194
2459992.373500 22.436844 0.008178
2459992.877094 22.422502 0.008071
2459993.370161 22.443169 0.008227
2459993.863228 22.437522 0.008185
2459994.366821 22.446897 0.008256
2459994.859888 22.443169 0.008228
2459995.352956 22.439244 0.008199
2459995.856549 22.456514 0.008331
2459996.349616 22.440917 0.008213
2459996.842683 22.440394 0.008210
2459997.346277 22.458532 0.008349
2459997.839344 22.433877 0.008162
2459998.332411 22.445478 0.008250
2459998.836005 22.456407 0.008335
2459999.329072 22.439401 0.008206
2459999.822139 22.446634 0.008262
2460000.325732 22.436792 0.008188
2460000.818800 22.438096 0.008199
2460001.311867 22.443641 0.008242
2460001.815460 22.441493 0.008228
2460002.308527 22.438409 0.008206
2460002.801594 22.435334 0.008184
2460003.305188 22.435178 0.008184
2460003.798255 22.450850 0.008305
2460004.291322 22.440342 0.008227
2460004.794916 22.440446 0.008230
2460005.287983 22.448951 0.008297
2460005.781050 22.433722 0.008184
2460006.284644 22.428072 0.008144
2460006.777711 22.422194 0.008102
2460007.270778 22.435750 0.008207
2460007.774371 22.420909 0.008099
2460008.267438 22.420960 0.008103
2460008.760506 22.439662 0.008247
2460009.264099 22.431178 0.008187
2460009.757166 22.423532 0.008134
2460010.250233 22.430867 0.008193
2460010.753827 22.434709 0.008227
2460011.246894 22.429934 0.008196
2460011.739961 22.422965 0.008148
2460012.243555 22.419780 0.008130
2460012.736622 22.398593 0.007978
2460013.229689 22.432215 0.008234
2460013.733282 22.409109 0.008065
2460014.226350 22.407434 0.008057
2460014.719417 22.405660 0.008049
2460015.223010 22.408043 0.008075
2460015.716077 22.396281 0.008004
2460016.209144 22.389824 0.007995
2460016.712738 22.369110 0.007941
2460017.205805 22.306695 0.007695
2460017.698872 22.272519 0.007531
2460018.202466 22.329919 0.007783
2460018.695533 22.356453 0.007871
2460019.188600 22.370188 0.007930
2460019.692194 22.357325 0.007825
2460020.185261 22.380629 0.007997
2460020.678328 22.369992 0.007927
2460021.181921 22.367593 0.007918
2460021.674988 22.366518 0.007920
2460022.168056 22.356744 0.007857
2460022.671649 22.346337 0.007790
2460023.164716 22.345522 0.007790
2460023.657783 22.361207 0.007908
2460024.161377 22.373920 0.008004
2460024.654444 22.350372 0.007833
2460025.147511 22.344612 0.007790
2460025.651105 22.360866 0.007905
2460026.144172 22.372543 0.007986
2460026.637239 22.371611 0.007973
2460027.140832 22.369796 0.007953
2460027.633900 22.359215 0.007867
2460028.126967 22.358488 0.007852
2460028.630560 22.373231 0.007949
2460029.123627 22.359070 0.007836
2460029.616694 22.397085 0.008103
2460030.120288 22.379245 0.007960
2460030.613355 22.385291 0.007993
2460031.106422 22.405154 0.008129
2460031.610016 22.386734 0.007980
2460032.103083 22.395829 0.008036
2460032.596150 22.398191 0.008043
2460033.099744 22.393373 0.007997
2460033.592811 22.396884 0.008013
2460034.085878 22.405154 0.008065
2460034.589471 22.410736 0.008098
2460035.082538 22.407688 0.008067
2460035.575606 22.421680 0.008164
2460036.079199 22.410279 0.008071
2460036.572266 22.412315 0.008079
2460037.065333 22.422502 0.008149
2460037.568927 22.426986 0.008177
2460038.061994 22.413334 0.008069
2460038.555061 22.425335 0.008153
2460039.058655 22.413998 0.008064
2460039.551722 22.437574 0.008236
2460040.044789 22.437835 0.008234
2460040.548382 22.433773 0.008200
2460041.041450 22.417883 0.008077
2460041.534517 22.443903 0.008270
2460042.038110 22.434449 0.008195
2460042.531177 22.450797 0.008316
2460043.024244 22.436010 0.008201
2460043.527838 22.436531 0.008203
2460044.020905 22.438304 0.008214
2460044.513972 22.432838 0.008171
2460045.017566 22.435438 0.008188
2460045.510633 22.425387 0.008111
2460046.003700 22.442854 0.008241
2460046.507294 22.445898 0.008263
2460047.000361 22.435542 0.008183
2460047.493428 22.448635 0.008281
2460047.997021 22.440028 0.008214
2460048.490088 22.432683 0.008158
2460048.983156 22.439140 0.008205
2460049.486749 22.446319 0.008259
2460049.979816 22.435802 0.008178
2460050.472883 22.454605 0.008320
2460050.976477 22.428072 0.008118
2460051.469544 22.443903 0.008237
2460051.962611 22.444060 0.008237
2460052.466205 22.444375 0.008239
2460052.959272 22.445058 0.008244
2460053.452339 22.438200 0.008191
2460053.955932 22.443169 0.008228
2460054.449000 22.436219 0.008175
2460054.942067 22.437365 0.008184
2460055.445660 22.452065 0.008295
2460055.938727 22.441859 0.008217
2460056.431794 22.451800 0.008292
2460056.935388 22.453493 0.008304
2460057.428455 22.434761 0.008162
2460057.921522 22.439819 0.008200
2460058.425116 22.442592 0.008220
2460058.918183 22.446056 0.008246
