2455264.84100 13.9390 0.0068
2455268.77925 13.9320 0.0068
2455271.77332 13.9270 0.0068
2455273.78260 13.9350 0.0068
2455277.77071 13.9430 0.0068
2455279.88915 13.9320 0.0068
2455283.74980 13.9360 0.0068
2455285.87578 13.9290 0.0068
2455288.74187 13.9210 0.0068
2455292.89942 13.9360 0.0068
2455294.73687 13.9270 0.0068
2455294.92284 13.9220 0.0068
2455296.78063 13.9170 0.0068
2455297.81459 13.9320 0.0068
2455298.85315 13.9240 0.0068
2455299.83756 13.9300 0.0068
2455301.76668 13.9330 0.0068
2455303.92799 13.9280 0.0068
2455306.69998 13.9350 0.0068
2455307.70208 13.9290 0.0068
2455308.69339 13.9330 0.0068
2455309.75618 13.9250 0.0068
2455310.77130 13.9240 0.0068
2455311.86612 13.9260 0.0068
2455312.86133 13.9220 0.0068
2455313.88971 13.9190 0.0068
2455314.82405 13.9280 0.0068
2455315.76352 13.9300 0.0068
2455316.71662 13.9160 0.0068
2455319.85668 13.9110 0.0068
2455320.75730 13.9220 0.0068
2455321.67390 13.9170 0.0068
2455321.89858 13.9150 0.0068
2455323.81242 13.9150 0.0068
2455324.74656 13.9080 0.0068
2455325.86317 13.9040 0.0068
2455326.78706 13.9110 0.0068
2455327.70281 13.8980 0.0068
2455327.92812 13.9070 0.0068
2455328.85940 13.9000 0.0068
2455334.76652 13.9040 0.0068
2455335.75077 13.9010 0.0068
2455336.79613 13.8990 0.0068
2455337.85018 13.8920 0.0068
2455338.84991 13.8780 0.0068
2455339.88213 13.8780 0.0068
2455340.82546 13.8890 0.0068
2455341.68719 13.8870 0.0068
2455342.58556 13.8710 0.0068
2455342.77949 13.8870 0.0068
2455343.60530 13.8730 0.0068
2455343.79708 13.8710 0.0068
2455348.71777 13.8480 0.0068
2455348.94334 13.8340 0.0068
2455350.63415 13.8270 0.0068
2455351.69402 13.8250 0.0068
2455352.70601 13.8090 0.0068
2455353.67931 13.7990 0.0068
2455354.61728 13.7850 0.0068
2455355.57505 13.7880 0.0068
2455355.88941 13.7780 0.0068
2455358.70044 13.7370 0.0068
2455359.61140 13.7250 0.0068
2455359.84764 13.7160 0.0068
2455362.73541 13.6560 0.0068
2455364.71074 13.6010 0.0068
2455364.86186 13.5990 0.0068
2455365.82076 13.5700 0.0068
2455369.77688 13.4300 0.0068
2455376.75177 13.1620 0.0068
2455377.65206 13.1600 0.0068
2455377.67310 13.1460 0.0068
2455378.49585 13.1370 0.0068
2455378.80404 13.1310 0.0068
2455379.69225 13.1300 0.0068
2455380.80248 13.1430 0.0068
2455381.67742 13.1550 0.0068
2455382.54143 13.1700 0.0068
2455382.74808 13.1720 0.0068
2455385.50017 13.2740 0.0068
2455385.60213 13.2960 0.0068
2455385.69274 13.2820 0.0068
2455385.79078 13.2850 0.0068
2455386.77196 13.3300 0.0068
2455387.75430 13.3620 0.0068
2455388.64321 13.4020 0.0068
2455389.53460 13.4360 0.0068
2455390.54242 13.4760 0.0068
2455390.79959 13.4850 0.0068
2455391.76165 13.5200 0.0068
2455392.63215 13.5520 0.0068
2455393.69379 13.5800 0.0068
2455396.57518 13.6540 0.0068
2455397.65324 13.6780 0.0068
2455403.62524 13.7790 0.0068
2455404.49682 13.7910 0.0068
2455404.69415 13.7950 0.0068
2455405.70983 13.7960 0.0068
2455407.56283 13.8160 0.0068
2455407.75667 13.8200 0.0068
2455408.68624 13.8360 0.0068
2455409.59658 13.8440 0.0068
2455410.59968 13.8510 0.0068
2455411.63585 13.8610 0.0068
2455412.61994 13.8650 0.0068
2455413.62771 13.8680 0.0068
2455414.67237 13.8710 0.0068
2455418.58369 13.8790 0.0068
2455421.61342 13.8950 0.0068
2455422.63221 13.9000 0.0068
2455425.52474 13.8990 0.0068
2455430.51850 13.9010 0.0068
2455431.51957 13.9160 0.0068
2455433.69822 13.9170 0.0068
2455434.69613 13.9140 0.0068
2455435.69934 13.9110 0.0068
2455437.67870 13.9120 0.0068
2455439.55922 13.8990 0.0068
2455443.57303 13.9150 0.0068
2455444.59438 13.9160 0.0068
2455445.68335 13.9220 0.0068
2455447.49125 13.9280 0.0068
2455448.55030 13.9130 0.0068
2455448.56509 13.9080 0.0068
2455450.50929 13.9160 0.0068
2455451.63583 13.9040 0.0068
2455457.51797 13.9300 0.0068
2455458.56190 13.9210 0.0068
2455459.59540 13.9270 0.0068
2455460.60809 13.9190 0.0068
2455462.48613 13.9280 0.0068
2455463.59290 13.9250 0.0068
2455464.55264 13.9290 0.0068
2455465.48708 13.9210 0.0068
2455468.55699 13.9220 0.0068
2455471.53865 13.9220 0.0068
2455472.58855 13.9340 0.0068
2455480.51119 13.9150 0.0068
2455483.49890 13.9380 0.0068
2455487.49715 13.9260 0.0068
2455489.49603 13.9120 0.0068
2455497.49982 13.9260 0.0068
2455596.86155 13.9360 0.0068
2455596.88493 13.9380 0.0068
2455597.85644 13.9470 0.0068
2455606.88789 13.9360 0.0068
2455614.86818 13.9340 0.0068
2455620.85254 13.9400 0.0068
2455624.81369 13.9280 0.0068
2455625.77574 13.9280 0.0068
2455627.80052 13.9300 0.0068
2455629.77936 13.9230 0.0068
2455630.76935 13.9270 0.0068
2455634.75408 13.9360 0.0068
2455635.82663 13.9330 0.0068
2455638.74490 13.9300 0.0068
2455639.75790 13.9230 0.0068
2455639.83356 13.9280 0.0068
2455639.90923 13.9290 0.0068
2455640.83066 13.9300 0.0068
2455641.75679 13.9370 0.0068
2455641.87691 13.9280 0.0068
2455642.79865 13.9230 0.0068
2455643.74478 13.9320 0.0068
2455643.82250 13.9310 0.0068
2455644.74551 13.9330 0.0068
2455644.85916 13.9350 0.0068
2455648.73163 13.9300 0.0068
2455648.84025 13.9370 0.0068
2455649.73597 13.9410 0.0068
2455649.84613 13.9280 0.0068
2455650.72843 13.9340 0.0068
2455650.83470 13.9320 0.0068
2455651.75434 13.9300 0.0068
2455651.86663 13.9330 0.0068
2455652.79486 13.9280 0.0068
2455653.76072 13.9340 0.0068
2455654.76381 13.9330 0.0068
2455654.85574 13.9380 0.0068
2455655.76864 13.9180 0.0068
2455655.84485 13.9250 0.0068
2455656.80190 13.9290 0.0068
2455657.76525 13.9280 0.0068
2455657.84494 13.9320 0.0068
2455658.75607 13.9320 0.0068
2455658.85706 13.9320 0.0068
2455659.71374 13.9310 0.0068
2455659.78992 13.9290 0.0068
2455659.87583 13.9320 0.0068
2455660.76355 13.9340 0.0068
2455660.86043 13.9290 0.0068
2455662.75486 13.9330 0.0068
2455662.85523 13.9430 0.0068
2455663.75310 13.9350 0.0068
2455664.80156 13.9350 0.0068
2455664.90533 13.9320 0.0068
2455665.78799 13.9350 0.0068
2455665.90002 13.9340 0.0068
2455667.82761 13.9400 0.0068
2455668.83263 13.9290 0.0068
2455669.81619 13.9440 0.0068
2455670.80419 13.9320 0.0068
2455671.77379 13.9340 0.0068
2455675.87305 13.9190 0.0068
2455676.77886 13.9250 0.0068
2455677.73551 13.9260 0.0068
2455677.92250 13.9220 0.0068
2455679.84426 13.9220 0.0068
2455680.72472 13.9150 0.0068
2455680.91041 13.9260 0.0068
2455681.80527 13.9410 0.0068
2455682.70487 13.9350 0.0068
2455682.92448 13.9300 0.0068
2455683.87913 13.9210 0.0068
2455684.78254 13.9220 0.0068
2455685.76895 13.9230 0.0068
2455686.65668 13.9460 0.0068
2455686.86506 13.9250 0.0068
2455687.75414 13.9420 0.0068
2455688.92886 13.9340 0.0068
2455690.65622 13.9320 0.0068
2455690.86988 13.9340 0.0068
2455691.79219 13.9380 0.0068
2455692.68490 13.9360 0.0068
2455692.86055 13.9290 0.0068
2455693.70883 13.9360 0.0068
2455693.88243 13.9310 0.0068
2455694.71415 13.9240 0.0068
2455694.89016 13.9320 0.0068
2455695.76643 13.9300 0.0068
2455695.92979 13.9390 0.0068
2455696.75752 13.9250 0.0068
2455696.94025 13.9340 0.0068
2455697.76346 13.9240 0.0068
2455697.92984 13.9370 0.0068
2455698.76314 13.9250 0.0068
2455698.92853 13.9300 0.0068
2455705.72643 13.9250 0.0068
2455705.92019 13.9170 0.0068
2455706.87444 13.9170 0.0068
2455707.73748 13.9350 0.0068
2455707.89854 13.9380 0.0068
2455708.73014 13.9250 0.0068
2455709.56167 13.9310 0.0068
2455712.59762 13.9310 0.0068
2455712.60027 13.9320 0.0068
2455712.80623 13.9290 0.0068
2455713.82092 13.9320 0.0068
2455715.55920 13.9360 0.0068
2455715.76494 13.9320 0.0068
2455716.59170 13.9270 0.0068
2455716.60434 13.9350 0.0068
2455716.61906 13.9330 0.0068
2455716.63168 13.9330 0.0068
2455716.82829 13.9340 0.0068
2455721.71282 13.9360 0.0068
2455721.91385 13.9330 0.0068
2455722.76675 13.9130 0.0068
2455723.63532 13.9280 0.0068
2455723.80345 13.9290 0.0068
2455724.66362 13.9190 0.0068
2455725.56590 13.9280 0.0068
2455725.77939 13.9220 0.0068
2455726.68752 13.9280 0.0068
2455734.66356 13.9270 0.0068
2455734.84580 13.9330 0.0068
2455735.79248 13.9360 0.0068
2455736.54166 13.9380 0.0068
2455736.70883 13.9320 0.0068
2455737.53746 13.9360 0.0068
2455737.72704 13.9270 0.0068
2455737.89459 13.9400 0.0068
2455738.75280 13.9290 0.0068
2455739.62272 13.9280 0.0068
2455739.81079 13.9340 0.0068
2455740.62447 13.9230 0.0068
2455740.81150 13.9290 0.0068
2455741.58199 13.9230 0.0068
2455741.76058 13.9310 0.0068
2455742.50886 13.9260 0.0068
2455742.69336 13.9270 0.0068
2455742.84882 13.9320 0.0068
2455743.74327 13.9350 0.0068
2455744.50111 13.9210 0.0068
2455744.67696 13.9260 0.0068
2455745.49023 13.9310 0.0068
2455745.66534 13.9290 0.0068
2455746.70509 13.9300 0.0068
2455747.76554 13.9250 0.0068
2455749.54103 13.9370 0.0068
2455749.70761 13.9350 0.0068
2455752.58536 13.9260 0.0068
2455753.71315 13.9210 0.0068
2455759.83542 13.9320 0.0068
2455760.48089 13.9220 0.0068
2455760.67464 13.9320 0.0068
2455761.49560 13.9360 0.0068
2455762.54031 13.9190 0.0068
2455762.69636 13.9280 0.0068
2455763.57629 13.9330 0.0068
2455763.76204 13.9340 0.0068
2455764.57942 13.9290 0.0068
2455764.78591 13.9330 0.0068
2455765.65023 13.9280 0.0068
2455766.50995 13.9380 0.0068
2455766.69632 13.9360 0.0068
2455767.57450 13.9350 0.0068
2455767.78258 13.9260 0.0068
2455768.63669 13.9300 0.0068
2455769.47365 13.9170 0.0068
2455769.67797 13.9300 0.0068
2455770.75402 13.9260 0.0068
2455776.60894 13.9180 0.0068
2455777.52599 13.9360 0.0068
2455777.77335 13.9330 0.0068
2455779.60105 13.9340 0.0068
2455785.62816 13.9220 0.0068
2455786.57178 13.9160 0.0068
2455787.60792 13.9320 0.0068
2455788.50736 13.9260 0.0068
2455788.69296 13.9110 0.0068
2455790.59073 13.9360 0.0068
2455791.47728 13.9270 0.0068
2455793.59747 13.9390 0.0068
2455794.47946 13.9280 0.0068
2455794.67808 13.9370 0.0068
2455795.72534 13.9290 0.0068
2455796.65236 13.9310 0.0068
2455801.57377 13.9330 0.0068
2455802.56496 13.9240 0.0068
2455804.55730 13.9280 0.0068
2455805.50723 13.9270 0.0068
2455806.50040 13.9180 0.0068
2455807.63713 13.9180 0.0068
2455812.61953 13.9160 0.0068
2455813.60311 13.9310 0.0068
2455815.57137 13.9290 0.0068
2455816.55176 13.9350 0.0068
2455817.55276 13.9260 0.0068
2455818.53419 13.9320 0.0068
2455819.54288 13.9340 0.0068
2455820.51155 13.9320 0.0068
2455822.51213 13.9070 0.0068
2455822.60070 13.9140 0.0068
2455823.53216 13.9120 0.0068
2455823.61926 13.9150 0.0068
2455824.55558 13.9210 0.0068
2455824.63322 13.9180 0.0068
2455825.57215 13.9080 0.0068
2455826.49529 13.9180 0.0068
2455826.58265 13.9070 0.0068
2455827.52135 13.9110 0.0068
2455827.60174 13.9200 0.0068
2455828.53486 13.9210 0.0068
2455828.61013 13.9220 0.0068
2455829.54554 13.9320 0.0068
2455829.62163 13.9490 0.0068
2455830.55855 13.9370 0.0068
2455831.53073 13.9370 0.0068
2455831.60399 13.9460 0.0068
2455832.55368 13.9300 0.0068
2455833.51178 13.9300 0.0068
2455833.58951 13.9230 0.0068
2455834.54893 13.9320 0.0068
2455836.52949 13.9170 0.0068
2455836.59296 13.9270 0.0068
2455839.55347 13.9280 0.0068
2455840.49928 13.9150 0.0068
2455840.60019 13.9270 0.0068
2455841.52690 13.9180 0.0068
2455841.60623 13.9200 0.0068
2455842.57690 13.9170 0.0068
2455843.52989 13.9350 0.0068
2455844.55374 13.9210 0.0068
2455845.51421 13.9370 0.0068
2455845.59496 13.9350 0.0068
2455846.55664 13.9240 0.0068
2455851.54331 13.9380 0.0068
2455852.49349 13.9220 0.0068
2455855.54647 13.9100 0.0068
2455856.55358 13.9060 0.0068
2455860.49863 13.9200 0.0068
2455861.52181 13.9130 0.0068
