                     mean      sd   hdi_3%  hdi_97%  mcse_mean  mcse_sd  ess_bulk  ess_tail  r_hat
inst.EXPERT.gamma  -4.005   1.060   -5.295   -1.726      0.490    0.335       5.0      14.0   2.51
inst.FIES.gamma    -4.361   0.833   -5.663   -2.947      0.353    0.121       6.0      31.0   1.99
inst.HIRES.gamma   -2.870   0.715   -4.115   -1.479      0.237    0.100       9.0      15.0   1.40
inst.TRES.gamma    -3.566   0.800   -4.722   -2.070      0.353    0.133       5.0      14.0   2.31
planet.b.h          0.212   0.220   -0.208    0.567      0.058    0.015      15.0      97.0   1.20
...                   ...     ...      ...      ...        ...      ...       ...       ...    ...
rv_mu_TRES[11]     80.826  14.480   48.857  104.764      1.011    0.858     204.0     294.0   1.04
rv_mu_TRES[12]     67.744  15.127   40.156   98.055      1.071    0.979     200.0     252.0   1.03
rv_mu_TRES[13]    -95.036  14.897 -121.899  -67.259      3.879    1.367      15.0      68.0   1.19
rv_mu_TRES[14]     90.157  13.602   67.414  119.245      1.049    0.937     169.0     260.0   1.06
rv_mu_TRES[15]    -93.990  14.391 -120.859  -67.433      3.666    1.315      16.0      68.0   1.18

[62 rows x 9 columns]