2.455264841000000015e+06 1.676486266073897923e+03 1.049988621484913942e+01
2.455268779250000138e+06 1.687329890625803273e+03 1.056780017648163650e+01
2.455271773320000153e+06 1.695118251531401938e+03 1.061657892580027784e+01
2.455273782600000035e+06 1.682674061070467360e+03 1.053864056953702288e+01
2.455277770709999837e+06 1.670321225815043590e+03 1.046127437379927017e+01
2.455279889150000177e+06 1.687329890625803273e+03 1.056780017648163650e+01
2.455283749799999874e+06 1.681124974476959551e+03 1.052893859147854982e+01
2.455285875779999886e+06 1.691998602503005714e+03 1.059704046581328818e+01
2.455288741870000027e+06 1.704511752468474924e+03 1.067541071762242311e+01
2.455292899420000147e+06 1.681124974476959551e+03 1.052893859147854982e+01
2.455294736870000139e+06 1.695118251531401938e+03 1.061657892580027784e+01
2.455294922840000130e+06 1.702942561877548087e+03 1.066558282759578624e+01
2.455296780629999936e+06 1.710802987599328844e+03 1.071481292112482642e+01
2.455297814590000082e+06 1.687329890625803273e+03 1.056780017648163650e+01
2.455298853149999864e+06 1.699808513203498251e+03 1.064595418217515288e+01
2.455299837559999898e+06 1.690440931643265003e+03 1.058728472422539824e+01
2.455301766679999884e+06 1.685776517828978058e+03 1.055807135379697215e+01
2.455303927990000229e+06 1.693557708691517291e+03 1.060680519691041468e+01
2.455306699980000034e+06 1.682674061070467360e+03 1.053864056953702288e+01
2.455307702080000192e+06 1.691998602503005714e+03 1.059704046581328818e+01
2.455308693390000146e+06 1.685776517828978058e+03 1.055807135379697215e+01
2.455309756180000026e+06 1.698243652461744205e+03 1.063615341013007232e+01
2.455310771300000139e+06 1.699808513203498251e+03 1.064595418217515288e+01
2.455311866119999904e+06 1.696680232346463981e+03 1.062636166077390598e+01
2.455312861330000218e+06 1.702942561877548087e+03 1.066558282759578624e+01
2.455313889709999785e+06 1.707654472813875373e+03 1.069509367399347255e+01
2.455314824049999937e+06 1.693557708691517291e+03 1.060680519691041468e+01
2.455315763520000037e+06 1.690440931643265003e+03 1.058728472422539824e+01
2.455316716620000079e+06 1.712379421244928153e+03 1.072468617463069407e+01
2.455319856680000201e+06 1.720283405530435402e+03 1.077418907681439997e+01
2.455320757300000172e+06 1.702942561877548087e+03 1.066558282759578624e+01
2.455321673899999820e+06 1.710802987599328844e+03 1.071481292112482642e+01
2.455321898579999804e+06 1.713957307508426993e+03 1.073456852592815558e+01
2.455323812419999857e+06 1.713957307508426993e+03 1.073456852592815558e+01
2.455324746559999883e+06 1.725043297245845906e+03 1.080400042834062191e+01
2.455325863169999793e+06 1.731410312890155865e+03 1.084387724758231997e+01
2.455326787060000002e+06 1.720283405530435402e+03 1.077418907681439997e+01
2.455327702810000163e+06 1.741004926352607981e+03 1.090396861347649526e+01
2.455327928119999822e+06 1.726632852743236754e+03 1.081395586441698242e+01
2.455328859399999958e+06 1.737800828749376251e+03 1.088390124940915449e+01
2.455334766520000063e+06 1.731410312890155865e+03 1.084387724758231997e+01
2.455335750769999810e+06 1.736200991901419229e+03 1.087388142091081988e+01
2.455336796130000148e+06 1.739402139780308289e+03 1.089393031076182616e+01
2.455337850180000067e+06 1.750652708383371873e+03 1.096439297578631589e+01
2.455338849909999873e+06 1.773372624542558469e+03 1.110668852529954798e+01
2.455339882129999809e+06 1.773372624542558469e+03 1.110668852529954798e+01
2.455340825459999964e+06 1.755496629621236707e+03 1.099473060685464532e+01
2.455341687189999968e+06 1.758733354135573109e+03 1.101500231429245069e+01
2.455342585560000036e+06 1.784842916498006616e+03 1.117852732459096821e+01
2.455342779490000103e+06 1.758733354135573109e+03 1.101500231429245069e+01
2.455343605299999937e+06 1.781558140662895084e+03 1.115795467021979448e+01
2.455343797079999931e+06 1.784842916498006616e+03 1.117852732459096821e+01
2.455348717769999988e+06 1.823055960681067745e+03 1.141785682222221254e+01
2.455348943340000231e+06 1.846715523986707467e+03 1.156603741136834884e+01
2.455350634149999823e+06 1.858660202688539584e+03 1.164084730977323012e+01
2.455351694019999821e+06 1.862087136662869398e+03 1.166231030504162014e+01
2.455352706009999849e+06 1.889731054431679695e+03 1.183544503151027172e+01
2.455353679310000036e+06 1.907216520593906807e+03 1.194495705605368308e+01
2.455354617279999889e+06 1.931968317016924175e+03 1.209997833556790425e+01
2.455355575050000101e+06 1.926637459524081578e+03 1.206659100741907054e+01
2.455355889409999829e+06 1.944464416448130578e+03 1.217824179934466322e+01
2.455358700439999811e+06 2.019296069798118197e+03 1.264691479795142293e+01
2.455359611399999820e+06 2.041737944669531771e+03 1.278746896613411366e+01
2.455359847639999818e+06 2.058732876733528883e+03 1.289390876019157339e+01
2.455362735410000198e+06 2.175704950925795401e+03 1.362650853997381262e+01
2.455364710740000010e+06 2.288758657062362090e+03 1.433456745737899851e+01
2.455364861860000063e+06 2.292978591824823070e+03 1.436099704152566225e+01
2.455365820760000031e+06 2.355049283896009001e+03 1.474974773827348784e+01
2.455369776879999787e+06 2.679168324819034297e+03 1.677971548607237295e+01
2.455376751769999973e+06 3.429256732975597970e+03 2.147754277884548557e+01
2.455377652060000226e+06 3.435579478998746254e+03 2.151714233605743587e+01
2.455377673099999782e+06 3.480166322150038468e+03 2.179639113710145182e+01
2.455378495850000065e+06 3.509134383585524574e+03 2.197781901700271234e+01
2.455378804039999843e+06 3.528580258285270247e+03 2.209960914187722381e+01
2.455379692249999847e+06 3.531831697919570161e+03 2.211997301057419207e+01
2.455380802480000071e+06 3.489795674378741751e+03 2.185670007298129747e+01
2.455381677420000080e+06 3.451437393358564350e+03 2.161646095247106913e+01
2.455382541430000216e+06 3.404081897010009016e+03 2.131987198937029859e+01
2.455382748079999816e+06 3.397817118270833362e+03 2.128063548308110953e+01
2.455385500169999897e+06 3.093143010948966548e+03 1.937245196602668074e+01
2.455385602130000014e+06 3.031098153584049669e+03 1.898386307285679564e+01
2.455385692739999853e+06 3.070435650730065390e+03 1.923023505476237460e+01
2.455385790779999923e+06 3.061963433690678812e+03 1.917717329296853634e+01
2.455386771960000042e+06 2.937649651961530708e+03 1.839859216796449104e+01
2.455387754300000146e+06 2.852331512299011138e+03 1.786424197575147588e+01
2.455388643209999893e+06 2.749159896551042038e+03 1.721807490127091356e+01
2.455389534599999897e+06 2.664403527724897685e+03 1.668724309747546641e+01
2.455390542419999838e+06 2.568029450667348101e+03 1.608364922161559818e+01
2.455390799589999951e+06 2.546830252585044491e+03 1.595087797724895040e+01
2.455391761649999768e+06 2.466039337234341019e+03 1.544488193329537218e+01
2.455392632149999961e+06 2.394418172863382551e+03 1.499631632814360138e+01
2.455393693789999932e+06 2.333458062281004459e+03 1.461452123819123372e+01
2.455396575180000160e+06 2.179716441139905783e+03 1.365163262935796240e+01
2.455397653239999898e+06 2.132062835811655077e+03 1.335317660034095866e+01
2.455403625239999965e+06 1.942674323031490758e+03 1.216703038797253988e+01
2.455404496820000000e+06 1.921321311403724394e+03 1.203329580453276471e+01
2.455404694149999879e+06 1.914255925021085886e+03 1.198904506739109799e+01
2.455405709830000065e+06 1.912493641844210288e+03 1.197800783242533385e+01
2.455407562830000184e+06 1.877586698919350283e+03 1.175938455096082080e+01
2.455407756670000032e+06 1.870682140365801615e+03 1.171614108357125339e+01
2.455408686240000185e+06 1.843316879505754741e+03 1.154475159408676888e+01
2.455409596580000129e+06 1.829784734295415774e+03 1.145999934300861156e+01
2.455410599679999985e+06 1.818025623774262840e+03 1.138635166395599008e+01
2.455411635850000195e+06 1.801357864669139872e+03 1.128196096443051388e+01
2.455412619940000121e+06 1.794733626832526625e+03 1.124047315450802387e+01
2.455413627710000146e+06 1.789781439408961660e+03 1.120945744891336382e+01
2.455414672369999811e+06 1.784842916498006616e+03 1.117852732459096821e+01
2.455418583690000232e+06 1.771740039943123520e+03 1.109646359660369619e+01
2.455421613419999834e+06 1.745822152920505687e+03 1.093413905498719707e+01
2.455422632209999952e+06 1.737800828749376251e+03 1.088390124940915449e+01
2.455425524739999790e+06 1.739402139780308289e+03 1.089393031076182616e+01
2.455430518499999773e+06 1.736200991901419229e+03 1.087388142091081988e+01
2.455431519570000004e+06 1.712379421244928153e+03 1.072468617463069407e+01
2.455433698220000137e+06 1.710802987599328844e+03 1.071481292112482642e+01
2.455434696130000055e+06 1.715536647728348498e+03 1.074445998340042330e+01
2.455435699339999817e+06 1.720283405530435402e+03 1.077418907681439997e+01
2.455437678700000048e+06 1.718699695397738196e+03 1.076427025044097263e+01
2.455439559220000170e+06 1.739402139780308289e+03 1.089393031076182616e+01
2.455443573030000087e+06 1.713957307508426993e+03 1.073456852592815558e+01
2.455444594380000141e+06 1.712379421244928153e+03 1.072468617463069407e+01
2.455445683350000065e+06 1.702942561877548087e+03 1.066558282759578624e+01
2.455447491249999963e+06 1.693557708691517291e+03 1.060680519691041468e+01
2.455448550299999770e+06 1.717117443244452716e+03 1.075436055543845626e+01
2.455448565090000164e+06 1.725043297245845906e+03 1.080400042834062191e+01
2.455450509289999958e+06 1.712379421244928153e+03 1.072468617463069407e+01
2.455451635830000043e+06 1.731410312890155865e+03 1.084387724758231997e+01
2.455457517969999928e+06 1.690440931643265003e+03 1.058728472422539824e+01
2.455458561900000088e+06 1.704511752468474924e+03 1.067541071762242311e+01
2.455459595399999991e+06 1.695118251531401938e+03 1.061657892580027784e+01
2.455460608090000227e+06 1.707654472813875373e+03 1.069509367399347255e+01
2.455462486130000092e+06 1.693557708691517291e+03 1.060680519691041468e+01
2.455463592900000047e+06 1.698243652461744205e+03 1.063615341013007232e+01
2.455464552639999893e+06 1.691998602503005714e+03 1.059704046581328818e+01
2.455465487079999875e+06 1.704511752468474924e+03 1.067541071762242311e+01
2.455468556989999954e+06 1.702942561877548087e+03 1.066558282759578624e+01
2.455471538650000002e+06 1.702942561877548087e+03 1.066558282759578624e+01
2.455472588549999986e+06 1.684224575082705542e+03 1.054835148756390062e+01
2.455480511189999990e+06 1.713957307508426993e+03 1.073456852592815558e+01
2.455483498900000006e+06 1.678031078290956884e+03 1.050956142235347102e+01
2.455487497150000185e+06 1.696680232346463981e+03 1.062636166077390598e+01
2.455489496030000038e+06 1.718699695397738196e+03 1.076427025044097263e+01
2.455497499820000026e+06 1.696680232346463981e+03 1.062636166077390598e+01
2.455596861550000031e+06 1.681124974476959551e+03 1.052893859147854982e+01
2.455596884930000175e+06 1.678031078290956884e+03 1.050956142235347102e+01
2.455597856439999770e+06 1.664178856616586472e+03 1.042280452231373999e+01
2.455606887889999896e+06 1.681124974476959551e+03 1.052893859147854982e+01
2.455614868180000223e+06 1.684224575082705542e+03 1.054835148756390062e+01
2.455620852539999876e+06 1.674942876026438171e+03 1.049021991443773771e+01
2.455624813690000214e+06 1.693557708691517291e+03 1.060680519691041468e+01
2.455625775739999954e+06 1.693557708691517291e+03 1.060680519691041468e+01
2.455627800520000048e+06 1.690440931643265003e+03 1.058728472422539824e+01
2.455629779360000044e+06 1.701374815899199348e+03 1.065576398522316026e+01
2.455630769350000191e+06 1.695118251531401938e+03 1.061657892580027784e+01
2.455634754079999868e+06 1.681124974476959551e+03 1.052893859147854982e+01
2.455635826630000025e+06 1.685776517828978058e+03 1.055807135379697215e+01
2.455638744899999816e+06 1.690440931643265003e+03 1.058728472422539824e+01
2.455639757900000084e+06 1.701374815899199348e+03 1.065576398522316026e+01
2.455639833560000174e+06 1.693557708691517291e+03 1.060680519691041468e+01
2.455639909229999874e+06 1.691998602503005714e+03 1.059704046581328818e+01
2.455640830659999978e+06 1.690440931643265003e+03 1.058728472422539824e+01
2.455641756790000014e+06 1.679577313988086644e+03 1.051924554515825960e+01
2.455641876910000108e+06 1.693557708691517291e+03 1.060680519691041468e+01
2.455642798649999779e+06 1.701374815899199348e+03 1.065576398522316026e+01
2.455643744779999834e+06 1.687329890625803273e+03 1.056780017648163650e+01
2.455643822499999776e+06 1.688884694790920321e+03 1.057753796387093104e+01
2.455644745509999804e+06 1.685776517828978058e+03 1.055807135379697215e+01
2.455644859159999993e+06 1.682674061070467360e+03 1.053864056953702288e+01
2.455648731629999820e+06 1.690440931643265003e+03 1.058728472422539824e+01
2.455648840249999892e+06 1.679577313988086644e+03 1.051924554515825960e+01
2.455649735969999805e+06 1.673400906839312256e+03 1.048056251291929897e+01
2.455649846129999962e+06 1.693557708691517291e+03 1.060680519691041468e+01
2.455650728430000134e+06 1.684224575082705542e+03 1.054835148756390062e+01
2.455650834700000007e+06 1.687329890625803273e+03 1.056780017648163650e+01
2.455651754339999985e+06 1.690440931643265003e+03 1.058728472422539824e+01
2.455651866630000062e+06 1.685776517828978058e+03 1.055807135379697215e+01
2.455652794859999791e+06 1.693557708691517291e+03 1.060680519691041468e+01
2.455653760720000137e+06 1.684224575082705542e+03 1.054835148756390062e+01
2.455654763809999917e+06 1.685776517828978058e+03 1.055807135379697215e+01
2.455654855740000028e+06 1.678031078290956884e+03 1.050956142235347102e+01
2.455655768639999907e+06 1.709228005234333978e+03 1.070494875703503368e+01
2.455655844849999994e+06 1.698243652461744205e+03 1.063615341013007232e+01
2.455656801899999846e+06 1.691998602503005714e+03 1.059704046581328818e+01
2.455657765250000171e+06 1.693557708691517291e+03 1.060680519691041468e+01
2.455657844940000214e+06 1.687329890625803273e+03 1.056780017648163650e+01
2.455658756070000120e+06 1.687329890625803273e+03 1.056780017648163650e+01
2.455658857059999835e+06 1.687329890625803273e+03 1.056780017648163650e+01
2.455659713740000036e+06 1.688884694790920321e+03 1.057753796387093104e+01
2.455659789919999894e+06 1.691998602503005714e+03 1.059704046581328818e+01
2.455659875829999801e+06 1.687329890625803273e+03 1.056780017648163650e+01
2.455660763549999800e+06 1.684224575082705542e+03 1.054835148756390062e+01
2.455660860429999884e+06 1.691998602503005714e+03 1.059704046581328818e+01
2.455662754860000219e+06 1.685776517828978058e+03 1.055807135379697215e+01
2.455662855229999870e+06 1.670321225815043590e+03 1.046127437379927017e+01
2.455663753099999856e+06 1.682674061070467360e+03 1.053864056953702288e+01
2.455664801560000051e+06 1.682674061070467360e+03 1.053864056953702288e+01
2.455664905329999980e+06 1.687329890625803273e+03 1.056780017648163650e+01
2.455665787990000099e+06 1.682674061070467360e+03 1.053864056953702288e+01
2.455665900020000059e+06 1.684224575082705542e+03 1.054835148756390062e+01
2.455667827610000037e+06 1.674942876026438171e+03 1.049021991443773771e+01
2.455668832630000077e+06 1.691998602503005714e+03 1.059704046581328818e+01
2.455669816190000158e+06 1.668783511365390495e+03 1.045164361983544588e+01
2.455670804190000053e+06 1.687329890625803273e+03 1.056780017648163650e+01
2.455671773790000007e+06 1.684224575082705542e+03 1.054835148756390062e+01
2.455675873050000053e+06 1.707654472813875373e+03 1.069509367399347255e+01
2.455676778859999962e+06 1.698243652461744205e+03 1.063615341013007232e+01
2.455677735510000028e+06 1.696680232346463981e+03 1.062636166077390598e+01
2.455677922499999870e+06 1.702942561877548087e+03 1.066558282759578624e+01
2.455679844260000158e+06 1.702942561877548087e+03 1.066558282759578624e+01
2.455680724719999824e+06 1.713957307508426993e+03 1.073456852592815558e+01
2.455680910410000011e+06 1.696680232346463981e+03 1.062636166077390598e+01
2.455681805269999895e+06 1.673400906839312256e+03 1.048056251291929897e+01
2.455682704870000016e+06 1.682674061070467360e+03 1.053864056953702288e+01
2.455682924480000045e+06 1.690440931643265003e+03 1.058728472422539824e+01
2.455683879129999783e+06 1.704511752468474924e+03 1.067541071762242311e+01
2.455684782540000044e+06 1.702942561877548087e+03 1.066558282759578624e+01
2.455685768949999940e+06 1.701374815899199348e+03 1.065576398522316026e+01
2.455686656680000015e+06 1.665712328068811757e+03 1.043240870225121597e+01
2.455686865060000215e+06 1.698243652461744205e+03 1.063615341013007232e+01
2.455687754139999859e+06 1.671860357204467164e+03 1.047091400210144307e+01
2.455688928859999869e+06 1.684224575082705542e+03 1.054835148756390062e+01
2.455690656219999772e+06 1.687329890625803273e+03 1.056780017648163650e+01
2.455690869880000129e+06 1.684224575082705542e+03 1.054835148756390062e+01
2.455691792189999949e+06 1.678031078290956884e+03 1.050956142235347102e+01
2.455692684900000226e+06 1.681124974476959551e+03 1.052893859147854982e+01
2.455692860549999867e+06 1.691998602503005714e+03 1.059704046581328818e+01
2.455693708829999901e+06 1.681124974476959551e+03 1.052893859147854982e+01
2.455693882430000231e+06 1.688884694790920321e+03 1.057753796387093104e+01
2.455694714149999898e+06 1.699808513203498251e+03 1.064595418217515288e+01
2.455694890159999952e+06 1.687329890625803273e+03 1.056780017648163650e+01
2.455695766429999843e+06 1.690440931643265003e+03 1.058728472422539824e+01
2.455695929789999966e+06 1.676486266073897923e+03 1.049988621484913942e+01
2.455696757519999985e+06 1.698243652461744205e+03 1.063615341013007232e+01
2.455696940249999985e+06 1.684224575082705542e+03 1.054835148756390062e+01
2.455697763460000046e+06 1.699808513203498251e+03 1.064595418217515288e+01
2.455697929839999881e+06 1.679577313988086644e+03 1.051924554515825960e+01
2.455698763139999937e+06 1.698243652461744205e+03 1.063615341013007232e+01
2.455698928530000150e+06 1.690440931643265003e+03 1.058728472422539824e+01
2.455705726429999806e+06 1.698243652461744205e+03 1.063615341013007232e+01
2.455705920189999975e+06 1.710802987599328844e+03 1.071481292112482642e+01
2.455706874439999927e+06 1.710802987599328844e+03 1.071481292112482642e+01
2.455707737480000127e+06 1.682674061070467360e+03 1.053864056953702288e+01
2.455707898539999966e+06 1.678031078290956884e+03 1.050956142235347102e+01
2.455708730140000116e+06 1.698243652461744205e+03 1.063615341013007232e+01
2.455709561670000199e+06 1.688884694790920321e+03 1.057753796387093104e+01
2.455712597620000131e+06 1.688884694790920321e+03 1.057753796387093104e+01
2.455712600269999821e+06 1.687329890625803273e+03 1.056780017648163650e+01
2.455712806230000220e+06 1.691998602503005714e+03 1.059704046581328818e+01
2.455713820919999853e+06 1.687329890625803273e+03 1.056780017648163650e+01
2.455715559200000018e+06 1.681124974476959551e+03 1.052893859147854982e+01
2.455715764940000139e+06 1.687329890625803273e+03 1.056780017648163650e+01
2.455716591700000223e+06 1.695118251531401938e+03 1.061657892580027784e+01
2.455716604340000078e+06 1.682674061070467360e+03 1.053864056953702288e+01
2.455716619059999939e+06 1.685776517828978058e+03 1.055807135379697215e+01
2.455716631680000108e+06 1.685776517828978058e+03 1.055807135379697215e+01
2.455716828290000092e+06 1.684224575082705542e+03 1.054835148756390062e+01
2.455721712820000015e+06 1.681124974476959551e+03 1.052893859147854982e+01
2.455721913850000128e+06 1.685776517828978058e+03 1.055807135379697215e+01
2.455722766749999952e+06 1.717117443244452716e+03 1.075436055543845626e+01
2.455723635319999885e+06 1.693557708691517291e+03 1.060680519691041468e+01
2.455723803450000007e+06 1.691998602503005714e+03 1.059704046581328818e+01
2.455724663619999774e+06 1.707654472813875373e+03 1.069509367399347255e+01
2.455725565899999812e+06 1.693557708691517291e+03 1.060680519691041468e+01
2.455725779389999807e+06 1.702942561877548087e+03 1.066558282759578624e+01
2.455726687520000152e+06 1.693557708691517291e+03 1.060680519691041468e+01
2.455734663559999783e+06 1.695118251531401938e+03 1.061657892580027784e+01
2.455734845799999777e+06 1.685776517828978058e+03 1.055807135379697215e+01
2.455735792479999829e+06 1.681124974476959551e+03 1.052893859147854982e+01
2.455736541660000104e+06 1.678031078290956884e+03 1.050956142235347102e+01
2.455736708829999901e+06 1.687329890625803273e+03 1.056780017648163650e+01
2.455737537459999789e+06 1.681124974476959551e+03 1.052893859147854982e+01
2.455737727039999794e+06 1.695118251531401938e+03 1.061657892580027784e+01
2.455737894590000156e+06 1.674942876026438171e+03 1.049021991443773771e+01
2.455738752799999900e+06 1.691998602503005714e+03 1.059704046581328818e+01
2.455739622719999868e+06 1.693557708691517291e+03 1.060680519691041468e+01
2.455739810790000018e+06 1.684224575082705542e+03 1.054835148756390062e+01
2.455740624470000155e+06 1.701374815899199348e+03 1.065576398522316026e+01
2.455740811499999836e+06 1.691998602503005714e+03 1.059704046581328818e+01
2.455741581989999861e+06 1.701374815899199348e+03 1.065576398522316026e+01
2.455741760580000002e+06 1.688884694790920321e+03 1.057753796387093104e+01
2.455742508859999944e+06 1.696680232346463981e+03 1.062636166077390598e+01
2.455742693359999917e+06 1.695118251531401938e+03 1.061657892580027784e+01
2.455742848819999956e+06 1.687329890625803273e+03 1.056780017648163650e+01
2.455743743269999977e+06 1.682674061070467360e+03 1.053864056953702288e+01
2.455744501110000070e+06 1.704511752468474924e+03 1.067541071762242311e+01
2.455744676959999837e+06 1.696680232346463981e+03 1.062636166077390598e+01
2.455745490230000112e+06 1.688884694790920321e+03 1.057753796387093104e+01
2.455745665339999832e+06 1.691998602503005714e+03 1.059704046581328818e+01
2.455746705089999828e+06 1.690440931643265003e+03 1.058728472422539824e+01
2.455747765540000051e+06 1.698243652461744205e+03 1.063615341013007232e+01
2.455749541029999964e+06 1.679577313988086644e+03 1.051924554515825960e+01
2.455749707609999925e+06 1.682674061070467360e+03 1.053864056953702288e+01
2.455752585359999910e+06 1.696680232346463981e+03 1.062636166077390598e+01
2.455753713150000200e+06 1.704511752468474924e+03 1.067541071762242311e+01
2.455759835419999901e+06 1.687329890625803273e+03 1.056780017648163650e+01
2.455760480889999773e+06 1.702942561877548087e+03 1.066558282759578624e+01
2.455760674639999866e+06 1.687329890625803273e+03 1.056780017648163650e+01
2.455761495600000024e+06 1.681124974476959551e+03 1.052893859147854982e+01
2.455762540310000069e+06 1.707654472813875373e+03 1.069509367399347255e+01
2.455762696359999944e+06 1.693557708691517291e+03 1.060680519691041468e+01
2.455763576290000230e+06 1.685776517828978058e+03 1.055807135379697215e+01
2.455763762039999943e+06 1.684224575082705542e+03 1.054835148756390062e+01
2.455764579419999849e+06 1.691998602503005714e+03 1.059704046581328818e+01
2.455764785910000093e+06 1.685776517828978058e+03 1.055807135379697215e+01
2.455765650229999796e+06 1.693557708691517291e+03 1.060680519691041468e+01
2.455766509949999861e+06 1.678031078290956884e+03 1.050956142235347102e+01
2.455766696320000105e+06 1.681124974476959551e+03 1.052893859147854982e+01
2.455767574500000104e+06 1.682674061070467360e+03 1.053864056953702288e+01
2.455767782579999883e+06 1.696680232346463981e+03 1.062636166077390598e+01
2.455768636690000072e+06 1.690440931643265003e+03 1.058728472422539824e+01
2.455769473650000058e+06 1.710802987599328844e+03 1.071481292112482642e+01
2.455769677970000077e+06 1.690440931643265003e+03 1.058728472422539824e+01
2.455770754019999877e+06 1.696680232346463981e+03 1.062636166077390598e+01
2.455776608940000180e+06 1.709228005234333978e+03 1.070494875703503368e+01
2.455777525989999995e+06 1.681124974476959551e+03 1.052893859147854982e+01
2.455777773349999916e+06 1.685776517828978058e+03 1.055807135379697215e+01
2.455779601050000172e+06 1.684224575082705542e+03 1.054835148756390062e+01
2.455785628159999847e+06 1.702942561877548087e+03 1.066558282759578624e+01
2.455786571779999882e+06 1.712379421244928153e+03 1.072468617463069407e+01
2.455787607919999864e+06 1.687329890625803273e+03 1.056780017648163650e+01
2.455788507360000163e+06 1.696680232346463981e+03 1.062636166077390598e+01
2.455788692960000131e+06 1.720283405530435402e+03 1.077418907681439997e+01
2.455790590729999822e+06 1.681124974476959551e+03 1.052893859147854982e+01
2.455791477280000225e+06 1.695118251531401938e+03 1.061657892580027784e+01
2.455793597469999921e+06 1.676486266073897923e+03 1.049988621484913942e+01
2.455794479460000060e+06 1.693557708691517291e+03 1.060680519691041468e+01
2.455794678079999983e+06 1.679577313988086644e+03 1.051924554515825960e+01
2.455795725339999888e+06 1.691998602503005714e+03 1.059704046581328818e+01
2.455796652360000182e+06 1.688884694790920321e+03 1.057753796387093104e+01
2.455801573770000134e+06 1.685776517828978058e+03 1.055807135379697215e+01
2.455802564960000105e+06 1.699808513203498251e+03 1.064595418217515288e+01
2.455804557299999986e+06 1.693557708691517291e+03 1.060680519691041468e+01
2.455805507230000105e+06 1.695118251531401938e+03 1.061657892580027784e+01
2.455806500399999786e+06 1.709228005234333978e+03 1.070494875703503368e+01
2.455807637130000163e+06 1.709228005234333978e+03 1.070494875703503368e+01
2.455812619529999793e+06 1.712379421244928153e+03 1.072468617463069407e+01
2.455813603110000025e+06 1.688884694790920321e+03 1.057753796387093104e+01
2.455815571370000020e+06 1.691998602503005714e+03 1.059704046581328818e+01
2.455816551760000177e+06 1.682674061070467360e+03 1.053864056953702288e+01
2.455817552759999875e+06 1.696680232346463981e+03 1.062636166077390598e+01
2.455818534190000035e+06 1.687329890625803273e+03 1.056780017648163650e+01
2.455819542880000081e+06 1.684224575082705542e+03 1.054835148756390062e+01
2.455820511549999937e+06 1.687329890625803273e+03 1.056780017648163650e+01
2.455822512130000163e+06 1.726632852743236754e+03 1.081395586441698242e+01
2.455822600699999835e+06 1.715536647728348498e+03 1.074445998340042330e+01
2.455823532159999944e+06 1.718699695397738196e+03 1.076427025044097263e+01
2.455823619260000065e+06 1.713957307508426993e+03 1.073456852592815558e+01
2.455824555579999927e+06 1.704511752468474924e+03 1.067541071762242311e+01
2.455824633220000193e+06 1.709228005234333978e+03 1.070494875703503368e+01
2.455825572149999905e+06 1.725043297245845906e+03 1.080400042834062191e+01
2.455826495289999992e+06 1.709228005234333978e+03 1.070494875703503368e+01
2.455826582650000229e+06 1.726632852743236754e+03 1.081395586441698242e+01
2.455827521350000054e+06 1.720283405530435402e+03 1.077418907681439997e+01
2.455827601739999838e+06 1.706082389003124263e+03 1.068524766364007483e+01
2.455828534860000014e+06 1.704511752468474924e+03 1.067541071762242311e+01
2.455828610129999928e+06 1.702942561877548087e+03 1.066558282759578624e+01
2.455829545539999846e+06 1.687329890625803273e+03 1.056780017648163650e+01
2.455829621629999951e+06 1.661116147600014074e+03 1.040362267941173258e+01
2.455830558550000191e+06 1.679577313988086644e+03 1.051924554515825960e+01
2.455831530730000231e+06 1.679577313988086644e+03 1.051924554515825960e+01
2.455831603990000207e+06 1.665712328068811757e+03 1.043240870225121597e+01
2.455832553679999895e+06 1.690440931643265003e+03 1.058728472422539824e+01
2.455833511779999826e+06 1.690440931643265003e+03 1.058728472422539824e+01
2.455833589509999845e+06 1.701374815899199348e+03 1.065576398522316026e+01
2.455834548930000048e+06 1.687329890625803273e+03 1.056780017648163650e+01
2.455836529490000103e+06 1.710802987599328844e+03 1.071481292112482642e+01
2.455836592960000038e+06 1.695118251531401938e+03 1.061657892580027784e+01
2.455839553470000159e+06 1.693557708691517291e+03 1.060680519691041468e+01
2.455840499280000106e+06 1.713957307508426993e+03 1.073456852592815558e+01
2.455840600190000143e+06 1.695118251531401938e+03 1.061657892580027784e+01
2.455841526899999939e+06 1.709228005234333978e+03 1.070494875703503368e+01
2.455841606230000034e+06 1.706082389003124263e+03 1.068524766364007483e+01
2.455842576900000218e+06 1.710802987599328844e+03 1.071481292112482642e+01
2.455843529889999889e+06 1.682674061070467360e+03 1.053864056953702288e+01
2.455844553739999887e+06 1.704511752468474924e+03 1.067541071762242311e+01
2.455845514210000169e+06 1.679577313988086644e+03 1.051924554515825960e+01
2.455845594959999900e+06 1.682674061070467360e+03 1.053864056953702288e+01
2.455846556640000083e+06 1.699808513203498251e+03 1.064595418217515288e+01
2.455851543310000096e+06 1.678031078290956884e+03 1.050956142235347102e+01
2.455852493489999790e+06 1.702942561877548087e+03 1.066558282759578624e+01
2.455855546469999943e+06 1.721868574986007843e+03 1.078411704297289475e+01
2.455856553580000065e+06 1.728223872949766246e+03 1.082392047401274482e+01
2.455860498629999813e+06 1.706082389003124263e+03 1.068524766364007483e+01
2.455861521809999831e+06 1.717117443244452716e+03 1.075436055543845626e+01
