                      mean   sd   hdi_3%  hdi_97%  mcse_mean  mcse_sd  ess_bulk  ess_tail  r_hat
inst.EXPERT.gamma   -3.780  0.0   -3.780   -3.780        0.0      0.0    4000.0    4000.0    NaN
inst.FIES.gamma     -3.780  0.0   -3.780   -3.780        0.0      0.0    4000.0    4000.0    NaN
inst.HIRES.gamma    -3.780  0.0   -3.780   -3.780        0.0      0.0    4000.0    4000.0    NaN
inst.TRES.gamma     -3.780  0.0   -3.780   -3.780        0.0      0.0    4000.0    4000.0    NaN
planet.b.h           0.000  0.0    0.000    0.000        0.0      NaN    4000.0    4000.0    NaN
...                    ...  ...      ...      ...        ...      ...       ...       ...    ...
rv_mu_TRES[11]      81.080  0.0   81.080   81.080        0.0      0.0    4000.0    4000.0    NaN
rv_mu_TRES[12]      71.853  0.0   71.853   71.853        0.0      NaN    4000.0    4000.0    NaN
rv_mu_TRES[13]    -101.790  0.0 -101.790 -101.790        0.0      0.0    4000.0    4000.0    NaN
rv_mu_TRES[14]      86.580  0.0   86.580   86.580        0.0      0.0    4000.0    4000.0    NaN
rv_mu_TRES[15]     -99.560  0.0  -99.560  -99.560        0.0      0.0    4000.0    4000.0    NaN

[62 rows x 9 columns]