2.456814078439999837e+06 2.244915507569589579e+02 2.067643593104359911e-01
2.456815030859999824e+06 2.251127015912880438e+02 2.073364603710867726e-01
2.456815827819999773e+06 2.290867652767770153e+02 2.109967082914131487e-01
2.456816774019999895e+06 2.269864851883823462e+02 2.090622788423532052e-01
2.456817583409999963e+06 2.370281899129782914e+02 2.183110306851942239e-01
2.456818731660000049e+06 2.450191336880782842e+02 2.256709618913937399e-01
2.456819539319999982e+06 2.495743794831566618e+02 2.068798484848159980e-01
2.456820526339999866e+06 2.537464645864964439e+02 2.103382176324510022e-01
2.456821483080000151e+06 2.575134990410314231e+02 2.134608278891816091e-01
2.456822658910000231e+06 2.606153549998895187e+02 2.160320513141148757e-01
2.456823468609999865e+06 2.703958364108846126e+02 2.241393919658494216e-01
2.456824702229999937e+06 2.749159896551041697e+02 2.278862854579973285e-01
2.456825492039999925e+06 2.784838407805005431e+02 2.308437865515268472e-01
2.456827099460000172e+06 2.852331512299011251e+02 2.364384967378871938e-01
2.456827803230000194e+06 2.862859270872121442e+02 2.373111748961982126e-01
2.456828526690000203e+06 2.902685610499053723e+02 2.406125021898039285e-01
2.456830387790000066e+06 2.910717118066608009e+02 2.412782584553794241e-01
2.456831422119999770e+06 2.908037482735317667e+02 2.410561352741138197e-01
2.456832599839999806e+06 2.951209226666389895e+02 2.446347733786265466e-01
2.456834214019999839e+06 2.889348981559081153e+02 2.395069881622368946e-01
2.456835298549999949e+06 2.870780582024692080e+02 2.379677966433657588e-01
2.456836280710000079e+06 2.813196056799960161e+02 2.331944389460599565e-01
2.456836977130000014e+06 2.784838407805005431e+02 2.308437865515268472e-01
2.456838169780000113e+06 2.706449949038481009e+02 2.243459270732580668e-01
2.456839035300000105e+06 2.630267991895383943e+02 2.180309712738369987e-01
2.456839941370000131e+06 2.637545740889348167e+02 2.186342461822229633e-01
2.456841102440000046e+06 2.560943517156769644e+02 2.122844531977771121e-01
2.456842173299999908e+06 2.466039337234341247e+02 2.271306166661084536e-01
2.456843584890000056e+06 2.418800223147843553e+02 2.227797334700358789e-01
2.456844441130000167e+06 2.372466015104807298e+02 2.185121952006126578e-01
2.456845705959999934e+06 2.307809729698405476e+02 2.125571312428067017e-01
